20 3
6138
635 610 660 915
677 326 767 637
612 372 127 822
609 364 971 822
705 316 429 596
540 295 947 128
547 775 356 286
692 467 34 322
486 794 880 732
615 45 518 147
576 878 411 745
619 920 842 506
682 847 537 662
612 632 732 68
609 362 809 200
661 763 598 381
698 945 803 343
616 688 353 900
510 60 139 512
575 661 523 185
103
6790 7216 5339
7063 6641 6267
6965 6375 6586
6430 7704 4561
6574 5904 7027
7635 6274 5562
7048 7381 5302
7104 7002 6134
6182 7443 5928
7077 7172 5419
7584 6411 6292
6800 7530 4587
6973 7136 5821
7116 6760 6039
6647 7592 5121
7453 6545 5979
6640 7341 5675
6000 7238 5966
6259 6623 6622
6485 6966 6428
6490 5965 6746
6563 7653 4840
6257 7688 5409
7528 6790 5460
7557 6581 5577
6531 6326 6613
6094 6495 6869
6778 7458 5434
5859 5687 7253
6126 7822 5096
7852 6172 5538
7099 7244 4572
7213 7077 4673
6689 7243 5543
6703 7213 5953
6583 7232 6109
7339 6712 5878
6667 7171 6390
7191 7005 5520
7011 5735 6771
7183 6622 6111
6161 6357 6941
6564 6586 6405
5909 7934 4536
6851 6542 6485
6889 7197 5540
6346 7765 4280
6341 7627 5690
6084 7177 6247
7345 6933 4665
7369 6606 5698
7109 6001 6452
7579 6653 4730
6672 6170 6708
6527 7611 5277
6452 7366 5796
6192 6761 6550
6754 7174 5776
7193 5940 6733
6250 6158 6812
7903 6035 4808
7881 5963 5655
6713 6531 6575
6995 6168 6351
7258 6867 5592
6062 7872 4002
7255 6773 5597
6720 6676 6172
6460 6071 6926
6279 7760 4562
7825 6342 4823
6583 7642 4027
7280 6939 4745
7126 7074 5287
5936 7764 5251
5884 5648 7090
6558 6337 6607
7120 6750 5833
6598 6188 6685
7606 6483 5445
6146 7811 4283
7079 6107 6632
6432 6363 6774
6363 7699 4843
5255 5274 7343
6310 7723 4717
5803 5989 7027
6831 7493 4742
7007 7020 5435
7311 6902 4900
6431 6280 6809
7166 7106 4644
6124 7739 5130
7635 6284 4978
6119 6456 6706
7592 5567 6292
6394 7662 4998
6611 7550 5558
6450 7283 5830
6821 7036 5848
6599 5865 6864
5712 7253 5943
5490 6082 6959
