20 3
5848
494 654 198 439
685 721 669 693
482 393 82 204
712 156 200 574
600 40 49 120
566 168 320 309
557 912 777 932
674 562 470 699
645 54 64 15
571 16 28 183
604 230 301 373
541 449 376 657
502 325 463 300
606 522 695 332
664 764 307 379
556 346 514 457
609 97 168 157
527 643 367 540
516 500 606 507
585 748 641 409
20
5930 5415 5206
6135 5237 4988
6259 5150 5345
6419 4812 5134
6346 4493 5459
6351 5193 5230
6073 4979 5635
6299 4925 5712
6054 5340 5147
6214 4990 5352
5691 4818 5907
6300 4963 5380
5933 5400 5308
5728 5578 5526
6157 5202 5347
5739 5409 5425
5571 5435 5535
6368 4582 5284
6057 5313 5665
6175 5012 5355
