20 3
6806
718 591 588 168
733 247 892 744
614 843 148 54
591 22 301 227
665 553 400 531
719 128 764 390
652 789 849 747
618 912 5 438
625 853 283 289
727 593 776 844
686 54 212 192
634 871 599 808
705 93 671 361
636 280 420 932
657 897 761 205
634 438 243 775
700 276 381 10
763 975 870 163
751 514 632 573
783 5 197 241
94
5567 6543 5005
5184 6770 4430
5736 6481 6110
5605 6731 4642
5107 6814 4835
4516 6635 4959
7161 5206 5732
6855 5698 5945
6472 5569 6313
7451 4954 5255
7395 5418 5373
6094 5577 6597
6822 5555 6016
7566 5111 5011
6035 5855 6448
6700 4968 6142
7724 4934 4854
5649 5987 6265
7418 5426 5067
7800 5323 4652
7260 5603 5224
6555 5815 6187
6970 5855 5701
7008 6043 5338
5610 6219 6307
6394 5460 6355
6130 6179 6046
6496 6093 6038
5325 5580 6782
6511 5337 6271
6050 5099 6681
7122 5438 5774
6545 6219 5560
7877 5279 4247
7533 5583 4823
7685 5166 4896
7527 5343 5053
5669 5941 6456
7237 5595 5530
4889 6375 6337
7494 5815 4865
7472 5374 4968
7128 5678 5544
7314 5551 5125
7166 5866 5181
5387 6292 6144
6778 5077 6100
6939 6186 4954
6476 6362 5176
6071 6457 5897
7433 5606 5010
6151 6521 5624
5266 5858 6633
7275 5783 5167
7571 5771 4460
7281 6023 4937
6516 6047 6229
4435 5876 6571
6763 5833 5867
6862 6230 5359
6931 6087 5743
7838 5511 4289
6132 5765 6234
5355 6632 5591
6534 6281 5675
6593 6003 5824
7212 6166 4553
5727 6096 6223
6749 6342 4775
5784 6098 6212
5275 6243 6520
7089 5910 5586
6338 6197 5726
5282 5982 6344
7020 6053 5202
6245 6336 5802
6309 6344 5467
6530 6310 5077
5883 6199 5906
6334 6302 5261
6314 6363 5131
6188 6200 5841
7538 5628 4531
6639 6303 5196
6176 6479 5418
6447 6190 5845
6184 6426 4977
6708 6160 5580
4592 6488 5674
6587 5726 6069
5931 6590 4556
4434 6665 5831
7479 5906 4382
5468 6766 4778
