20 3
6616
693 311 292 654
703 436 909 638
608 398 29 531
590 32 247 53
649 566 450 462
693 148 649 413
638 817 857 883
615 861 26 180
615 663 194 633
699 776 882 723
666 52 162 62
623 910 748 799
682 115 564 298
623 722 832 254
642 608 410 920
623 674 533 254
679 27 37 349
727 730 449 985
718 545 635 595
745 13 209 12
44
7327 5381 6093
6902 6264 6551
6442 6503 6044
7197 5840 6269
6915 6282 5708
6881 6449 6684
6299 6649 6112
6717 6450 6161
7068 5942 6610
6626 5760 6828
7100 6096 6098
7089 5757 6477
6735 5486 6785
6605 5945 6961
7155 5880 5811
6202 6905 5941
6765 4954 6754
7306 5566 6226
7011 5990 6508
7264 5606 5768
6874 4680 6711
7198 5483 6434
6484 6463 6502
7209 5822 6055
6539 6023 6951
6371 5602 7020
6497 6481 5659
6619 4522 6903
6647 6106 6743
7134 6065 5944
6455 6521 5201
6257 6689 5654
6480 5328 6977
6744 5139 6887
6191 6566 6320
6943 5325 6626
6215 5220 7228
6756 5832 6700
6678 5217 6877
6354 6634 6216
7079 6281 6231
6365 6548 6182
6376 6380 6710
6324 4946 7185
