20 3
6162
641 170 11 13
586 799 699 937
639 799 410 857
660 220 869 742
609 840 505 909
680 732 739 847
681 626 157 134
693 720 405 478
702 349 680 329
689 84 59 10
650 243 589 350
553 26 5 24
575 54 30 23
536 716 435 118
517 98 106 22
520 377 490 217
526 600 532 966
549 521 820 412
588 517 538 452
730 127 158 409
19
6121 6037 6457
5754 6282 6668
6621 5573 6193
6464 5952 6718
5987 6136 6590
5671 6307 5929
5198 6461 6161
5648 6191 6689
6093 6227 6569
5537 6406 6062
6870 5240 6110
6125 6007 6817
6487 5672 6326
6593 5763 6305
5851 6058 6715
5480 6333 6566
6190 6003 6616
5819 6278 6467
6573 5571 6400
