20 3
6848
723 963 664 288
544 761 960 239
749 466 741 400
735 802 360 542
603 213 132 838
567 997 512 414
649 245 374 63
843 315 855 297
761 681 738 283
843 698 682 416
727 61 50 683
522 545 782 545
575 754 542 174
612 621 541 564
740 99 115 74
635 456 948 611
841 627 411 527
794 902 973 992
563 353 18 725
671 716 399 885
139
7517 6681 5254
6872 6593 5792
7229 6880 5480
7340 7199 5237
7281 6471 6275
6640 6652 5776
7390 6550 5607
6379 5857 6670
7396 7059 4995
7108 7258 5221
7125 6568 5735
7146 7401 4510
7444 6877 5363
7120 6167 6529
6489 6766 5673
5666 4715 6799
6855 6649 5659
7461 6821 5496
6358 6726 5771
7482 7020 4652
7521 7018 5215
7594 6822 5106
6964 6898 5608
7742 6471 4926
7125 7202 5354
7577 6878 4973
5491 4766 6784
5562 5037 6673
6375 6670 5904
5992 6843 5785
7241 7259 4831
7688 6144 5170
6324 6878 5645
6590 6667 5787
6207 6840 5668
7078 6994 5377
7185 7399 5073
7090 7541 4752
7287 5620 5721
7358 5891 5610
7473 7200 4847
7378 7342 4526
5632 4867 6673
7759 6415 5059
6957 7372 5118
6784 6548 6387
6947 6954 5475
6707 7714 4633
7523 6551 5217
5135 4944 6785
7638 6793 4800
7653 6637 4992
7258 7203 4964
7496 5380 5350
7615 6340 5279
6224 6784 5801
5837 4178 6715
7194 7219 4878
6717 6793 5628
6334 6966 5509
7054 6931 5465
5672 4585 6762
6742 7375 5235
6802 7572 4954
6581 7071 5489
6499 7405 4995
7269 6928 5348
6893 6627 5719
7730 6778 4844
7108 6624 5602
7179 6895 5491
6796 7068 5372
6435 6867 5623
6052 7040 5504
5958 6995 5659
6813 7012 5505
6341 6822 5778
6843 7276 5349
6460 7449 5230
7686 6611 5168
7559 7161 4504
5296 4614 6912
5367 4885 6801
4984 5058 6682
6217 7479 4990
6556 6819 5661
6173 6992 5542
5797 6691 5913
7223 7542 4362
6840 7715 4243
4960 4995 6770
7549 6959 4866
6059 6896 5773
5676 7069 5654
7819 6612 4778
7426 7160 4894
6789 6949 5593
5748 4344 6781
7286 6872 5481
6930 7050 5482
6974 7316 5251
6939 7655 4649
6464 7744 4393
7471 6614 5285
6742 6741 5616
7149 6658 5524
6069 6984 5637
6190 6936 5675
6406 7122 5474
6477 7393 5363
7306 7021 5332
6284 6981 5520
7635 6920 4523
7004 6946 5476
6621 7119 5357
6692 7390 5246
6857 7659 4376
6029 6632 5929
7384 7212 4489
7072 7656 4259
5192 4936 6786
7569 6954 4293
7494 5847 5348
6005 6569 6017
5622 6742 5898
7765 6285 5022
5693 7013 5787
6942 7429 4833
6724 7658 4766
7824 6100 4908
7895 6371 4797
6547 7223 5363
5908 7010 5670
6575 7733 4371
7145 7047 5365
7251 7211 4879
6401 7019 5497
6018 7192 5378
6999 6545 6270
