25 3
8082
619 896 775 637
711 136 37 162
636 952 717 902
652 372 584 468
614 43 97 38
668 610 706 809
566 789 499 702
697 777 441 880
633 640 444 722
685 535 257 572
602 74 86 265
731 829 846 613
600 736 960 745
631 562 759 339
597 768 869 877
698 562 357 727
579 409 847 812
664 974 982 983
699 314 225 714
700 543 665 579
674 195 155 258
622 150 289 148
614 98 106 58
632 237 339 198
641 264 218 188
22
8864 8758 9026
8845 8664 9266
8506 8836 9027
8998 8576 8793
8427 7822 9510
8655 8891 9007
9076 8261 9176
8360 7893 9486
8618 8924 8903
8696 8609 9286
8708 9069 8720
8291 9154 8486
8923 8751 9261
8440 9209 8466
8845 9066 8878
9095 8355 8936
8428 9151 8644
8696 9011 8898
8467 8169 9421
9076 8663 8788
8942 8845 9021
8942 8443 9409
