25 3
8584
630 142 625 597
662 645 543 766
765 898 145 32
751 492 7 215
770 327 834 286
792 226 242 774
671 888 952 352
790 84 851 144
682 199 677 620
593 939 561 619
600 112 120 187
776 892 554 810
664 799 371 41
651 534 918 222
624 195 891 781
589 237 568 672
728 79 222 143
763 644 929 599
750 521 786 386
702 113 31 130
592 183 587 382
750 752 903 758
633 552 25 23
630 778 875 637
609 510 506 345
60
8097 8789 6316
7996 9158 6984
7025 9696 7139
7339 9412 7540
8485 8428 6003
6522 9778 6970
8800 8043 5567
6537 8320 7985
7352 9314 6888
8014 8265 6785
8842 7562 5245
7604 8865 7359
7314 9423 6836
7004 9171 7938
6893 9546 7394
8196 8563 6307
7510 8944 7220
8188 8078 6453
8503 7693 6017
7551 8906 7005
8250 8374 6417
8101 8575 6155
6328 9826 6870
8527 8105 5894
7615 7949 7186
7625 9252 6561
6753 9731 6214
6170 8154 8019
8545 7212 5695
8461 8016 6126
7199 9597 6360
8219 7429 6446
8818 7150 5368
7708 8850 7181
8013 8891 6248
7625 9390 6560
8278 8344 6067
7493 9240 6815
8229 8732 5821
7505 9134 7023
8177 7752 6555
6085 9843 6728
8617 8371 5508
8291 8476 5903
8516 7779 5996
7257 9509 6812
8547 7018 5633
8489 8214 5842
8328 8506 5812
8593 7959 5631
8492 7367 6119
7431 9438 6460
8534 6886 5797
7179 9524 6414
7402 8970 7061
6531 9709 6874
8353 8292 6226
6439 9451 7414
7414 8571 7364
6232 8450 7983
