25 3
8292
644 993 73 749
791 770 799 568
766 347 809 432
576 689 509 533
673 480 375 288
690 581 967 690
569 142 189 278
694 774 279 451
787 616 108 930
562 611 316 836
700 53 234 351
761 727 825 298
593 266 482 699
539 672 440 609
763 106 162 45
638 513 920 642
595 87 820 731
577 911 883 999
754 359 136 332
627 958 146 802
649 82 92 152
598 204 922 166
760 234 873 563
546 87 498 270
731 539 694 810
120
8738 6851 7987
7803 8118 7893
6121 9149 7846
8364 7328 9119
6813 8813 7949
6196 9268 7344
7532 8203 8266
7751 7997 8564
7584 8324 7595
7982 8102 8322
7824 7600 8770
8321 7354 8849
8552 7459 8607
7258 8045 8829
6992 8797 8378
7575 8177 8536
7677 7547 8938
7349 8739 7954
8059 7507 8872
6657 9075 7851
8259 7794 8316
8580 6680 8466
7794 7971 8834
7411 8299 8487
7141 7621 8933
7044 8918 7707
7528 8723 8383
6543 9098 7310
8627 6134 8619
8302 7768 8586
8373 7475 8178
8210 6637 9481
7004 8905 7817
8815 6265 8107
6274 9461 7041
7105 8733 8247
6871 8968 7440
8841 6039 8275
6164 9123 8116
6560 9167 7234
8669 7561 8042
8070 7424 8956
7763 8308 8024
7640 7280 9196
6277 9059 7985
7039 8251 8531
5689 9519 6702
8490 7899 8074
5851 9434 7207
8665 6450 8384
6213 9337 7268
5868 9503 7131
7157 8854 7576
8743 6643 8081
7035 8771 8648
5790 9310 7434
8682 6519 8308
8138 7890 8537
6699 9084 7570
7534 7498 8951
7523 6856 9300
7828 7402 9114
6961 8920 6761
6595 9094 7181
6352 9254 7604
7916 6733 9318
7374 8032 8745
6359 9231 6959
6234 9085 7715
5741 9133 7980
6376 9300 6883
7489 8150 8587
6612 8781 8512
7610 8104 8483
5929 9264 7468
6918 8347 8752
6450 8829 8309
6764 7656 9114
7257 7608 8849
6881 8080 9010
8016 7533 8602
8419 6697 8666
5972 9238 7738
7941 7338 8983
6465 9190 7473
6799 7583 9061
6953 8274 8699
7446 8226 8434
6819 7347 9122
7563 8328 7869
7066 8210 8568
7300 7582 9119
6511 8953 8082
7798 8235 7971
7905 6816 9234
6027 8839 8173
8607 6828 8154
8441 6420 8778
6800 8912 8000
8255 7992 7972
7335 7509 9066
7670 6909 9132
8196 7995 7911
8317 7552 8505
7079 8845 7654
6546 8880 8029
7879 7741 8752
7039 8832 7764
6994 8016 8879
7937 7536 8639
6995 7761 8872
8398 6768 8969
7192 8781 7523
7148 8707 8517
8496 6111 8786
8578 6899 8247
7068 7220 9330
6916 8007 8957
7997 7947 8339
8172 7443 8741
