30 3
8800
527 109 855 554
550 458 573 644
572 841 692 965
669 762 649 638
622 442 731 120
468 435 718 89
464 928 781 752
649 303 908 527
579 932 936 821
674 265 712 755
503 366 65 215
609 59 424 478
483 274 744 699
634 264 98 327
510 50 476 472
619 695 492 242
626 540 722 947
463 438 628 619
664 69 357 356
669 722 232 155
472 742 769 522
666 938 975 963
520 910 401 705
534 998 674 972
650 920 767 822
574 737 435 667
663 724 867 483
634 977 672 371
677 236 668 703
656 603 512 627
204
11395 10418 11107
10334 10740 11401
10426 11639 10655
11411 11014 10751
11177 11342 11112
9853 10918 11462
11395 11172 10227
11661 10712 10946
10949 10752 11330
10981 11442 10773
10446 11584 10680
10978 10916 11158
10674 11528 10453
10610 11468 10600
10620 10979 11265
9929 11702 10772
11829 10699 10367
11382 10850 10923
10516 11440 11052
11224 11275 10276
11021 10258 11363
10503 11578 11268
10759 11515 10221
10423 11729 10125
10164 10789 11488
10883 11451 9946
10683 10458 11491
10057 11285 11324
11142 10613 11219
10969 10697 11355
10000 11764 10609
11690 10876 10774
11227 11185 10806
11526 10992 10854
11488 10796 11082
10865 11158 11142
10103 11811 9607
10448 10985 11366
10481 10498 11575
9816 11619 11073
9833 10973 11437
11845 10541 10891
11189 10989 11034
11059 11386 10131
10670 10890 11307
10106 11721 10137
11687 10966 10244
10515 11225 11190
12079 10550 9959
10126 11666 10162
11287 10552 11202
11918 10576 10569
10528 10793 11374
9926 11792 10242
10594 11626 10076
10354 10685 11426
11787 10756 9942
10182 10691 11527
10642 11401 10861
9698 11253 11345
9848 10584 11607
11540 10357 11090
11079 11351 10285
11008 10690 11179
9874 10852 11602
10119 11212 11301
10665 10556 11452
9391 11851 9991
11202 10557 11218
12082 10460 10489
9778 11423 11301
10814 11032 11238
10468 10930 11391
9381 11145 11376
11484 11049 10429
11209 10934 11059
11645 11023 9819
10828 10397 11474
10002 10812 11439
10461 10553 11550
10535 11170 11215
10423 10771 11395
11990 10480 10874
11184 10720 11088
10094 10998 11330
10027 11026 11410
11724 10186 11035
10443 10716 11420
11332 10939 10881
9090 11036 11448
10903 10940 11297
11307 10497 11227
11849 10644 10392
10097 11689 10193
11681 10657 10971
9394 11177 11351
11386 10386 11163
11560 10302 11115
11527 10789 10906
10325 11738 9298
10009 10725 11489
11278 10520 11258
11471 10381 11147
9369 10898 11471
10231 11029 11312
11184 10655 11179
11133 10581 11275
10531 10633 11412
9815 11071 11398
11012 10226 11419
11003 10356 11324
9714 11679 11039
11007 10893 11127
10327 10630 11510
10772 11447 10215
10544 10201 11596
9526 11084 11359
11803 10598 10466
10548 10738 11399
10177 10357 11672
9394 11112 11442
10848 10342 11499
10645 10382 11495
9711 11769 10509
9188 11698 11104
9185 11788 10574
11987 10570 10344
9527 11831 9397
11826 10789 9837
11198 11016 10841
11408 11104 10221
11711 10618 10851
11708 10708 10321
10607 11558 10070
11845 10646 10069
9575 11198 11349
11247 11130 10831
10920 11489 9611
9620 11719 10734
11842 10736 9539
12145 10250 10169
9875 10802 11449
11373 10818 10979
9998 10857 11445
11547 10734 10931
12142 10340 9639
11193 10939 10891
11945 10627 9919
9949 11647 10797
11222 10851 10951
11652 10680 11002
12264 9970 9697
10756 11605 9691
9854 11060 11372
12261 10060 9167
11531 10325 11146
11522 10455 11051
12109 10200 10402
11784 10846 9412
10999 10658 11235
12106 10290 9872
11826 10596 10954
10725 11446 10703
11063 10300 11323
11753 10666 10454
11067 10837 11126
10275 11019 11328
11753 10687 10424
8942 11284 11381
10511 10459 11455
11367 10441 11226
11332 11112 10407
10554 11222 11207
10835 10774 11315
9734 11624 11064
10632 10814 11311
11648 10933 10349
11547 11032 8992
10582 11496 10856
10743 11470 10246
10043 10434 11632
12172 9990 10082
10810 10495 11435
10047 10971 11435
10510 10891 11335
9208 11643 11129
11948 10537 10449
11392 11262 9697
10693 10677 11382
12169 10080 9552
11695 10776 10327
9242 10888 11481
12102 10405 10514
10844 11477 9668
10347 10575 11535
9246 11425 11284
11000 10597 11302
11692 10866 9797
10591 11716 9546
10167 10696 11447
11361 11103 10709
10094 11779 9663
10022 10692 11555
9447 11753 10696
