30 3
9208
516 291 438 541
537 834 521 693
623 89 324 244
665 504 406 75
675 80 34 89
603 224 314 246
729 852 906 893
553 722 421 584
695 51 49 22
583 38 77 38
672 363 159 408
594 436 488 561
573 286 239 581
595 480 727 337
608 556 573 339
507 359 568 390
720 159 127 131
676 414 591 546
523 456 468 682
506 534 812 433
653 144 92 27
675 388 531 399
686 77 127 136
639 48 112 233
597 235 129 577
645 408 722 671
543 66 182 135
555 121 163 347
721 837 813 770
549 135 55 220
29
8066 8786 7954
7973 8284 8114
7797 8509 8456
7612 7811 8678
7415 7806 8729
7998 8656 8105
7791 8893 8085
7729 8379 8607
7828 8446 8429
8071 8985 7914
7942 8347 8141
7608 8220 8660
7507 8002 8667
7969 8693 8096
7736 8250 8491
7930 8738 8247
8143 8706 7781
7925 8539 8287
7700 8416 8598
7656 8903 8083
7772 8137 8465
7536 7965 8676
7801 8100 8474
8041 8414 7963
7857 8409 8438
7583 7848 8669
7704 8007 8616
7532 8374 8658
7853 8818 8420
