30 3
10120
740 582 676 914
588 373 41 104
711 924 372 973
739 721 222 506
749 101 12 286
698 733 464 823
637 159 822 889
618 388 955 549
652 165 894 664
661 384 487 500
566 279 28 325
756 608 868 707
723 846 822 747
684 775 159 735
659 822 874 698
739 586 410 636
648 753 850 391
566 953 979 942
605 371 597 312
761 462 593 688
594 500 58 279
773 59 180 587
785 360 40 79
679 221 415 237
577 362 284 148
731 338 779 641
573 619 65 14
706 70 126 163
671 681 714 709
650 691 703 848
67
9451 10749 10901
10255 9545 10445
9464 10639 11089
10332 9508 9998
10600 8515 9557
10261 9617 10220
10596 8781 9835
10480 9210 10056
10348 9313 10133
10120 9733 10575
9872 10265 10873
9138 11183 10854
9670 10342 10737
8665 11392 10484
9624 10634 10878
10367 8648 10175
10208 9691 10050
10084 9877 10003
9262 11000 10802
9014 11369 10807
10467 9320 9868
10001 9726 10840
9676 10414 10512
8944 10109 11164
9877 9909 10892
10007 10077 10743
9577 9993 10888
9532 10065 10891
9878 10337 10648
9289 9953 11165
9397 10812 10672
10136 9538 10710
8645 11006 10916
8203 11613 10199
9656 9879 10938
10126 9805 10350
10030 9940 9774
10013 10149 10518
9239 11034 10418
9284 10309 11146
9068 9923 11211
8676 11407 10470
10484 8944 9778
10278 9571 9769
9630 10706 10653
10345 9398 10186
9557 9635 11001
9413 9770 11113
10361 9203 10321
9036 10678 11151
9357 10776 10690
9005 10801 10924
9632 9363 10949
9069 10954 10907
8769 10820 10963
10142 9610 10485
9634 10440 10375
8552 11590 10522
10226 9391 10451
10154 9754 9821
10019 9942 9951
9503 9902 10982
10221 9581 10238
10017 9883 10240
9363 10848 10465
9683 10353 10481
9530 10034 10960
