30 3
9794
639 679 879 586
598 481 792 887
568 754 310 562
753 675 553 533
617 263 350 489
654 579 938 871
583 170 117 236
756 700 708 153
532 723 500 504
729 866 611 305
758 123 296 84
639 105 937 807
744 242 641 568
554 535 489 720
730 221 7 122
593 679 785 780
685 682 757 163
531 983 999 901
567 66 443 316
720 645 817 667
677 216 8 161
694 198 560 604
736 507 768 459
654 470 231 78
766 466 740 868
517 9 69 6
546 619 383 295
621 627 626 856
734 335 44 872
692 696 162 340
155
10223 9601 8970
9709 9840 10075
9520 10761 9601
9881 10564 9662
10304 9926 8828
9132 10020 10719
8964 10235 10645
10074 10504 9356
10007 9584 9675
9232 11191 9907
8636 10693 10605
10070 9958 9543
9993 10179 9498
9304 10744 10306
8748 10994 10348
9541 10055 10001
8773 10177 10873
8296 10184 10944
8827 10751 10377
10111 9986 9134
9416 10359 10142
9479 10733 10010
9060 10326 10336
9311 10948 9936
9139 10224 10349
8701 10483 10490
9534 9851 10371
8995 10536 10451
8464 9969 11018
10115 10532 8947
9895 9969 9839
8371 10566 10714
9120 10890 10164
10227 10147 8783
8408 10485 10687
9685 10980 9034
9646 9466 10207
10241 9552 8960
8680 10774 10569
9504 10888 9630
9451 11012 9749
9493 10138 10187
9906 10719 9282
9713 10701 9295
9723 9245 10252
9153 9629 10526
9730 9449 9882
10388 9820 8403
8529 9759 10903
9500 10342 9817
8564 11140 10206
9476 11167 9369
9818 10190 9794
9553 10063 9903
9644 10952 9443
8755 11198 9978
10011 10130 9488
8315 11082 10383
8871 10832 10341
8780 10381 10503
10442 9517 8236
9563 10627 9585
8576 10270 10761
8340 10265 10908
8031 10057 11053
8124 11024 10611
8203 10781 10640
9572 10356 9807
10199 10426 8522
8962 9571 10754
9173 10048 10310
9134 10295 10341
9290 9433 10401
9329 10899 9926
8997 10093 10452
9169 10817 10039
8638 10250 10606
10253 10123 8355
9538 10712 9591
10154 9852 9118
9157 10175 10339
7952 10300 11024
10095 10113 9163
9039 10617 10415
8798 10332 10493
9581 10578 9575
8508 10050 10982
9990 10613 8857
9497 10684 10000
9764 9273 9843
7880 10606 10641
9746 10637 9395
8966 10117 10567
9771 10792 9015
9138 10841 10154
10129 9937 9124
9939 10577 9089
8217 10427 10915
9350 9997 10229
9225 9643 10516
9748 9400 9872
9616 10437 9771
9397 10367 10103
10158 10398 8931
9364 9402 10406
9630 9842 9948
8189 10814 10496
10172 9803 9108
9559 10006 9991
10088 9909 9533
9715 10661 9510
8131 11228 10241
9590 10307 9797
8923 10983 10052
8589 11295 9826
8786 11008 10036
9764 10588 9385
9257 11346 9527
10268 9962 8006
9550 11053 8767
8799 11279 9942
9269 9724 10480
9441 10448 10067
9425 11131 9601
9341 11240 9102
9727 9791 10065
9060 10467 10320
9899 10515 9652
10414 9796 7975
9368 9948 10219
8701 10624 10474
7784 10515 10950
9634 10388 9761
8967 11064 10016
8483 10867 10457
9066 11288 9755
9509 11025 9176
8773 11149 9968
10330 9902 8400
8608 11221 10170
8633 11376 9790
8967 10815 10190
9497 10969 9250
8439 10295 10745
8830 11089 10000
8149 11179 10231
8941 10934 10042
9091 10277 10378
8452 10566 10651
9263 11001 9965
8582 11091 10196
8346 10892 10441
9288 11156 9585
8732 10434 10532
7815 10325 11008
