35 3
10993
712 682 870 822
671 414 650 247
715 53 122 47
564 876 887 792
573 514 566 511
543 320 536 503
585 346 455 70
636 660 671 430
699 93 5 50
642 385 519 738
639 553 124 443
691 64 255 284
679 571 673 684
602 688 878 898
557 6 145 79
678 997 989 934
618 197 72 443
708 428 573 460
574 168 89 297
543 357 468 224
652 56 77 3
552 953 860 734
659 36 45 169
532 15 19 114
531 358 332 786
642 956 999 985
629 658 94 334
663 691 788 649
530 156 237 312
687 334 349 503
688 345 306 123
677 348 641 195
668 124 208 148
714 508 620 683
533 638 867 764
50
10643 12400 11029
10959 12132 11214
10967 12145 10860
10639 12278 11620
11135 11750 10565
10874 11884 11347
11008 11273 11690
11203 11576 11301
10668 12067 11504
10902 12162 10625
10834 12070 11277
11013 11358 11543
10685 12346 11028
10559 12346 11355
10797 12192 10734
10629 12587 11029
10862 12175 10969
10666 12519 10750
11232 11707 10810
10754 12138 11012
10769 11914 11456
10792 11934 11295
11054 11193 11674
10318 11453 11965
10863 11884 11892
10667 12383 11312
10400 11285 11905
10615 12295 11337
11116 11310 11647
10968 11854 11783
11092 11696 10843
11064 11591 11151
10638 12414 11058
10699 12269 11241
10602 12400 11077
10564 12431 11208
11078 11514 11364
10656 12215 11519
10211 10906 11978
11172 11628 11108
10872 11866 11560
11107 11645 10873
11022 11086 11690
11136 11459 11488
10559 11977 11876
11064 12102 11105
10676 12210 11341
10545 12054 11663
10977 11836 11451
10653 12091 11620
