35 3
11700
624 650 808 138
729 548 60 435
640 403 517 862
693 618 757 523
725 459 239 279
658 637 319 629
594 357 989 56
729 808 584 840
578 957 664 1000
783 803 717 385
780 152 860 920
701 243 726 324
781 481 639 134
572 849 258 982
643 296 908 179
573 912 238 820
548 108 226 189
639 735 720 245
791 144 88 292
720 817 964 13
684 357 61 301
548 277 229 913
705 417 795 560
562 121 837 561
747 301 311 11
795 872 490 842
696 773 662 805
552 5 302 281
562 108 682 352
540 860 925 910
743 37 230 367
713 161 803 46
725 988 928 227
782 788 937 198
545 21 419 437
497
12347 10548 10879
12437 11606 10751
12173 11519 10860
12037 11437 11298
11681 12246 10661
11192 13238 9631
11228 12085 11194
11710 12273 10476
11317 11918 11513
11222 13364 8887
11297 13382 8733
11207 13018 9818
10301 13858 7606
12422 11826 10564
11626 12720 9832
11386 11580 11833
10561 11101 12381
9987 13706 8466
12622 11348 10339
11445 12338 10836
11482 12672 10573
10801 13449 9351
10976 12396 10926
12159 11272 11232
11271 12390 10707
10356 13267 9761
10383 13781 7884
10641 13658 8813
12012 12642 9657
11696 12026 10848
11457 13173 9271
10821 13096 9993
10792 13069 10178
12022 11657 11111
11452 13306 8816
11711 12906 9590
10961 12616 10739
12747 10717 10332
11953 11995 10791
12188 11299 11047
12051 11684 10926
10315 13697 8946
11508 11415 11767
11537 11442 11582
11257 12143 11079
11361 12785 10192
9601 13956 7118
12096 12195 10301
11912 12868 9553
11641 12500 10019
11983 12014 10498
11773 11350 11407
11843 13095 9096
11583 11845 11045
11045 12169 11383
12249 10769 11114
12268 12059 10190
11701 10867 11679
12353 12053 10107
12356 12296 9464
12106 11866 10271
11717 11976 10829
12546 11872 9529
11907 12467 9985
10508 10884 12428
11226 12862 10097
12887 11283 9979
11931 10844 11429
12389 11335 10761
11472 12953 9458
11215 13459 8455
9924 13726 8628
12246 12444 9424
11878 10627 11476
11050 11010 12214
12514 10704 10754
12253 12279 10003
12546 10755 10369
10857 11943 11556
12607 11953 9406
12636 11626 10037
12496 11060 10390
12500 12344 8723
11573 10119 11695
12274 9827 10991
12486 12066 9025
9731 13896 7990
12009 9892 11351
11788 11130 11594
12077 12897 8863
11662 9940 11851
12827 11477 9475
11786 11749 11286
10248 13737 7912
12070 12363 10192
12720 11868 8792
9313 14041 7436
10141 13880 7981
10422 13306 9629
10503 12043 11597
10940 12546 10787
11137 11273 12129
11012 13545 8402
10844 11454 12047
12082 10613 11239
10621 13694 7694
12222 11179 10886
11436 10932 12039
10783 11373 12170
12761 10995 10030
11591 12403 10252
10678 13116 10105
10810 13392 8477
10588 12311 11165
9960 13822 8230
12184 12506 9546
11594 9943 11711
10405 11642 11981
11609 9723 11898
11523 11195 11954
12892 10260 9905
12560 10057 10522
12245 9800 11176
12081 12415 10114
10807 12849 10365
11521 13079 9273
12766 11396 9598
11927 12648 9740
10970 12996 9912
12556 10148 10473
12288 12405 8370
12645 9969 10629
10389 11780 11865
12841 11755 9173
11849 10600 11661
12327 10044 10944
10874 12205 11169
10166 13440 9444
10730 11191 12315
9813 13819 8268
10423 13747 7369
9750 13839 8430
10323 10673 12586
12972 11020 9048
10557 13229 9724
10104 12878 10416
11683 11537 11339
9910 13630 8968
10239 13304 10039
9831 10679 12665
10157 13060 10271
10910 12160 11509
10925 11940 11696
10585 12287 11365
12447 12162 8868
10739 12887 10323
10576 10881 12568
11325 11499 11956
12780 11674 9296
9576 10022 12715
11980 9865 11536
12618 10379 10401
10484 12402 11005
12072 11009 11317
12671 11797 8980
12564 12188 8297
12929 10727 9698
12395 12014 9053
13018 10548 9854
9736 14000 7090
12951 11127 9553
12576 11820 9533
12905 11599 8747
11612 12473 10204
10759 11542 11940
12375 11858 9570
12493 11690 9674
10712 13560 7098
12420 12140 9038
10352 11460 12126
10419 12490 10953
10947 11768 11767
10172 12840 10458
9771 13922 7125
12731 11603 9484
10450 11861 11742
12263 11047 10812
11292 13515 8278
9680 12846 10537
10016 10890 12507
12685 12075 8678
10841 12387 11052
12515 11739 9656
10068 10016 12636
12844 11518 8870
10220 12315 11114
10501 12734 10721
13032 10826 9552
10334 12578 10846
10513 11250 12221
9945 10942 12397
10865 10799 12372
12785 10535 10276
9974 13913 6900
10447 13687 7886
13074 10270 9271
10241 12613 10915
10571 13507 9422
10955 12326 10974
11331 12054 11004
11248 12145 11056
12827 9979 9995
12315 12217 9881
12624 11994 8801
11541 12726 9915
11056 12150 11046
11215 11616 11619
11853 12110 10550
11341 13324 7616
9675 11479 12057
11244 12376 10873
10618 12697 10443
10019 12341 11126
10923 12214 11071
10136 10013 12776
11276 12791 10275
11559 12291 10349
12965 11405 9251
12066 11959 10319
10723 12695 10377
11675 11956 10896
10966 13554 8411
9759 13358 9630
10643 10928 12400
12132 12725 7875
10789 12273 11128
11024 12099 11431
9927 12496 11032
11242 12363 10892
10188 12431 11060
10661 13305 9455
11882 12137 10365
10939 12187 11324
11432 11939 10957
11133 12480 10628
10836 13371 9386
10610 10142 12422
10650 13601 7939
11697 11784 10967
10992 11987 11528
9694 13093 10165
13007 10849 8970
9665 13066 10350
11464 11900 10942
11130 11684 11578
13096 10670 9126
11356 12918 9737
10469 11997 11635
12100 11977 10220
10952 11062 12287
9924 11786 11761
10296 11551 11995
11573 12538 9977
11512 12699 10100
10659 11243 12205
10833 12937 10104
10855 12634 10680
10698 11461 12063
10908 12434 10884
11160 12823 10229
11302 12027 11189
11506 12491 10145
11217 11166 12089
10876 12622 10822
11906 12050 10405
9779 13005 10272
11690 12626 9834
11443 12926 9643
10321 10224 12618
10559 11551 11911
10303 12052 11568
12520 10600 10636
12001 12590 9735
10318 11832 11755
11510 12282 10447
9945 13552 9003
11404 12991 9416
11329 12973 9570
10201 13362 9479
10011 12049 11676
11575 12264 10602
9418 13636 9047
11628 12064 10806
11119 13253 9414
10300 13075 10257
11968 11775 10978
11419 11450 11448
10685 13600 7696
10641 12782 10368
10991 13276 9668
11737 12503 9844
10885 13002 9995
9668 13916 8152
11395 11960 11006
10863 12215 11123
11075 12829 10312
10554 12534 10925
9945 10014 12642
9475 11488 12028
10705 12658 10608
10291 11379 12249
11919 10395 11469
10644 11463 12018
11005 12918 9947
11686 13108 8583
10574 11590 11890
10302 13284 9877
9138 13980 7671
12466 11668 9844
11556 13001 9308
11462 11887 10961
10205 11651 11952
9336 13713 8769
10220 11431 12139
10440 12820 10405
10414 13014 10179
12359 12059 9161
11811 12680 9694
11702 12196 10642
11660 12176 10709
11527 12479 10287
9592 13523 9245
8677 13964 8158
11026 12871 9945
11915 12048 10428
11595 12587 9959
11553 12567 10026
12146 12670 9320
9816 10899 12478
11442 12072 10871
10546 13177 9802
11725 12548 9869
11182 13254 9080
10863 10350 12404
11032 11680 11874
9583 13143 10072
11245 13234 8918
10673 12223 11272
9505 13803 8703
11487 13228 8851
11668 11757 11152
11230 11655 11598
10659 11502 11997
10401 13696 7895
11880 12453 10151
11501 12234 10679
11217 12033 11272
11006 13056 9855
10674 11282 12184
10464 13676 7733
9983 13494 9563
11895 12233 10338
11516 12014 10866
11215 11596 11685
10304 11868 11758
11642 13133 9133
11533 12649 10081
12700 11470 9611
12152 12091 10144
11548 12429 10268
10220 11690 11931
11866 11453 11150
11347 11937 11220
10778 12221 11206
10235 11470 12118
9494 13102 10136
11746 12501 9867
11426 13040 9398
10926 11698 11815
10315 12855 10444
9665 12441 11167
11350 12733 10270
11998 11794 10685
11585 11787 11323
10693 12896 10292
11986 12810 9548
11363 12076 10870
10920 12924 10030
11430 11882 11041
10937 11282 12100
9324 13745 8952
9580 13555 9428
12168 10702 11173
11435 11873 11127
11073 12392 10725
10221 12966 10273
11588 11139 11565
11088 12172 10912
10511 10899 12413
10236 12746 10460
9201 13960 7509
12221 11864 10601
11726 12686 9777
11617 12202 10725
10498 11470 12034
12236 11644 10788
11167 12004 11317
10879 12465 10910
10645 11279 12208
9496 13377 9601
11464 11457 11365
11225 13078 9435
10041 12622 10886
9578 12655 10780
10893 12875 10052
10204 11116 12334
10056 12402 11073
10996 10064 12247
10047 10192 12620
11876 12935 8900
11432 11849 11327
10065 13321 9582
12068 11926 10605
11241 11946 11312
10586 13287 9609
10121 10233 12589
9749 12619 10994
10321 13131 10058
12083 11706 10792
11529 11963 10912
10894 12245 11097
9568 13783 8541
9242 13822 8674
11025 12522 10741
10734 12778 10369
10250 11870 11713
9750 12978 10457
11530 12322 10375
11040 12302 10928
10378 13677 8784
10309 13455 9430
10265 11650 11900
10204 13860 7819
9878 13899 7952
9813 12958 10295
9765 12758 10644
10787 13202 9723
9828 12738 10482
9498 13632 9150
11676 12379 10206
11235 10970 12076
11071 12399 10678
10935 12679 10332
11029 13534 8249
10960 13312 8895
10845 12178 11354
10739 12196 11295
10634 13487 9260
10621 13135 9726
10461 13314 9426
10134 13709 8428
9843 12911 10274
9811 12058 11647
8712 13886 8193
11871 11047 11354
11429 11583 11362
10981 11822 11541
10963 12018 11554
10254 13084 10226
9826 11838 11834
9785 13761 8465
10607 12858 10336
10583 11382 12141
9848 13741 8303
9348 13963 7471
11496 12035 10819
11466 11807 11093
10908 11809 11701
10598 11162 12328
11643 11844 10993
10923 11589 11888
10385 13666 8299
10059 13705 8432
12102 11884 10371
11613 12505 9974
11573 12759 9888
10632 13278 9640
10553 12175 11462
11959 12460 9802
11893 12220 10357
11877 12719 9562
11853 11243 11367
11219 11517 11897
11069 11603 11701
11036 13523 7764
10710 13562 7897
10448 12552 10866
