40 3
12797
739 959 346 606
687 67 725 42
564 771 569 931
531 923 224 214
686 76 87 324
685 794 740 379
603 350 170 988
741 520 816 605
545 353 696 660
535 444 614 341
722 638 25 235
531 744 875 392
565 930 468 747
633 361 393 825
726 724 525 918
685 266 575 759
685 832 626 443
601 904 964 858
689 420 498 402
674 635 546 514
554 74 886 72
611 525 46 434
747 84 123 399
700 474 218 309
585 135 426 396
609 470 390 821
619 6 526 405
585 119 685 16
547 286 922 658
625 628 418 934
709 361 698 224
678 190 45 681
561 128 1 579
671 228 190 245
555 268 423 23
715 235 141 497
634 919 905 220
749 914 820 938
653 898 844 861
660 366 672 569
367
13453 13320 12167
13357 13331 13154
13160 13363 12723
12658 11232 14353
12467 11704 14416
12472 13871 12620
12198 14023 12330
12260 11054 14573
12216 14289 11280
11713 11668 14606
14014 12980 12609
13914 12883 12799
12834 11859 14241
11795 14358 11551
11270 11335 14681
13056 13950 11870
12567 13689 12686
12363 14179 12023
12188 11959 14485
12355 12249 14368
13931 12759 13093
13387 12092 13892
12665 12934 14020
11594 11135 14773
14009 12701 12865
13646 12383 13567
12748 13155 13536
11559 14489 10404
13998 12478 13028
13661 12016 13666
13722 13194 12112
13258 12608 14057
13915 12257 13512
13452 13149 13220
12818 13483 12950
12378 13427 13267
12389 13650 13104
11936 12074 14481
12038 14250 11698
13165 13642 12467
12843 12973 13602
12989 12734 14112
11854 14446 11105
13441 12926 13383
12830 12540 14247
11847 14318 11525
11477 14557 10806
13820 12439 13446
13358 12705 13867
12961 13827 12405
12813 13204 13206
12743 12876 13792
12198 11830 14471
12759 13378 13373
13640 12730 13110
13352 13052 13410
12993 12053 14106
12567 13994 12085
13256 13633 11685
13964 13088 12190
12474 13002 13847
12792 12654 14183
12001 11750 14542
14079 11910 13121
14208 12391 12503
12164 14329 11306
12694 14107 11695
11802 14486 11131
13836 12941 13027
13618 13476 11860
11655 14596 10388
12039 11636 14606
12115 13802 12814
13452 13454 12619
13546 12286 13757
13244 13531 11760
12757 14003 11343
11904 14050 12148
13351 13756 11150
13255 13649 11166
13067 12676 13884
12375 11604 14482
13995 12007 13423
12987 13603 12885
12389 13955 12503
13341 12829 13573
11197 14646 10229
13262 11927 14051
13644 13252 12340
13831 12662 13283
13920 12536 13256
13249 13505 12105
13436 12647 13639
13645 13009 12854
14192 11889 12922
14009 13006 12264
14237 11602 12804
12198 13718 12931
11907 13194 13649
14307 11930 12218
13810 13165 12547
13251 13659 11340
14078 12228 12939
12796 13671 12712
14073 11949 13195
13065 13545 12657
12317 12363 14304
14006 12175 13193
12391 13086 13730
13344 13628 11570
14203 12112 12759
13518 13379 12050
13110 13776 11703
12654 11913 14359
12046 12061 14423
13160 13668 12122
11863 11009 14718
12104 13274 13578
12352 13651 12787
12488 14129 11398
13115 13750 12048
12791 13392 12968
13562 12788 13338
13672 13302 11693
14095 12412 12702
13905 13288 12012
12547 14217 10952
13551 12565 13501
14286 12333 12275
13805 13191 12202
14361 11804 12442
14350 11581 12605
12848 14030 11338
12069 14206 11841
12363 13874 12624
13613 13502 11515
12155 14259 11491
11434 11774 14535
13072 12955 13628
11956 14409 10774
12526 13697 12453
13506 12975 13053
12713 13450 13196
11397 11055 14844
14081 12782 12351
13167 12773 13694
11795 14053 12152
13057 13783 10968
14148 12556 12353
13535 13560 11743
14245 11299 12969
11917 12161 14432
14248 11825 12641
12886 13098 13536
13449 12303 13638
12458 13997 12089
14367 11765 12368
12467 13897 12275
14154 11381 13288
13905 12983 12613
13511 13254 12797
12485 13530 13083
11598 14278 11622
14087 11607 13286
12089 14026 12334
14068 12806 12442
12932 11156 14127
11706 14379 11147
12008 14369 10748
11552 14396 11292
13536 13012 12858
11404 11480 14661
10787 14495 10891
13082 13421 12951
12639 13158 13540
11286 14625 10633
13535 13255 12344
11890 14417 10076
10273 14704 9887
14525 11457 12051
13212 13517 12165
12495 14257 10978
13056 13645 12471
12924 12984 13600
14090 12133 12958
12422 13979 12201
13219 13468 12300
13173 13339 12632
11555 14499 10578
14011 12454 12937
13405 13582 10983
12759 13683 12772
12269 13430 13271
12731 14021 11545
14366 12083 12186
14253 12104 12385
12913 12761 13763
12875 12875 13699
13931 13064 12492
14431 11013 12698
11821 13829 12632
12598 14000 11711
10984 14575 10820
12399 14150 10994
14132 12054 12772
13531 13355 11959
12762 13977 11688
10991 14703 10400
14272 10590 12918
14089 12451 12776
14022 12677 12774
14022 12982 12173
12484 13773 12569
11918 13722 12885
11148 11860 14507
13082 13726 12350
12804 12764 13767
12766 12878 13703
12064 14232 11496
11979 14396 10480
13974 12362 13089
12754 13404 13028
12436 11681 14461
13895 11910 13613
13365 12708 13409
12450 13190 13428
12417 14005 11856
13594 13360 11921
13828 12136 13611
11752 12555 14205
11556 11249 14709
14522 10931 12379
13449 12623 13548
14149 12238 12535
13626 12036 13668
12963 12958 13632
14028 12082 12996
13626 13478 11424
12248 14270 10425
13536 13317 12257
11861 14286 11309
12393 14006 11933
14182 12615 12023
13083 13178 13465
11903 14101 12097
14143 12277 12609
11825 11123 14654
13565 11139 13689
14076 12503 12607
13711 12442 13450
14405 11237 12218
14283 11807 12603
13232 12832 13577
14250 11578 12713
12490 13899 12186
12448 13755 12681
13250 13487 11821
14090 12438 12357
12687 13979 12115
11335 14280 11625
13985 12585 12926
14458 11683 12049
12709 13486 12954
13959 13114 11845
13173 13644 12031
14159 11660 13032
12928 11837 14133
12321 13290 13437
11500 14436 11318
14092 11886 13030
14084 12477 12431
11794 14104 12101
14039 12305 12833
13697 13368 11480
13927 12859 12708
12194 13006 13801
11794 11100 14699
14236 12441 11856
12501 13749 12479
14086 11925 13104
13716 12721 13194
13435 13463 11933
10788 10606 14848
12719 12760 13853
11624 14054 12102
13926 12785 12748
12543 13878 12146
12398 11795 14397
12339 13758 12685
13237 13111 13321
12956 13853 12060
12650 13686 12776
11275 11580 14670
14416 11460 12055
14294 12030 12440
11226 14283 11629
13447 13175 12875
11991 11180 14628
14299 12309 12184
12799 12819 13759
11925 14091 12087
13990 12864 12670
13467 11842 13803
11879 12275 14368
13928 12233 13421
13501 11051 13827
13400 12068 13801
11821 14134 12031
13516 12397 13550
13437 11957 13879
14213 11486 12865
12400 14134 11513
14364 11239 12696
14177 12641 11678
14089 12756 12175
13078 13521 12566
12753 13907 11873
14103 12109 12867
11562 11832 14504
14044 12584 12577
12660 12960 13675
12222 11168 14509
13559 12262 13666
12867 13383 13052
12280 13958 12507
13264 13635 11249
11515 14057 12106
13009 11889 14069
11178 10226 14886
13065 13785 10532
14267 11206 12772
13291 11215 13915
13043 11098 14093
12864 11749 14271
12724 13039 13597
14140 11751 12937
13727 12944 13031
12385 12039 14414
14421 11739 11799
13141 13526 12528
13248 13334 13158
10659 10706 14857
13890 12767 12860
13173 13717 11568
11712 14137 12035
13402 13257 12801
14049 11833 13256
13416 12300 13740
13411 13157 12987
13327 13640 11211
12523 13739 12469
11830 14330 11166
13982 12059 13254
13562 13093 12737
12615 13042 13601
12616 12027 14295
13083 13483 12864
14224 11709 12702
14369 11347 12290
12665 13239 13419
14076 12808 12006
14103 11553 13163
14098 12410 12410
12887 12777 13648
11644 10180 14760
12878 13606 12889
13822 13067 12496
