40 3
13064
644 209 72 956
678 558 737 716
655 181 35 812
643 89 123 120
612 562 799 149
658 217 800 201
562 771 552 974
717 775 156 94
650 492 565 407
570 811 870 595
682 103 491 9
716 878 663 826
599 189 165 679
695 875 231 647
726 354 780 813
707 765 728 75
733 12 100 469
722 373 961 817
666 551 729 455
577 68 168 12
597 414 551 155
699 918 774 807
716 15 135 154
731 389 978 791
709 355 511 476
577 836 816 735
674 449 577 508
569 11 47 151
723 60 316 175
680 785 778 363
697 582 843 590
630 254 628 239
568 796 967 447
722 631 615 950
589 152 331 168
649 358 495 765
587 278 344 363
657 357 29 118
569 764 684 218
574 979 581 887
218
14192 13216 10598
14151 13626 11260
14060 13544 11517
13639 14168 12236
13358 14215 12647
12980 13925 13501
13107 15017 11511
13263 14418 12952
13118 13710 13095
13049 15048 11854
13075 14901 12128
12286 13729 13666
11888 13424 13936
14017 13556 11618
13525 13943 12405
13482 13955 12506
13397 14531 12077
13159 14551 12426
13114 13995 13143
12745 13076 13625
12689 14516 12819
12607 13291 14031
12605 14987 12506
12642 14815 12544
14076 13561 11491
13750 13982 11905
13734 13965 11931
13323 14017 12669
12837 14764 12813
12501 15120 11980
12577 14352 12984
13674 14366 12214
12960 14018 13224
12597 14259 13261
12294 13859 13533
12505 13139 14084
13248 14712 12075
12534 14364 13085
12554 14271 13362
12696 15069 12249
12271 13090 14176
13790 14021 11321
12934 15206 11564
12774 15283 11648
11913 13095 14196
13456 14430 12218
13304 14768 11465
12687 13712 13545
12224 13625 13791
13868 13133 11809
12384 13312 13817
12832 13677 13507
13051 14100 12967
12328 12679 14131
13649 13596 12255
12022 13740 13722
12261 14058 13406
12618 13361 13725
12003 12548 14480
13978 13815 11313
13391 13873 12763
13730 14422 11604
13806 14038 11295
13115 14170 12958
12737 12946 13758
13867 13679 11718
13760 13410 11924
12322 14494 13055
12237 12597 14388
13319 14474 12342
13075 13722 13196
12181 13637 13892
13209 14971 11770
13911 13121 11708
13570 14499 11688
11811 12943 14249
13777 13051 12066
13213 14514 12097
13533 14671 11650
14013 14013 11291
13730 14250 11979
12915 14978 12212
13371 13966 12486
12702 13088 13726
11577 12894 14341
12788 13632 13535
12599 14827 12645
12696 13470 13715
11695 13297 14037
12220 14342 13108
13788 13627 11815
13040 13524 13218
12367 15050 12338
12359 14322 13093
13407 12683 12731
13025 14481 12784
12939 14694 12336
13744 13393 11950
13005 13488 13454
12702 12748 13780
11517 12208 14625
13687 14434 11705
11091 12554 14486
11613 13659 13730
12594 13318 13768
13044 14709 12136
12927 14217 13097
12688 14341 13004
12406 14023 13368
11949 13860 13585
13684 13794 12233
13129 12713 13016
13018 13239 13293
13123 12124 13061
14167 13643 11234
13820 13779 11601
12270 13816 13576
13793 13068 12040
11986 14293 13200
13490 13745 12427
12553 14309 13027
12529 14593 12903
13877 13806 11499
13276 14486 12443
13139 12141 13035
13420 12434 12570
13217 14520 12083
12269 14786 12651
13818 13907 11358
13869 13308 11624
13356 13675 12785
12733 14897 12287
12850 14515 12652
12068 13931 13507
13020 14649 12298
12659 12760 13881
11901 12396 14533
13401 13301 12782
12973 14749 12181
11801 12663 14411
13166 14983 11871
12458 15132 12081
13399 14601 12008
12694 12958 13859
11828 12738 14220
13295 14734 11482
13927 13138 11682
13080 12136 13162
12562 14999 12607
13028 12667 13312
12696 15112 11732
12644 13724 13646
13198 12801 12958
12496 13476 13652
12273 13362 13777
13596 14180 12337
12189 14365 13137
12979 13963 13166
12014 14323 13145
12832 15054 11617
13527 14511 11789
13691 12916 12093
11381 12676 14362
11375 13009 14272
13366 13103 12804
13500 13173 12446
12803 13465 13548
12094 12630 14223
11411 13774 13661
13533 14473 11962
12741 13361 13673
11415 12056 14678
13289 13721 12816
12610 13231 13858
11711 13210 14127
13256 14836 11513
13153 13175 12961
13535 13371 12424
12941 14597 12395
12756 14766 12272
12646 13996 13247
11880 13294 14069
12730 13525 13560
11747 13975 13516
13399 14403 12320
13264 12951 12857
13572 14214 12267
12884 14786 12220
11916 14059 13458
11751 13370 14005
13258 14708 11756
12639 13209 13726
12246 14100 13452
12929 14489 12698
12216 13495 13924
13753 13429 11837
13747 13998 11616
13299 13149 12835
13013 14018 13011
11785 12750 14321
13884 13150 11783
13447 13757 12528
13163 12603 12980
12615 14019 13276
13832 13481 11740
11067 12838 14362
13119 12749 13055
13005 14667 12386
12351 14424 12958
13431 14519 11703
13707 12817 12324
12936 13975 13267
14033 13573 11592
13775 13919 11459
13736 14178 11154
12813 14826 12265
12114 13343 13977
13483 14477 11802
