40 3
12356
544 578 474 544
525 134 307 229
594 533 676 778
710 883 663 476
643 115 229 454
629 632 745 246
527 527 654 508
647 765 844 908
543 999 997 997
681 299 853 875
714 859 608 785
626 590 386 225
530 305 292 452
542 840 904 911
520 332 393 697
681 859 690 763
635 85 120 46
655 574 679 546
694 35 187 48
526 606 489 666
692 148 79 128
714 265 560 694
669 364 871 634
523 234 699 559
608 51 62 44
577 780 927 814
669 876 866 764
658 36 10 93
544 320 238 307
600 974 992 912
614 56 186 42
568 138 119 333
646 957 873 935
643 622 838 810
580 250 90 65
633 551 233 275
661 167 569 58
575 885 628 670
666 450 261 829
706 274 424 300
82
14750 14041 14137
14671 14326 13955
14347 15117 14226
14807 13751 13584
13517 15226 14778
14450 13689 14588
12715 14674 15385
14521 14320 14475
14540 14233 14225
14789 14194 14087
14287 13906 14714
13459 15025 15156
13450 15393 14775
14555 13780 14326
14445 14811 14364
14543 14113 14240
13889 14190 15336
13763 15307 14625
13988 14501 15276
13201 14861 15262
14158 14681 14750
14368 14418 14685
13494 14816 15211
13580 14206 15406
13077 14443 15545
14389 14825 14271
14664 14651 13942
13386 14562 15397
14198 14309 15188
13581 14823 15208
14317 14598 14649
14113 15294 14323
13669 14833 15068
13150 15041 15226
13510 14845 15192
13596 14235 15387
14072 15291 14555
13854 14534 15203
13176 15297 14806
13768 15144 15008
14428 14978 14221
13803 14800 15141
13890 14807 15138
14112 14919 14993
14165 14633 14809
14380 14793 14605
14721 14361 13389
14890 14166 13533
14514 14368 14416
13026 14623 15509
14170 14985 14693
14359 15029 13907
13695 14546 15327
14256 14375 14888
14531 14201 14559
14252 14580 14890
14014 15225 14855
13545 14415 15351
14703 14804 13892
13677 14552 15152
13236 14431 15421
13396 15122 15073
13873 15235 14746
13794 15400 14588
14219 14904 14511
14263 14327 14947
14166 15190 14695
14068 15496 14557
14433 14507 14421
13819 14964 15044
13335 14742 15361
14594 13933 14276
13463 14955 15076
13370 14398 15494
13679 14517 15346
14100 14615 15050
13644 14726 15291
14013 14608 15053
14599 14633 14183
14154 14886 14752
14638 14786 14133
14282 15099 14467
