45 3
13612
495 350 983 728
703 377 620 763
531 433 185 673
516 905 890 596
531 261 644 423
518 570 324 584
498 288 656 483
521 295 150 134
595 813 980 505
670 58 428 99
642 777 813 559
519 645 935 800
554 939 419 652
713 654 233 394
635 554 646 191
514 770 470 533
719 878 589 818
646 364 624 945
666 113 113 300
684 678 199 463
622 531 770 719
612 685 841 786
528 605 339 741
516 959 985 551
719 535 602 795
554 640 727 796
670 220 114 209
673 355 79 259
708 595 462 513
713 833 781 842
656 109 114 608
687 458 82 293
517 421 213 226
654 125 494 273
694 716 654 454
613 349 53 623
558 168 206 90
617 444 323 695
561 624 504 980
555 579 141 151
685 388 272 159
717 653 549 593
500 184 214 9
504 485 630 948
521 309 600 278
165
15078 14949 15831
14910 15485 15701
14870 15891 15156
15603 14310 15267
14826 15709 15831
15520 14573 15317
15323 14963 15621
15199 15410 15349
15119 15711 15599
14810 16031 15438
15550 14755 14735
15009 15388 16103
14733 15459 16273
15651 14198 14538
15229 15088 15649
15262 15308 15267
15144 15206 15559
14851 15406 16071
14858 15987 15293
14668 15727 15799
14598 15736 15856
14652 16049 15406
14226 15951 15834
15375 15044 15127
14534 16102 15608
15477 14825 14473
15633 14492 14685
15369 14434 15499
14961 15729 15567
14289 16056 15695
15443 14470 15439
15154 14917 16293
15016 15731 15077
14996 14935 16261
14874 15665 15686
14565 15985 15525
14333 15069 16552
14550 15780 16001
14670 15354 16412
15289 14735 15749
15334 15228 14805
15173 14961 15689
15663 14170 14985
15407 14837 15457
15069 15248 15821
14356 16310 14943
15055 15014 15891
15479 14757 14995
15179 15571 15317
14487 15675 16140
15498 14769 14268
15283 15252 15062
15394 15088 14523
14387 14123 16666
14361 15674 16251
14700 15708 15942
14840 14533 16472
13904 16283 15234
15453 14859 14404
14029 14573 16582
15297 14514 15961
14888 15196 16162
14780 15677 15908
15722 13941 14866
14878 14988 16463
14026 15805 15885
14601 15805 15540
15445 14382 15342
15344 14939 15539
15325 14523 15641
15142 14945 15846
14511 14387 16632
15030 15332 15898
15710 13969 14419
15415 15032 14318
14161 15528 16302
14290 14559 16580
15467 14785 14548
15349 14595 15467
15355 15172 14600
15144 15361 15469
13843 13688 16681
15152 14985 15771
14238 16363 15145
15106 15258 15757
15165 15150 15354
14424 15779 16112
15518 14641 14795
13789 14634 16567
13794 15960 15738
15458 14781 15077
15034 15038 15973
15011 15246 15899
14843 15782 15769
14582 16058 15463
15214 14777 16011
14695 15004 16282
14918 15847 15011
15289 14890 15659
15179 14567 16163
14514 16292 14975
14271 14448 16617
13325 13707 16685
15591 14338 14820
14533 15215 16501
13841 16178 15373
15495 14706 14855
13731 15855 15877
15298 14198 15762
15128 15019 15702
15157 15202 15377
14872 15249 16192
15010 15072 15904
15674 14074 14010
15395 14865 15010
15250 15032 15444
13807 13521 16735
15062 14942 15875
15733 13845 13891
14890 15730 15188
15604 13994 15068
15434 14815 15008
13963 15909 15857
15686 14046 14457
15238 15342 15198
15220 15354 15144
15398 14920 14599
14574 16152 14693
15120 15395 15400
15116 14462 16302
14073 16232 15353
15745 13817 14338
15508 14601 14870
15734 13400 14483
14334 15956 15659
15639 14204 14916
14982 15572 15688
14191 16179 15151
15482 14118 15326
15396 14988 14922
15567 14372 14751
14175 16258 15284
15793 13171 14364
15312 15128 15060
15273 14548 15892
14751 15057 16251
14579 15516 16001
14349 16161 15183
15155 14601 16094
13900 15804 15996
15200 15515 15112
14413 15910 15667
15442 14594 15220
14998 15519 15658
15757 13276 13955
15436 14164 15493
14757 14796 16522
14610 15885 15489
15554 14477 14736
15419 14864 14394
15252 15268 15342
15816 13047 13836
15579 14344 15198
14720 14613 16530
14024 15389 16391
