45 3
14484
721 237 582 461
703 597 708 768
638 208 236 167
547 389 195 298
728 72 164 16
720 236 340 213
717 974 885 678
585 499 610 627
694 81 23 29
584 58 11 136
609 363 349 198
565 459 573 451
683 339 287 462
608 497 542 512
719 543 311 616
717 200 642 503
581 322 56 113
742 574 663 316
739 464 306 812
612 378 648 768
690 94 81 55
583 525 466 331
585 199 55 112
542 147 79 125
726 272 314 285
684 665 569 579
685 68 175 137
574 127 320 174
559 930 743 687
718 91 90 212
551 412 498 420
645 97 165 250
592 901 778 529
642 885 955 899
622 316 191 145
746 798 441 675
612 450 645 654
594 210 239 135
541 540 840 587
745 379 878 825
648 157 182 33
612 493 522 293
696 51 231 106
593 827 949 985
571 710 814 807
69
13499 14269 13836
12797 14172 14216
13156 14600 13723
13056 14364 14091
13206 14015 14094
12705 15098 13013
12948 14796 13640
13294 14592 13512
13372 14496 13844
13873 14010 13490
13335 14556 13886
13017 14926 13272
13111 14778 13527
13194 14615 13664
13093 14304 14049
13288 14488 13902
12901 14735 13874
12972 14088 14175
13788 14582 13503
13266 14957 13227
13500 14344 13819
13235 14605 13527
12684 14204 14305
13678 14225 13999
12919 14580 14159
13483 13697 14083
13189 14626 13524
12750 14635 13936
12512 14822 13548
12884 15054 13176
13526 14707 13379
13212 14460 13949
13288 13961 14144
13021 14285 14160
13709 14577 13699
13102 14309 14033
13000 14604 14032
13244 14404 13987
13058 14225 14118
12849 14903 13403
13179 14729 13442
13110 14621 13720
13416 14350 13875
13236 14680 13510
13183 15038 13266
12870 14383 14174
12622 15179 13052
12846 14957 13411
13220 14978 13224
13308 13720 14095
13073 14681 13762
13061 14764 13551
13108 14832 13535
13445 14913 13390
13134 14253 14071
13166 14721 13595
13412 14041 14051
12982 14759 13747
13207 14464 14029
13175 14520 13991
13157 14675 13706
13169 14075 14136
13323 14655 13427
12869 14791 13836
13032 14548 14070
13273 14620 13468
12930 14951 13355
13482 14853 13348
12846 14369 14201
