45 3
14573
681 163 572 520
702 761 741 662
696 404 62 257
654 97 45 33
582 511 463 501
596 179 432 525
673 946 836 863
688 162 336 254
703 449 338 664
678 697 929 832
588 34 29 134
647 841 947 758
579 232 468 154
690 499 683 714
656 708 702 728
675 458 459 524
621 56 39 78
578 867 910 735
692 499 804 486
594 8 31 28
634 247 310 392
586 843 930 930
643 6 77 44
578 922 901 738
583 392 372 527
682 897 880 802
673 504 574 466
677 23 13 10
678 44 158 117
708 782 711 595
687 672 815 709
667 339 342 289
594 872 772 925
601 823 773 904
643 115 78 286
693 631 235 800
578 80 362 499
690 157 10 120
640 538 583 596
652 789 986 938
686 776 901 672
579 804 428 707
653 518 716 716
698 616 590 484
670 535 467 245
55
16342 16327 15805
16217 16785 15526
16210 16896 15491
16210 16775 15719
16146 16180 16489
16337 16436 16053
15864 16615 16335
15564 17149 15552
16337 16557 15825
15263 16015 16643
15905 17151 15498
15660 16917 16107
15666 16858 16194
16205 17005 15739
15848 16755 16330
16128 16997 16018
15675 16979 16054
14968 16128 16639
16349 16216 15840
16134 16521 16474
16077 16555 16337
15549 17116 15778
15814 16149 16513
16196 16646 16311
15540 17145 15808
15487 17141 15831
15602 17152 15407
16313 16553 16081
16027 16089 16515
16301 16773 16294
15533 17256 15773
16143 16642 16334
16119 16876 16158
15881 17147 15754
16001 16919 16053
15828 17143 15777
16186 16892 15747
15849 16970 16019
15208 17114 15832
16318 16323 16061
16306 16543 16274
16251 16307 16472
16062 16910 16021
16306 16664 16046
16260 16428 16332
15396 16952 16055
15728 16983 16031
15798 16289 16508
16174 17112 15960
15309 16130 16585
16181 17001 15995
16093 16176 16512
16212 16528 16362
15833 17110 16014
16313 16432 16309
