50 3
15286
686 488 485 295
564 660 768 649
708 168 220 223
705 290 244 337
566 92 14 147
662 99 388 359
567 954 894 750
568 702 457 572
513 16 53 62
689 17 25 186
646 315 419 184
665 632 329 526
549 427 505 184
530 632 246 685
693 477 474 512
525 486 454 374
611 82 189 162
561 468 419 661
606 767 405 420
606 503 652 656
712 71 69 86
580 295 541 490
560 251 143 27
512 97 109 141
712 438 187 269
634 715 619 471
571 71 121 190
664 214 256 135
569 724 884 794
534 25 178 282
546 634 249 464
616 219 166 115
666 628 839 790
528 719 981 935
713 136 345 180
569 722 770 426
661 628 674 447
650 158 316 129
654 460 679 829
618 840 711 597
556 151 181 34
621 501 515 292
658 70 118 169
549 968 906 943
607 721 726 869
580 742 807 818
553 388 219 785
711 667 696 544
533 223 169 380
714 976 955 918
96
16507 16201 16092
16003 16391 15991
16848 15940 15987
16782 16265 15711
16238 16816 15236
16382 16577 15626
16622 15900 16551
16369 16630 15470
16103 16657 15501
16515 16422 15781
16828 15874 16353
16589 16321 15906
16887 16226 15386
16682 16110 16184
15859 16630 15601
16591 16352 15827
16575 16604 15272
16730 16376 15445
16330 16344 16071
16575 16521 15431
16537 16432 15640
16607 16467 15602
16195 16185 16336
16782 16348 15552
16746 16207 15841
16402 16643 15260
16404 16646 15039
16667 16049 16266
16739 16431 15296
16680 16079 16263
16574 16371 15971
16384 16608 15547
16839 15885 16136
16896 16206 15248
16445 16560 15516
16500 16177 16162
16546 16487 15491
16528 16452 15778
16454 16245 16012
16867 16160 15752
16489 16166 16379
16208 16215 16333
16577 16524 15210
16913 16079 15945
15786 16830 15000
16386 16611 15326
16926 16109 15942
16443 16557 15737
16954 15915 15408
16682 15999 16201
16476 16136 16382
16741 16434 15075
16476 16025 16399
16928 16140 15863
16210 16246 16254
16103 16740 15342
16343 16291 16227
16258 16694 14930
16393 16671 15250
16140 16581 15647
16735 16196 16058
16491 16086 16317
16498 16146 16241
16536 16235 16032
16343 16374 16068
16815 15844 16356
16780 16345 15773
16721 16396 15583
16341 15949 16505
16345 16322 16148
16393 16588 15409
16646 15941 16331
16741 16351 15234
16330 16261 16230
16064 16371 16102
16946 16175 15576
16813 15813 16435
16837 15854 16215
16284 16425 15878
16846 15909 16066
16631 15880 16413
16744 16176 15920
16382 16660 15467
16474 16105 16461
16719 16365 15662
16722 16166 16061
16587 16401 15968
16633 15911 16334
16720 16135 16140
16598 16412 15751
16354 16302 16010
16308 16481 15843
16885 16195 15465
16199 16530 15837
16937 16120 15725
16064 16454 15943
