50 3
16555
776 258 368 719
588 446 747 695
809 266 384 220
804 484 318 269
601 686 34 39
741 185 829 87
589 651 495 981
593 750 257 651
513 93 342 31
784 466 311 3
717 118 408 633
743 792 179 531
569 105 377 801
536 948 166 287
785 532 502 441
531 388 382 605
665 148 480 132
585 763 536 236
655 681 100 844
651 519 766 408
814 197 171 130
616 316 774 279
591 59 44 787
513 249 255 133
815 572 96 499
695 458 368 838
605 270 398 65
745 138 290 466
592 490 903 692
549 205 796 10
564 816 95 551
673 203 151 446
740 514 911 523
534 423 998 575
816 90 597 295
593 226 545 921
735 308 540 799
725 72 460 417
723 720 899 167
668 599 372 903
581 33 152 622
678 233 387 750
735 243 376 74
565 940 663 895
650 854 771 410
610 696 807 605
574 959 436 39
813 418 580 766
546 614 313 120
817 823 739 969
928
12079 12188 18066
12952 13307 17876
16123 14520 14176
15460 13598 16154
15492 14428 15702
15425 14540 15560
15143 15610 13687
15210 15397 14411
14804 15707 13924
14665 15643 14616
14859 13164 17062
15016 15023 15450
14568 15310 15356
14385 15757 14986
14290 14974 16161
13870 15623 15438
13542 13731 17404
12602 16361 14050
16226 14264 14965
15649 14502 15202
15852 14665 15200
15096 15475 14736
15029 15688 14012
15603 14406 15971
14870 14271 16227
14744 15714 14335
14446 15980 14211
14893 15312 14738
14743 15484 14699
14992 15107 15430
14301 15244 15913
14144 14222 16938
13717 16113 14400
13003 12566 17943
12562 15944 15007
12312 15849 15321
11425 12299 18001
16564 13970 14133
16279 13423 15187
15989 14631 14578
15729 13488 15829
15729 14954 14488
15599 15093 14372
15144 15033 15399
15044 14614 16190
13095 15792 15250
12446 16455 13183
12812 15268 16285
16380 13796 14563
16009 14598 14501
15901 13945 15812
15232 14751 15612
14867 15425 15047
14861 15028 15595
13656 15750 15040
13912 16245 13279
13259 13109 17747
13238 16133 14738
13082 16220 14636
16772 13302 14195
16604 13758 14205
15909 14179 15292
15749 14921 14411
15346 13676 16479
14520 15752 14693
14682 15170 15283
14463 12661 17172
14295 15771 14605
14392 16104 13865
13533 14923 16397
13399 13069 17833
13516 13839 17239
12799 14361 17127
16469 14071 13754
15414 13433 16395
15060 13297 16821
14542 15932 13904
14318 15970 14262
13956 15121 15994
13681 15334 15734
13095 16375 13463
13293 16303 14019
13937 16044 14892
15860 15000 14098
15817 14747 14855
15636 15038 14456
15158 14536 15865
13738 15552 15702
12812 13347 17790
15710 15172 14059
15116 13894 16554
14833 13272 16897
14129 14600 16525
14253 15686 15250
13330 16314 13334
13164 14346 16788
16583 14009 13294
15436 15328 13926
14942 13551 16591
13586 14482 16712
16381 14384 13538
15553 14550 15509
15103 15822 13615
13974 16055 14207
14099 15462 15482
13375 14960 16496
12089 15515 15765
15627 15249 13419
15342 14153 16031
14842 14832 15759
13518 16284 14107
12759 13788 17475
16266 13858 15023
14514 13041 17143
14258 14144 16613
14160 15776 14898
13227 15863 14986
12338 15741 15486
16862 13531 13553
15430 15286 14429
14787 13884 16698
13729 14823 16200
15829 14337 15486
15525 14959 14769
14190 13610 17137
14299 13461 17085
14118 14330 16773
15401 14624 15540
15252 15420 14018
14458 12806 17287
13640 16202 14040
14761 13992 16533
14433 15315 15649
16315 14555 14021
16165 14727 13982
15973 14692 14137
14048 16189 13810
13794 15703 15404
12517 16454 13432
11782 12859 17923
14710 14761 16023
13560 14590 16547
13327 15402 15833
16112 14342 15290
14325 13353 17250
14186 15899 14526
16490 13836 14530
14715 14276 16372
14594 15886 14296
12636 15378 16019
15713 13548 16086
15420 14820 15376
12697 14693 16665
13153 16226 14120
14051 15904 14819
16469 14087 13619
13933 12880 17645
11428 11568 18102
12766 15320 16069
15230 13816 16229
14242 15416 15498
13486 13118 17688
12201 15422 15908
12466 14659 16870
14129 12780 17448
14525 15206 15555
12813 16444 13433
14933 14636 15921
14051 15966 14567
11930 16095 14989
12069 13977 17513
13518 15301 15984
14642 15444 14959
14261 14671 16261
13537 12377 17755
14362 14254 16525
14383 13759 16810
13553 14001 17156
12587 15925 14976
13507 15031 16232
12935 16503 13090
15371 13796 16326
12628 16333 13940
15698 13953 15683
15376 15361 14366
14093 15989 14174
16001 14364 15021
13801 16100 14361
15476 15382 13660
12899 13748 17561
13171 15712 15284
13091 16416 13192
16686 13753 14083
13544 15193 16149
14854 15563 14386
14216 13502 17302
16726 13347 14141
12556 12804 17986
16279 13439 15052
13861 13600 17281
13818 12901 17528
12473 16338 14085
15090 15157 15053
14860 15036 15694
14340 14122 16741
13361 14279 17009
14960 15531 14205
13716 16193 13743
16225 14326 14663
16125 13907 15454
14287 14563 16426
13956 13825 17212
12209 13937 17599
16205 14515 14054
12715 15935 14925
13034 15060 16253
12627 13717 17739
13401 14852 16661
12312 16411 13752
15441 13223 16191
13625 14814 16303
12944 15339 16021
13372 14549 16761
11902 16284 14651
14353 14401 16326
13852 16137 14274
15443 15148 15090
14155 14492 16690
13699 14753 16379
16115 14286 14696
16083 14732 14104
16340 14008 14491
15717 14328 15646
13229 14208 17273
12997 16313 14018
12758 16274 14152
12137 11373 18042
11757 11919 18097
16482 13602 15050
14134 13013 17404
13505 15801 15023
11990 15355 16036
16230 14159 14440
13301 13488 17637
16015 13867 15487
15470 15074 14501
15703 14825 15180
13037 15652 15640
14661 15917 13469
13537 16280 13609
12615 15516 15716
12083 16086 14907
11643 15682 15682
13473 14132 17025
11917 15816 15404
11363 11707 18122
12931 14432 16863
12773 14469 16962
15513 15327 13744
12803 14539 16783
15615 13566 16154
14699 14491 16271
12292 16473 13344
11656 15961 15267
15973 14816 12862
13682 13691 17490
16082 14804 13342
14703 14014 16719
12131 16546 13011
15736 15059 13750
15859 14770 14462
14481 14922 15979
12070 16055 15075
14442 14123 16656
16402 14042 14435
14585 16035 13235
14849 14766 15942
14894 15693 14305
16421 14172 13610
15127 15102 15137
12432 15930 15121
16751 13553 13284
12618 14909 16732
12156 15936 15219
14744 13185 16945
15350 14834 15143
15065 13152 16706
16294 13205 15324
13597 14752 16464
15759 14351 15253
16320 14489 13216
15363 15499 13705
12742 16260 14431
14648 15762 14642
13038 16425 13521
11574 15525 15875
14599 13487 16972
15240 14985 15092
15086 13999 16389
14856 14217 16464
15367 14134 16000
11562 16324 14446
16298 13985 14884
16433 14181 13255
12057 15776 15490
11884 16147 14773
11592 16396 13945
14677 14122 16554
12285 16528 12850
14759 15907 13560
12002 16523 13046
15968 14882 13667
13057 16421 13023
11797 11513 18155
15269 14628 15387
15478 14844 15092
14996 15056 15527
15158 12890 16591
13460 15850 15237
13930 13933 17047
11817 16377 14033
12756 16343 13889
12087 16430 13664
11488 16190 14843
12533 15080 16324
15258 14283 16052
16319 14259 13580
16596 13524 14725
14582 14083 16742
16636 13118 14783
16055 13461 15545
15750 14960 14131
16697 13737 12955
16706 13564 14692
15536 14619 15247
13908 15563 15331
12119 14986 16516
15929 14756 14695
15606 14350 15377
15486 13154 16314
14442 13761 16779
13941 16212 13094
14652 15781 13955
13603 16191 14725
15995 13090 15633
16454 13930 14166
13673 13203 17555
16108 14754 12773
14484 13508 16855
16609 13959 12725
15307 15204 14559
15770 15139 13619
15741 14687 14931
12164 16624 12106
16453 13992 13864
12292 15970 15035
15567 14881 14649
14544 15394 15336
11815 11104 18073
14088 16180 13282
16279 13610 14921
14820 15817 13811
14334 14433 16284
15322 13882 16198
14507 15449 15252
11848 15659 15597
16091 14593 14379
15625 13830 15873
16170 14661 13177
16103 14553 14253
11548 15450 15890
12363 15773 15314
15973 13666 15731
14486 14874 15964
13410 13339 17585
16572 13831 14408
13591 15063 16007
16543 14221 13222
16196 13223 15392
15118 14748 15793
15477 15421 13380
14929 15269 14803
16575 13775 13814
13393 15429 15783
12939 15879 15148
12977 11992 17965
15034 13405 16656
12671 14468 17047
16231 14198 14160
11628 16150 14929
14774 15848 12777
14117 12007 17472
14260 16033 14129
13414 13838 17324
15937 14910 12498
14942 15251 14968
14425 15520 14901
15289 14436 15573
15587 15461 13347
11804 16564 12580
13445 14311 16784
15228 15504 13998
11955 16076 14958
11615 15871 15344
15484 15243 13935
15201 15236 14740
15293 12420 16523
14603 12621 17258
13597 16297 13039
15501 15043 14749
12240 12189 18024
15753 13142 16144
14483 15991 13526
14577 14185 16549
14345 14703 16036
13627 16156 14186
12610 15486 15854
12182 15828 15384
11909 16128 14742
14968 15485 14061
16341 14238 14127
15676 13964 15724
11477 16417 13828
13269 16356 13257
15641 14268 15722
16043 14678 14370
15270 14545 15705
13461 16353 12508
16524 13916 14399
14880 13622 16583
14330 13424 16977
14412 13402 17105
15932 14976 13303
15253 15650 13654
16389 14245 13813
11949 15679 15506
11431 16469 13612
11111 16432 13675
14810 15180 15232
12606 16529 12252
16332 12769 15143
14593 15291 15325
14685 15773 13957
12115 15407 15930
13592 15921 14973
14573 13595 16807
14557 16125 13129
14589 15089 15852
15297 15503 12798
14314 14230 16576
14027 16046 13878
13980 13230 17331
13020 16410 13708
11065 16484 13459
16883 12790 13637
15276 14942 15157
14318 15336 15532
16718 13486 13866
15708 15205 13577
14431 13662 16814
14386 13510 16940
12388 16431 13467
11988 15619 15683
11516 16376 14230
11513 16171 14812
15378 14425 15883
15097 15425 14163
14798 15268 15240
14458 15942 13765
15887 14361 15202
14314 15909 14475
11425 15927 15472
16148 14334 14159
15485 13718 16001
13527 14109 16991
14258 12498 17339
13832 13032 17444
13656 13799 17325
13810 14369 16771
12370 16435 13468
12016 14418 17198
15360 13807 16395
15029 14759 15483
11510 15346 16089
14475 15995 13268
12687 11951 17981
11787 16305 14534
14715 13536 16779
13571 14860 16299
16608 13823 13277
15975 14079 15415
15500 13192 16212
15090 13133 16675
14581 15341 15188
12595 16416 13556
11239 16019 15170
14533 15572 14880
13610 15031 16049
15619 14914 14521
15001 13553 16560
15155 14693 15877
13199 15070 16230
15734 14360 15326
14707 15953 13168
12641 16364 13772
13011 15760 15475
11799 16566 12119
15818 15054 13628
14175 14995 16044
12245 15428 15867
16291 14064 14166
15438 14571 15392
13961 15284 15708
13944 13150 17397
11741 16357 14318
15769 13082 15887
12772 16332 13930
12278 16546 11781
15118 15655 13947
15029 15054 15282
14451 15595 14886
14422 13490 16946
12483 14071 17321
16165 13501 15512
15153 13035 16706
14812 13865 16667
14560 15902 13886
13581 14530 16727
14577 12729 17093
11031 15715 15497
13984 15483 15365
15694 15036 14143
15007 14770 15524
14624 14785 15854
15775 15073 12814
13677 12337 17841
13595 12969 17636
15472 12618 16371
14237 13960 16823
13971 14784 16201
16310 13145 15067
14871 15494 14648
14106 16233 12358
16020 13071 15602
14775 15839 13144
13536 15770 15271
16563 14042 13371
16425 14237 12682
14771 15075 15439
14548 15343 15433
13828 14443 16713
13702 16301 12873
15091 14019 16061
14025 16062 14003
12317 15951 15004
11546 15714 15537
15220 13847 16309
14958 14617 15890
14355 14576 16216
12177 16494 13227
15141 14947 15450
14064 16121 13394
16685 13815 13781
15378 15332 14037
14767 15126 15342
14373 14524 16277
14028 15705 15162
14762 15622 14569
12133 16378 13880
15342 13825 16069
14657 15277 15291
14380 14301 16311
13961 14636 16343
12615 16516 12877
10950 16505 13342
15147 15675 12759
14623 15963 13029
14616 13292 16865
14154 12761 17417
15959 13130 15788
13953 14710 16259
13727 15282 15950
13046 14622 16678
15920 14967 13658
14762 15684 14317
14294 13563 16892
11401 16397 14113
15199 13915 16104
15174 13219 16496
14929 14635 16073
13251 16409 12102
16503 14167 13488
16047 14950 12465
15831 14916 14289
15505 14992 14846
15570 13638 16121
14877 12755 16980
13632 16206 13782
13447 14240 16860
15230 12611 16510
14386 13526 16923
14014 14621 16408
13825 14032 16978
13418 14944 16280
10797 16114 15024
16503 13572 14563
15207 13903 16081
13193 16365 13554
13035 15000 16291
13019 16448 12362
15704 14775 14607
12255 16456 13351
15631 15314 12491
13027 14426 16842
16299 14016 14455
15594 14926 14556
15083 13126 16704
15062 14205 16108
14794 15274 15096
14596 15486 14809
14467 13742 16748
14225 14143 16624
13778 16292 12576
13187 14563 16770
13065 13216 17666
13045 14500 16784
12570 16445 13103
11312 15558 15802
16380 14456 12776
12320 16537 12208
14883 14007 16260
14420 13392 17062
14359 13843 16790
13951 12471 17563
13934 14752 16277
12983 13780 17336
15791 14843 14291
15716 14390 15344
15439 13414 16364
14320 13455 17057
13460 13242 17506
12785 16349 13772
11035 16412 13960
14595 14782 15906
11970 14470 16982
15504 12745 16232
15268 14576 15832
15580 15114 14468
13546 16260 13126
13425 14108 17076
12967 16241 14519
12341 14008 17335
15322 15406 14251
14186 15265 15796
13470 16340 13133
13299 13859 17207
12970 15231 16186
15060 14107 16224
14287 12006 17296
14229 16142 12658
13950 16199 13719
16860 13080 14425
16352 13629 14634
16335 13841 14675
15572 13607 15994
15078 15525 14028
13532 12522 17870
13071 14392 16949
11340 16039 15079
16449 14120 13696
16350 12739 15125
15709 15244 13297
14860 13351 16750
14029 14243 16821
16053 12275 15609
14342 14292 16415
14332 14359 16360
13728 12422 17673
13499 16307 12948
13230 12575 17884
13403 15322 15867
12657 16353 13813
12555 14538 16793
15135 15666 13114
15867 13064 15819
15001 13915 16437
13878 13591 17293
13260 14981 16379
13112 16371 12830
12249 16531 12724
15953 14725 14214
15269 14615 15552
14967 15232 14937
14891 12457 16873
14658 15254 15263
14140 15317 15580
13361 11722 17879
14873 14022 16357
14635 15055 15606
12350 15494 15729
16259 12646 15333
14511 14855 15933
14201 13880 16889
13645 15761 15109
13109 14329 16851
16725 13409 13839
15604 14356 15398
15544 15208 14104
15468 15148 14180
15057 15279 14752
14786 13973 16502
14330 12913 17207
11327 15760 15494
15431 13949 15988
15355 13889 16064
14686 14036 16497
14588 15489 14844
14227 13772 17054
12699 12724 17957
12581 13769 17523
11614 16173 14801
16199 13597 15246
16075 14498 14624
14539 13022 17112
14364 15108 15764
14288 14508 16318
13490 15822 15055
13485 15365 15734
13127 11756 17950
12556 14489 16930
12167 16544 12310
11945 16387 13982
15806 15045 13983
15195 14839 15288
14643 14256 16415
14187 11965 17424
14172 14584 16309
13839 14713 16465
13145 14309 16857
14563 14387 16284
14368 14184 16580
14113 14847 16187
13432 15075 16196
11927 16265 14620
16413 14214 13332
14346 15561 15002
13114 15096 16158
15826 13963 15632
15241 15366 14659
15214 12813 16554
13555 14638 16562
13286 14873 16544
12278 14949 16527
11379 15979 15256
15340 13856 16196
15218 15167 15002
15183 14517 15834
14917 12349 17038
14724 14472 16240
13584 16214 13566
13322 13946 17158
12809 16504 11956
12121 15055 16421
15952 14787 13912
15867 14842 13927
15480 14695 15259
14899 13914 16522
13610 14512 16544
12939 14321 17213
16500 13193 14968
14522 14364 16297
13362 14224 16901
13135 14221 17016
13178 16324 13902
11895 15005 16474
16535 13987 13742
15261 15593 12819
14960 14170 16219
14662 15203 15360
14501 14125 16625
14343 12944 17168
14315 14955 16130
13960 12959 17498
13717 13972 16998
13260 16396 12727
13246 14300 16892
13168 15331 15882
13047 15339 15838
12913 14429 17048
16654 12709 14701
15132 15401 14374
15127 13895 16147
13720 16066 14538
13284 13090 17716
15918 14403 14703
15578 14531 15478
15269 14553 15804
15123 12720 16762
14191 16140 12976
12880 16333 13809
13692 15604 15486
16143 13877 15436
14101 13523 17185
14092 14608 16515
13622 15359 15742
13336 16387 12430
13128 15313 15910
15725 15005 14391
15517 12382 16165
13991 12065 17621
13562 12358 17724
12824 15900 15031
11744 12270 17999
16355 14149 14079
16191 14410 14088
15169 15014 15368
15024 15199 14755
14921 15259 14919
14152 15981 14150
13973 13630 17105
12696 16312 14215
11765 16561 12858
16412 14276 13030
14708 15746 13947
13834 14815 16272
13698 14979 16050
13696 15719 15012
13429 15214 16032
12745 15369 15857
12549 16095 14764
12408 12821 17881
11811 16509 13074
16297 14047 14582
15908 13787 15641
15544 12339 16290
14884 15314 14835
14867 14813 15728
14787 13556 16736
14096 14664 16275
13886 13581 17250
13417 12660 17751
14813 15470 14932
13786 13644 17245
13615 15841 14990
12607 16520 12619
12216 16453 13629
15365 12141 16442
14769 13305 16792
14650 15312 15077
14343 14269 16387
14227 12751 17289
14197 12436 17345
13684 13473 17307
13388 14116 17066
12668 15940 14910
12262 16401 13845
14858 13253 16866
14458 15296 15618
13981 15102 15963
13743 13864 17163
15595 15322 13622
15427 13169 16428
14758 13316 16861
14046 14660 16299
13677 15030 16056
13275 16208 14254
13227 15465 15828
12790 15022 16302
12647 13599 17572
15688 13585 15867
15444 15098 14517
15364 13267 16397
15119 15694 13667
14933 13298 16665
16230 14628 12737
15581 12685 16161
15558 15377 13538
15096 15495 14010
15034 15665 13808
14874 15267 14876
14630 13423 16781
14350 15555 15146
14163 15975 14407
13758 14755 16348
12974 14602 16721
12503 14930 16615
16130 13933 15208
16115 14399 14289
14331 16001 14094
13939 15594 15327
13861 13272 17319
13458 16324 13283
13088 15868 15127
11605 16427 13777
16904 12933 13569
15839 14803 14539
15641 15015 14252
15566 14562 15305
14835 15161 15201
13136 15952 14902
12677 15907 15308
12569 16518 12937
12108 14776 16836
16750 13417 13836
16661 13938 12692
13724 14871 16215
13622 13972 17045
11857 15019 16443
16401 14205 13687
14500 13594 16844
14060 13778 16967
14054 12824 17412
13644 15002 16084
13532 15012 16201
13194 12611 17861
12385 15388 15953
12372 16366 13731
12313 13890 17354
12264 15396 15909
11437 16578 12387
16448 12721 15057
16270 14113 14494
14962 14279 16216
14479 15617 14765
14233 14658 16283
13720 16206 13339
12241 16535 12466
11606 16466 13394
