60 3
21780
730 484 480 315
798 799 556 644
706 87 453 354
638 10 341 179
762 400 712 362
730 453 408 332
736 781 994 328
730 123 229 630
653 275 658 539
722 872 941 327
788 67 116 161
744 701 669 941
804 316 551 149
768 438 572 778
680 583 441 890
624 303 419 728
771 88 25 375
706 942 408 844
687 785 472 462
757 244 135 2
810 929 249 30
686 833 746 916
705 551 4 42
705 799 519 952
657 111 489 801
688 447 985 684
770 857 290 334
803 32 311 4
623 111 71 388
640 456 700 784
704 187 801 931
762 479 433 204
721 953 930 269
814 920 424 856
736 229 442 62
658 143 808 707
649 598 466 67
753 50 220 151
758 391 919 242
760 655 992 741
706 489 675 929
738 646 496 714
678 636 506 706
813 284 573 776
639 411 114 818
701 646 524 877
692 538 528 664
817 178 170 22
649 393 712 377
779 219 617 532
736 341 358 814
684 177 871 118
773 240 694 931
723 451 110 90
751 696 801 863
666 364 65 328
801 869 983 516
755 938 798 841
723 260 393 878
801 693 274 446
1838
18548 21035 19091
18114 20006 22016
18171 20656 21291
17979 19861 22127
18083 20156 21777
18190 21263 19955
17777 20981 20954
17826 21439 19597
17786 20896 21191
17638 18890 22840
17810 20746 21445
17300 21345 20503
17142 21556 19947
16701 19037 23054
17135 19885 22455
17070 19143 22845
17445 21001 21109
20222 19260 19418
20131 19331 19390
19868 19551 19651
19044 19998 20866
18711 19903 21472
18936 20303 20776
18795 19418 21664
18627 21026 19638
18311 20232 21655
18535 20732 20568
17810 18826 22781
17727 21224 20685
17576 19479 22634
17760 20185 22017
17032 20386 21953
17141 21130 20874
17090 21632 19631
16785 20970 21131
20354 19110 19250
19606 19483 20396
19277 19975 20384
19067 20659 19821
18886 19742 21348
17558 20077 22193
17318 20765 21382
17571 20549 21719
17271 19341 22734
17234 20963 21186
17356 20221 22159
16843 21688 19833
16713 21576 20114
16714 21251 20692
19714 19178 20486
19507 19804 20037
19486 20176 19925
19533 19705 20319
19240 20143 20235
19210 19897 20791
18388 21141 19802
18232 20060 21854
18180 19706 22291
18245 20532 21380
18038 20337 21792
18016 20914 20897
17383 20707 21582
17589 21408 20383
17497 19808 22393
17136 18843 23120
20035 18908 20169
19722 20027 19367
19488 20254 19770
19277 20382 19794
19130 20667 18886
19068 20560 20018
18152 19945 22102
18202 20506 21530
18007 19622 22316
17885 21109 20685
17580 18957 22768
17506 19723 22630
17118 19441 22679
16539 18560 23332
20167 18758 20001
19901 19530 19735
18945 20096 20896
18768 19688 21510
18818 20249 20938
18656 20026 21185
18228 21123 20371
17806 19348 22647
17769 20970 21099
17379 19309 22784
17001 20811 21390
19733 19553 19965
19408 19447 20898
19356 19579 20726
18533 20375 21136
18568 20549 20786
17982 21339 20019
17722 20246 21931
17633 19264 22672
17243 19853 22505
16782 19026 22996
17275 20739 21532
17481 21440 20333
15979 18342 23440
20382 18871 19439
20241 19104 19325
19427 19980 20028
19327 19482 20962
18908 20542 20587
18480 20074 21428
18162 20741 21054
16964 18907 23179
16376 21593 20148
19801 19011 20430
19591 19218 20735
19368 19715 20677
17753 19667 22428
17867 20531 21483
17544 21495 20157
16946 19505 22738
17185 20446 21883
16948 20584 21757
19927 18885 20339
18942 20605 19998
18909 19453 21579
18230 20267 21719
18045 21394 19843
17853 20772 21295
17128 19076 22917
17181 18224 23087
17039 21157 20842
16898 19207 22904
16793 21373 20490
19830 19439 20189
19625 19858 19875
18810 20755 20166
18611 20858 19904
18537 19956 21427
18471 20281 21308
17843 21363 20271
17791 21439 19955
17122 20679 21602
16955 18992 22942
17255 21272 20596
19238 19658 20980
19068 20153 20608
18363 20586 21218
18152 21096 20501
17207 21512 20191
16918 21289 20630
16672 21505 20278
16722 21210 20797
20268 18885 19687
20177 19809 18869
19717 19326 20340
19530 18974 21091
19228 20454 19307
18913 19472 21502
18807 20859 19358
18451 20964 20615
18247 20325 21515
18055 20395 21588
17081 20903 21256
16440 19009 23074
16338 21350 20518
20052 19755 19046
19816 19780 19462
19443 19412 20670
19497 19578 20381
19186 19304 21417
18827 20164 21175
18823 19179 21853
18532 19622 21923
17409 21543 19763
17554 21140 20710
17416 21324 20408
19597 20097 19686
19391 20368 19546
19346 19353 21070
18668 19877 21622
18265 19727 21956
18382 19312 22127
17573 20342 21854
16780 21633 20009
16519 21445 20348
16371 18102 23525
19027 19507 21417
20132 18967 19769
18777 20016 21223
18148 19387 22385
18081 20363 21642
19478 19203 20902
19363 20200 19947
19256 19060 21421
19120 19604 21142
19073 19083 21523
18557 19151 22003
18430 19610 21961
18119 20984 20770
17049 18374 23255
19228 19299 21232
19117 20364 20363
19105 19339 21481
18089 21041 20677
17192 21217 20772
16860 20084 22243
16489 18156 23363
16358 21091 20949
20080 19516 19235
18312 19556 22123
16982 19825 22525
20578 18423 19137
19227 20553 19110
18999 20310 20525
18879 20818 19054
18420 20371 21256
17942 18676 22613
17341 21121 20849
16936 19146 22990
17523 21026 21066
19794 18894 20580
19391 19961 20136
19036 18994 21621
18660 20786 20391
18439 19097 22165
18115 19317 22406
17978 20826 21118
16593 19069 23004
19124 20004 20649
18904 19144 21789
18561 20136 21325
17950 19837 22278
17351 21111 20857
16576 18625 23228
17101 20644 21687
18805 19777 21412
20787 18245 18913
19769 19680 19903
18307 19247 22333
18354 20671 20981
17344 21587 19519
16695 20800 21420
16901 21341 20540
18970 20773 19597
18275 18928 22427
17670 19892 22368
19446 19872 20375
18753 19423 21849
17440 20023 22355
18687 19723 21574
18419 19927 21745
19095 19470 21286
18906 20622 19975
18270 20869 20785
17720 20453 21796
17556 20284 22058
16758 21649 20021
19663 19797 19961
19559 20237 19270
15805 18247 23595
19318 19154 21249
18937 19652 21400
18744 20373 20849
19992 19298 19673
19806 19919 19462
18654 20587 20699
18402 19849 21772
17528 20523 21869
16979 19196 22846
20490 18566 19529
19025 20127 20758
18631 19249 21926
18551 20931 19899
16735 21560 20102
19336 20396 19026
18289 19845 21892
19882 19762 19530
18979 19209 21583
18311 20645 21131
17880 19208 22470
16825 19638 22646
17302 18394 22957
19301 20432 19418
18999 19746 21228
18353 20227 21470
17465 18806 22865
17100 18235 23145
18322 19512 21994
18353 21177 20194
17689 20603 21557
20104 19206 19580
19742 18939 20675
19309 19768 20539
18955 19029 21685
18774 20772 20143
17797 19433 22410
17950 21065 20929
16623 21697 19627
19810 20008 19117
18647 20841 19927
17510 19201 22764
18053 20602 21453
16092 21566 20166
19486 19769 20515
18250 19462 22295
17786 20153 22071
19168 20527 19302
17605 19503 22483
19624 18885 20837
18021 18973 22539
16612 21278 20660
17000 19387 22841
20133 19816 18645
19251 19341 21093
17866 21200 20433
19426 18849 21339
17838 20507 21634
19154 19048 21459
18464 21112 19399
18495 20843 20460
17530 20316 22004
17618 21515 19661
19582 19328 20654
19111 19022 21609
17118 19281 22804
18171 19791 22054
19980 19106 20079
16968 18385 23313
17119 21146 20886
15878 18632 23278
18725 19662 21660
17661 20842 21368
17069 20888 21281
19927 19213 20079
16491 21410 20448
18993 18968 21771
18547 19734 21734
19966 19530 19483
18775 20223 21088
19018 19592 21180
20037 18986 20014
18513 21071 19483
18261 20084 21703
17415 21058 21016
19929 19291 19924
17687 19967 22153
17637 20662 21470
17045 18896 23121
20586 18989 18750
20175 19607 18882
17965 20102 21939
17479 21539 19913
19193 20207 20431
18870 20682 20171
17922 20076 22089
16960 21035 21044
16485 18678 23229
19947 18693 20365
18188 18356 22579
18711 20949 19330
18222 19701 22106
19687 19025 20678
19970 19902 18406
17778 18507 22875
17624 21408 20025
15837 21430 20382
20470 18728 19047
18339 20406 21320
15059 17493 23709
19497 20390 18653
18800 18928 22034
18090 21307 20069
18058 19532 22368
16418 21339 20562
18368 21202 19371
19581 18859 20987
17328 21380 20403
17072 20118 22174
20435 19171 18849
16705 18515 23188
20558 19228 18561
18397 19540 21982
17655 20370 21827
19594 19464 20605
18479 20725 20804
18204 20299 21665
20195 18519 20190
19722 19744 20099
18917 20335 20707
18497 20872 20152
18383 19781 21794
17662 21268 20441
18822 20884 18535
15787 18685 23279
17606 18571 22934
19844 20071 18528
18205 21288 19132
17377 18086 22983
19388 18910 21253
19021 18729 21960
16458 18571 23390
20694 18684 18840
19053 19791 20986
18403 21166 18979
19737 19823 19630
17446 18960 22913
19899 19452 19890
17113 18873 22935
17117 21456 20294
20703 18477 18960
15827 17913 23531
18845 20719 19774
18272 21002 20216
17267 18293 23032
19684 19930 19630
18637 20180 21233
18355 20020 21605
16873 18973 22995
18256 19082 22475
17815 21113 20535
15709 17859 23693
19231 20350 20115
18197 21009 20727
16614 18568 23189
16574 20932 21208
20606 18184 19326
16440 19169 22949
16484 21721 19879
19033 20596 20410
18819 19598 21562
19361 20122 20102
18447 20101 21410
19492 19035 21005
16367 18624 23391
16200 21534 20216
18587 20420 20894
18500 19366 21965
18744 20526 20699
18696 19638 21811
18436 20699 20954
19916 20108 18209
19780 18878 20761
19389 19883 20291
17292 18840 22919
17489 19010 22769
19923 19000 20262
18335 20825 21029
16780 21473 20328
20077 18465 20352
19920 19905 19214
19299 20512 18806
17054 21401 20470
19554 19129 20833
18589 19407 21961
18047 18591 22510
19077 19578 21292
19134 19853 20883
19843 18603 20558
19668 18692 20931
18844 20854 19446
18804 19333 21901
18360 18292 22520
16349 19222 22950
19595 20177 19074
19262 20517 18718
17000 21645 18742
20330 18517 19876
19436 19208 21087
19062 19681 21067
18926 19944 21028
18637 20027 21383
18421 19720 21880
17383 18787 22918
19749 18657 20867
19550 18673 21038
20310 19117 19026
17657 19444 22570
17213 18543 22993
16236 21274 20664
19140 20519 19714
18520 18830 22274
18303 19666 22042
19254 19776 20636
18985 20798 18774
17753 19394 22468
17639 20042 22129
20307 19457 18714
17774 19029 22741
17108 19082 22931
19882 20045 18798
19463 20327 19242
18662 20990 19246
18772 20895 19750
18654 20233 21050
18139 19497 22304
17408 19021 22827
15410 21551 20200
20473 18639 19377
19204 20016 20297
19276 19597 21066
19370 19508 20812
18329 20353 21488
17614 19418 22720
17358 18240 23031
20263 19464 18490
19573 19504 20312
18441 21034 19802
19729 19335 20232
19731 19255 20426
19474 19633 20564
18528 20066 21346
17384 21147 20699
16720 21246 20710
19399 20219 19839
19607 18628 20974
18801 20196 21121
18057 20183 21744
15986 18342 23425
19545 19743 20123
18658 20633 20557
17992 20748 21043
16048 18713 23259
15796 21654 20036
19609 18620 21176
18519 19973 21545
17592 21272 20291
16549 17852 23318
16219 17673 23616
18894 20843 18231
16640 21154 20844
20059 19063 19911
18438 19773 21697
18410 20012 21508
20145 19316 19119
19570 19944 19878
19373 18645 21592
18857 18713 22072
18553 20440 20925
17521 19988 22291
18876 19383 21600
16877 18438 23314
16832 18929 23034
16443 17920 23397
15814 21431 20380
19042 20732 19293
17026 21417 20361
19875 18859 20516
19224 18741 21515
19193 20490 19699
18279 19486 22144
18320 20560 21368
17478 19962 22441
19712 20221 18696
19593 20300 18681
19461 20450 18849
17293 20414 21933
16248 19512 22788
19757 19708 19707
19679 19387 20254
18627 18844 22059
16215 18195 23482
19606 19890 19806
19523 20218 19378
18665 18783 22145
16195 21498 20318
15949 21714 19966
18697 19102 22051
18352 18372 22467
18448 19012 22402
15940 18745 23209
20217 19584 18598
18557 19088 22055
18463 19277 22063
18195 19971 21952
17300 21185 20822
17400 21141 20708
16603 19059 23012
18654 20080 21200
17908 20786 21166
18620 20490 20873
18392 20610 21067
16151 21745 19538
18420 19251 22213
18008 20742 21052
19008 20262 20472
16741 18982 23035
16497 21461 20360
19202 20626 18582
17823 19423 22432
17926 20885 21031
17268 18693 22952
18672 20939 19864
17300 19012 22858
16686 21752 19451
20400 18273 19880
19361 20494 18963
19009 20206 20470
18707 20903 19472
18626 20319 21011
18288 19401 22381
20035 19193 19879
18964 18944 21922
18504 20229 21170
17322 21603 19531
16599 21378 20498
17974 21168 20483
17726 21483 19711
18413 21115 19597
17777 20260 21802
18029 20422 21555
17050 21576 19809
16316 21366 20530
18480 20171 21389
17599 17840 22994
15809 21395 20482
20563 18158 19476
19646 20070 19214
18858 19981 21159
18329 20047 21572
19787 19082 20344
20024 19382 19571
18362 20117 21551
16496 18156 23348
20376 18580 19777
19355 19243 21151
19240 20486 18998
16982 21664 19581
16387 18131 23423
17018 21122 20927
16308 21681 19920
18936 19183 21733
17211 18851 22977
17085 17584 23152
16306 18142 23481
16102 21556 20174
20854 17769 18640
20408 18430 19621
19512 19572 20650
18511 20902 20018
17209 19065 22859
19141 20057 20466
18885 19298 21837
18734 20949 18942
19057 20757 18470
18031 19802 22214
16650 21521 20290
19704 20064 18955
18659 19163 21965
18105 21332 19246
16953 17734 23320
16979 20827 21402
20184 19400 19002
20125 18763 20186
19345 18884 21403
19301 19902 20521
18536 21071 19095
17988 19776 22364
16914 21082 20986
16213 21275 20662
19699 18913 20825
16692 21267 20704
19853 18470 20708
19330 20275 19794
19102 20623 19429
19181 18715 21665
18091 21302 19380
17803 20211 21867
16139 18660 23258
19476 19410 20767
18074 21124 20369
17328 20755 21390
17548 19718 22445
19929 19698 19334
18517 20664 20890
18470 19812 21641
18354 20750 20651
19213 19034 21571
18485 21027 20026
18331 19427 22231
19952 19236 19741
19880 19560 19543
18495 20436 21050
16170 18686 23202
16622 21268 20668
19665 19555 20151
19463 18938 21241
18520 20467 20907
17027 19494 22680
16718 21730 18824
18994 19437 21438
17467 20669 21459
16178 21550 20228
17913 19005 22489
19549 20307 18457
18361 20671 20966
17945 19324 22395
16909 19440 22842
16682 21495 20286
19727 20246 17873
19370 19915 20222
19195 19632 21130
18218 19143 22389
17483 20663 21468
16828 19451 22900
16896 21305 20642
19183 20560 18886
19077 20068 20845
18452 20410 21200
17961 19318 22404
17320 18301 22945
16098 21458 20362
19737 20176 18686
18015 18272 22604
16737 20238 22061
19896 18496 20558
19174 20582 19125
19027 20071 20714
17492 21115 20749
16255 21616 20104
20576 18630 19002
20042 19825 18233
19425 20431 18957
18685 18233 22077
18495 19793 21647
19711 18718 20781
18808 20835 19554
18564 20971 19814
18100 20716 21093
20335 19218 18903
20140 19124 19510
19597 18732 21029
18121 20095 21863
16803 20768 21470
16510 21202 20806
16079 18739 23203
19913 18296 20614
19710 18284 21059
19732 20040 19154
17777 20238 21834
17683 21471 19905
16577 21394 20510
19464 19274 20816
18200 19741 21948
17851 18729 22614
17338 19265 22823
17054 19200 22828
16469 21426 20460
20007 18709 20348
19564 20332 17634
18786 19931 21460
16583 18625 23213
17809 19868 22116
17655 19689 22386
17613 20069 22096
16744 21194 20785
20239 19026 19480
18828 19488 21643
18040 20130 21927
17687 18560 22876
17017 19135 22932
17009 21488 20244
17719 18879 22782
17674 19370 22502
16803 21363 20498
20130 18358 20352
17825 19862 22125
16789 17718 23432
16758 21489 20340
19474 18309 21475
18399 21085 19731
17645 19699 22378
16618 21170 20856
20152 18493 20340
19945 18615 20520
19454 18610 21528
19225 20475 19265
18725 20813 20059
16775 21328 20598
15950 18735 23217
20426 19378 18729
20268 18111 20137
19833 18707 20613
17121 18192 23127
15917 21363 20532
19846 18920 20403
19672 19183 20671
19121 20453 20018
18961 19807 21142
18520 20817 20255
17147 21285 20573
19800 18577 20708
18794 20887 18345
18538 19305 22051
18027 18597 22524
20034 18439 20502
18952 20421 20432
17611 20281 21940
19213 20605 17901
18547 20885 20041
18313 20025 21790
17580 20342 21839
16918 19744 22549
19809 19159 20241
17594 20905 21186
20249 18552 19940
20004 19965 17817
19872 20115 17985
19690 18585 21112
19551 19569 20399
18787 20920 18927
18340 19755 21944
18053 19292 22445
17013 20144 22173
16763 20986 21143
16590 19529 22710
16492 18678 23214
16447 19169 22934
16353 21594 20146
19966 19813 18751
19864 18322 20844
19734 18464 20957
19414 20015 20102
17563 21055 20947
16278 21020 21078
20044 18798 20250
20103 19570 19201
19815 18531 20622
18803 19984 21277
18564 19151 21988
18537 18905 22059
17098 20086 22228
16925 21289 20615
16070 21582 20178
19276 18431 21628
17561 21140 20695
17281 19331 22742
16865 21062 20997
20900 17677 18177
20802 18081 18467
17992 21329 20027
19191 20005 20444
18547 19887 21584
17120 21572 19959
20349 18076 20073
20133 19409 19235
18169 20741 21039
17929 21255 20257
16121 21348 20532
20697 17952 19264
18462 18993 22115
17419 19254 22765
19465 19919 20114
18772 20287 20888
18561 19646 21772
18548 19198 21974
17618 18896 22854
18546 20619 20649
18237 21038 20608
17919 20472 21570
17167 20866 21323
16038 21231 20744
20443 18913 18993
18524 18308 22408
18502 20972 19815
18381 19988 21659
17607 20988 20943
16816 21104 20944
20037 19490 19385
18091 17568 22610
20002 19194 19618
19631 20160 19097
17695 20260 21806
17623 20982 20952
17014 21642 18954
16964 21556 20045
19830 19612 19565
19945 18287 20780
19003 19327 21519
18390 19781 21779
16744 19649 22704
16356 19222 22935
20740 18592 18377
19731 19537 20219
19130 20589 18901
16682 20900 21258
16401 19572 22718
20292 18688 19682
19255 20519 18582
17585 20308 21907
16474 21462 20358
16347 19063 23046
18980 20182 20621
18287 20052 21757
17575 20637 21509
17387 21559 19775
17145 19875 22463
16399 20888 21290
16266 19074 23104
15671 21579 20180
20473 17865 19827
20349 19434 18430
19253 20526 18913
17933 18253 22657
17046 21157 20827
20554 17830 19763
19910 19975 18401
19678 19751 19875
17938 19198 22479
17850 18325 22747
17204 18120 23037
19653 20238 18084
18580 20357 20961
17788 19946 22206
16525 21228 20712
20452 18706 19113
20150 18831 19849
19311 20445 19205
18893 20277 20926
18296 19845 21877
16929 21599 19765
20472 19286 18266
18847 19359 21751
18782 20304 20774
18112 18516 22519
17763 17856 22882
17527 18949 22855
17059 20898 21273
19348 19935 20286
19102 20670 18696
18902 20070 21046
17795 18175 22788
17682 17867 22940
17670 20635 21488
17518 17851 23052
17070 20325 22039
18372 20379 21338
17214 17674 23075
20669 18191 19075
20536 18474 19066
19837 19030 20322
19521 20388 18252
18024 17796 22637
17202 21207 20780
16032 21236 20726
15517 18362 23407
20869 17605 18194
19175 20527 19287
18729 20261 21038
17565 21228 20485
20014 19895 18630
19926 18744 20412
18779 20862 19168
18285 20264 21601
19265 20413 19526
18904 20792 18849
18721 19104 21943
18254 20325 21500
17810 20808 21124
16429 21549 20132
20520 19368 18145
19938 19307 19655
19825 19573 19582
19198 20580 18724
18558 20931 19884
18173 20829 20829
17342 20931 21236
18852 20719 19759
18662 20758 20235
18509 20195 21238
17027 21577 19807
19756 20090 18778
19023 20666 19597
18770 20726 20285
16746 21690 18854
16175 19127 23105
16331 21610 20158
20567 19021 18681
19608 20325 17858
19046 19728 21053
18829 19957 21310
18395 19747 21847
18090 20156 21762
17923 18995 22497
17599 21272 20276
16374 18769 23194
16057 21682 20016
18235 21123 20356
15792 21447 20392
20112 18956 19911
18256 21188 19463
17949 20722 21193
16956 21423 20428
19265 20449 19395
19163 20244 20255
18654 20841 19912
18003 20041 22025
17936 21308 20067
19080 19083 21508
18992 19644 21303
19053 19888 20947
18404 19540 21967
16012 21769 19790
20078 19110 19650
19476 20475 18026
18630 20407 20801
17638 19573 22462
17591 17920 22941
17310 19504 22634
18478 20256 21137
17785 20553 21455
20764 17476 18991
20388 19111 18903
20311 19574 18014
19501 19859 19918
19344 19560 20935
18160 18442 22540
17195 20436 21891
18942 20641 19867
18859 20879 18623
18564 20294 21050
18402 20413 21069
17689 21364 20269
17467 21250 20443
20272 18974 19342
19802 18635 20630
19578 18923 20787
19153 20667 18498
18753 20319 20819
18692 20701 20328
18386 20138 21526
17050 21245 20617
17008 20811 21375
19303 20309 19811
19275 20229 19960
18377 20345 21406
17644 20662 21455
16520 21192 20814
20595 18782 18870
20248 18412 20190
19877 18937 20361
19514 20343 18849
19135 19202 21507
18829 18799 22033
18362 20020 21590
18346 20406 21305
18297 20965 20613
18254 21216 19619
18075 20851 20787
16498 21410 20433
20292 19192 19053
19065 18608 21805
18933 19247 21533
18861 19118 21939
18597 17513 22195
17449 21089 20899
16705 20790 21428
19237 20086 20276
18935 19834 21109
18259 20291 21568
17121 20112 22223
16283 18822 23195
15959 21704 19974
19434 19980 20013
18057 20690 21243
18007 20850 20967
17891 21395 19841
15694 21469 20350
19650 19990 19686
18986 19838 20999
17407 21141 20693
17646 20577 21707
19246 19903 20401
19161 19048 21444
18975 19566 21330
18544 20647 20805
20184 18993 19592
19300 18939 21266
18974 20242 20862
18570 20493 20742
18268 20084 21688
18095 20122 21830
16466 21059 20999
18754 20543 20585
18015 20742 21037
17745 20790 21201
17324 21504 19951
16901 21501 20221
20179 19724 18182
19526 18569 21224
19422 19279 21001
19267 20452 18981
18884 19949 21213
17861 19362 22518
16873 21306 20640
16938 21051 21056
16233 21632 20116
19742 19443 20046
19179 19996 20552
18683 19343 21863
18569 19224 21965
18344 20618 21149
17778 19587 22458
17819 20539 21565
16161 21735 19546
20807 18116 18104
20388 19518 18313
19886 19265 20074
19017 19148 21669
18843 19716 21498
17958 18487 22566
17631 18159 22900
16822 21219 20742
15682 21824 19225
19576 20111 19378
18881 18893 21970
18812 19777 21397
18763 20336 20705
18655 19429 21824
17967 20397 21594
17876 21190 20441
17550 18170 22958
17478 21113 20840
19618 20026 19757
18427 20371 21241
16924 21072 20994
20632 18897 18287
18806 20757 19709
17508 21269 20439
17129 20679 21587
20828 18106 18339
18454 20101 21395
17882 18644 22653
16827 20716 21545
16888 21601 20059
20265 19666 18477
19536 18914 20850
19143 19646 21003
19016 19799 21045
17803 20228 21856
16883 21296 20648
19544 18903 21177
19444 20261 19546
19249 20214 20195
18116 20870 20783
17023 20134 22181
16363 21584 20154
20960 17373 18132
19650 19290 20490
19170 19376 21157
19086 19861 20965
18062 20395 21573
17801 20418 21732
16509 19540 22768
19504 19171 20956
19054 19237 21571
18561 19493 21922
16080 21572 20186
19773 20154 17410
19769 18356 20814
19674 20121 18862
19025 19592 21165
18665 19941 21422
17464 20672 21518
20666 17880 19281
20601 18825 18304
20492 18198 19574
20461 18126 19591
20270 19370 18942
20185 18860 19769
19771 17988 20859
19751 18289 20912
17729 20246 21916
17285 20729 21540
20261 19577 18822
20062 18200 20691
19954 19968 18625
19084 19659 20978
17728 21384 20131
19247 20486 18983
18947 19006 21721
18911 19679 21367
18664 19319 21905
18338 19962 21809
17763 19384 22476
17725 19906 22239
16479 21416 20468
19973 19798 19214
19268 20551 18090
19225 20384 19645
17596 20016 22279
16848 20758 21407
20651 18789 18634
19534 20162 19307
19499 20310 19265
19337 20372 19222
18893 19742 21333
17565 20077 22178
17427 17904 23053
17125 19441 22664
16724 21241 20700
19604 19690 20261
19518 19512 20409
18397 21056 20039
17459 18223 22959
16841 21011 21100
16191 21291 20674
19481 19351 20756
18920 19472 21487
18792 20636 20223
17126 21090 20977
20316 19250 18834
18816 20774 19595
18535 20066 21331
18016 17876 22584
17425 21239 20645
20240 18662 19859
19852 19799 19354
19343 20396 19011
19314 18698 21454
19246 20310 19811
19093 20534 19813
19082 20684 18998
18318 20645 21116
17199 17023 23082
16318 21671 19928
19605 18835 20839
19266 20110 20125
19236 19865 20845
19068 18507 21692
18892 19964 21059
18279 21002 20201
17705 20250 21814
17185 21528 20203
20508 18667 19133
20231 18022 20235
19514 20103 19431
19158 19543 21228
18599 19424 21847
18199 21178 20192
18034 20833 20882
17317 21271 20595
20357 18247 20030
19034 19920 20878
18933 18009 22078
18629 20714 20408
17828 20148 21886
16411 19562 22726
16202 21498 20303
20105 19648 19046
19106 20092 20694
19118 18501 21805
18687 20964 19041
18649 20514 20722
16484 21452 20366
19990 19457 19620
19614 18628 20959
19603 18736 20936
19116 18820 21607
19079 20504 19947
18882 20714 19862
17810 20211 21852
17637 20249 21994
16552 20948 21220
15681 21569 20188
20143 18165 20627
19810 19601 19707
19134 20260 20293
18773 19636 21512
18081 21124 20354
17335 20755 21375
17199 21217 20757
20709 18520 18394
20496 18806 18993
20099 18172 20403
19045 18909 21858
18542 20732 20553
17664 19979 22148
17630 21406 20089
17122 21610 19004
20543 18459 19529
20118 19455 19321
19965 17986 20727
19429 19900 20222
18364 21156 19513
20190 18941 19512
19740 19146 20540
19398 19961 20121
18523 20782 20487
17646 20042 22114
17548 20151 22086
17252 20638 21587
16660 21511 20298
19566 18660 21046
19258 20007 20315
19016 20206 20455
18639 19968 21389
17034 19494 22665
17244 20953 21194
20749 18385 18497
20718 18313 18514
20435 18764 19439
20399 18637 19501
20321 18315 19884
19832 19201 20102
19816 20152 18323
19086 20292 20380
19001 19437 21423
18936 20382 20446
17505 20608 21545
16953 19505 22723
16605 21589 20091
16093 21313 20632
19626 19207 20499
19346 19857 20441
18905 18997 21784
18784 20016 21208
18611 20054 21350
17965 18572 22563
17893 20521 21505
16875 21666 19206
16356 21807 18886
20213 19787 17593
20223 19717 18406
19560 18997 20841
19075 20153 20593
18679 19700 21610
18399 20610 21052
16042 21226 20734
20453 18166 19880
20171 19284 19173
19935 19458 19500
19850 18603 20543
19478 20324 18957
19165 20446 20242
18767 18774 22072
18491 19413 21936
19603 19257 20725
19126 20157 20483
17490 20663 21453
17439 18229 22973
17004 21433 20373
19115 19885 20814
18983 20035 20982
17775 20467 21667
16439 21539 20140
20756 18173 18930
20606 18263 18996
20088 18801 20169
19772 20159 18099
19641 18962 20777
19237 19189 21313
18842 18062 22079
18707 19119 21937
17249 21258 20605
16606 21378 20483
19155 20516 19429
18943 20303 20761
18761 18073 22137
18672 20748 20243
19927 19498 19789
18413 20121 21441
17499 21115 20734
17223 20385 21969
16956 20828 21400
16323 21366 20515
20604 18391 19191
19799 19218 20295
18734 20447 20742
20644 18123 19412
20604 19136 18098
20573 19064 18115
20250 18897 19445
19918 19296 19797
18856 20188 21024
18397 19477 22034
15802 21437 20400
19850 19138 20136
19813 19559 19748
18266 21178 19471
18107 20716 21078
17959 20712 21201
19801 19515 19801
19648 20070 19074
19327 20024 20142
18720 19933 21325
17064 21391 20478
16790 21623 20017
20613 18184 19311
18692 20019 21286
18473 20011 21495
18238 19680 22034
16936 19579 22631
15831 21790 18981
20613 18929 18218
18946 19542 21481
18865 19981 21144
18270 19999 21940
18087 21140 20257
17537 20316 21989
17009 21469 20271
16967 21035 21029
16497 21193 20812
20332 18587 19553
20317 18710 19601
19940 18896 20192
19787 19544 19983
19490 19751 20220
19127 20597 19224
18682 20348 20888
18239 20060 21839
17891 20711 21381
17795 20543 21463
16702 20800 21405
20526 18069 19574
18689 19717 21496
17860 20772 21280
20446 18245 19565
19546 20114 19328
19582 19832 20025
20279 18979 19263
20074 19225 19573
20043 19153 19590
19644 19422 20482
18694 20849 19802
18454 20354 21156
18433 18361 22409
17856 20432 21603
17408 21313 20553
16336 21107 20961
20025 19602 19238
19994 19530 19255
19935 19938 18798
18804 20789 19696
18443 20082 21487
17852 17860 22696
17727 20542 21643
17503 17200 23059
16992 21654 19589
20620 18717 18651
19113 20567 19358
18571 19663 21658
17696 20603 21542
17628 21505 19669
17425 21048 21024
19914 19939 18744
19193 20412 19714
18494 20086 21377
17991 21254 20256
20367 17238 19957
20216 17757 20574
20084 19037 19706
20055 18279 20376
19967 19230 20010
19051 19998 20851
18435 19408 21959
17793 21129 20547
17370 21126 20817
16858 20850 21358
16727 21246 20695
20891 17264 18271
20860 17192 18288
20468 18935 18912
20263 19181 19222
19947 19562 19414
19702 19794 19710
19612 20130 19270
19529 20368 18026
17609 20488 21805
19892 18779 20368
19768 20059 19046
19656 18953 20695
19527 18202 21475
19445 19224 20818
18548 20736 20460
17019 21478 20252
20519 18939 18802
20488 18867 18819
20110 19352 19511
18741 18079 22151
18376 20032 21539
17873 21200 20418
17359 20114 22208
19904 18667 20515
19900 19909 18878
19839 19612 19538
19817 20147 17634
19782 20089 18912
19148 19979 20594
20942 17971 17691
20477 18728 19032
19906 18299 20560
19874 19377 19927
19808 18490 20626
19370 20200 19932
19244 19278 21160
19206 20560 18498
17618 20281 21925
16903 21305 20627
20656 18824 18424
20397 18904 19023
20230 19505 18839
19862 19052 20241
19815 19712 19582
19569 18971 20840
19539 19872 19895
18611 20207 21200
18554 20885 20026
18320 20025 21775
16911 21491 20229
19982 19591 19334
19733 19225 20225
19754 19482 20036
19622 17564 21177
19294 18999 21507
19165 20493 19509
19046 20201 20558
18425 20995 20066
17051 20083 22259
16925 19744 22534
16382 21376 20512
19795 19647 19793
19459 20281 19384
19376 20519 18140
18920 19725 21248
18347 19755 21929
17088 20903 21241
16966 21573 19957
20235 19262 19017
20177 19288 19080
19973 19813 18736
19584 20211 19065
19001 20277 20504
18953 20348 20475
16916 19585 22645
20239 19298 18959
20143 19523 18984
19938 19769 19294
19754 19921 19313
19449 19009 21155
19238 20350 20100
19005 20314 20432
18447 20038 21462
17105 21327 20505
20063 19699 18975
19998 18508 20520
19892 18928 20279
19763 18177 21059
19742 19018 20345
19437 19121 21008
19372 20066 20031
18842 20685 19981
18759 20923 18737
17679 20677 21450
19843 19305 19944
19472 19840 20429
19053 20711 18612
17282 20739 21517
16385 21760 19304
20087 19516 19220
19396 19883 20276
19384 19954 20178
19362 20489 18274
19261 20403 19537
19178 20641 18293
19163 19313 21224
18467 18876 22095
18461 20203 21320
20286 18287 20128
20255 18215 20145
20152 19316 19104
19897 18685 20457
19839 18711 20520
19176 18475 21742
18915 20542 20572
18777 19603 21747
18561 20797 20171
18527 20773 20440
16629 21268 20653
20790 18189 17952
20011 19673 19152
19805 18946 20424
19775 19847 19479
19622 20071 19481
19473 19779 20067
19254 20012 20193
19262 18680 21601
18810 20226 20974
18772 19014 21995
18543 19103 22049
18506 20787 20389
18436 21115 19209
18332 18378 22481
17168 21604 19529
16743 21033 21058
16286 21697 19932
20371 18876 19312
20127 19248 19441
20000 19401 19483
19520 19497 20416
19265 20166 20127
18779 20287 20873
18739 20278 20924
18574 20961 19822
18544 19956 21412
18569 18143 22210
17897 20368 21630
17874 20531 21468
20466 18718 19062
20167 19879 18056
19985 18632 20451
19920 19577 19474
19764 19708 19692
19229 19944 20530
18855 20833 18765
18650 18132 22152
17261 20136 22166
16045 21231 20729
20830 17921 18173
19889 19638 19373
19749 18939 20660
19684 20111 18870
19684 19884 19683
19267 18018 21722
19198 20005 20429
18751 20373 20834
18509 20972 19800
18033 20840 20989
16823 21104 20929
16660 20916 21270
20898 17884 18042
19959 19236 19726
19688 19865 19624
19299 20263 19953
19120 20580 19283
18758 20401 20603
18692 20172 21136
17430 20736 21448
17307 21185 20807
17033 21417 20346
20585 18423 19122
20009 19194 19603
19804 19440 19913
19673 19096 20592
19608 20041 19615
19414 20368 19158
19340 18956 21197
18621 20224 21086
18443 20489 20897
17738 21374 20139
17733 20199 21892
17669 21268 20426
20444 18780 19170
20079 19280 19528
19662 18824 20923
19624 19473 20257
19539 20298 18839
19531 17617 21178
19419 19719 20567
19388 19647 20584
19238 19737 20650
19039 20208 20429
18918 19781 21292
18428 19720 21865
17383 20867 21263
16876 20525 21759
16740 20987 21141
20049 19825 18218
19632 19858 19860
19613 19201 20588
19278 20541 18098
18984 20351 20412
18913 19409 21554
18475 20904 20029
18211 20299 21650
17915 20786 21151
17437 20186 22095
19969 20001 18209
19498 18489 21373
19431 19607 20714
19377 19508 20797
19028 19420 21338
18797 20772 19755
18782 19526 21593
18528 20003 21398
18502 20436 21035
18277 20869 20770
20442 18567 19394
20237 18813 19704
19490 19987 19777
19001 19534 21384
17793 20924 20960
16201 21281 20682
20837 17842 18488
20806 17770 18505
20121 18972 19642
19756 19472 20000
19498 18655 21185
19301 19665 20729
19227 20475 19125
19216 20490 19311
19015 20262 20457
18987 20182 20606
18754 19612 21554
18426 20593 20967
17582 20637 21494
17491 21430 20341
17096 21147 20884
20041 19148 19633
18663 20380 20819
18542 20168 21256
18047 20130 21912
17918 17602 22664
19917 19975 18386
19785 19933 19154
19617 18495 21124
19577 20158 19255
19282 19822 20535
18401 20525 21304
18269 18345 22521
17668 20842 21353
17380 21326 20419
16924 21232 20675
19936 19291 19909
19504 19578 20366
19245 19658 20965
19010 19327 21504
18571 20814 20057
18370 20586 21203
18099 21031 20685
16154 21776 19314
20534 18681 18931
20275 18761 19530
20270 19464 18475
20070 19007 19840
19941 19834 19285
18241 18431 22482
17572 21484 19709
17327 21261 20603
17147 20913 21238
16690 21577 20112
20867 17812 18059
20842 18077 17739
19655 19694 20151
19624 19622 20168
19095 20625 19293
18858 18317 22052
18789 20304 20759
18009 17145 22644
17731 21110 20683
20425 18405 19691
20220 18651 20001
19849 19176 20172
19596 19016 20733
19499 18441 21286
18959 20014 21007
18410 20318 21424
18283 20471 21466
18060 18667 22503
17928 17156 22702
17262 21272 20581
16637 21512 20296
19613 19483 20381
19324 20238 19882
17935 20862 20947
17693 21461 19913
17331 20353 22019
16562 20938 21228
20912 17167 18353
20847 18112 17376
20721 17450 19141
20543 18474 19051
20359 17879 20075
20328 17807 20092
20018 18981 20017
19987 18909 20034
19823 19780 19447
19684 20053 19097
19508 19167 20783
19199 20556 18920
19010 20018 20897
18508 20923 19976
17209 21207 20765
17005 21593 19819
20986 17398 18004
20907 17677 18162
20876 17605 18179
19841 18582 20561
19808 19011 20415
19743 19956 19438
19575 18975 20747
19537 19640 20313
19493 20344 18795
18994 19374 21490
18609 20674 20473
18504 19708 21884
17325 21540 19911
20308 19324 18891
20186 18805 19740
20132 18639 20029
19802 20122 18457
19618 20274 18476
18968 19807 21127
18292 20264 21586
18119 20302 21728
17154 21285 20558
20293 18555 19859
20228 19500 18882
20058 18224 20398
19272 20413 19511
18863 19491 21529
18556 20609 20657
16992 21658 18966
16625 21170 20841
19979 19817 18643
19954 18615 20493
19740 19553 19950
19481 19633 20549
19362 19033 21094
17051 21234 20658
20149 19527 18891
19843 18540 20610
19691 19930 19615
19485 19203 20887
18890 19221 21683
20581 18334 19467
20550 18262 19484
20516 19279 18490
20345 18508 19794
20317 19117 19011
20192 18732 19796
20179 19441 18914
19109 19229 21474
19072 19650 21086
18867 19896 21396
18128 20095 21848
18030 20204 21820
17348 21121 20834
16998 21169 20842
16810 20768 21455
