90 3
30712
607 204 829 221
757 867 611 551
690 354 81 378
624 49 25 296
756 588 475 416
643 209 761 217
761 908 677 915
733 222 434 200
669 232 614 632
607 640 930 759
733 131 214 13
614 831 814 840
748 567 300 113
717 571 816 426
749 544 694 798
620 106 511 863
642 154 104 34
650 796 708 897
644 433 670 666
732 40 114 10
676 536 503 90
622 682 947 903
657 16 256 22
626 858 611 935
683 226 532 586
643 791 713 927
686 620 509 409
720 169 14 6
657 4 284 461
633 496 467 926
712 589 771 744
686 470 312 269
612 768 857 852
728 918 873 510
633 153 323 106
644 344 580 722
652 38 815 265
624 231 36 89
694 595 625 465
632 798 989 778
603 710 726 837
610 742 420 725
733 374 814 674
707 846 457 309
618 310 183 792
712 721 575 848
644 660 274 803
734 453 22 12
649 286 489 713
667 395 777 173
644 401 738 400
751 342 232 513
640 836 510 669
692 297 36 240
676 879 690 864
644 54 474 175
758 957 884 783
753 760 991 774
709 638 312 661
734 711 427 263
748 64 285 943
749 300 454 245
607 575 970 691
715 987 762 831
745 373 827 579
745 353 495 460
755 352 807 523
745 803 808 682
641 259 949 832
747 107 654 316
754 618 421 800
686 370 512 917
647 661 411 446
642 700 578 766
728 949 231 444
638 734 499 847
623 869 516 251
693 445 376 13
697 17 381 673
638 127 184 167
684 30 4 47
653 514 888 132
715 75 12 48
702 680 538 300
728 970 876 761
765 719 704 987
611 17 423 107
640 554 547 642
720 774 333 681
669 771 640 744
4991
28835 33254 30332
29072 30567 34508
28665 32795 31975
28829 33085 31095
28991 31639 33533
29251 31084 34082
28571 33401 30038
28688 32727 32123
28387 33366 30313
28569 31973 33444
28966 30642 34409
28668 33110 31637
28720 30744 34560
28104 29537 35099
28459 30111 34926
27779 33497 30585
28029 33030 31999
28541 31036 34344
28189 32369 32848
27702 30159 34918
27809 33539 30103
27922 29945 34957
28010 33515 30279
32664 29907 31013
32622 29867 31178
32591 29792 31411
32388 30368 30621
32376 29986 31639
32386 30280 31012
32164 30271 31729
31994 30169 32256
31938 30021 32538
31863 30929 31194
31914 29456 32866
31895 30334 32342
31646 29153 33055
31894 30010 32740
31820 30939 31548
31667 29774 33036
31572 31030 31665
31678 31367 30754
31452 31443 31377
31597 29460 33072
31519 30541 32468
31514 31560 30877
31376 29649 33281
31577 30179 33016
31442 30586 32593
31355 29123 33407
31268 30043 33264
31276 30936 32425
31198 30246 33088
31229 31799 30750
31163 31486 31736
31149 30315 33211
31210 30937 32545
31166 31357 31949
31133 31397 31896
31131 29500 33519
31000 31871 31000
31088 31387 32007
31125 29817 33437
30927 29828 33590
31132 30460 33107
31131 30005 33352
30933 31753 31741
30940 31842 31109
31083 30529 33230
31065 30726 32978
30913 31489 32244
30845 32096 30762
30965 31017 32642
30903 30019 33551
30786 30868 33030
30880 29960 33609
30808 32219 30402
30618 29692 33838
30804 32194 30725
30765 31218 32636
30744 31365 32476
30477 31398 32638
30587 29902 33845
30551 30728 33432
30554 32197 31233
30454 31299 32853
30508 32001 31541
30366 30912 33418
30371 31847 32263
30482 32073 31605
30240 30809 33649
30254 31067 33232
30046 30922 33584
29955 32167 32075
30069 31021 33369
30126 30637 33777
30254 30206 34032
29931 30673 33897
29958 28922 34548
29850 32820 30165
29763 32054 32336
29790 32791 30274
29578 32699 31176
30048 31601 32824
29620 31886 32766
29606 29347 34642
29511 32494 31791
29560 32377 32242
29481 32428 31997
29640 30042 34324
29794 31974 32535
29500 32830 30782
29323 32869 31067
29603 30375 34201
29339 31471 33517
29337 33131 29919
29476 32897 30706
29669 30693 34011
29153 33096 30194
29352 32391 32219
29106 31888 33220
29033 29200 34931
28943 29605 34911
28939 32709 31948
29096 29844 34718
29285 31596 33436
29066 32593 32270
29030 29943 34777
28875 32040 33095
28441 33190 31318
28882 30991 34203
28848 31997 33200
28824 31219 33990
28769 30675 34437
28598 29321 35071
28066 33268 31585
28480 32543 32585
28444 31747 33584
28903 32430 32729
28264 31846 33529
28072 33397 30704
28395 31650 33673
28141 33413 30514
27697 33175 31706
27745 33407 31204
28256 30594 34671
32281 29766 32028
32220 29180 32492
32226 30604 30671
32267 29683 32228
32204 30654 31077
32108 30523 31415
32020 30583 31703
32005 29374 32720
31944 30981 31031
31913 30755 31548
32007 30778 31291
32017 30268 32041
31870 30645 31674
31817 30624 31886
31858 30502 32094
31822 31027 31157
31865 29763 32883
31760 29230 32964
31512 31472 31268
31425 29342 33264
31494 31296 31380
31491 31217 31513
31541 30671 32370
31442 31286 31636
31463 31070 31897
31382 30557 32702
31340 30605 32755
31355 31790 30408
31372 30892 32344
31150 31063 32505
31291 30674 32878
31316 29546 33382
31224 31652 31270
31016 31263 32379
30947 31214 32390
30847 32184 30371
31019 31110 32521
30864 29184 33803
31171 30481 32987
30924 30355 33302
30889 30642 33165
30795 30709 33232
30875 30424 33425
30545 31853 31785
30648 31186 32918
30597 31795 32163
30677 30831 33201
30528 30097 33818
30484 32397 30527
30615 30751 33379
30365 32337 30890
30188 31968 32030
30317 31817 32276
30302 30721 33590
30386 30310 33823
30054 32644 30568
30291 31419 32766
30081 32158 31733
30032 30002 34262
29929 31973 32345
29969 29358 34475
29900 31709 32747
29956 32577 30838
30079 31680 32570
30320 30524 33842
29922 31498 33055
29750 29755 34456
29828 31585 33119
29991 30802 33807
29694 31099 33636
29743 31790 32839
29672 30186 34296
29495 32108 32518
29486 30994 33831
29509 32213 32408
29463 30895 34046
29603 30907 34030
29190 32804 31399
29287 32345 32257
29317 30870 34063
29105 31698 33411
29409 31020 33965
28889 33114 30986
28859 32594 32342
28850 31704 33390
29057 31197 34017
28732 32103 33130
28745 29616 35064
28811 29934 34874
28287 32705 32445
32419 29786 31687
32300 29893 31882
32411 30059 31443
32417 30225 31183
32175 29789 32266
32204 30036 32123
32040 30847 31200
32081 29849 32483
31823 31164 30800
31871 31092 31008
32054 30198 32147
31769 31285 30608
31616 30534 32442
31616 31250 31254
31400 31501 30999
31400 29458 33320
31417 30017 33097
31309 31310 31689
31351 30231 33116
31001 32008 30643
31097 30787 32813
30931 29508 33691
30846 30955 32969
30690 31845 31617
30794 31899 31311
30687 31541 32344
30774 29589 33783
30684 30010 33648
30759 31665 31972
30528 32265 31038
30483 31736 32285
30537 31603 32315
30468 32236 31147
30410 31117 33059
30411 31612 32657
30535 31036 33186
30278 29900 34111
30388 32514 30537
30032 32056 32149
29915 32325 31613
30032 30704 33844
29915 29889 34278
29753 32906 30054
29804 32647 31076
29643 32896 30376
29618 32464 31570
29668 31871 32766
29604 32396 31978
29744 30182 34264
29451 31698 33090
29472 32049 32576
29474 29945 34433
29291 32706 31818
29171 33212 29910
29240 29731 34688
29269 32051 32761
29252 30147 34547
29026 32148 32731
28934 32837 31647
28963 32496 32302
29220 31947 33098
28463 33346 30524
28444 33134 31732
28237 33135 31804
28467 32806 32128
28543 29876 34945
32469 30139 31159
32420 30300 30887
32133 30853 30663
31598 30829 32048
31643 29965 32997
31556 29627 33131
31295 31063 32279
31336 28827 33438
31329 29489 33366
31286 31524 31368
31295 28994 33497
31310 29863 33300
31223 31515 31627
31297 30586 32819
31241 31220 32021
31226 31740 30879
31178 29660 33434
31132 31260 32253
31126 31592 31555
30949 31674 31549
30915 31577 31853
30762 31536 32185
30743 31181 32834
30734 30459 33435
30622 32060 31419
30577 31262 32825
30671 31285 32703
30511 29315 34074
30328 32249 31333
30106 32423 30989
30180 31408 33067
30140 32605 30654
30052 32556 30959
30113 29993 34085
30027 32291 31703
29855 32228 31822
29643 30151 34317
29515 31391 33420
29461 31516 33339
29503 32909 30562
29246 33002 30524
29420 31208 33850
29460 30462 34285
29232 32002 33003
29384 29664 34716
29316 31675 33182
29029 33053 30699
29318 30465 34357
28927 32239 32768
28552 32202 33075
28878 31489 33801
29006 30249 34698
28400 33288 31281
28075 31163 34193
32267 30451 31337
31853 30108 32703
31772 30371 32370
31789 30713 32065
31618 31199 31429
31636 30904 31823
31699 29844 32874
31510 30913 32165
31398 31413 31390
31460 30991 32030
31453 30755 32487
31049 29230 33666
31046 30541 33076
30862 29543 33728
30684 32177 30919
30834 32151 30597
30430 32367 30540
30629 30128 33765
30431 32112 31467
30369 29685 33996
30298 31690 32422
30281 29157 34265
30163 31742 32458
30120 31908 32097
30029 32379 31312
30306 30595 33630
30003 31235 33388
30006 32364 31526
29863 32460 31303
29477 32977 30367
29548 31713 32965
29640 31224 33555
29464 32645 31477
29380 31779 33006
29366 31333 33769
29234 32516 32075
29372 29402 34725
29098 31275 33840
28281 32971 32191
28655 32756 32281
27857 33026 32137
28744 30553 34599
27961 33461 30309
27483 29606 35111
32451 29718 31953
32437 30361 30499
32225 30225 31698
31679 31504 30397
31685 30191 32636
31400 30360 32954
31306 29430 33424
31204 31388 31773
31154 30064 33294
31021 29103 33711
30938 31754 31500
30909 31909 31155
30918 31448 32066
30484 31873 31928
30440 31081 33113
30234 32400 31035
30137 32301 31381
29992 32762 30143
30345 30408 33786
30037 31827 32567
30011 30388 34090
29888 32725 30559
29732 32523 31448
29867 31378 33278
29691 31294 33465
29957 30513 34009
29914 30826 33813
29111 33183 30019
29393 29954 34610
29435 30578 34341
29276 30968 34026
29329 30653 34242
29043 33032 31370
28987 33177 30185
29318 30580 34317
29274 31822 33179
28889 30868 34328
28629 33153 31200
28487 33132 31296
28651 32489 32537
27844 29124 35227
28325 33448 30239
32452 30242 30779
32168 28979 32542
32078 30889 30531
32160 29819 32424
31718 30240 32569
31601 30700 32261
31577 31121 31606
31338 31384 31499
31225 31603 31236
30960 32106 30606
30639 31648 32166
30618 30224 33667
30529 29732 33955
30344 29801 34052
30296 31363 32970
30204 32479 30812
30102 31476 32905
29914 32657 30754
29912 32474 31198
30083 30950 33581
29702 32602 31225
29615 30158 34380
29397 32214 32701
29169 31424 33590
29194 33065 30325
28982 33149 30230
29155 32389 32467
28710 31160 34112
28787 30240 34795
28124 29685 35076
28282 31500 33941
27913 31407 34062
28088 32947 32273
31987 30971 30677
31913 30137 32594
31686 29901 32890
31358 31648 30996
31164 31623 31379
31227 31711 31141
30845 30460 33371
30844 31959 31119
30570 32118 31041
30558 31135 32971
30599 31883 31772
30594 30415 33628
30534 31933 31736
30571 30356 33686
30262 32559 30528
30431 31876 32154
29841 32108 32197
29576 32611 31567
29438 32713 31282
29369 32005 32749
29286 31866 33070
29125 32228 32615
28916 32856 31533
28691 33187 30810
28797 31752 33468
28376 33294 30968
28114 33349 31172
28163 30316 34801
32036 30395 31895
31979 29923 32575
31604 29130 33249
31366 29061 33390
31496 30442 32683
31025 29536 33587
30339 32405 30695
30159 31072 33316
29983 31952 32486
29771 29369 34628
29789 32153 32119
29877 30798 33816
29630 29562 34565
29601 33019 29850
29723 30568 34092
29167 32951 30984
29380 32552 31778
28651 33219 30607
28107 31294 34127
28173 32151 33318
28079 30665 34595
32085 30087 32110
31950 29676 32718
31815 31115 30964
31777 29438 32922
31366 31253 31762
31036 31763 31189
31017 30211 33420
30840 29375 33764
30833 29800 33694
30619 29327 33975
30420 30787 33499
30399 31179 33076
30267 29058 34300
29626 31006 33815
29747 30262 34171
29660 29222 34723
29428 32528 31882
29537 30589 34220
29104 32717 31771
29141 32836 31575
29234 30814 34151
29084 29818 34858
28895 32647 32318
28199 33493 30230
32232 29947 31944
31850 28825 32984
31088 30065 33414
30950 31811 31192
31125 32050 30126
30707 31805 31841
30750 29895 33704
30597 32187 30879
30390 32602 30146
30272 32106 31685
30146 32115 32027
29372 30340 34438
28997 31240 33890
28655 31095 34222
28817 31342 33865
28331 32765 32215
28304 32643 32587
27889 33387 31535
31832 30703 31711
31668 30062 32840
31401 31638 30642
31108 29441 33577
31106 31328 32058
30881 31215 32510
30876 31595 32063
30060 30319 33967
29891 30195 34199
29774 31710 33038
29801 32343 31803
29714 31393 33250
29417 32948 30476
29170 31347 33749
28883 32026 32935
28520 33321 30372
28678 30120 34829
28594 30469 34623
32050 30768 30937
31801 30812 31694
31557 31530 30527
30653 31951 31436
30643 30346 33505
30310 28785 34339
30320 29992 34013
30183 31213 33238
29885 31181 33530
29666 32749 30791
29740 32286 31996
29638 32728 31067
29474 32574 31662
29306 29616 34744
29191 31127 33955
29294 30771 34278
28818 32919 31822
28039 33146 31957
28381 32256 33123
31939 31157 30447
31617 30777 31969
31150 29701 33381
31173 31162 32290
30889 29068 33747
30862 30117 33514
30571 32255 30684
30690 31412 32557
30508 30511 33535
30374 32151 31536
30206 32567 30421
29969 29764 34359
29174 29413 34878
28910 31402 33757
28198 33352 30713
31752 30881 31817
31406 30391 32736
30898 31989 31106
30218 32239 31655
29681 29944 34361
29413 32448 32026
28502 32632 32434
28375 30460 34720
28443 32997 32089
31934 30326 32169
30709 32370 29938
30566 29484 33978
30431 31503 32518
30443 31971 31891
30348 31109 33166
30257 29348 34226
29634 32161 32324
29730 31315 33345
28723 33288 30242
28680 33021 31537
28305 33099 31804
27988 33399 30789
27333 33517 31143
32111 29458 32618
31516 28805 33288
31413 31870 30124
29571 32772 30748
29440 32801 30891
29034 31401 33682
28085 31591 33762
28324 31353 33944
28487 31693 33557
32689 29816 31040
32141 29692 32570
31771 31008 31671
30059 29359 34379
30162 31605 32815
29339 31572 33425
29126 30442 34589
28992 31548 33679
28113 33212 31529
27900 30957 34379
27891 31704 33697
27826 33444 30905
28422 32044 33219
32421 29484 32001
30847 31792 31655
29658 32271 32059
29322 32732 31424
29122 32996 30690
27376 32217 33249
31268 30709 32624
31039 31480 31902
30191 29562 34245
30431 30535 33541
29883 32003 32295
29669 32828 30571
28907 32715 32019
27745 32310 33128
30837 30233 33570
30328 32485 30646
30267 29464 34184
30263 30908 33434
29869 31893 32608
28836 32652 32130
29004 31852 33304
28028 32893 32356
30779 31929 31469
29861 32372 31694
29668 31498 33130
28542 33213 30977
27943 32299 32975
32325 30571 30361
31543 29782 33086
31267 31095 32223
29993 29573 34398
29857 31849 32717
29525 30975 33868
28744 32267 32956
28514 33306 30760
31018 29846 33557
30188 31509 32748
29919 32825 30063
29699 32139 32348
29501 30364 34322
29462 29233 34876
28796 31829 33309
28861 33186 30527
27639 30324 34745
31391 28945 33334
31176 31906 30406
31002 30792 32897
30129 31338 33157
29750 28817 34743
29382 32761 31315
28817 33154 30844
28610 32933 31799
27933 32027 33449
28021 33191 31639
32295 30572 30931
31658 31086 31436
31600 30278 32801
30556 32285 30842
30448 30954 33297
29315 32414 32041
28593 31782 33483
28351 33380 30434
31453 31635 30518
31133 31916 30760
30978 31909 30858
29814 31257 33437
29306 33031 30415
29144 32355 32469
29102 32129 32830
28657 33145 30891
27963 30792 34552
32608 29598 31574
32077 30297 31932
30823 31890 31377
29289 32905 30858
28492 32360 32908
28280 32834 32548
28096 32538 32782
28093 31900 33577
28225 31986 33311
30817 29316 33822
30754 30807 33195
30451 30163 33795
30114 32673 30459
29414 32494 31925
28732 32484 32777
28347 31149 34279
30642 29386 33917
29837 29155 34609
29682 32953 29993
29379 33043 30082
29174 32805 31509
27378 33408 31126
32077 29061 32688
32085 30424 31630
31490 29841 33150
31320 31717 30604
31135 32004 30369
31025 29421 33627
30084 30013 34046
30115 32208 31729
28800 33020 31419
28230 29812 35036
31949 29689 32623
30785 32067 30871
30431 32504 30183
29980 32432 31331
28448 30758 34474
27522 33490 31071
31292 29737 33343
30884 32268 29701
29528 31414 33378
29318 32265 32456
28703 31283 33987
28389 29170 35158
32447 29416 32196
31069 31691 31355
30719 32324 30181
30279 32617 29979
30208 32468 30840
29796 32662 30675
30035 30082 34169
28917 33135 30710
32327 30294 31424
31719 31269 30791
30841 29125 33861
30733 31733 31777
29504 29857 34607
29120 33047 30515
29332 32963 30610
27615 30515 34706
32388 29560 32204
32163 30134 32086
30958 32018 30997
30753 31997 31274
30576 29600 33936
30552 29791 33897
30212 32077 31794
29881 29033 34514
30524 29258 34058
29808 32908 30002
29160 31763 33301
32756 29673 31070
32265 30728 30274
32082 30700 31203
30937 31143 32559
30905 31262 32443
30740 29094 33914
29813 29461 34530
29099 32475 32315
28915 32213 32908
32020 30001 32398
31492 31208 31771
30868 30789 33005
30309 30088 33915
29648 31607 33269
29180 32027 32798
28959 33296 29815
28681 31580 33622
28187 30125 34840
31489 29854 33055
30586 31510 32420
29556 32446 31733
29415 32860 30867
29272 32934 30719
27895 29386 35186
31831 29366 32953
31523 31099 31788
30389 31011 33203
29281 32766 31159
29029 30880 34312
31289 31828 30641
30846 32047 30728
30591 31834 31936
29866 32373 31453
31110 31593 31392
30799 28899 33941
29534 33110 29482
29684 29031 34762
29430 33073 29898
31253 30837 32640
30160 31154 33296
29131 32624 31848
28713 33343 30016
31967 30125 32342
30648 31992 31614
28939 33291 29916
28611 32920 31894
27379 33551 30579
31974 31083 30194
30487 29506 34035
30491 30641 33493
29270 32342 32534
29139 33111 30478
28965 33223 30111
30085 31885 32226
29930 32638 30734
31608 30505 32602
30803 29836 33640
30156 32357 31230
28694 33131 31224
28535 33304 30475
28688 32648 32390
31820 30602 32028
30710 32109 31114
30369 30455 33719
29852 29360 34451
29723 29866 34510
29063 32649 31856
30584 28889 34024
29652 30838 33907
27818 30032 34961
32567 29520 31751
31504 30669 32484
30343 31985 31784
29893 32442 31291
32138 30890 30071
30666 32380 30292
30277 32288 31195
30109 31951 32195
31382 29332 33363
29827 32443 31411
29734 31945 32644
29355 32851 30906
28709 33299 30323
31629 29014 33193
31555 31462 30914
29742 32765 30651
29084 32326 32578
28304 32528 32627
31712 31116 31423
30870 29372 33718
28460 31299 34011
27583 33514 30635
27665 31733 33614
31115 29016 33647
30125 29677 34189
29979 32854 29954
29852 32540 31254
29042 33178 30121
28139 33384 31027
29526 32762 30977
29514 32729 31142
29087 32865 31286
27203 29045 35262
27328 33407 31381
30561 28830 34082
30094 31423 32978
29068 32916 31314
32297 30660 30540
31770 30586 32211
30532 28989 34109
30406 32354 30722
29088 33002 30929
29276 29956 34586
32131 30765 31054
31029 30122 33320
30732 29769 33747
30326 29269 34211
28473 29630 34978
28130 30319 34734
32072 30928 30304
31785 31271 30307
28575 31548 33698
27706 31070 34314
31910 28854 32875
31720 28932 33047
31618 31321 31042
31357 30460 32859
29828 29551 34412
28961 33245 29990
28509 31396 33922
27189 33537 30812
30490 28763 34189
29795 32819 30229
28862 33054 31029
28625 33267 30569
32244 30352 31552
31142 28556 33528
31074 29114 33610
29472 32950 30424
29174 29945 34707
28519 32403 32803
30466 29203 34128
30265 30693 33593
32132 30716 31020
30711 28574 33980
28934 32744 31910
29019 33325 29706
32756 29915 30503
31634 30337 32694
30552 29906 33857
29288 32302 32359
29127 33164 29999
29302 32570 31800
29046 31986 33047
28477 33371 30092
31114 29029 33552
29231 32825 31142
28861 32917 31386
28597 33333 30233
27859 33450 30487
30222 31634 32706
29582 32960 30102
28967 29414 34950
28999 32815 31671
27697 28829 35234
32111 30501 31557
30530 32353 30647
30082 32429 30979
32345 30097 31676
30805 28487 33916
30116 31385 33120
29749 32406 31604
29804 32041 32448
29108 29627 34897
28818 28967 34972
28505 32947 32096
30668 32468 29901
29892 32305 31648
29868 31703 32799
29337 33167 29568
29105 33069 30559
28865 29809 34955
28306 33236 31447
28254 30871 34409
27406 30364 34793
31287 30836 32478
30899 31018 32762
29680 32648 31151
29185 33244 29715
29451 32465 31900
29408 29358 34795
28451 33439 29897
27752 33600 29904
32592 30108 30626
31689 29043 33084
31736 31340 30430
31530 31177 31662
29553 32552 31625
29365 33011 30277
30681 30537 33360
30059 28953 34495
29730 30407 34067
31438 29211 33240
30975 31606 31744
30763 31445 32331
30344 29686 34092
30363 32249 31281
29226 32900 31214
31801 29132 33001
30751 29530 33841
30814 30836 33086
30045 29260 34414
28847 33330 29725
31142 30836 32704
30822 28958 33883
30368 29495 34131
29842 32245 31840
29180 33076 30406
29060 32981 31205
28646 33276 30381
27437 33631 30295
32869 29549 31008
31229 29208 33516
30041 32779 29937
29645 32264 32267
29531 32930 30286
29528 29551 34686
29244 32914 30915
28486 31600 33587
32357 30196 31292
30727 29836 33762
30962 30952 32843
30827 29432 33780
30671 30619 33343
29584 32186 32281
28773 33372 29907
32351 30552 30026
31940 29088 32827
30436 31496 32601
29928 32689 30559
29704 32690 30834
31113 30162 33257
29971 28628 34534
28812 33195 30390
28509 33519 29613
28074 33533 29914
27563 33586 30304
31475 28903 33251
32839 29603 30624
32207 30648 30558
31927 30803 31352
31633 29377 33106
31544 30638 32311
30954 29567 33633
30021 29566 34335
30052 32320 31646
29213 33124 30073
32665 29379 31695
29305 33030 30487
29184 33120 30099
29659 31461 33351
29355 33066 30051
28927 33148 30294
28076 33441 30397
31605 29320 33114
31108 30413 33174
30257 31788 32385
29494 31783 32997
29360 32984 30334
29253 31411 33534
31245 31436 31531
30555 32546 29666
30368 32250 31040
31941 28743 32838
31602 30063 32960
30505 30038 33876
29915 30004 34238
26964 33424 31264
32285 30068 31785
32164 30377 31613
31429 29705 33177
30904 29769 33648
31003 30854 32880
29776 32759 30469
27885 33555 29963
31235 31034 32388
30860 30562 33204
30144 32798 29474
28907 33142 30383
32186 28783 32562
30482 32309 30918
29594 32625 31163
29441 32792 31062
28907 33359 29616
31205 29399 33477
30114 32716 30017
30018 29457 34342
29706 30713 33988
28985 33228 30010
32729 29475 31550
31554 31325 31271
30238 32715 29942
30089 32408 31203
29607 32946 30146
29489 32737 31230
29410 32597 31611
29310 32978 30697
29225 32763 31571
29023 32038 32919
28922 33083 30920
26989 33595 30516
32605 30051 31021
31580 29436 33170
31155 30559 32892
30333 28844 34281
30222 28460 34378
28325 33484 29888
31840 30830 31409
31887 31038 30958
31832 30400 32261
30887 31557 32049
29767 32938 29859
29326 31674 33259
28697 33392 29696
28713 33080 31196
28449 33490 29722
32159 30676 30875
31971 28977 32790
29073 33278 29625
28799 33304 30102
28476 30380 34710
30985 28465 33766
30785 32286 29948
30282 31035 33288
29912 32569 31145
29737 32411 31678
29641 32484 31535
29521 32985 30060
29403 33093 29686
29208 33097 30130
28535 33451 29808
28172 30943 34465
27061 30080 34953
30101 32808 29828
29709 32858 30143
29753 31374 33287
29295 33254 29393
28601 33377 29926
31925 30854 31177
30678 32239 30716
29683 29044 34667
28751 33216 30701
28490 32659 32543
30819 31694 31863
30079 31748 32417
29681 30476 34190
29351 33022 30358
26917 29540 35124
32559 30070 30918
32202 29376 32472
31517 31631 30289
30774 30393 33478
30149 29336 34325
29454 32917 30484
29237 33174 29677
29081 30891 34096
28534 33310 30291
31838 31276 29845
29671 31040 33694
29680 30881 33896
29381 32998 30246
28398 33410 30056
31974 29485 32757
31367 31187 31907
31392 30133 33153
30162 32566 30637
30084 28837 34439
29748 32879 30111
29557 32433 31828
29498 32882 30619
29461 33173 29402
29256 32766 31166
29181 32445 32267
32541 29649 31712
29818 32672 30644
32183 29918 32209
31041 29905 33499
30902 29049 33713
30244 29405 34242
30014 31089 33470
29517 32941 30367
27721 32501 33089
27725 31690 33741
31915 31172 30290
31676 29387 33007
31177 31789 31006
30424 28977 34208
30059 29891 34208
30021 32330 31476
29400 31925 32948
29395 29737 34641
28967 33171 30274
27950 33486 30388
30034 32149 31937
29631 32572 31406
29599 32931 30241
29288 32915 30699
29045 33040 30668
28867 33167 30288
28888 32015 33011
27936 33635 29629
27962 33567 29824
30289 30740 33526
30173 31543 32798
29923 31768 32689
29628 30791 33974
29045 33257 29901
29033 30138 34644
28268 31511 33718
27322 30713 34587
32355 29353 32312
30505 32088 31391
30236 29674 34191
29079 33149 30026
28781 32489 32417
32186 30233 31871
30803 29738 33701
30709 29304 33921
30002 32707 30369
29583 32631 31172
29421 32023 32740
29271 32988 30568
29396 30149 34477
27576 29884 34981
30177 32242 31357
29754 31228 33546
29552 33091 29256
29421 31857 32829
29546 31311 33619
28530 29383 35105
27609 29881 35048
30814 30174 33628
29876 31643 32778
29795 31130 33583
29149 33294 29485
28835 33290 29981
28382 33423 30087
27538 29471 35112
31426 29210 33268
30271 31861 32156
30078 32488 31154
29926 32601 30950
29888 30986 33701
29760 32308 31859
29211 33176 29910
28957 33208 30206
31175 32066 29943
29769 32887 30034
29692 32681 30986
29596 32992 29907
29346 32995 30415
28661 33406 29817
28053 29275 35140
31454 31772 30161
30763 32197 30427
30245 31929 31961
28739 33275 30211
32903 29196 31384
30866 29009 33805
29935 28863 34606
29691 32789 30554
29630 32435 31763
28921 33096 30825
28897 33414 29390
27701 33484 30589
31546 30895 32123
30139 30818 33545
30126 32749 29852
29980 31176 33446
29849 31411 33116
29275 33249 29494
29001 33209 29990
28548 33342 30096
32161 30764 30484
31073 28790 33727
30236 32627 30333
29751 32818 30445
29303 32894 30777
28835 30993 34247
31520 31734 29928
31244 31299 31888
30732 29363 33863
29771 30071 34210
29100 33042 30616
28827 33325 29826
27525 30230 34842
32130 30628 31411
31918 30531 31985
31813 30273 32407
31052 32114 30096
30698 28868 33994
29942 32678 30478
29705 33056 29434
28962 33144 30331
29059 32844 31562
27457 31954 33582
32563 29218 31994
32358 30369 31191
31692 29658 32980
31254 29092 33460
31147 28420 33565
30935 31841 31350
30714 30972 32899
30544 32426 30418
30220 32327 31264
29827 32967 29750
27670 33053 32078
30793 29622 33743
30500 30502 33692
29916 32510 30970
29812 30283 34105
29696 29880 34375
29463 33122 29577
29193 32614 32038
28822 30122 34759
28333 29836 34989
31348 31060 32053
30518 28890 34144
30217 30218 33878
29917 32737 30454
29089 33125 30148
28492 31625 33553
32788 29331 31542
31661 31189 31075
29459 32248 32311
32088 30402 31772
30980 30223 33266
29489 33053 29760
29359 29459 34741
29239 33056 30268
32541 29955 31166
32532 29047 32086
32414 29910 31521
31676 30563 32333
30591 29368 33922
30518 31476 32461
29643 32660 31063
29374 32875 30773
28587 33388 30007
27919 31577 33806
27329 29320 35199
31662 30092 32851
31423 31159 31782
30997 31567 31727
30369 32387 30683
29762 32770 30550
29051 31457 33678
32171 29487 32509
29592 32101 32355
29494 31838 32884
28621 33168 31168
27639 33414 30994
30457 32044 31662
30016 32606 30729
29870 32030 32251
29581 32337 32036
29521 33202 29293
28705 32498 32492
28744 30438 34639
28175 32293 32930
31896 30577 31869
31722 31474 30047
31657 30436 32479
31486 30866 32232
31184 31062 32343
30601 29484 33880
30688 32022 31186
30096 32328 31339
29656 33021 29798
29727 32313 31952
28827 29236 34957
28675 33438 29622
32538 29334 32050
30841 32278 30055
30080 32576 30763
30080 32341 31370
29963 31576 32878
29809 32579 31072
29540 32794 30782
29454 32918 30425
29292 32277 32253
29343 30702 34155
29049 33301 29594
32510 30322 30495
31457 28949 33296
30033 32193 31792
29886 32637 30950
29749 28830 34648
28934 33123 30607
28798 30313 34720
28321 31679 33601
27858 33163 31780
27643 31544 33819
30292 28942 34244
30244 28999 34358
29708 32433 31562
29622 32411 31852
29311 33235 29373
31324 28835 33470
31344 30994 32156
31008 31036 32578
30595 29633 33896
30474 30222 33737
29965 31696 32636
29765 32850 30250
29608 32524 31523
29411 32919 30682
29216 30037 34609
28711 33255 30407
28200 33488 29923
31880 29059 32936
31631 28670 33130
30606 32351 30401
30512 32556 30020
30231 32096 31762
29642 31330 33378
29581 33014 29951
29244 33013 30578
28839 33334 29674
28589 33337 30182
28547 33161 31187
28136 33470 30288
27616 33466 30692
32532 29936 31419
32271 28414 32452
31988 28971 32744
32080 30612 31594
31579 30746 32145
31007 29004 33746
31062 32144 29708
30950 32230 29468
29628 33066 29097
29606 32484 31587
29608 31842 32875
29392 31747 33081
29270 32846 31110
29215 33220 29603
28952 31889 33169
28752 29181 34991
28302 33350 30816
32100 30503 31455
32123 30299 31790
32146 30574 31361
30404 32398 30638
30494 32168 31342
30103 32896 29437
29350 33039 30108
29321 29020 34929
29063 33333 29399
32144 30007 32232
30342 31333 32763
30430 32638 29310
29746 32555 31189
29574 31666 33071
32497 29432 32013
31603 29143 33154
30897 32200 30188
30531 28596 34130
29516 32817 30751
29484 33026 29817
29148 33153 29968
29226 32347 32482
28363 32010 33251
26751 33563 30595
32358 30183 31387
29792 32740 30449
29696 28942 34662
28755 33256 30191
28661 32605 32495
28650 31957 33208
28302 33389 30297
28260 33512 29771
32251 29069 32455
31873 31180 30617
31514 29535 33229
30156 28674 34397
31294 28601 33518
31020 31353 32048
29826 32608 31059
29627 32951 30045
29459 33085 29793
29536 31976 32807
28647 33417 29898
27572 33648 29699
31102 29758 33495
31060 31012 32558
30309 31128 33129
29432 31119 33750
29387 32633 31616
28845 33242 30116
28681 33309 30023
31308 31173 32046
30919 28679 33785
30280 32356 31155
29737 32455 31444
29774 32671 30860
29677 32492 31533
29562 32700 31286
29462 29935 34458
28980 33061 30621
27921 30168 34821
32569 30178 30487
31747 30487 32426
30747 31806 31548
30554 32409 30023
30178 32547 30617
30220 29190 34319
29889 32393 31418
29788 30421 34064
27691 30806 34466
30624 32148 31028
30442 29394 34089
29715 33001 29660
29720 31731 32897
29428 32985 30289
29387 32538 31669
31107 29691 33480
30976 31743 31387
29793 32870 30054
28813 33336 29907
28678 31641 33509
28517 32781 32171
32158 30539 31232
32095 30960 30170
32037 30987 30494
31711 30979 31780
30367 31217 32964
29284 33113 29990
29128 32543 32277
32531 30285 29994
30447 29036 34150
29940 32590 30869
29580 32872 30493
28129 32315 32931
32196 30414 31392
31818 28791 32991
31580 29321 33210
30454 32476 30304
30055 32076 32114
29843 32201 31985
29661 32524 31402
29520 32843 30602
29505 33034 29740
29746 31925 32627
28996 33266 29764
27470 33637 29877
33011 29338 30576
29456 33005 30093
29327 32604 31725
29175 30373 34466
28906 32040 32928
28475 33422 29917
30843 32366 29664
30264 32647 30137
29832 32432 31487
29865 30927 33759
29666 32513 31478
29539 32902 30350
28871 33165 30660
28860 31288 33838
28524 33365 30065
28274 33368 30573
32419 30313 30792
32172 30722 30811
31780 31174 31154
30392 32539 30214
30083 32447 30976
29874 32870 29769
29410 33068 29999
29252 29741 34663
29316 32590 31762
29182 33032 30490
28930 33108 30754
31300 31948 29889
31144 29263 33504
30096 32502 30750
29772 29559 34493
29322 32882 30972
28954 32282 32663
28408 33355 30282
27589 33518 30499
31433 29140 33257
30817 29431 33782
30214 31703 32478
29925 32087 32248
29855 32855 30029
29544 33055 29708
29246 33038 30173
28265 33455 29997
32162 28692 32578
30682 31708 31998
30137 29687 34164
30045 32816 29721
29990 32674 30534
29622 32924 30102
29065 33282 29574
29194 32751 31681
32899 28894 31627
30835 28721 33868
30980 30755 33095
30180 32635 30226
29477 32771 30840
29533 31358 33582
29120 29538 34797
29369 30260 34531
28756 32293 32816
28785 33448 29300
28088 33522 29833
32324 30584 30266
31856 29250 32897
29949 32206 31848
29789 32222 31844
29199 33269 29283
28198 33388 30362
31967 31068 30268
30914 30437 33285
30628 30932 33147
30057 30588 33788
29709 28915 34706
29293 33166 29784
29091 33214 29769
28841 33216 30265
28776 28974 34998
31742 31301 30657
31736 29536 32885
31335 29747 33244
31334 30361 33074
30847 28842 33827
30728 31443 32381
29856 32691 30566
29686 32526 31298
29233 33137 29893
28983 33140 30401
32160 30777 30389
31890 29647 32827
31484 30981 31970
30436 31877 31913
30043 32728 30112
30050 31639 32725
29952 31009 33648
29541 32851 30525
29479 31483 33501
29368 32956 30398
29118 32959 30906
32398 30338 30745
32332 29955 31744
32142 30763 30689
32112 29973 32239
31609 29568 33067
30994 31301 32237
30747 31570 32235
30339 30119 33867
29932 32950 29485
29238 33073 30018
28988 33076 30526
27766 31612 33802
27199 33599 30374
31605 31478 30731
30800 29223 33824
30203 31507 32852
29853 32899 29945
29876 32752 30360
29435 30046 34512
29123 33362 29290
28395 33529 29175
32277 28701 32416
32237 30492 31215
31418 29767 33194
31192 31289 32144
30959 31105 32701
30243 29249 34261
29988 32718 30450
29887 32791 30070
29561 30283 34299
29007 33135 30274
29030 30058 34737
32418 30212 31278
30542 29790 33899
30036 32611 30628
29834 31111 33620
29228 30047 34584
28796 32102 32949
27897 33412 30804
27698 33603 29708
33043 29270 30842
32738 29494 31297
32039 30710 31557
31563 29228 33212
31117 29054 33548
32562 30145 30622
30756 29578 33786
30600 29160 33997
30305 32549 30174
30151 30432 33897
30065 31159 33380
29893 32929 29517
29643 32932 30025
29407 33212 28855
28911 31811 33346
31359 29556 33283
30673 31070 32862
30435 30241 33700
30222 31006 33397
29742 30695 33946
28491 32796 32186
27911 30310 34831
27727 32445 32903
32137 29090 32579
30388 29519 34008
30054 32408 31255
30052 30466 33913
29606 29462 34602
29469 33048 29861
29235 33086 30068
32217 28672 32525
32305 30332 31282
32128 29117 32608
31585 29468 33104
31235 28745 33526
30937 32161 30045
30210 32760 29241
30219 30533 33738
30031 31866 32340
29547 32917 30255
29106 28787 34970
28002 33597 29396
31941 30048 32415
31772 31145 31314
30659 31912 31663
30277 32052 31882
30089 31679 32647
29992 32291 31755
29746 32791 30502
29741 32988 29332
29759 32168 32239
29708 33041 29036
29682 32736 30760
29666 31960 32569
28575 33481 29380
32222 28721 32469
31965 28690 32826
31854 30351 32230
31070 31828 30998
30257 32720 29709
30266 30117 33932
28951 33367 29309
32409 28560 32212
32302 28303 32415
32036 31036 30528
31670 29092 33016
30994 30152 33478
30142 32458 30870
30085 32508 30759
30051 30831 33698
29626 30304 34233
29480 32850 30620
28836 33189 30322
28750 33313 29965
28427 31976 33215
28145 33532 29683
31654 29146 33066
31071 30912 32611
31022 30981 32734
30316 32390 30909
29865 32666 30617
29615 32669 31125
29210 33052 30294
27558 29619 35089
30809 31143 32601
30654 30012 33709
29587 33164 29060
29545 32829 30646
29017 31538 33507
31836 30548 31978
30997 29294 33672
29791 32782 30445
29731 32988 29629
29472 32986 30073
29229 33111 30042
29133 29511 34841
29019 33119 30179
26707 33632 30489
32504 30361 30268
31926 30560 31825
30388 29634 33968
30176 32598 30442
30200 31150 33139
30111 32369 31186
30058 28966 34400
30122 29597 34282
29185 32971 30782
28633 31939 33408
28447 33402 30113
28162 33402 30483
32302 28585 32360
31063 31933 30626
30784 31930 31228
30652 32307 30521
29817 32269 31790
29581 32543 31563
29632 32758 30807
29563 32088 32489
29260 29493 34757
28088 33558 29482
32201 29721 32461
32108 30186 31895
31527 30768 32269
31315 31563 31089
30337 32317 31086
30291 32125 31653
29709 32464 31506
29399 33291 28977
28417 33456 29729
27553 33520 30929
32632 29975 30747
31007 29410 33630
30283 30536 33688
29585 31104 33778
29474 32397 32048
29317 33161 29657
29107 32025 32863
28978 32673 32034
28333 32193 33172
32406 28587 32272
30164 32503 30705
30119 31890 32100
29395 33030 30051
29203 32415 32334
27952 33435 30563
32889 29685 30324
32287 30678 29868
31410 28403 33316
31050 31559 31681
30662 31444 32501
30303 32220 31390
30082 32513 30831
29594 32904 30298
29454 30173 34366
29398 31246 33708
28738 32218 33031
28515 31566 33666
28344 32097 33270
31532 31363 31129
31451 31654 30459
30869 29118 33798
30213 32450 30686
30163 28604 34386
29429 33139 29409
29416 32817 30969
28987 33184 30094
28514 33192 31253
28491 30445 34670
32806 29752 30748
32099 30833 30788
30327 30931 33381
29796 32397 31606
29854 32477 31322
29122 33003 30599
28923 33346 29585
32474 30415 29884
32253 30772 29974
32303 30208 31544
32035 30071 32293
32038 31124 30137
31817 31203 30573
29058 33165 30090
28015 29579 35077
32498 28650 32156
30984 31144 32496
30926 28609 33774
30776 29414 33785
30337 28325 34220
29857 32943 29638
30035 30197 34129
29689 32377 31713
29275 32778 31106
28179 29550 35077
31655 28161 33095
31449 30291 32831
30793 31762 31668
30517 31233 32934
30412 31749 32300
30211 31988 31995
29617 31165 33613
29536 31641 33179
28828 32948 31452
28527 33220 30682
28324 33530 29406
32653 30110 29850
32025 28719 32717
31763 30781 31870
31667 31252 30919
31137 29758 33397
31073 31887 30869
30721 31638 32040
30576 30767 33227
30060 29143 34360
30035 29144 34456
29642 32573 31334
29011 33396 29200
28713 33379 29665
26999 29903 34965
32614 28452 31954
32362 28332 32306
32239 30580 30824
31539 29419 33173
31108 31651 31504
30625 31127 32976
30395 32534 30142
30329 32633 29796
30145 32537 30650
29669 29991 34429
29747 30377 34131
29514 32047 32494
29582 29653 34563
29247 32489 32119
29089 33265 29594
27097 33588 30552
30837 31342 32264
30108 31681 32561
29681 31302 33378
29424 30142 34414
29224 33084 30099
29126 32152 32717
31282 31241 31851
31013 31548 31707
30798 29149 33844
30553 29541 33994
30327 31401 32724
30236 32253 31251
29854 30739 33874
29353 32978 30442
29266 31384 33578
28730 32932 31681
28150 31240 34100
32984 29414 30850
32323 30483 30752
32094 28720 32678
32005 28630 32734
31997 30484 31918
31151 29451 33478
31031 31229 32329
30980 29201 33674
30493 31320 32733
30319 31910 32064
29760 32228 31897
29150 30136 34668
29047 33213 29985
28801 33429 29280
28536 33446 29501
32993 29433 30597
31290 31614 31037
31084 31807 30918
30594 29477 33915
30423 29227 34111
30247 32077 31742
29888 28963 34503
29855 32411 31467
29945 29664 34396
29788 32703 30665
29487 32965 30151
28176 33434 30288
32948 29541 30316
32672 28658 31923
32519 30155 30976
30776 29529 33745
30529 30766 33290
30265 32193 31458
29942 32442 31165
29622 32784 30656
29565 32834 30545
28835 33297 29890
28621 33477 29075
28585 33300 30398
28371 30843 34358
32179 28351 32568
31700 30123 32675
31461 30982 32288
30400 29168 34169
30245 31667 32426
30206 31999 31919
29700 32653 31050
29686 32997 29686
29436 33000 30194
27383 33670 29748
32301 28648 32404
32000 31231 29644
31112 29874 33453
31106 30628 33015
30802 30560 33276
30397 30728 33557
30035 29259 34416
29671 31991 32452
29519 32897 30451
31876 30207 32488
31821 31076 31191
31539 29534 33133
30202 32530 30637
30110 32401 31110
29806 32275 31799
29455 33059 29942
29083 30755 34393
31742 29276 33009
30856 31331 32566
30774 32248 30341
29908 31280 33315
29653 32884 30160
29682 32440 31743
29341 33211 29261
29167 30520 34412
27293 33651 29964
32542 29636 31807
31411 30260 33007
30328 31255 32983
30061 31894 32236
30062 31711 32511
29476 33030 29766
29367 31863 33137
29226 33033 30274
29251 32533 32005
27641 31421 33976
32443 30096 31222
31218 31367 31693
31084 29632 33538
30458 29878 33961
29881 28988 34525
29380 31549 33340
29607 32039 32696
31005 30639 33039
30630 31383 32666
30327 29593 34094
30258 31925 32028
29868 32466 31241
29927 29538 34439
32524 29833 31555
31659 31568 29629
30709 29710 33805
28384 33559 29297
26649 33552 30773
31916 28997 32843
31703 30752 31979
30560 32478 29662
30405 31651 32430
30161 31251 33096
30004 31419 33030
29820 31202 33405
29818 32049 32255
29817 32780 30212
29567 32783 30720
29522 31170 33697
28837 33246 30065
27625 33504 30378
27960 32070 33344
32341 29795 31919
32387 30381 30526
32311 29098 32346
32253 28610 32432
32346 30515 30618
32251 29737 32278
31323 31084 32003
31163 29682 33347
31173 30124 33250
30799 29305 33825
30775 29090 33902
30806 32131 30793
30777 30906 32980
30512 30977 33244
30167 32770 29595
30022 29201 34472
29854 32393 31470
29829 32128 32214
29249 32735 31331
29213 33132 29994
29192 32785 31220
32943 29136 31292
32076 30310 31837
31867 31219 30390
31877 31279 29797
31728 30091 32731
30568 30540 33426
30432 32618 29472
30368 32014 31727
30330 32422 30714
29348 32951 30499
29110 31473 33581
28569 30014 34830
32623 29854 31273
31563 30765 32165
31415 29152 33298
31082 31719 31309
30886 29926 33553
30767 32070 31045
30567 32437 29977
30535 32070 31379
30497 32039 31555
30085 30943 33464
29635 32329 31847
29681 32453 31648
29445 31092 33794
28660 30787 34433
28212 33564 29316
32707 29594 31209
31913 29469 32771
31620 31287 31038
30992 31479 31965
30637 30355 33566
30298 32539 30262
29336 32676 31377
29087 33015 30834
27890 31611 33727
27063 31177 34184
32154 28749 32569
32060 31074 29731
31916 29279 32788
31985 30883 31068
31576 30875 31932
31339 31521 31142
30925 31526 31940
30610 32388 30185
30477 31574 32424
30182 31869 32312
30009 31997 32207
29979 32897 29512
29772 31031 33798
29733 32702 30729
29275 30778 34161
27822 33645 29191
27984 31226 34144
26469 33600 30568
32779 29772 30855
32281 29303 32407
31996 28861 32734
31657 31152 31291
31513 29548 33134
31358 29638 33284
30618 31262 32707
30286 29091 34260
30118 32518 30726
29930 32862 29876
29868 32521 31234
29447 32773 30823
29415 32654 31340
29189 33324 29057
28939 33327 29565
28486 33460 29671
27199 33562 30436
32219 30677 30415
31879 31354 29668
31062 31455 31812
30846 29563 33679
30613 32246 30773
30496 31525 32492
30528 30669 33490
30308 31274 32870
30245 32018 31889
30054 32680 30217
30049 31738 32467
30106 32273 31565
30060 30081 34073
29875 32860 29928
29625 32863 30436
29673 31491 33213
29113 32255 32724
28895 33326 29781
26827 33653 30212
32335 29045 32334
32239 28380 32459
32232 29610 32424
31369 30074 33211
31287 31359 31720
31125 30755 32869
30515 31649 32241
30456 32141 31410
30194 32814 29291
30010 32679 30433
29993 31481 33047
29760 32682 30941
29747 29675 34549
29554 31812 32888
29657 30782 34111
29212 31509 33497
32591 29329 31790
32366 28934 32297
32322 30496 30657
32214 29807 32172
31619 30405 32655
31183 31750 31233
30003 31843 32347
29940 31360 33206
29674 31816 32734
29646 32834 30260
28865 33380 29397
26929 33664 30034
32512 29402 31855
32285 30254 31589
31331 29314 33368
30419 32403 30500
30163 32401 30989
29866 32304 31690
28011 33510 29972
28026 31557 33794
27747 33657 29678
30578 29425 33938
30534 29374 34016
30261 32672 29520
29975 31514 32885
27964 29317 35118
27416 33676 29330
31537 31356 31212
31127 29642 33439
30956 29392 33635
30418 32387 30557
30379 30831 33316
30273 31714 32372
30168 32390 31065
29770 32203 31876
29061 33245 29790
27428 33668 29368
26809 33643 30311
32282 29939 31927
32235 29925 32086
31944 30363 32077
31910 30304 32184
31616 31598 29979
29861 31647 33109
29879 29779 34340
28838 31724 33407
28208 29450 35095
28201 31763 33608
32910 29648 29823
32038 30386 31955
31515 29725 33094
31341 29430 33326
31204 31534 31494
31227 32012 29859
30752 29720 33706
30505 29632 33992
30402 32310 31029
30318 31954 31919
30269 28883 34302
30011 32833 29553
29812 32753 30269
29682 30666 34055
31511 31050 31808
30323 32682 29476
30256 32361 31018
30308 31985 31836
30146 32652 30058
30032 32223 31699
29980 32170 31796
29597 32065 32356
32360 30457 30800
32250 29414 32444
30493 32429 30166
30243 32432 30674
30011 29450 34377
29952 32045 32188
30093 31326 33178
29806 32069 32272
29704 32914 29976
28473 33334 30308
32699 29241 31598
32587 29027 32033
32401 29881 31708
32358 29326 32252
31658 29261 33050
31462 31119 31931
31032 28888 33690
30706 32252 30236
30586 28714 34026
30594 30455 33471
30208 31097 33182
30133 31778 32404
30088 29200 34352
29914 32422 31361
29857 32472 31250
29786 32043 32307
29783 30885 33880
29573 29932 34460
29252 32814 31111
32461 29899 31474
31721 30555 32231
31331 29429 33328
31435 31050 32093
31082 32060 30480
30396 29488 34068
30331 32356 30859
30225 29238 34264
29690 28974 34656
29688 31725 32949
29464 31651 33127
27894 30323 34721
32480 30376 30111
31434 30359 32792
30049 31683 32580
29848 32359 31752
29593 33090 29344
29542 32750 30866
29359 33128 29551
29343 33093 29852
29109 33131 30059
28146 30161 34830
28244 29878 34967
32045 29027 32695
31981 29565 32681
31676 30791 31830
31414 30618 32537
31349 28719 33414
31302 31505 31348
31179 30708 32788
30979 31802 31258
30549 32358 30414
30358 32568 30153
30273 31304 33028
29924 31536 32956
29678 33082 28914
32319 30610 30134
32040 30996 30038
31079 31139 32412
30720 30518 33397
30303 29784 34055
29870 32833 29985
29690 31780 32890
29620 32836 30493
29182 32511 32095
28661 29965 34858
31621 31424 30681
30982 30538 33126
30760 31802 31615
30537 30819 33217
29791 32454 31380
32622 29681 31374
32404 30234 30967
32195 30266 31576
32130 28658 32585
31558 30994 31752
31434 28350 33304
31187 31141 32210
30617 30514 33413
30370 29508 34011
30181 32262 31289
30061 30988 33439
29558 31242 33526
29383 33123 29424
28624 33358 29956
27629 33548 30071
32718 30022 30010
32509 30335 30400
32057 30513 31809
31269 31564 31144
30983 32117 30165
30785 29206 33860
29994 29242 34419
29275 33050 30068
29078 30811 34189
28461 31208 34157
27896 31636 33693
32478 29305 32159
31824 29861 32846
31270 31701 30787
30346 32318 30922
29390 32389 32084
29245 33000 30673
28272 33593 29207
28399 30154 34799
32405 30371 30610
32304 30195 31639
31617 31387 30897
31478 30794 32282
30824 30993 32827
30731 32265 30161
30703 31522 32324
30553 32458 30057
30410 30119 33862
30165 31909 32088
30104 32474 30814
30061 28966 34375
30018 32694 30338
29949 31608 32801
29897 32979 28802
28264 33309 31268
27281 33659 29926
31214 30168 33183
30803 29332 33817
30097 28818 34405
29985 32414 31177
29703 30280 34227
32638 28261 31993
32634 29961 30629
32604 30064 30926
32563 28936 32049
32389 30445 30519
32378 30447 30884
32277 30151 31725
32303 30609 30219
32241 30037 31890
32155 30803 30257
31718 29582 32930
31604 30667 32202
30724 32256 30177
30577 29101 34055
30299 31646 32567
29960 32099 32071
29859 32880 29706
29769 32309 31810
28860 32731 31985
32541 30267 30666
32035 30899 30885
31968 30237 32061
31869 30402 32147
30859 32075 30682
30661 31609 32149
30673 29961 33681
30552 32321 30414
30482 32610 29636
30303 29899 34015
29649 31744 32912
29589 30276 34236
29255 33044 30157
28062 33626 29287
27780 33663 29260
32062 30797 30794
31120 29163 33541
31071 32107 29444
30979 31451 32011
30373 29429 34126
30360 32391 30693
30071 32862 29444
30095 29867 34128
29872 32782 30160
29629 32907 30129
29465 31574 33286
28479 30859 34356
27687 33628 29787
32188 29146 32499
32162 30428 31438
31687 30189 32694
31409 28466 33360
30768 31065 32778
30710 31098 32859
30418 32471 30409
30206 32681 29949
30200 30331 33951
29764 32726 30634
29289 32315 32258
29247 32787 31168
29022 32747 31819
28827 33361 29475
27882 33674 29082
32619 29552 31516
32030 29258 32664
31809 30604 31926
31651 30192 32798
30966 31341 32244
30595 29731 33835
30242 30592 33680
28783 33360 29691
28886 32768 31806
28660 33488 28984
32362 29628 32009
31531 29194 33219
31436 29966 33069
31133 29325 33521
30999 31715 31508
30907 32240 29822
30285 31175 33085
30123 32056 32085
29917 32501 31141
29648 32716 30851
29643 32454 31536
29385 31688 33120
28861 33229 30085
32066 30634 31283
31945 31118 30674
31855 30675 31832
31599 31072 31575
31521 30539 32526
30963 30336 33339
30997 32190 29936
30650 32080 31223
30523 32512 29673
30302 32317 31138
30388 31553 32715
30174 31938 32084
30131 29719 34158
29985 30513 33888
29861 32895 29524
29391 31217 33713
28998 31510 33524
32725 29173 31793
32542 30254 30761
32440 29873 31535
31960 29972 32507
31864 29776 32788
31446 29041 33261
31358 29736 33223
31327 29522 33290
30849 32121 30439
30621 28979 33960
30654 30200 33587
30202 31723 32495
30008 32217 31742
29795 32826 30138
29726 33033 28850
29422 32479 31957
29105 32854 31414
27899 33544 29882
32797 29575 31107
31848 29025 32943
31790 29464 32916
31701 29374 32972
31409 28748 33305
31248 30457 32981
30655 30869 33059
30605 32562 29483
30529 29847 33915
30205 31851 32186
30148 31693 32508
29930 32645 30643
29889 32157 32105
29731 32425 31489
29553 33115 29249
32326 30307 31329
32294 30375 31063
32127 30313 31749
32067 30771 30926
31867 30774 31461
30306 32091 31603
30154 31222 33101
30048 31689 32522
29866 32807 30134
29822 29177 34522
29457 31521 33359
28490 32544 32583
28198 33395 30271
32257 29494 32368
31167 30720 32648
30608 32300 30576
30452 32363 30534
30333 32417 30642
30083 32420 31150
29908 30614 33955
29292 32071 32726
28543 33447 29387
28307 31490 33769
28388 31227 34102
32345 30378 30975
32051 30845 30835
32018 29205 32696
31864 31014 31134
31455 31314 31590
31292 29852 33303
31031 31863 31029
30491 32288 30672
30302 29460 34172
30220 29305 34279
29900 32916 29492
29899 31439 33113
29863 32578 31008
29783 32049 32307
27918 33452 30395
27689 33577 29962
26887 33610 30339
32724 29983 30237
32154 30816 30162
30929 29653 33592
30938 31373 32188
30758 29403 33788
30006 31920 32269
29585 33076 29451
29529 31496 33310
29201 33295 28220
29110 31390 33622
29107 30449 34472
28829 31665 33424
32682 29710 31265
32482 29607 31916
32286 30691 29773
32181 30499 31125
32059 31087 29636
31950 30620 31613
31795 30470 32155
31717 30253 32474
31581 30568 32417
30824 28783 33885
30305 32073 31606
30188 32293 31271
30153 32282 31361
30029 32684 30200
29477 33020 29925
29344 31371 33627
28438 31412 33822
28196 30752 34504
27870 30514 34682
32192 28926 32530
31348 31694 30753
30554 29731 33859
29873 32453 31230
29796 32974 29288
29778 32284 31861
29555 33130 29067
29596 32005 32698
28863 33178 30260
32767 29341 31155
32529 28539 32119
32166 30801 29892
32141 29878 32374
31232 31670 30963
30721 32229 30362
30620 29111 33956
30449 28861 34152
30242 31488 32889
29880 32325 31665
29504 31367 33445
29250 32077 32788
27935 32550 32708
32793 29273 31350
32566 29533 31656
32284 30081 31690
32302 30622 30124
32034 30084 32198
30919 31340 32307
30775 32332 29705
30633 28980 33932
30547 32482 29767
30298 32274 31193
30171 31999 31971
29728 33013 29012
28656 31285 34031
27618 30508 34712
32274 29836 32063
31396 31692 30445
31317 29736 33247
30663 31581 32144
30617 31686 32024
30363 29928 33906
29755 31412 33188
29645 31133 33669
29560 33042 29677
29414 31247 33623
27849 30133 34843
32079 29424 32625
31501 29855 33027
31383 29116 33344
30572 32211 30829
30267 31372 32833
30008 31836 32430
29937 31564 32910
28450 33521 29064
28200 33524 29572
31991 29754 32541
31943 29703 32723
30953 31870 31063
30951 31401 32142
30914 31626 31887
30559 32154 31001
30491 31327 32850
30382 29551 34002
30303 32152 31490
30076 31620 32726
27825 33526 30072
32439 30449 30108
32245 30825 29865
32058 30986 30122
30983 29195 33707
30990 31331 32184
30907 31821 31546
30733 29519 33844
30723 31786 31821
30498 32580 29239
30461 32359 30569
30462 31809 32108
30211 32362 31077
30144 32450 30921
30064 29391 34313
29706 30360 34134
29215 33256 29252
28913 32380 32626
28385 31677 33678
28020 33572 29367
32626 30019 30780
32462 30212 30903
32399 30410 30383
32383 30484 30292
31729 30684 32174
31282 29736 33345
30503 32000 31782
30279 30090 33976
30245 32254 31202
29762 31924 32707
29813 29993 34359
29788 31820 32725
29450 29982 34526
29171 33255 29468
28921 33258 29976
32898 29704 30071
32892 29743 29844
32646 30150 29836
32515 28309 32146
32440 28984 32202
31549 31501 30687
31405 29896 33138
31394 31743 30270
31136 28512 33530
31036 31527 31876
30779 29523 33778
30622 31679 32107
30381 32653 29034
30400 31886 31984
30265 31931 31923
30234 31967 31975
30073 29009 34366
30031 32349 31313
29739 32461 31378
29490 33209 28831
29306 33074 29973
29210 29921 34627
29056 33077 30481
28838 31881 33242
32603 30106 30261
32500 29013 32093
32450 29731 31858
32318 30623 30039
31936 30236 32379
31300 29026 33431
30595 29227 34012
30515 30450 33532
30101 29983 34110
29820 32506 31261
29141 33309 29084
27913 33576 29687
32774 29820 30482
32563 30217 30260
32375 29999 31544
30721 31837 31646
30396 32112 31519
29796 29253 34572
31786 31348 30205
29381 30171 34431
31358 29232 33400
31178 31602 31299
30901 31860 31319
30617 30744 33262
30393 32446 30533
30459 31208 32967
30260 32776 29058
30233 31949 31978
30124 32661 30243
30053 31510 32938
29960 32728 30150
29728 32438 31461
29337 33174 29477
29246 29773 34657
31042 30095 33364
31109 30401 33165
30928 31605 31807
30820 31831 31506
30725 31608 32093
30707 32041 31154
29940 31517 32936
29905 32380 31387
29645 32888 30109
29472 32993 29982
29426 30982 33845
29357 30646 34179
28629 31625 33544
26199 33665 30228
31548 31635 29814
31308 30486 32872
30983 29310 33667
30240 30849 33492
29706 30475 34094
31323 29089 33414
31265 29528 33387
31163 31873 30632
30884 28812 33776
30498 32319 30654
30355 29586 34031
30330 32186 31401
29957 32373 31389
32252 28955 32421
32159 29832 32329
31393 30457 32755
30781 32249 30164
30712 32426 29287
30706 30332 33480
29844 32215 31841
29834 31790 32775
29607 31924 32736
32750 29010 31585
32589 28568 32010
32332 28537 32367
31348 30832 32556
31061 29856 33458
30725 30267 33480
30219 31429 32947
30097 30557 33816
30098 29788 34243
30034 30487 33875
29940 32354 31556
29883 32196 31878
29794 32210 31848
29558 32484 31621
28823 31310 33844
33087 29051 30460
32512 30001 31042
32344 30110 31581
32304 30681 29857
32094 30170 31987
31582 29359 33111
31568 30846 32092
31028 31300 32075
30748 31707 31878
30422 32515 30102
30357 32288 31054
30321 32013 31790
30172 31025 33353
29684 32909 30077
29663 32562 31303
29502 30916 33926
29211 31425 33572
28906 29887 34778
32559 29758 31418
32325 29763 31944
31772 31490 29864
31048 31622 31613
30857 30621 33173
30369 31396 32744
30320 29586 34129
30297 30967 33327
30267 32516 30296
30011 31284 33299
29534 30295 34237
29176 29728 34738
32533 30271 29876
32418 29462 32072
32277 30757 30131
31882 29422 32873
31443 29145 33235
31226 31720 30883
30976 31723 31391
30441 31405 32715
30068 31865 32321
30014 30901 33592
29703 32968 29825
29766 32189 32124
29462 31749 33004
29035 31235 33875
29209 30858 34162
32921 29617 30590
30969 31645 31517
30939 31891 31143
30693 32209 30558
30452 31343 32698
30222 32500 30581
30193 31807 32295
30136 31649 32617
29571 31195 33563
29339 33123 29652
28886 33436 28884
28135 33552 29455
28158 33603 28769
31813 31392 29901
31592 29475 33069
31152 31524 31750
30648 30255 33619
30356 32270 31057
29759 29586 34449
29673 33022 29441
29639 30979 33859
29588 29336 34645
29355 32389 32136
32678 30082 30102
32395 30113 31493
32212 30132 31755
32052 29602 32626
31194 31219 32084
31123 28806 33544
30941 31244 32401
30330 29702 34087
30225 31754 32392
30087 31000 33407
30057 30776 33666
29829 32481 31312
29360 31372 33542
29192 31676 33257
32389 29215 32215
32433 30488 29881
31720 31386 30438
31257 31958 30243
31199 31878 30527
31037 30913 32773
30851 29205 33740
30824 31399 32300
30454 31339 32696
30305 32157 31458
29898 31134 33567
29263 31634 33294
31677 29680 32893
30402 30984 33247
30356 32354 30909
28676 33469 28964
28567 30935 34318
32317 29523 32259
32320 30456 30875
32226 29323 32460
31894 30628 31694
31681 30496 32267
31123 31962 30517
30781 31866 31537
30704 30970 32950
30685 29610 33842
30558 32390 30053
30359 31726 32304
30322 31203 33082
30130 32406 31009
30125 32144 31694
29955 31681 32645
29960 32257 31762
29704 29873 34393
29149 30541 34374
28119 31617 33686
27737 31171 34196
32684 30043 30329
32045 29885 32342
31931 29725 32650
31639 30296 32516
31504 30972 31934
31393 31589 30806
29927 31407 33169
29709 31474 33160
29503 29311 34699
32625 29942 30882
32286 29352 32351
32048 30680 31328
32060 30738 31061
31915 29779 32700
31401 31618 30646
31238 31631 31190
30747 31895 31476
30293 31978 31869
30288 32647 29571
30135 32809 29393
30084 32469 30915
29788 32467 31352
29397 33203 29368
28574 31358 33889
32654 30097 29945
32263 30640 30665
32215 30879 29481
32283 30718 30358
32174 30952 29478
31725 29478 32915
31122 30884 32656
30774 31983 31272
30664 31482 32402
30343 30623 33627
30270 32628 29898
30215 32406 30770
30205 32401 30850
29532 33022 29873
29148 31385 33607
26773 33692 29665
31616 30632 32300
31290 30683 32620
30969 32138 30245
30296 32451 30653
30258 32701 29187
30225 30215 33895
30217 30750 33707
29684 31345 33295
29463 31810 32970
29367 33257 28984
28836 31263 33881
28761 30822 34383
27713 33560 29982
32464 29075 32186
32375 28985 32242
31942 31151 29928
31851 30828 31511
31794 30670 31833
30673 32400 29897
30618 32178 30769
30368 32181 31277
30285 32164 31426
30263 30206 33852
29937 31873 32579
29790 32658 30829
29502 33076 29489
32818 29821 29924
32616 30204 29452
32564 30232 29126
32484 30174 31045
32350 30644 29171
32101 30921 30397
31823 29874 32751
31299 31811 30246
31326 31289 31762
30885 32151 30301
30745 32313 29984
30688 31678 31987
30571 29418 33973
30558 32222 30910
30359 32609 29684
30068 31810 32434
30072 32903 28975
29941 31614 32736
29917 32773 30103
29311 32244 32571
28222 31543 33814
27272 33696 28999
26935 33634 29969
26653 33671 29942
32419 30302 30914
30988 30220 33283
30641 32115 31036
30557 32103 31125
30459 31897 31878
29992 30395 33973
29954 32386 31361
32623 28965 31940
32549 28706 32076
31852 30965 31154
31679 31047 31514
30339 29032 34196
30196 29496 34240
30137 32824 29211
29938 32010 32222
29932 32108 32133
29849 29969 34279
29157 33290 29064
27503 33593 30062
27115 31712 33658
32653 29199 31892
32140 29705 32475
31886 30901 31315
31334 29423 33361
31084 29747 33498
30875 32053 30634
30628 28909 33949
30272 32643 29716
29977 31991 32259
27948 33636 28849
32191 30045 31907
30615 31742 31957
30581 29534 33931
30451 32083 31435
30404 30003 33880
30310 32707 29156
30165 32086 31792
29875 29020 34519
29783 32216 31857
29754 32220 32029
29180 31475 33504
27704 31256 34149
27323 33641 29857
32528 29658 31496
32372 28477 32275
32391 29875 31866
32359 29655 32069
31994 30355 32060
31654 31219 31145
31496 29784 33044
31365 30644 32550
31305 30615 32659
31102 29037 33584
30959 29501 33628
30234 31729 32443
29199 29829 34651
31553 30600 32361
31399 31550 31033
31132 30500 32950
30820 30593 33176
30775 29205 33862
30416 32299 30948
30118 32282 31413
30103 31789 32334
29685 32196 32211
29415 32418 32027
32466 28616 32163
32287 30342 31198
31837 30794 31652
31504 31245 31467
30848 32298 29660
30797 31958 31182
30873 31724 31850
30438 32025 31694
30524 30196 33771
30139 32507 30695
29976 29231 34422
29889 32510 31203
29824 32182 32017
28932 31591 33552
28166 30309 34807
32756 29399 31276
32624 29955 30787
32546 28198 32109
32397 30351 30650
32320 29838 31921
32282 30731 30263
32157 30552 31137
31919 29894 32684
31770 31422 30251
31565 30288 32705
30615 32183 30841
30445 30671 33443
30009 32745 29944
29848 31297 33322
29619 33077 29016
32431 29783 31576
32136 30385 31501
31993 30182 32161
31658 30858 31939
30588 30226 33728
30484 32433 30176
30331 32005 31801
30422 32044 31714
29996 32824 29643
29910 31065 33474
29891 29789 34315
29747 29560 34589
29503 32952 30120
28806 31690 33414
27970 33563 29403
32758 29385 31158
32536 29349 31843
31938 31040 30800
31567 31585 30238
31559 30376 32764
30549 30433 33569
30440 32432 30392
30346 31058 33235
30190 32435 30900
29984 31565 32847
29638 32771 30625
29506 31652 33109
32873 28962 31432
32385 30293 30917
32231 29623 32329
32166 30465 31222
31913 31216 29781
31814 30998 31317
31067 29539 33540
31017 30251 33263
30869 30056 33511
30759 32386 29755
30676 31815 31671
30607 31324 32724
30284 32201 31422
30207 32722 29480
30117 30905 33576
29861 30454 34040
29679 32543 31283
29612 31457 33358
32643 29523 31338
32563 30245 29031
32532 30090 31025
32050 30666 31210
31791 31130 30807
31616 29756 33041
30510 29565 33977
30482 31546 32476
30368 30507 33571
30296 32057 31649
30128 30843 33559
30064 31969 32105
31882 31212 30256
31805 29920 32796
31289 31477 31394
30940 31409 32049
30863 29867 33611
30681 31873 31646
30610 32494 29479
30176 32362 31129
29034 32089 32833
28200 31354 34019
32641 29808 31228
31504 30952 31938
31418 30765 32391
31245 31416 31535
31241 29834 33308
31124 31131 32310
31022 31690 31418
30852 30867 32910
30758 28997 33904
30714 31954 31381
30731 30706 33282
30306 29893 34048
30025 31542 32882
29934 31206 33396
29669 32871 30129
29600 29379 34636
28023 33586 29365
27773 33589 29873
31322 30900 32361
31339 30110 33157
30953 31644 31602
30721 31036 32842
30585 32086 31196
30405 31342 32761
29951 29347 34478
29804 32690 30634
29626 31645 33127
27137 33679 29595
32461 30075 31260
32366 29216 32242
32283 28844 32384
32273 30400 31016
32217 30122 31834
32123 30075 32122
31626 29872 32999
31266 31260 31871
30487 32291 30764
29817 31397 33234
29797 32094 32221
29023 31552 33489
33117 28857 31126
32783 29597 30796
32746 29597 31161
32642 29945 30871
31790 30850 31708
30623 29724 33772
30576 32405 30017
30264 32412 30744
30199 30947 33455
29942 31339 33208
29884 32453 31210
29504 30973 33869
27239 33690 29417
32683 30056 30234
32419 30546 29699
32224 30545 30938
32017 30454 31845
31965 31009 30535
31524 31236 31431
31264 31563 31385
31173 30191 33148
30885 29602 33670
30780 29777 33698
30657 30977 33018
30545 30481 33484
30342 32281 31138
30389 31650 32515
29733 30278 34166
29764 30646 33915
28930 30946 34151
28564 33503 28874
27563 33622 29953
32706 29657 31253
32643 29499 31504
32561 30158 30527
32461 29675 31806
32418 29799 31592
32200 29734 32366
31980 31044 30421
31578 31705 29486
30934 32284 29518
30620 30949 33021
30344 32175 31320
30023 30863 33642
29901 32957 29023
29620 30092 34375
29439 31718 33107
29087 31566 33455
28599 31807 33449
32954 29180 30898
32389 30600 29315
31178 30752 32643
31216 31968 29980
30761 32109 30818
30736 31844 31562
30705 31344 32596
30681 31580 32117
30614 29791 33791
30567 31849 31779
30365 31886 32036
30266 32603 30221
29817 32386 31575
29570 31380 33392
28689 31607 33576
27633 33667 29240
32860 29811 29578
32808 29839 29252
32581 30235 29115
32295 30260 31431
32017 30748 31415
31812 31255 30258
31740 31213 31048
31523 31592 30516
31175 30187 33146
31085 31096 32359
30922 31468 31998
30865 31310 32320
30792 29898 33657
30748 32051 31077
30606 31774 31917
30479 31436 32539
30422 31278 32861
30294 31758 32334
29968 30701 33894
29732 31372 33288
29722 31194 33553
33013 29324 30458
32632 29873 31020
32380 30319 30785
32100 30784 30754
31863 30626 31744
31710 30288 32479
31634 29161 33087
31403 31575 30710
31362 31673 30673
30871 30839 32913
30574 31057 33066
30518 31417 32576
30259 31881 32173
30250 31655 32430
29556 33171 28598
29511 31396 33440
32810 29825 29134
32781 29915 29526
32554 30311 29389
32010 29812 32538
31978 30956 30812
30697 32269 30255
30562 32266 30603
30055 30101 34047
30047 31356 33128
30035 31882 32268
29803 32313 31804
29880 31331 33315
29671 32820 30304
32890 29461 30600
32776 28942 31780
32606 28227 32000
32299 29720 32007
31537 30520 32506
31234 29240 33450
31024 31980 30764
30940 30277 33397
30510 32094 31329
30495 31377 32676
29825 31907 32489
29806 32639 30809
29768 31749 32811
29759 32210 31900
28800 30581 34422
28276 31539 33714
27831 31261 34140
27685 33540 30178
32583 30089 30879
32053 30211 32052
31204 30748 32645
31131 30512 32959
30751 32303 29780
30696 32253 30312
30661 29951 33706
30274 31401 32828
29767 30024 34240
29680 30179 34314
29095 30666 34293
31774 31233 30923
31408 30389 32794
31254 31404 31590
31197 31246 31912
31060 29938 33459
31063 32152 29703
30998 31402 32079
30772 31693 31926
30209 32411 30808
30171 32276 31505
30049 31914 32253
29702 31291 33347
29666 30782 33931
29315 30385 34450
33055 29119 30194
32210 30603 30756
31508 31599 30650
31129 30143 33237
30823 30896 33027
30594 32227 30805
30523 32006 31429
30344 32230 31313
30209 31053 33350
32547 30216 30345
32531 29949 31324
32281 29952 31832
32272 30417 30979
32253 30034 31792
32104 30348 31722
31676 29785 32932
31640 30594 32230
30700 31569 32298
30391 30796 33362
30202 29179 34322
29969 32232 31813
30999 31539 31722
30923 29896 33502
30761 31602 32040
30408 31138 33057
28326 30803 34385
32776 29806 30364
32415 29382 32203
32158 29351 32560
31814 30978 31321
31555 31442 30918
30984 32118 29991
30142 31904 32091
30136 31013 33374
29998 29507 34393
32705 29670 31158
32495 28964 32149
32406 28874 32205
32377 30460 30789
31548 31364 31044
31136 29434 33514
31041 31147 32323
30984 30989 32645
30665 30430 33443
30439 30762 33342
30413 31437 32659
30289 31701 32341
30270 32157 31510
29811 31052 33678
29807 30579 33959
29552 31516 33275
32661 29944 30544
32500 29747 31675
32418 30073 31386
31758 29430 32923
31650 30294 32618
31202 31446 31885
31000 32142 29770
30737 31220 32607
30534 31889 31745
29949 32951 29128
28529 30320 34640
27209 31802 33602
32317 30522 30525
32071 30736 31163
31979 30922 30841
31783 31183 30698
31163 30786 32693
31209 29800 33315
31135 28857 33519
30956 31176 32440
30772 32034 31097
30673 31876 31558
30636 32434 29908
30663 31757 31930
30535 31076 33029
30517 32488 30016
30185 31989 31998
29660 31065 33708
29108 30639 34337
32580 28595 32039
32403 30375 30153
32166 30761 30584
32144 30851 30298
31886 30388 32009
31493 31345 31414
31043 29730 33501
30718 32004 31110
30648 31226 32761
30190 30972 33404
32253 29729 32106
32003 29732 32614
31216 30849 32486
30776 32071 30881
30436 32202 31154
29499 31747 32998
28952 33398 28651
28288 30507 34627
32846 29268 31090
32255 30495 31037
31957 30425 31954
30877 31875 31162
30839 30058 33572
30741 31609 32008
30732 32070 31097
30425 31915 31927
30372 32364 30645
30291 32648 29483
30196 31100 33313
29175 30135 34572
31723 31016 31476
31485 31661 30124
30734 29188 33865
30719 32141 30753
30539 31465 32430
30286 30029 33973
29588 31852 32773
29450 31098 33788
32377 30310 31241
32118 30774 30838
31424 29956 33094
31258 31602 31158
30578 31446 32467
30545 32394 30158
30420 30827 33342
30262 31752 32386
29746 32250 31868
29229 31122 33940
29150 30251 34628
28628 33454 28991
32468 30152 31064
32444 30222 30819
32393 29517 31972
32217 30618 30682
32143 29520 32480
32114 30642 31095
31659 30221 32638
31558 31170 31538
31376 30587 32713
31209 31102 32193
31156 29889 33296
30986 31841 31054
30950 31566 31790
30939 32192 29861
30042 32118 31811
29765 31082 33628
29566 30217 34294
28039 33567 29345
32920 29318 30995
30213 31103 33176
29409 31997 32880
32355 30054 31529
31959 31048 30308
31719 31249 30795
31586 30962 31808
31353 30791 32378
31222 30551 32897
31157 31525 31509
31002 32122 29932
30907 31528 32017
30861 29793 33631
30841 31831 31428
30811 32332 29671
30809 31899 31162
30559 31902 31670
30293 32331 30967
30156 31644 32588
29897 32108 32185
29778 33005 29176
29709 30469 34127
32819 29808 30019
32645 30163 29741
32604 29296 31817
32317 29241 32314
32296 30661 29897
32235 30543 31040
31661 30257 32499
31526 30933 31917
31468 30418 32685
31341 31255 31712
31267 31397 31514
31137 31941 30437
31043 29845 33461
31017 31400 32022
30705 31384 32439
30389 31690 32358
29773 31215 33440
29525 30173 34361
29335 30849 34101
33085 28925 30860
33005 29377 30349
32980 29112 31093
32778 29785 30760
32768 29859 30255
32575 30105 30637
32348 30501 30500
32256 29507 32273
32097 30143 31927
31911 29669 32730
31109 29225 33558
30868 32043 30722
30833 32032 30812
30735 31826 31565
30486 29871 33898
30485 31829 32073
30440 31847 31966
30428 31671 32395
30399 32645 28848
30328 32521 30295
30101 31744 32411
30033 31028 33446
29894 32442 31199
27529 31050 34335
32747 29896 30756
32755 29686 30975
32523 29846 31460
32273 29849 31968
31976 31007 30637
30657 31971 31368
30658 31814 31704
30451 30825 33253
30307 29643 34145
30279 32258 31196
30226 32727 29247
30112 32416 30928
30029 32261 31704
30014 31768 32625
29433 33219 28751
28313 31504 33751
27672 31522 33858
32459 30486 29607
32316 30535 30430
32057 30999 30027
31713 31308 30564
31626 31154 31170
31335 29677 33281
30603 32474 29874
30536 31220 32828
30277 31684 32425
30220 31526 32747
29985 32158 31800
28882 30078 34739
33146 29103 30266
32218 29380 32451
32173 30889 29827
31709 29927 32764
31690 31440 30054
31639 31227 30933
30937 32236 29352
30796 31033 32834
30537 31497 32431
29563 31248 33520
32805 28990 31532
32555 28993 32040
31827 30176 32508
31726 30269 32459
31392 31655 30661
31318 30643 32613
31184 32029 29679
31044 31018 32536
30883 30453 33265
30764 32318 29751
30580 32183 30893
30573 32528 29490
30563 31451 32478
30473 31466 32550
29840 31672 32805
28572 30007 34836
27353 30814 34469
32563 29825 31382
32345 30276 31248
31478 30737 32289
31351 30271 32959
31238 31831 30389
31072 31765 31066
30899 32137 30256
30844 31915 31128
30827 30657 33119
30631 30141 33645
30578 30763 33225
30258 32688 29449
29961 31447 33054
32942 29580 30089
32282 30581 30715
31852 31266 29872
31773 31096 31280
31473 31019 31984
31176 31514 31690
31026 31759 31204
30989 31907 30960
30667 29993 33675
30273 29246 34215
30067 31717 32505
29991 31030 33528
33083 29306 30006
32640 28624 31930
32602 29221 31946
32376 30323 31146
32126 30326 31654
32117 30787 30743
32055 29917 32288
32008 30915 30934
31268 29637 33380
31207 31405 31707
31143 30126 33311
30895 32112 30579
30742 30686 33236
30228 32742 29065
30048 30960 33485
29732 31266 33404
29458 30677 34126
27556 30331 34724
33190 28884 29884
32737 29546 31216
32481 29620 31821
32000 30112 32150
31831 30565 31909
31424 30370 32774
30703 31416 32440
30170 32496 30644
29015 30971 34097
32562 29281 32038
32459 29975 31423
32150 30519 31272
31891 30983 30869
31835 31287 30124
31430 29998 33063
31036 29251 33603
30768 30204 33578
30746 32102 30902
30496 32105 31410
30285 29367 34174
30232 32264 31223
30087 29884 34145
29887 31642 32775
29381 29370 34733
32810 28804 31683
32511 30321 30282
32479 30389 30016
32420 29997 31437
32345 30528 30523
31979 29641 32630
31233 29494 33394
30946 32225 29498
30834 29584 33675
30811 30965 32873
30627 32042 31265
30495 31271 32792
30463 30514 33538
30269 31442 32756
33116 29157 29882
32512 30308 30377
32237 30505 30953
32151 29884 32216
32010 30901 30816
31741 30201 32498
31684 30043 32820
31639 30731 32085
31582 30573 32407
31279 30783 32567
31059 30950 32575
30727 31631 31979
30702 32396 29675
30661 31934 31390
30638 30850 33164
30431 31240 32911
30420 32427 30493
30411 31937 31898
30081 29695 34245
29808 30769 33824
32574 30118 30542
32441 30172 31171
32378 30260 31052
32347 30514 30405
32151 30656 30915
31777 30765 31761
31719 30250 32529
31551 30909 31884
31542 31370 30973
31269 31131 32084
31268 31232 31866
31010 31595 31681
30939 32216 29514
30813 31936 31134
30751 31000 32896
30698 31579 32098
30650 31647 32163
30106 31279 33215
29776 30005 34205
29461 30055 34451
28505 30511 34601
32912 29634 29705
32902 29209 31289
32648 29738 31217
32578 29650 31479
32398 29741 31725
32032 31163 29910
31681 30790 31837
31658 30397 32482
31563 31357 30910
31488 30951 32023
31431 30793 32345
31374 30428 32759
31276 31756 30696
31247 31663 30829
31071 30638 32919
30263 30928 33431
30104 31833 32314
32483 30187 30950
32451 30255 30684
32401 30556 29615
32224 30651 30547
31880 30960 31084
31319 30623 32621
31222 31337 31746
31217 31554 31400
31164 31805 30723
30369 31255 32865
30216 31673 32479
29957 32137 32076
29401 30083 34472
32627 29267 31697
32415 29758 31724
32359 30499 30135
31792 29827 32853
31327 31426 31405
30485 31199 32941
30036 31168 33243
29982 30867 33599
33060 28929 30832
32822 29459 31051
32752 29371 31313
32500 30028 31122
32120 30160 31914
32007 30676 31564
31975 30228 32206
31748 30624 32069
31138 30865 32636
31053 30870 32697
30928 32072 30613
30795 31855 31456
30540 32341 30431
30497 31838 31921
30290 32344 30939
30110 31668 32616
29998 29605 34332
29845 31416 33136
29763 30309 34118
32562 29838 31287
32254 30358 31394
31887 30823 31353
31707 29674 32895
31628 31287 30950
31673 31543 30170
31206 31761 30792
31043 31170 32309
30816 31566 32172
30784 31634 31906
30422 32442 30311
30268 32066 31711
29732 31494 33125
29607 30945 33866
27520 33294 31656
32387 29573 32109
32281 30594 30620
32315 29599 32208
32136 30577 31090
32109 29658 32577
32020 29568 32633
31707 30722 32032
31121 32123 29261
30422 32316 30676
30369 30217 33825
29768 31440 33142
28937 31369 33722
28770 31344 33909
28379 31062 34235
32696 29268 31658
32399 29946 31532
32348 29901 31694
31455 30696 32360
31340 30367 32861
31227 30905 32445
31010 31302 32152
31001 31763 31241
30924 31115 32605
30751 31766 31749
30665 31579 32202
30608 31421 32524
30439 31750 32166
33051 29374 29740
32824 29770 29603
32685 29514 31283
32482 30099 31174
32300 29430 32261
31954 30657 31585
31887 30205 32399
31663 30791 31873
31394 29958 33155
30808 31158 32574
30492 31464 32493
30254 31993 31940
30242 30634 33651
29788 29638 34412
29461 30170 34411
32819 29712 30763
32561 29294 31943
32396 30250 31136
32340 30554 30391
31988 30549 31710
31829 30866 31369
31739 31076 31405
31429 31507 30905
31411 30300 32850
31132 30222 33213
30922 31293 32333
30927 31792 31514
30847 31139 32611
30828 32206 30110
30588 31603 32208
30557 29938 33791
30531 31445 32530
30259 30976 33346
30133 32721 29784
30068 31442 32977
29960 31893 32544
29929 30228 34127
29892 31502 32963
29835 31344 33285
29576 31808 32882
28006 33311 31458
33053 29360 29622
33033 29469 29761
32781 28899 31548
32574 30214 29798
32542 30282 29532
32419 30010 31342
32266 29696 32133
32174 30708 30693
32142 30776 30427
31578 31258 31249
31544 30736 32169
31076 31758 31082
31019 30036 33422
31000 32246 29285
30536 29199 34018
30376 31078 33163
30268 32540 30289
29334 30587 34237
32871 29264 31118
32807 28831 31743
32400 29894 31613
32315 30463 30792
32259 30767 30047
32252 30785 29879
32178 30240 31630
32056 30927 30389
31203 30155 33202
31062 30797 32717
30938 31710 31509
30844 32230 29889
30555 31918 31637
30286 30127 33912
29752 31748 32896
32961 29501 30331
32520 30292 30619
32316 30143 31552
32240 30050 31795
32060 30141 32041
31962 30135 32263
31907 31225 30181
31712 31342 30535
31542 30914 31897
31103 31970 30376
30671 32312 30288
30677 31510 32356
30598 31349 32673
30480 32522 30027
30339 31813 32270
28405 32065 33162
32698 29835 30787
32666 29903 30521
32647 29751 31122
32502 29977 31297
32388 30458 30424
32187 30745 30149
31785 31231 30558
31520 30963 31928
31261 31427 31525
31228 31987 29065
31223 31178 32107
31122 31825 30874
30964 31642 31704
28874 32053 33000
32702 28892 31875
32289 29667 32013
31641 31611 29904
31322 30470 32763
31053 30605 33019
31049 30132 33300
30871 30994 32764
30620 32159 31000
29311 32411 32121
28722 30591 34457
28661 32490 32535
32358 30512 30040
32106 30958 29805
31952 29714 32619
31914 30892 31191
31441 31700 30216
31340 31321 31567
31038 31668 31370
30721 31963 31281
30149 30966 33411
30141 29724 34136
30135 32736 29602
28742 32513 32407
28110 30766 34477
32840 29624 30355
32777 29486 31124
32499 30041 31027
32233 29934 32026
31648 31278 30914
31558 31518 30263
31510 30675 32271
31426 30232 32889
31037 31531 31727
32300 30384 30967
32172 30752 30184
31798 30977 31406
31774 31213 30927
31742 31281 30661
31524 31216 31435
31465 30213 32926
31081 30128 33264
30806 31190 32575
30714 30329 33497
30494 31174 32992
30304 31342 32782
32642 29512 31409
32394 30126 31398
32358 29668 31974
31476 31667 30384
31298 31860 30280
31093 32016 30133
31038 31794 31005
30865 32166 30195
30853 32219 30035
30140 32648 30212
29362 32647 31366
28828 30318 34618
32951 29207 30958
32387 30370 30648
32175 30388 31453
32160 30766 30511
31962 29830 32577
31297 31204 31773
31060 29532 33575
30721 31219 32692
30286 31029 33344
30063 31667 32679
28819 32829 31948
28442 32675 32307
32560 30057 31013
32497 30379 30100
32481 30112 31079
32400 30493 29964
32301 30521 30610
32254 30508 30942
32141 30957 29561
32058 30650 31452
32002 30954 30707
31583 31531 30188
31216 30423 32988
31175 30947 32449
31061 31792 31132
30855 32205 29917
30846 32210 30051
30754 30847 33038
30635 30493 33451
30250 32152 31611
30261 31166 33116
30034 30717 33724
29879 30836 33717
29563 31142 33636
32395 30263 31041
32339 30567 30296
31904 30704 31567
31880 30940 31088
31847 30546 31889
31621 31404 30685
31297 31723 30637
31201 31553 31485
31094 31660 31289
30981 32029 30556
30498 31563 32393
29577 32123 32455
29414 32743 31154
28757 32749 32033
28662 32742 32138
32635 29396 31640
32615 30217 29357
32559 30285 29521
32419 29684 31960
32247 30811 29747
31279 30709 32575
31105 31793 30916
30732 32342 30059
30712 32131 30841
30462 32134 31349
30429 30246 33716
30379 30925 33305
29895 31591 32866
32756 29297 31549
32501 29734 31770
32315 30678 29395
32176 30675 30541
31561 31066 31625
31400 30396 32752
31320 31328 31535
31153 31804 30849
31070 29648 33533
30701 31844 31614
30668 31450 32415
30642 30841 33105
30624 29474 33869
30433 32082 31468
32796 29588 31012
32124 30948 29889
31905 30841 31210
31881 31077 30731
31454 29987 33046
31411 31491 31013
30262 31116 33143
30171 30780 33657
28689 32785 32033
32648 30136 29718
32501 29990 31202
32314 30152 31492
32243 30766 30132
31615 31463 30454
31192 30251 33104
30982 31322 32224
30973 31783 31313
30799 29837 33654
30387 31058 33117
30270 31919 31927
29553 31070 33785
32841 28928 31439
32419 29449 32167
32353 30538 29908
32321 30606 29642
32158 30810 30002
32094 31002 29505
31387 29479 33257
31268 31914 29896
31028 32117 29798
30976 31498 31985
30967 31272 32242
30875 32279 29620
30348 31788 32321
30094 30804 33663
29781 32188 32033
29484 30271 34324
28502 31286 33980
28220 31323 33953
32714 29689 30864
31584 29722 33048
30774 31177 32576
30743 32225 30375
30595 30165 33725
30553 30553 33434
29845 32171 31986
29166 32820 31477
29055 33033 30995
32272 30161 31646
32052 30038 32177
31962 30784 31283
31938 31020 30804
31947 30647 31673
31679 31484 30401
31486 31247 31544
31429 31487 30909
31400 31060 31997
31061 30973 32561
30998 32171 29414
30891 31527 32102
30867 31763 31623
30834 31369 32424
30831 29833 33618
30456 31337 32754
30316 31075 33173
30140 31643 32673
29618 32025 32492
29437 30361 34372
29167 32015 32845
32645 30087 30185
32593 29170 32001
32504 29080 32057
32418 30483 30048
32386 30551 29782
32298 30340 31300
31821 30739 31671
31672 31406 30527
31585 31252 31133
31356 31712 30446
31096 30292 33215
31051 31493 31826
30924 31155 32448
30665 31619 32045
31805 31122 30886
31373 30716 32500
31358 30170 33113
31316 30558 32822
31197 31765 30757
31097 31560 31618
31032 31138 32475
30574 32317 30408
30379 31361 32760
33045 29413 29513
32786 29889 29658
32716 29614 31106
32500 29902 31426
32432 29770 31671
32418 30315 30819
32386 30383 30553
32356 30605 29398
32276 29621 32222
32222 30457 31329
32159 30779 30416
31963 30921 30926
31795 31306 30195
31594 29838 33006
31328 31702 30612
31151 31200 32148
31090 30103 33315
30705 32254 30263
30305 32190 31391
29401 30181 34411
32837 29515 31015
32787 29876 29753
32560 30272 29616
32503 30374 30173
32421 30016 31296
32300 30534 30515
32276 30770 30036
32244 30838 29770
31785 31211 30562
31697 31307 30649
31693 29981 32814
31586 31389 30776
31570 30704 32162
31445 31693 30232
31368 31324 31550
31347 31557 31110
31290 31399 31432
31068 32084 29699
31040 31402 31940
30877 32294 29438
30662 30239 33510
30637 32475 29439
30537 30861 33188
30246 31370 32834
28813 31031 34105
32788 29875 29540
32756 29943 29274
32297 29796 31956
32177 30463 31324
31909 31211 30063
31675 30001 32837
31633 30389 32546
31519 31597 30285
31350 31964 29706
31214 31378 31665
31182 30913 32547
31074 31294 32065
30866 31219 32466
30815 31758 31662
30795 30007 33650
30554 31203 32883
30349 29833 33986
30130 31571 32822
28294 32527 32629
32789 29862 29635
32757 29930 29369
32742 28832 31783
32530 30326 29232
32504 29362 32002
32473 30428 29789
32246 30824 29652
32214 30892 29386
32155 30512 31355
32050 30966 30162
31764 30018 32759
31559 30474 32622
31361 30423 32762
30760 32367 29233
30606 32115 31088
29407 31684 33114
28693 32994 31581
28215 32285 33061
33011 29236 30849
32955 29540 30104
32728 29936 29967
32677 30095 30007
32418 30559 29604
32045 30884 30608
31889 30898 31078
31815 31332 29738
31425 30244 32898
31395 31285 31699
31120 31844 30815
31098 31697 31261
30870 31847 31323
30390 32010 31721
30269 31133 33087
29885 29821 34309
28985 32659 31891
33163 28762 30256
32382 30497 30197
32350 30565 29931
32123 30961 29794
31976 30552 31808
31779 31270 30331
31610 31637 29752
31487 31003 31875
31391 31125 31789
31292 31884 29990
31242 31476 31457
31132 31589 31386
31042 31661 31386
31145 31288 32207
30760 29864 33664
30669 32436 29641
30560 32178 30994
30390 31244 32868
30252 30740 33546
28928 32695 31985
32916 28553 31617
32827 28463 31673
32678 29083 31836
32647 30149 29623
32388 30613 29220
32383 30253 31135
31938 29739 32593
31876 30305 32346
31678 30254 32486
31220 31834 30563
30422 30612 33501
30170 31689 32502
29447 32079 32540
29076 32622 31900
28698 30782 34418
27722 32638 32732
33096 29266 30021
32352 30551 29813
32320 30619 29547
32157 30823 29907
32093 31015 29410
31700 30299 32461
31554 31596 30041
31259 30742 32612
30772 32160 30732
30639 32490 29257
30597 30948 33127
30556 30192 33735
30212 29980 34112
28709 32631 32362
32524 30286 29765
32150 30273 31642
31777 30339 32263
31527 30342 32771
31227 31330 31829
31170 31172 32151
31075 31824 30937
30475 31884 31847
29249 31446 33525
28919 32456 32357
28913 32459 32359
28583 31666 33525
28454 33163 31362
27529 32614 32814
32513 29988 31137
32286 30384 31000
32255 29570 32317
31907 31255 29554
31437 29894 33048
31307 31879 29799
31140 30687 32908
30812 32373 29202
29661 31799 32817
29310 32274 32478
29061 32135 32784
28530 32831 32040
28305 32780 32230
27789 32203 33125
27847 33259 31682
32644 30100 30090
32417 30496 29953
32385 30564 29687
32338 29723 31959
31710 31393 30360
31519 30415 32658
31330 31525 31152
31319 30197 33123
31306 31350 31506
31278 30721 32584
30687 31866 31585
30650 31011 32920
30137 30491 33859
28804 30509 34579
32994 28370 31252
32479 29478 32058
32338 30495 30658
32154 30805 30284
32098 30696 31145
31844 30173 32495
31616 31578 29983
31545 31060 31771
31229 31366 31690
30979 31369 32198
30724 31511 32293
30667 31353 32615
30408 31817 32212
30173 30343 33889
29779 29596 34429
29739 32071 32292
29543 32612 31311
29498 31636 33276
28117 31709 33616
32491 30418 29873
32355 30618 29303
32275 29634 32127
32135 30996 29334
31856 30812 31475
31782 31128 30919
31531 30731 32172
31144 30493 32925
30772 30650 33290
30482 30699 33440
30283 29834 34106
29710 32461 31467
28940 32097 32852
28863 32889 31381
28628 33181 30916
28318 33184 31349
27114 33183 31686
31865 31151 30777
31362 31709 30277
31154 32070 29557
31145 31857 30740
30698 30977 32900
30233 32066 31763
30200 31672 32564
30176 31908 32085
28236 33148 31709
27111 32720 32619
32814 29106 31440
32166 29762 32318
32103 30855 30166
32068 29756 32540
32060 30783 30829
31876 31251 30029
31844 31319 29763
31608 31010 31569
31493 31646 30132
31398 30538 32682
31296 31200 31922
30936 30348 33277
30236 32392 30768
29947 32863 29519
28687 32661 32295
28488 33134 31262
28512 32983 31716
28204 30856 34421
28251 33110 31814
27914 33271 31479
27562 32233 33205
27884 32664 32630
32633 30207 29441
32536 30321 29305
32529 30339 29137
32503 29375 31907
32358 29601 32082
32309 30717 29168
32277 30785 28902
32185 30686 30416
31833 31219 30511
31046 29839 33494
31025 30190 33232
31005 32178 29281
30764 31629 31973
30514 31544 32373
30490 30832 33252
30082 32682 30024
30070 31903 32222
28987 31759 33306
27626 32199 33169
32873 29250 31000
32597 30145 30034
32492 29799 31562
32338 30609 29631
32101 30819 30670
31814 31373 29379
31813 30449 32193
31622 30889 31836
31363 31353 31433
31190 30393 33034
31150 30132 33206
30451 31562 32456
30338 29929 33888
29945 32328 31605
29710 30219 34224
28933 32850 31552
28354 32047 33167
28291 33000 31821
28139 32394 32805
32582 29952 31236
32296 29497 32320
32061 30920 30472
31939 30720 31560
31868 30683 31615
31697 30650 32181
31388 31605 30868
31370 30398 32813
31168 30442 33065
30967 31822 31086
30306 31399 32725
29213 31707 33206
29113 32140 32764
28880 32869 31829
28083 33039 31954
32633 29110 31909
32205 30560 30949
31693 30418 32437
31422 31497 30993
31363 29670 33218
31164 30747 32696
30970 31537 31758
30815 30471 33301
30682 31285 32654
30620 32273 30528
30487 29621 33995
29570 32406 31872
26961 32961 32197
32739 29934 29602
32074 30044 32142
31904 30598 31683
31689 30723 32068
31680 31184 31157
31654 30601 32191
31457 31828 29510
31162 30253 33165
31027 30929 32583
30611 31820 31731
29714 31494 33158
29502 31735 32966
29245 32950 30750
29184 32984 30687
28121 32566 32664
32506 29676 31578
32250 29750 32183
32019 30239 32004
31948 30784 31316
31925 30391 31961
31792 30635 31867
31698 30787 31824
31693 31496 29403
31501 31012 31860
31284 31653 30810
31251 31015 32368
29413 32240 32329
29407 32243 32331
28185 32532 32628
27971 32323 32945
32859 29748 29927
32718 28741 31799
32600 30212 29524
32380 30590 29555
32089 30539 31415
31431 31673 30376
31352 31687 30769
31320 31755 30503
31167 31917 30325
31102 31690 31277
30544 32469 29976
28039 33031 31997
32666 29678 31290
32502 30302 30535
32275 30698 30398
31914 30274 32237
31391 30519 32752
31043 30870 32720
30708 30647 33340
30287 31213 32986
29971 31519 32905
29246 32502 32024
28309 32676 32366
28147 33409 30296
28118 32460 32858
32757 29810 30713
32734 29417 31358
32728 29488 31455
32478 29491 31963
32153 30818 30189
31957 30960 30699
31818 30843 31584
31703 30170 32674
31559 31307 31181
31298 30910 32421
31150 30065 33308
31039 31374 32018
30874 31278 32360
30558 31584 32279
29835 31974 32317
29497 31649 33181
29243 32548 31973
28916 32350 32551
28711 32543 32454
28676 33135 30906
28667 32539 32460
27084 33185 31747
33001 29537 29495
32774 29933 29358
32522 30379 29123
32430 30280 30637
31837 30368 32154
31796 30892 31615
31386 29733 33201
31328 30172 33174
31230 31201 32042
31025 31902 30802
30832 32063 30988
30785 31910 31230
30535 31913 31738
29932 32437 31235
29920 30036 34172
29667 31947 32664
29639 30250 34270
29599 31245 33471
29434 31881 32824
28566 33279 30454
28502 33244 30949
28136 32854 32217
28033 33391 30817
27478 33166 31803
32954 29468 30466
32676 30023 30369
32644 30091 30103
32573 30017 31028
32565 29596 31700
32533 29664 31434
32417 30487 29966
32346 30413 30891
31393 30555 32613
30949 31881 31035
30900 30308 33369
30866 31955 31113
29927 32489 31025
29802 32389 31702
29638 32337 31839
29338 32253 32312
29191 32939 30934
29148 32024 32950
29138 32974 30835
28998 32828 31576
28573 30949 34300
28314 31413 33897
27931 32326 33084
32870 29277 31023
32751 29969 29142
32652 29212 31797
32524 30365 29005
32492 30433 28739
32381 30425 30559
32349 30493 30293
32270 29998 31890
32173 30315 31607
32122 30889 30156
32029 30958 30654
31886 30599 31719
31540 30706 32223
30997 31892 30968
30936 31046 32759
29698 32152 32253
29613 32052 32394
29588 32301 32020
29535 31989 32712
29307 32518 32010
29023 32884 31462
28548 33195 30845
28511 32846 32073
28080 31550 33763
32831 29605 30608
32607 29611 31479
32265 30626 30547
32154 30199 31878
32006 31090 30144
31798 31225 30312
31797 31029 31258
31645 30003 32898
31547 31032 31766
31342 31733 30526
31310 31801 30260
31309 31095 32084
31300 31556 31173
31013 30789 32779
30546 32484 29794
30525 30386 33636
30385 31079 33115
29671 30246 34234
29481 31543 33278
29263 32415 32106
28963 32331 32579
28905 32753 31773
28835 32665 32035
28480 31716 33486
27412 31959 33453
32747 29738 30862
31767 30751 31923
31532 31611 30035
29886 31531 33053
29425 32138 32479
28792 33035 31387
28785 31843 33401
28628 33210 30732
28589 31691 33491
28293 32754 32370
27844 33418 30889
27179 32244 33141
32581 29965 31141
32171 30747 30222
31441 30225 32878
31214 31873 30336
30198 30583 33729
30177 30934 33467
30098 32356 31244
29838 29877 34303
29752 30409 34065
29450 32478 31805
29312 32703 31794
29251 32784 31158
29044 32351 32483
28995 31520 33514
29011 32160 32741
28716 31496 33758
28546 33174 31092
28298 32682 32360
28289 33143 31449
28264 33144 31545
28263 33172 31625
27330 33054 32076
26964 32511 32827
32407 30415 30115
32378 29782 31923
32128 29785 32431
31876 30923 31300
31626 30926 31808
31367 31390 31405
31256 30684 32782
30764 30999 32841
29809 31918 32517
29786 32202 31868
29784 31919 32613
29639 32507 31515
29569 32419 31777
29417 31865 32848
29389 32510 32023
29304 32893 30844
29303 32707 31443
29252 30545 34358
29054 32896 31352
28851 32801 31867
28797 32440 32464
28764 33189 30745
28726 32951 31445
28715 32657 32131
28703 32670 32135
28425 32852 32125
27863 33491 30433
27781 32567 32662
27688 32781 32550
32488 30360 30353
32245 30489 31195
32168 30076 31894
31903 30756 31419
31795 30142 32515
31644 31220 31016
31245 31133 32081
31189 31924 30284
31188 30975 32403
31140 30727 32751
31083 30569 33073
30961 32074 30346
30689 32421 29355
30526 32081 31298
30208 30558 33752
29892 30864 33671
29739 32734 30722
29723 32434 31511
29715 32065 32335
29473 32437 32019
29288 30397 34388
29287 32315 32264
29321 32745 31329
29202 32428 32239
29145 32492 32112
29075 32556 32072
29061 30793 34251
28965 32705 31839
28896 32681 32021
28648 32962 31729
28639 31883 33222
28685 33059 31472
28222 32486 32654
27828 32365 32893
32582 30102 30784
32123 30475 31576
31970 31046 30410
31873 30478 32084
31864 30939 31173
31379 31128 31887
30770 31127 32750
30511 31591 32347
30428 30824 33359
29990 31864 32417
29173 32818 31414
28956 33078 30495
28886 32222 32771
28540 32507 32594
28531 32968 31683
27946 32614 32637
27845 33407 30824
32717 29950 30372
32606 29523 31703
32458 30414 29969
32379 30603 29460
32379 29919 31566
32356 29526 32211
32078 30081 32114
31704 31432 30133
31061 32064 30094
31041 31853 30876
30932 30582 33103
29761 32491 31283
29631 32522 31483
29591 32057 32488
29496 32001 32712
29477 32051 32563
29436 32172 32477
29391 32833 31067
29338 31585 33330
28944 31895 33177
28912 32393 32531
28533 32815 31969
27355 31783 33657
32693 29139 31800
32662 30081 30187
32646 29814 31166
32419 30210 31029
31865 31131 30781
31833 31199 30515
31676 30325 32439
31563 30863 32023
31482 31526 30884
31304 31327 31620
31280 31563 31141
31111 30092 33318
31030 31566 31649
30971 30563 33140
30709 32011 31155
30459 32014 31663
30343 30853 33476
30055 31873 32292
29959 30768 33814
29810 32374 31734
29755 29787 34390
29724 32571 31154
29492 31675 33049
29475 32760 31063
28984 32328 32555
28935 33056 30964
28897 32818 31664
28712 33093 31101
28377 31996 33261
28354 32561 32550
28285 33307 30983
26879 31710 33790
32983 29427 30755
32756 29823 30618
32594 30087 30514
32367 30483 30377
32351 30216 31356
32349 30657 29076
31999 30749 31451
31874 30615 31727
31599 31517 30504
31485 31699 30023
31294 30702 32564
31031 32118 29710
30987 31076 32528
30930 30918 32850
30236 31192 33099
30017 29665 34288
29496 32779 30794
29415 32830 30874
29410 32134 32523
29348 32331 32250
29305 32979 30641
29165 32833 31382
29136 32572 32058
29009 31784 33300
28958 31900 33104
28921 32141 32834
28869 32057 32971
28766 32914 31842
28737 32985 31443
28680 33111 31262
28575 31384 33811
28340 32900 32121
28327 32004 33272
28177 33178 31677
28071 33285 31350
27928 33442 30662
27909 31604 33811
27874 31725 33640
27138 33167 31801
33140 28463 30441
33114 29069 30273
32891 29671 30206
32859 29739 29940
32780 29928 29431
32688 29829 30945
32553 30324 29294
32521 30392 29028
32510 30220 30768
32461 30225 30808
32429 30293 30542
32235 30417 31344
32008 30813 31207
31835 31185 30397
31817 31237 30168
31561 31041 31751
31258 31251 31911
30942 31557 31830
30239 31693 32444
30203 32258 31344
29647 32211 32193
29417 32652 31321
29383 32848 31035
29382 31259 33621
29365 32949 30632
29338 31872 33000
29219 31609 33295
29156 32526 32110
29126 32113 32808
29115 32952 31140
29017 32618 31923
28951 33127 30485
28935 32001 33032
28877 32502 32354
28876 32221 32773
28785 32703 32020
28522 32896 31931
28387 32698 32352
28309 31770 33534
28298 32772 32268
28252 33247 31457
28016 32287 33041
27625 33458 30699
33028 28767 31182
32953 29481 30371
32867 28860 31634
32610 28829 31991
32596 30073 30396
32093 30872 30561
31854 30867 31322
31795 31286 30199
31742 31199 30930
31551 31623 29891
31455 31753 29639
31243 31201 31929
30993 31204 32437
30722 30773 33202
30451 32617 29174
30421 32273 30997
30012 31921 32199
29832 32037 32284
29741 32423 31639
29719 32572 31098
29635 31796 32861
29566 32465 31726
29492 32612 31548
28973 32409 32517
28930 33057 30908
28860 32999 31387
28835 32900 31469
28799 33033 31324
28717 33119 31005
28703 32760 32043
28603 32751 32301
28296 31417 33832
27089 33107 31995
