20 5
1276
202 165 140 4 254 90
45 89 174 254 71 18
186 103 192 107 65 87
201 24 200 274 291 274
254 166 174 114 216 34
12 118 32 283 253 285
74 297 207 80 84 277
97 269 81 122 209 145
208 110 1 240 84 291
215 38 289 221 283 205
87 295 156 118 111 109
104 184 239 11 263 23
120 193 292 200 15 201
177 55 11 10 295 94
2 43 263 290 263 247
29 50 75 184 168 185
292 104 70 64 114 165
87 233 58 79 266 204
112 275 92 122 285 87
48 119 261 143 109 224
74
1905 1899 2180 2688 2354
2299 2131 2400 2472 2570
1820 2057 2069 2742 2232
1878 2089 2488 2207 2665
2227 2419 2381 2671 2484
2354 2270 2164 2642 2369
2306 2411 2214 2445 2297
2292 2322 2267 2453 2366
1970 1877 2048 2842 2153
1786 2438 2244 2242 2339
2244 2141 2170 2683 2373
2433 2262 1997 2416 2182
2385 2081 1900 2646 2189
2154 2041 2077 2733 2259
1884 2100 2488 2283 2607
1904 2111 2067 2799 2264
2440 2071 2130 2435 2386
2330 1942 2136 2476 2390
1960 1889 2410 2477 2551
2258 2230 2117 2675 2304
1856 2080 2112 2685 2173
1794 1982 2073 2840 2268
2000 1964 1937 2880 2359
2368 2359 2111 2634 2300
1858 2025 2492 2381 2643
2378 2123 2233 2246 2383
2110 2093 1931 2839 2355
1792 1931 2111 2867 2100
1930 2186 2063 2701 2228
1822 2461 2287 2185 2280
1985 2026 2417 2008 2430
1829 2270 2420 2204 2484
2496 2244 2004 2567 2129
1913 2314 2398 2207 2344
2127 1815 1720 2851 2244
1793 2247 2377 2261 2543
1921 1877 2416 2190 2357
1828 2472 2287 2261 2222
2072 1676 1956 2681 2445
1716 2142 2189 2673 2156
2313 2220 2347 2464 2501
1902 2060 2105 2826 2096
1849 2165 2397 2389 2271
1767 2172 2381 2359 2579
2111 1817 1778 2805 1969
2141 1904 1667 2843 2175
2386 2115 2010 2608 2133
2166 1914 1790 2754 2077
1690 2067 2193 2771 2192
1920 2123 2531 2226 2548
1890 2420 2184 2450 2225
2086 1765 1903 2673 2376
2081 1729 2145 2433 2623
1765 2121 2419 2386 2411
2434 2296 2107 2378 2126
1835 2281 2420 2280 2426
1773 2183 2381 2435 2521
2039 2063 2007 2783 2192
2009 2017 2126 2632 2537
2295 1981 1807 2696 2075
2180 2003 1737 2746 2008
2129 1910 2242 2203 2616
1856 1974 2530 2408 2475
2080 2006 2042 2801 2149
1809 2206 2424 2378 2462
1924 2175 2015 2686 2415
2057 2198 2223 2402 2530
1771 2132 2419 2462 2353
2355 2304 2274 2604 2313
1964 2435 2127 2110 2040
1800 2196 2187 2730 2188
2168 2130 2024 2725 2190
1868 2013 2130 2746 2245
2055 1954 2167 2669 2556
