20 5
1459
59 207 296 69 110 158
11 55 99 199 205 47
203 67 70 53 78 192
193 279 153 245 60 114
217 288 140 248 91 176
113 149 215 241 217 26
99 60 80 30 259 285
76 294 52 145 179 261
169 72 240 22 149 1
135 66 121 107 15 44
115 127 192 31 200 242
56 298 2 267 160 93
252 235 219 136 212 98
229 81 169 170 102 19
3 69 216 255 176 230
298 123 189 23 153 89
264 41 219 99 9 79
191 93 146 111 62 58
41 290 138 43 160 239
193 294 9 109 249 17
84
2482 1832 1904 2215 1889
2429 1911 1792 2336 1811
2444 1948 2020 2091 2027
2237 2035 1797 2180 1914
2228 2048 1794 2149 1852
2423 2042 1931 2178 1970
2497 1802 2129 1924 1666
2645 1811 2018 2278 1986
2290 1898 2054 1981 1948
2584 1740 2094 2093 1788
2305 1779 2048 1931 1746
2211 1959 1739 2196 2048
2176 2121 1782 2096 1873
2255 1893 1848 2044 2064
2275 1861 1826 2226 1732
1990 2114 1648 2098 1817
2202 1972 1736 2165 1986
2231 1927 1717 2378 1716
2372 1891 2049 1872 1703
2491 1761 2052 2168 1907
2477 1662 1935 2144 2080
2459 1804 1884 2280 1930
2429 2083 2008 1934 1729
2234 2089 1871 1905 1611
2433 1728 1826 2296 2064
2418 1872 1962 2107 2161
2243 1904 1658 2338 1755
2232 1865 1828 2109 2105
2515 1898 1985 2018 1662
2284 1848 1829 2257 1794
2269 1992 1965 2068 1891
2430 1690 2128 1983 1709
2229 1827 2130 1796 1750
2216 2071 1853 2189 1813
2338 1845 2129 1734 1519
2217 1828 1600 2354 1889
1996 2167 1634 2004 1803
2362 1971 2007 1993 1772
2235 1946 2045 1930 1707
2450 1817 1881 2249 1868
2509 1779 2070 1884 1705
2438 1898 1795 2367 1873
2223 1878 1825 2078 2043
2424 1741 1823 2265 2002
2030 2064 1719 2191 1757
2264 1822 1996 1997 2082
2435 1952 1869 2092 1570
2275 2033 2042 1824 1650
2317 1939 2040 1821 1462
2049 2088 1746 1883 1881
2004 1988 1661 2207 1891
2045 2059 1568 2195 1813
2191 1977 1646 2285 1776
2023 2012 1688 1899 2015
2203 1751 2072 1812 1884
2252 1833 1806 2291 1773
2243 2076 1874 1936 1673
2237 1977 1942 2102 1870
2296 1939 2131 1737 1707
2444 1939 1872 2123 1632
2438 1840 1940 2289 1829
2225 2058 1856 2220 1875
2179 1989 1870 1993 1978
2539 1708 2127 1921 1478
2383 1877 2096 1906 1829
1951 2135 1667 1832 1493
2489 1822 1927 2034 1796
2562 1717 1884 2076 2004
2226 1757 1748 2307 1907
2211 1901 1884 2118 2004
2036 2105 1796 1947 1516
2270 1863 2073 1753 1841
2222 2112 1930 1945 1572
1464 2181 1343 1774 1507
1969 2076 1442 2111 1852
2353 1959 1874 2201 1815
1650 2188 1477 1772 1563
2395 1865 1872 2198 1627
2044 1918 1777 1812 2072
2454 1827 2061 1833 1464
2421 1593 1805 1989 2112
2357 1801 2038 1922 1963
2256 1460 2140 1676 1324
2436 1809 2043 2117 1666
