25 5
1501
202 165 140 4 254 90
45 89 174 254 71 18
186 103 192 107 65 87
201 24 200 274 291 274
254 166 174 114 216 34
12 118 32 283 253 285
74 297 207 80 84 277
97 269 81 122 209 145
208 110 1 240 84 291
215 38 289 221 283 205
87 295 156 118 111 109
104 184 239 11 263 23
120 193 292 200 15 201
177 55 11 10 295 94
2 43 263 290 263 247
29 50 75 184 168 185
292 104 70 64 114 165
87 233 58 79 266 204
112 275 92 122 285 87
48 119 261 143 109 224
90 269 106 296 153 273
182 278 77 84 42 23
81 128 89 139 39 187
43 150 294 266 104 279
53 283 230 14 127 40
73
3328 2737 2695 2857 2901
3311 3015 2906 2845 3012
3184 2989 2879 3065 3148
3129 2850 3115 2895 3349
3074 2860 2885 3106 3152
2708 2808 3203 2630 3444
2572 2581 3172 2749 3304
3215 2800 2615 3069 2968
3136 3130 2929 2868 3076
3383 2727 2925 2646 3098
3297 2926 2959 2853 3081
3122 3041 2982 2876 3145
3057 3138 3096 3094 3263
2901 2897 2761 3294 2965
2791 2768 2767 3335 2969
2932 2708 2497 3298 2785
2616 3157 2959 2665 3118
2790 2608 3125 2900 3330
2734 2830 2782 3222 3043
2918 2619 2550 3306 2854
3376 2918 2792 2627 2894
3088 2949 2832 3098 3083
2735 2618 2895 3111 3133
2650 2776 2784 3165 3011
2622 2650 2826 3290 2879
2715 2979 2845 3141 3025
3198 3078 2826 3057 3079
2547 2453 2638 3176 3098
2760 2905 2778 3124 3007
2710 2859 2589 3127 3039
2625 2645 2949 2635 3368
2467 2612 3232 2522 3287
2405 2514 3193 2677 3382
3438 2866 2689 2816 2897
2957 2534 2435 3274 3023
2628 2218 2846 2729 3362
3160 2661 2851 2899 3169
2863 2480 2786 3136 3055
2404 2623 2873 3139 2853
2312 2610 3120 2682 3150
2624 2701 2788 3263 3047
2971 2419 2136 3160 2596
2599 2570 2953 2733 3404
2556 2506 2827 2928 3276
2403 2463 3231 2704 3214
3208 2842 2948 2669 3162
2605 2724 2791 3172 2632
2356 2695 3125 2674 3201
2877 2569 2733 3128 2986
2657 2582 2632 3135 3094
2757 3149 2942 2835 3076
2318 2621 3120 2758 3092
2839 2949 2864 3105 2962
2652 3180 3002 2608 3059
2815 2745 3132 2431 3209
2602 2443 2868 2965 3295
2763 2478 2675 3218 3001
2738 2347 2840 2688 3358
3270 2790 2845 2858 3165
2354 2644 3163 2701 3033
2309 2861 3109 2220 3182
3237 2789 2465 2919 2890
2940 2608 2400 3156 2776
2743 3033 3113 2630 3123
3250 2510 2315 2928 2605
2927 2447 2546 3236 2817
2612 2656 2699 3152 3112
2520 2643 2946 2695 3409
2623 2966 3092 2684 3322
2856 2919 2575 3104 2841
2619 2701 2857 3129 2869
2459 2613 3103 2928 3050
2751 2596 3131 2613 3136
