25 5
1714
59 207 296 69 110 158
11 55 99 199 205 47
203 67 70 53 78 192
193 279 153 245 60 114
217 288 140 248 91 176
113 149 215 241 217 26
99 60 80 30 259 285
76 294 52 145 179 261
169 72 240 22 149 1
135 66 121 107 15 44
115 127 192 31 200 242
56 298 2 267 160 93
252 235 219 136 212 98
229 81 169 170 102 19
3 69 216 255 176 230
298 123 189 23 153 89
264 41 219 99 9 79
191 93 146 111 62 58
41 290 138 43 160 239
193 294 9 109 249 17
40 247 139 61 270 125
150 67 165 201 165 6
113 57 99 258 299 292
149 40 282 286 82 275
59 274 102 199 84 52
160
2969 2424 2713 2764 2713
3206 2334 2564 2714 2438
3223 2151 2536 2931 2455
3011 2163 2492 3036 2347
3095 2379 2887 2966 2638
2820 2689 2688 2987 2544
2873 2610 2800 2866 2622
2894 2516 2889 2779 2679
2879 2479 2661 3024 2463
2899 2591 2710 2763 2674
2687 2603 2666 2868 2566
2634 2682 2554 2989 2488
2900 2385 2750 2937 2520
2868 2440 2831 2795 2813
2788 2413 2998 2422 2171
3034 2308 2963 2781 2440
2915 2438 2960 2485 2236
3094 2335 2793 2816 2676
2755 2347 2917 2619 2398
3100 2454 2708 2950 2633
2888 2466 2664 3055 2525
3127 2337 2623 3033 2364
2946 2069 2498 2662 2798
3203 2353 2792 2754 2445
3121 2218 2708 2899 2407
2823 2557 2776 2884 2649
3005 2471 2566 2527 2479
2913 2355 2583 2609 2745
2812 2539 2876 2681 2424
2681 2495 2586 3066 2368
2822 2459 2918 2560 2355
2932 2343 2486 3004 2246
2867 2396 2737 2645 2851
2909 2372 2753 2968 2582
2909 2397 2883 2729 2477
3002 2490 2794 2567 2486
2981 2584 2705 2654 2429
2661 2527 2608 2884 2700
2687 2545 2811 2790 2522
3136 2241 2791 2813 2488
2666 2639 2722 2877 2465
2684 2657 2740 2593 2263
2342 2721 2364 2585 2154
2835 2545 2552 3176 2447
2324 2703 2346 2869 2356
2682 2433 2697 2797 2757
2914 2447 2574 2952 2577
2819 2645 2594 2837 2582
2976 2509 2884 2670 2434
2941 2330 2489 3035 2308
2926 2474 2625 2846 2405
2667 2396 2469 3042 2541
2914 2472 2704 2713 2472
2984 2565 2477 2614 2422
2892 2449 2494 2696 2688
2883 2296 2695 2984 2716
2687 2508 2518 2781 2752
2888 2408 2809 2977 2481
2528 2728 2498 2583 2210
2575 2513 2385 2619 2715
3232 2173 2385 2647 2207
3140 2057 2402 2729 2473
2893 2148 2386 2783 2720
2608 2606 2496 3005 2622
2833 2445 2965 2594 2481
2537 2715 2501 2614 2272
2834 2501 2458 3026 2485
2989 2276 2996 2609 2130
3008 2467 2620 2737 2160
2985 2531 2733 2386 2186
2893 2472 2795 2629 2717
2673 2446 2694 2766 2695
2874 2309 2692 2953 2654
2761 2443 2621 2695 2705
2556 2273 2384 3021 2586
2284 2753 2275 2776 2416
3163 2124 2706 2896 2219
2885 2520 2738 2780 2222
3229 2192 2613 2687 2214
3114 2218 2581 2796 2704
3235 2311 2528 2821 2171
2927 2426 2736 2777 2034
2819 2329 2352 3015 2529
2846 2212 2267 3098 2260
2767 2507 2909 2509 2114
2997 2519 2509 2678 1984
2882 2252 2601 2834 2754
2905 2460 2571 2921 2515
2861 2384 2373 3109 2216
2592 2401 2905 2659 2401
2778 2525 2809 2712 2339
2594 2528 2880 2396 2138
2846 2528 2509 2920 2313
2897 2488 2513 2771 2277
2882 2632 2649 2582 2374
2920 2513 2781 2469 2231
2902 2135 2389 2814 2782
2887 2279 2525 2625 2879
2844 2149 2709 3008 2464
2777 2343 2579 3034 2570
2762 2487 2715 2845 2667
2592 2390 2296 2844 2704
2990 2606 2554 2370 2181
2540 2696 2273 2574 2265
3017 2489 2469 2453 1912
2738 2587 2647 2769 2626
2678 2521 2515 2750 2690
3230 2236 2707 2837 2176
3126 2293 2529 2883 2402
2879 2384 2513 2937 2649
2906 2267 2428 3020 2380
2607 2562 2402 2855 2660
2288 2703 2397 2757 2248
3168 2199 2527 2880 2214
2559 2703 2624 2611 2056
2828 2632 2597 2868 2644
3238 2292 2300 2781 2164
3146 2176 2317 2863 2430
2906 2426 2827 2693 2279
2851 2287 2088 3082 2255
2693 2644 2743 2624 2325
2550 2404 2523 2863 2745
2283 2709 2181 2626 2454
2894 2507 2741 2811 2284
2879 2651 2877 2622 2381
2675 2626 2725 2908 2527
2976 2414 2736 2583 2620
2526 2504 2455 2787 2704
2333 2725 2195 2585 2108
2936 2413 2739 2808 2096
2921 2557 2875 2619 2193
2813 2460 2491 2857 2688
2294 2756 2383 2663 2234
2996 2382 2714 2765 2288
2531 2330 2981 2474 2203
3006 2506 2512 2709 2046
2991 2650 2648 2520 2143
2557 2690 2180 2440 2255
2782 2418 2400 3018 2565
2767 2562 2536 2829 2662
2903 2538 2738 2495 2431
2876 2107 2445 3075 2190
2557 2655 2334 2755 2565
2855 2515 2512 2951 2375
3104 2401 2736 2682 2390
2743 2662 2468 2753 2621
2676 2325 2617 2995 2559
2661 2469 2753 2806 2656
3142 2282 2868 2569 2247
3011 2512 2643 2283 2238
2923 2401 2852 2666 2490
2672 2680 2799 2633 2224
2401 2703 2536 2520 2145
3212 2375 2641 2470 2197
3120 2259 2658 2552 2463
2993 2494 2625 2567 2440
3239 2258 2556 2553 1928
3147 2199 2618 2796 2459
2900 2290 2602 2850 2706
2330 2744 2423 2625 2115
