25 5
1986
130 104 20 65 75 283
6 242 274 252 65 26
84 268 161 77 278 57
171 201 228 251 37 79
242 2 112 238 165 75
71 294 179 90 60 253
205 197 196 180 149 93
205 65 193 199 141 172
88 144 73 148 96 109
226 38 242 38 109 108
244 179 102 123 102 293
209 7 23 237 19 5
162 57 69 55 88 43
59 175 186 131 155 114
72 81 152 147 250 93
254 194 271 188 150 205
182 191 212 204 260 63
208 122 119 110 9 206
152 68 213 170 31 68
284 235 280 268 82 63
193 36 257 164 56 239
70 237 262 114 274 222
176 15 176 128 124 17
166 108 84 212 278 247
112 95 15 93 195 228
465
2420 2398 2270 2322 2478
2510 2649 2393 2397 2400
2509 2319 2200 2165 2587
2506 2705 2497 2400 2346
2653 2432 2262 2331 2278
2560 2699 2456 2419 2029
2542 2605 2399 2372 2229
2431 2535 2264 2482 2404
2642 2652 2374 2405 2321
2359 2707 2357 2305 2349
2410 2454 2228 2550 2182
2399 2760 2440 2326 2175
2368 2540 2506 2434 1899
2419 2425 2183 2324 2634
2596 2506 2351 2463 2244
2531 2763 2421 2334 2096
2501 2941 2527 2280 2040
2365 2615 2514 2435 2011
2549 2476 2259 2331 2511
2528 2743 2450 2444 2200
2694 2441 2342 2263 2136
2555 2460 2235 2220 2541
2598 2783 2544 2352 1999
2574 2380 2223 2528 2458
2423 2457 2254 2212 2620
2239 2376 2314 2497 2274
2366 2474 2241 2119 2533
2549 2555 2341 2476 2004
2614 2605 2396 2397 2167
2416 2366 2199 2434 2492
2426 2477 2225 2102 2516
2581 2337 2286 2415 2332
2513 2574 2385 2396 2288
2522 2674 2336 2167 2351
2507 2662 2414 2512 1978
2453 2763 2434 2384 2303
2586 2453 2268 2375 2383
2569 2704 2428 2299 2084
2498 2477 2222 2127 2454
2637 2515 2431 2395 2102
2730 2786 2525 2360 1920
2674 2608 2380 2380 2150
2513 2669 2364 2287 2296
2479 2429 2459 2505 2124
2637 2610 2410 2286 2110
2499 2303 2153 2388 2571
2603 2815 2426 2190 1863
2567 2575 2304 2265 2434
2726 2722 2378 2157 1956
2766 2593 2420 2404 2135
2710 2415 2275 2424 2365
2315 2503 2464 2527 1848
2656 2595 2377 2441 2183
2441 2551 2311 2259 2420
2638 2263 2197 2283 2366
2578 2412 2294 2416 2444
2397 2390 2338 2591 2240
2470 2367 2118 2303 2638
2569 2847 2509 2267 2066
2398 2444 2232 2235 2575
2683 2613 2352 2260 2205
2491 2710 2338 2313 2270
2344 2348 2113 2184 2747
2537 2748 2422 2324 2255
2365 2691 2333 2194 2379
2601 2708 2536 2351 1887
2634 2590 2439 2396 2214
2563 2944 2384 1943 1684
2601 2622 2333 2423 2295
2528 2658 2312 2056 2381
2521 2429 2281 2323 2357
2336 2584 2500 2459 2070
2581 2777 2473 2146 2009
2377 2688 2559 2282 1936
2480 2383 2165 2080 2654
2587 2416 2241 2195 2370
2473 2616 2281 2266 2470
2406 2624 2594 2367 1869
2527 2955 2448 2125 1822
2246 2467 2369 2275 2402
2605 2654 2404 2311 2281
2435 2835 2366 2290 1970
2276 2628 2508 2055 2259
2560 2924 2413 2053 1788
2569 2752 2530 2376 2058
2533 2748 2295 2387 1965
2538 2627 2575 2375 1790
2404 2584 2103 2450 2340
2585 2669 2361 2312 2234
2479 2635 2399 2192 2390
2529 2881 2488 2129 1879
2522 2579 2357 2276 2343
2533 2425 2390 2487 2147
2488 2690 2367 2423 2374
2408 2765 2412 2206 2230
2401 2422 2409 2479 2226
2590 2485 2339 2263 2369
2565 2929 2258 1996 1553
2372 2809 2279 2294 2111
2563 2631 2408 2268 2380
2292 2970 2314 2223 1900
2663 2464 2265 2437 2125
2465 2662 2489 2468 2103
2495 2561 2382 2457 2321
2543 2538 2574 2229 1720
2488 2461 2175 2350 2438
2356 2458 2194 2342 2517
2384 2584 2254 2495 2164
2433 2520 2138 2535 2273
2545 2444 2188 2443 2525
2540 2768 2393 2214 2151
2638 2588 2227 2202 2357
2592 2880 2419 2028 1617
2658 2634 2447 2219 1921
2361 2583 2443 2547 2025
2674 2833 2337 2014 1909
2480 2860 2491 2348 1818
2449 2774 2492 2138 2088
2382 2221 2273 2543 2328
2431 2628 2427 2260 2459
2583 2614 2479 2304 2087
2474 2480 2346 2525 2099
2492 2493 2349 2464 2066
2396 2655 2331 2048 2460
2413 2441 2207 2435 2604
2501 2792 2289 2412 2136
2517 2397 2210 2435 2371
2404 2990 2242 1903 1699
2363 2503 2218 2563 1942
2338 2570 2507 2314 2112
2235 2619 2428 2123 2401
2231 2298 2304 2227 2490
2307 2350 2573 2422 1836
2691 2516 2350 2264 2248
2453 2581 2242 1916 2494
2342 2691 2327 2531 2138
2220 2450 2363 2075 2489
2426 2864 2457 2140 2153
2635 2338 2205 2284 2478
2523 2891 2301 1922 1858
2272 2581 2122 2442 2419
2448 2819 2325 2176 2195
2625 2500 2329 2128 2340
2605 2800 2300 2243 1732
2506 2585 2246 2194 2436
2742 2596 2238 2033 1953
2643 2594 2386 2175 2140
2473 2521 2302 2375 2462
2287 3026 2205 2015 1792
2530 2728 2324 2497 2069
2448 2535 2535 2278 2179
2360 2376 2293 2236 2523
2274 2789 2530 1934 1841
2273 2788 2412 2353 1971
2221 2282 2257 2450 2474
2563 2511 2157 2062 2470
2396 2506 2093 2180 2556
2578 2852 2481 2147 2121
2314 2693 2576 2149 1840
2602 2781 2332 2158 2142
2510 2797 2261 2292 2191
2464 2466 2334 2144 2478
2378 2794 2280 2284 2270
2558 2867 2438 2148 2074
2305 2969 2375 1962 1559
2477 2471 2570 2363 2112
2634 2555 2297 2359 2324
2502 2552 2316 2351 2403
2411 2535 2593 2221 1799
2578 2757 2502 2256 2113
2395 2952 2467 2117 1901
2387 2650 2359 2168 2405
2368 2454 2303 2506 2307
2667 2524 2262 2287 2290
2596 2469 2315 2152 2399
2538 2573 2328 2484 2243
2569 2495 2133 1951 2500
2497 2618 2495 2443 1932
2236 2451 2322 2498 2386
2476 2351 2094 2192 2668
2551 2461 2133 2384 2380
2410 2974 2218 1792 1729
2278 2971 2237 1784 1808
2316 2532 2554 2270 2258
2533 2973 2252 2021 1724
2497 2877 2380 2077 2076
2746 2660 2385 2236 1917
2590 2564 2421 2408 1862
2584 2396 2270 2305 2474
2309 2782 2577 2295 1910
2338 2923 2238 2037 2091
2444 2581 2453 2536 1881
2312 2578 2472 2528 1960
2641 2322 2181 2173 2508
2594 2719 2397 2149 2035
2251 2612 2615 2173 1743
2369 2789 2308 2404 2215
2583 2693 2406 2374 1915
2621 2571 2338 2473 2099
2489 2568 2357 2465 2178
2278 2565 2098 2331 2449
2706 2789 2343 1989 1738
2574 2434 2470 2419 2005
2256 2580 2553 2017 1975
2694 2766 2372 2182 2127
2611 2638 2380 2200 2311
2751 2424 2355 2356 2223
2485 2624 2461 2468 2124
2413 2613 2297 2283 2487
2467 2609 2331 2491 2152
2349 2528 2352 2084 2522
2203 2488 2028 2191 2562
2622 2434 2224 2455 2099
2626 2678 2441 2244 2092
2610 2713 2508 2231 1942
2512 2569 2222 2083 2466
2402 2866 2401 2362 2004
2536 2561 2310 2060 2424
2435 2720 2191 2152 2304
2318 2490 2443 2412 2270
2676 2347 2285 2216 2336
2617 2850 2324 1921 1822
2519 2653 2340 2176 2326
2387 2798 2227 2063 2196
2320 2653 2374 2487 2284
2255 2795 2246 2055 2275
2350 2360 2246 2459 2507
2151 2357 2269 1824 2632
2667 2639 2419 2099 1976
2554 2678 2444 2219 2154
2437 2492 2152 1943 2579
2595 2812 2371 1877 1968
2579 2505 2268 2144 2377
2552 2543 2546 2109 1775
2615 2389 2303 2460 2316
2511 2582 2568 2254 1891
2322 2313 2268 2451 2353
2350 2439 2328 2604 2000
2288 2701 2541 2363 1688
2296 2531 2417 2438 2244
2338 2740 2172 2162 2315
2631 2306 2134 2396 2492
2571 2767 2338 1953 2132
2548 2671 2494 2444 1836
2515 2331 2333 2440 2347
2527 2429 2213 2541 2218
2439 2764 2357 1945 2211
2434 3047 2364 1971 1592
2556 2891 2483 2210 1755
2499 2509 2523 2407 1966
2290 2614 2263 2054 2492
2212 2949 2135 1875 1905
2280 2548 2650 2258 1676
2715 2617 2460 2312 2008
2540 2613 2582 2230 1832
2349 2433 2373 2193 2514
2234 2989 2163 2108 1741
2724 2450 2173 2155 2324
2592 2447 2192 2147 2403
2536 2537 2282 2112 2486
2333 2659 2508 2460 2182
2586 2807 2399 1997 1913
2400 2716 2437 2237 2207
2386 2490 2046 2403 2540
2298 2529 2315 1880 2465
2242 2435 2298 2387 2416
2166 2526 2334 1872 2544
2719 2642 2410 2417 1895
2557 2445 2109 2273 2410
2521 2392 2245 2012 2512
2360 2930 2555 2187 1822
2270 2863 2420 2354 2083
2594 2674 2333 2192 2289
2580 2541 2297 2491 2073
2152 2517 2251 2599 1877
2252 3004 2293 2085 1713
2167 2358 2228 2247 2529
2210 2707 2451 2377 1874
2141 2547 2592 2066 2011
2133 2342 2139 1847 2660
2079 2705 2588 1950 1823
2655 2709 2455 2220 2033
2480 2487 2296 2300 2417
2386 2569 2128 2548 2033
2631 2717 2367 2243 2075
2600 2703 2373 2038 2065
2470 2778 2351 2150 2221
2401 2970 2271 2013 1803
2375 2773 2284 2293 2245
2672 2469 2237 2317 2180
2315 2740 2166 2499 2074
2183 2737 2185 2491 2153
2067 2480 2197 1924 2534
2119 2609 2634 2165 1822
1954 2616 2541 2187 2005
2329 2507 2136 2536 2095
2189 2500 2312 2511 2146
2625 2405 2350 2237 2332
2370 2439 2177 2559 2176
2238 2436 2196 2551 2255
2511 2866 2358 2152 1907
2498 2493 2178 2456 2285
2486 2772 2462 2232 2128
2428 2784 2286 1826 2219
2348 2454 2632 2245 1702
2335 2902 2242 2046 2066
2156 2510 2287 2095 2528
2561 2655 2453 2330 2061
2547 2429 2062 2496 2394
2415 2426 2081 2488 2473
2373 2742 2255 2036 2308
2353 2535 2264 1900 2508
2682 2331 2261 2105 2366
2550 2328 2280 2097 2445
2500 2647 2561 2092 1645
2132 2438 2320 2499 2208
2679 2597 2307 2134 2215
2562 2763 2391 2174 2206
2287 2564 2158 2353 2408
2260 2825 2172 1906 2179
2206 2737 2191 2154 2394
2123 2730 2454 2382 1848
2563 2683 2416 2099 2209
2538 2886 2460 2009 1934
2379 2579 2587 2246 1970
2328 2399 2248 2522 2141
2181 2552 2079 2329 2466
2595 2640 2419 2091 2144
2437 2567 2524 2148 2113
2383 2700 2407 2463 1996
2271 2864 2538 1935 1953
2240 2644 2604 2043 1677
2110 2479 2294 2525 2182
2614 2520 2258 2009 2348
2590 2687 2326 2261 2049
2587 2654 2235 2365 2103
2521 2315 2309 2329 2377
2505 2287 2129 2277 2601
2389 2312 2328 2321 2456
2296 2854 2322 2338 2062
2315 2889 2404 2367 1978
2263 2663 2102 2022 2428
2502 2553 2175 2306 2450
2251 2669 2554 2163 2045
2518 2642 2265 2279 2365
2438 2399 2418 2523 2098
2413 2797 2413 2246 2116
2386 2639 2284 2271 2444
2344 2676 2201 2584 2007
2327 2789 2331 2222 2117
2354 2468 2291 2181 2526
2640 2574 2415 2285 2244
2562 2909 2287 2106 1657
2560 2662 2420 2108 2184
2406 2359 2284 2061 2548
2274 2356 2303 2053 2627
2247 2394 2581 2018 2025
2196 2263 2140 1693 2676
2146 2775 2491 2172 2135
2050 2471 2661 1913 1589
2581 2689 2298 2255 2077
2559 2479 2086 2174 2484
2427 2476 2105 2166 2563
2364 2602 2438 2241 2426
1928 2598 2528 2405 1809
2708 2628 2321 2110 2156
2598 2431 2168 2036 2433
2552 2487 2293 2325 2355
2545 2616 2278 2291 2408
2492 2933 2536 2195 1743
2443 2565 2195 2139 2478
2420 2484 2312 2317 2434
2325 2886 2195 2269 2050
2302 3044 2383 1963 1671
2275 2489 2546 2338 2015
2193 2499 2592 2041 1878
2150 2552 2564 1946 2066
2110 2802 2199 2425 2000
2697 2602 2330 2335 2036
2697 2500 2326 2153 2278
2619 2835 2198 1974 1691
2565 2497 2345 2145 2357
2542 2778 2348 2175 2159
2392 2474 2022 2292 2570
2460 2529 2242 2147 2500
2328 3035 2285 1947 1650
2279 2610 2366 2555 2041
2260 2471 2041 2284 2649
2147 2607 2385 2547 2120
2611 2786 2304 2038 2197
2592 2567 2443 2353 2313
2559 2478 2227 2219 2437
2544 2734 2402 2447 1858
2479 2783 2323 2030 2276
2438 2673 2451 2481 1884
2437 2820 2240 2343 1839
2383 2618 2288 2280 2419
2309 2509 2259 2544 2259
2213 2599 2597 1922 1778
2171 2715 2279 2224 2315
2147 2325 2198 1936 2646
2113 2829 2107 2000 2164
2031 2350 2397 1980 2501
2547 2632 2547 2255 1845
2468 2757 2332 2255 2156
2468 2655 2328 2073 2398
2456 2600 2251 2492 2259
2453 2909 2330 2316 1754
2443 2771 2565 2158 1873
2415 2629 2566 2247 1924
2359 2970 2294 1831 1705
2328 2724 2125 2385 2299
2324 2597 2270 2484 2338
2321 2906 2349 2308 1833
2311 2768 2584 2150 1952
2293 2377 2336 2592 2062
2196 2721 2144 2377 2378
2708 2533 2342 2219 2148
2655 2614 2476 2329 2025
2350 2588 2172 2468 2317
2317 2397 1952 2152 2683
2310 2959 2435 1789 1644
2302 2760 2593 2065 1655
2178 2956 2454 1781 1723
1963 2621 2513 2067 2060
2724 2622 2432 2192 2063
2619 2689 2302 2042 2240
2613 2817 2394 2078 1789
2592 2619 2451 2184 2142
2540 2518 2603 2339 1824
2536 2709 2234 1898 2310
2524 2592 2396 2433 2262
2443 2827 2190 2118 2157
2308 2541 2218 2140 2532
2176 2686 2105 2027 2402
2624 2576 2454 2176 2077
2590 2876 2449 1971 1838
2534 2397 2481 2231 2146
2511 2299 2262 2552 2361
2486 2471 2272 2189 2447
2485 2618 2061 2051 2402
2435 2390 2298 2037 2489
2432 2803 2554 2028 1807
2431 2802 2436 2447 1937
2402 2394 2500 2223 2225
2379 2296 2281 2544 2440
2353 2615 2080 2043 2481
2302 2638 2244 2510 2312
2300 2696 2214 2153 2358
2253 2647 2055 2245 2412
2290 2540 2519 2484 2106
2765 2459 2253 2087 2182
2637 2878 2441 2206 1690
2636 2662 2342 2273 1965
2587 2639 2429 2409 1974
2536 2442 2303 2221 2478
2520 2871 2330 2032 1962
2505 2875 2460 2198 1769
2476 2762 2327 2039 2251
2422 2543 2500 2492 2027
2369 2704 2170 2016 2396
2357 2459 2604 2125 1757
2344 2907 2214 1926 2121
2240 2812 2334 2227 2091
2214 2626 2591 2261 1481
