25 5
1967
87 48 50 255 29 126
90 114 50 114 134 26
55 232 148 96 258 44
229 172 146 165 15 276
167 272 63 61 104 95
231 190 142 113 277 4
238 199 249 120 13 84
277 67 148 258 162 106
2 224 111 147 221 125
123 220 98 19 280 34
113 44 56 87 288 33
222 227 231 172 47 76
88 157 274 235 115 269
42 116 26 284 95 246
241 51 167 171 69 279
204 181 156 92 100 144
256 23 203 20 194 83
95 281 239 202 49 54
171 222 2 196 206 96
274 148 278 141 19 47
253 56 60 109 147 160
85 104 182 288 123 76
71 51 189 142 85 237
195 88 160 29 283 198
124 90 178 103 64 197
1322
2398 1979 2565 2135 2213
2466 2232 2533 2435 2091
2527 2240 2539 2104 2224
2438 2249 2602 2306 2040
2376 2397 2385 2184 1969
2330 2394 2600 1885 2182
2343 2519 2434 2103 1872
2420 2253 2654 2044 2312
2484 2349 2467 2256 2039
2495 2149 2521 2503 2279
2354 2360 2546 2225 2174
2424 2354 2573 2071 2167
2353 2051 2475 2522 2041
2436 2515 2497 1920 1818
2154 2400 2523 1600 2313
2228 2315 2436 2240 2164
2680 2199 2543 2658 1936
2511 2064 2422 2492 2110
2356 2405 2514 1967 2407
2665 2021 2555 2149 1957
2711 2143 2571 1925 2121
2457 2246 2512 2258 2231
2604 2404 2359 2000 2031
2442 2083 2507 2130 2378
2527 2141 2710 2141 2090
2662 2203 2595 2396 2208
2534 2410 2332 2154 2038
2475 2242 2460 2520 1959
2353 2147 2676 2078 2194
2447 2312 2483 1971 2358
2246 2408 2464 2153 2104
2221 2209 2686 2081 2358
2218 2444 2313 2278 1908
2182 2216 2450 2385 2224
2312 2301 2572 1972 2242
2553 2194 2667 1846 2060
2469 2045 2659 2260 1840
2024 2287 2284 2387 2171
2460 2383 2521 1916 2047
2232 2072 2481 2576 2044
2577 2301 2404 2002 2223
2443 2155 2574 2409 2012
2405 2112 2718 1902 2255
2374 2401 2462 2229 2135
2367 2290 2378 2448 1889
2504 2487 2463 1911 2212
2219 2305 2509 2155 2296
2327 2257 2591 2227 2366
2483 2439 2353 2160 2001
2369 2128 2763 2171 2021
2683 2017 2503 2411 1685
2729 2139 2519 2187 1849
2575 2256 2436 2260 1990
2634 2124 2463 2711 2004
2519 2225 2573 2284 1727
2595 2297 2352 2264 1951
2376 2143 2646 2396 2114
2380 2250 2631 2076 2002
2267 2091 2573 2431 2215
2332 2298 2777 1811 2244
2490 2247 2681 1890 2305
2517 2350 2636 1888 2113
2616 2128 2515 2449 2276
2545 2137 2658 2403 1818
2230 2219 2613 2166 2226
2492 2122 2618 2286 1919
2493 2174 2346 2421 2085
2386 2328 2383 2210 2233
2397 2251 2618 2073 2359
2671 2213 2522 2481 2076
2527 2422 2466 1924 1769
2156 2141 2828 1672 2233
2175 2134 2606 2134 2426
2180 2363 2582 1975 2406
2225 2195 2471 2032 2425
2571 2526 2408 1919 1934
2545 2333 2567 2017 2164
2237 2301 2457 2417 2024
2307 2072 2596 2131 2262
2358 2280 2451 2363 2021
2266 2041 2575 2138 2377
2545 2236 2487 2366 1952
2490 2104 2544 2505 1920
2536 2226 2560 2281 2084
2414 1960 2652 2228 2040
2508 2243 2629 2152 2033
2209 2337 2306 2542 1828
2260 2448 2428 1746 2321
2214 2076 2533 2314 2316
2554 2244 2665 2139 1898
2554 2343 2494 2102 2032
2385 2383 2406 2361 1829
2271 2270 2551 1979 2357
2285 2142 2627 2439 1943
2526 2336 2657 2065 1973
2205 1900 2392 2369 2357
2235 2286 2596 2248 2123
2383 2508 2469 1965 2215
2402 2267 2377 2417 2134
2525 2400 2405 2069 2170
2377 2318 2456 2125 2365
2367 2157 2625 2219 2254
2202 2074 2689 2278 2092
2701 2157 2467 2153 1857
2406 2261 2545 2158 2227
2317 2289 2388 2614 1898
2500 2042 2459 2581 2160
2581 2154 2650 1894 2256
2486 2157 2312 2593 2059
2345 2260 2739 2175 1792
2499 2233 2702 2067 2165
2369 2291 2635 2025 2163
2641 2256 2295 2365 1890
2563 2329 2515 2279 1892
2223 1896 2340 2631 2085
2251 2511 2493 1550 2081
2281 2182 2511 2280 2434
2314 2205 2749 1898 2304
2351 2129 2602 2297 2195
2372 2089 2480 2284 2385
2729 2236 2599 1838 2061
2207 2207 2464 2563 1919
2645 2250 2463 2106 1983
2321 2287 2593 2149 2102
2247 2517 2325 1809 1988
2328 2445 2531 1919 2211
2364 2266 2614 1796 2303
2403 2141 2580 1950 2488
2574 2285 2581 2143 1859
2351 2176 2538 2126 2427
2382 2359 2642 1709 2243
2209 2319 2405 2383 2032
2462 2287 2698 1842 2109
2339 2404 2527 1970 2050
2481 2289 2518 2326 1913
2282 2022 2662 2231 2204
2323 2191 2770 2075 2164
2734 2252 2358 2182 1836
2419 2233 2351 2286 2154
2456 2322 2410 2056 2226
2432 1956 2600 2490 1768
2378 2138 2690 2256 1889
2493 2335 2488 2433 1899
2525 2303 2325 2418 1958
2396 2231 2718 2169 1829
2336 2267 2518 2312 2234
2453 2180 2691 2106 2029
2401 2237 2403 2024 2426
2420 2157 2453 2488 2159
2345 2253 2539 2489 2094
2600 2410 2191 2259 1938
2601 2193 2635 2235 1806
2523 2246 2371 2363 2131
2550 2349 2326 2361 1939
2325 2426 2406 2190 1932
2068 2232 2522 2355 2194
2511 2160 2623 2048 2263
2529 2326 2643 1850 1831
2453 2158 2622 2120 2233
2392 2341 2526 1703 2248
2033 2273 2305 2564 2031
2629 2222 2623 2098 2030
2287 2251 2638 2072 2184
2195 1932 2189 2756 1889
2378 2279 2493 2124 2235
2191 2046 2688 2412 2225
2022 2299 2661 1749 2335
2535 2101 2639 1933 2120
2200 2351 2285 2365 1968
2507 2307 2377 2156 2230
2427 2505 2570 1835 1950
2360 2184 2628 2289 2083
2351 2198 2607 2112 2223
2316 2058 2617 2308 2122
2720 2129 2592 2102 1981
2595 2394 2432 1915 2163
2643 2231 2470 2447 2084
2421 2093 2805 1995 2082
2239 2067 2547 2492 2011
2341 2308 2704 1896 2112
2279 2423 2621 1891 2145
2425 2386 2429 2329 2139
2191 2323 2457 2121 2304
2540 2212 2345 2232 2151
2567 2315 2300 2230 1959
2444 2029 2464 2558 1988
2440 2335 2660 2164 1994
2346 2375 2687 1978 2009
2299 2178 2459 2542 2162
2355 2385 2614 2063 1877
2358 2346 2331 2176 2241
2305 2054 2522 2350 2263
2365 2178 2318 2647 2062
2541 2242 2319 2625 1859
2410 2223 2424 2201 2286
2059 2222 2595 2270 2326
2404 2421 2411 2123 2173
2599 2150 2598 2156 1984
2432 2569 2184 1886 1857
2586 2287 2425 2179 2083
2428 2340 2358 2022 2234
2477 2361 2601 2026 1770
2357 2559 2398 1696 2089
2299 2293 2440 2352 2170
2573 2307 2236 2261 2130
2293 1981 2658 2282 2043
2306 2526 2576 1889 1953
2725 2145 2351 2446 1756
2154 2252 2299 2510 2028
2586 2331 2551 2250 1845
2359 2037 2638 1955 2323
2438 2089 2339 2389 2285
2446 2292 2583 2067 1828
2331 2243 2376 2178 2433
2688 2390 2495 1732 2109
2516 2293 2398 2333 2090
2456 2085 2287 2651 2013
2559 2335 2347 2538 1799
2706 2386 2443 1994 1837
2553 2172 2598 1860 2264
2465 2210 2195 2546 1889
2366 2569 2325 1781 1957
2423 2559 2257 1801 1989
2594 2279 2484 2112 1946
2474 2415 2438 1969 2166
2495 2380 2456 2175 2132
2177 2402 2559 1571 2266
2668 2252 2499 2077 1936
2583 2100 2607 2322 1866
2193 2064 2762 2193 2224
2613 2390 2380 2177 1891
2288 2337 2347 2420 1860
2447 2260 2408 2486 1967
2452 2328 2242 2315 2133
2323 2053 2683 2224 2089
2332 2039 2704 2401 1949
2664 2306 2186 2043 1975
2513 2149 2601 2255 2005
2488 2480 2539 1744 1879
2449 2258 2440 2399 1968
2198 2293 2738 2034 2204
2701 2110 2531 2324 1625
2499 2258 2487 2070 2232
2404 2439 2129 2298 1821
2248 2053 2568 2669 1871
2530 2344 2511 2002 1836
2486 2253 2513 2149 2212
2638 2329 2630 1834 2110
2230 2057 2620 2407 2143
2406 2162 2716 2195 2093
2049 2254 2392 2657 1858
2523 1934 2589 2526 1715
2438 2419 2674 1846 1880
2451 2276 2514 2180 1967
2522 2483 2411 2173 1940
2378 2301 2562 2110 2031
2468 2254 2594 2290 1690
2444 2125 2665 2114 2141
2461 1978 2225 2729 1894
2567 2268 2364 2401 1727
2328 2282 2659 2065 2069
2449 2216 2660 1897 2420
2684 2396 2327 1991 2016
2376 2120 2616 2475 1890
2577 2064 2281 2597 2010
2465 2308 2431 2233 2086
2738 2246 2526 1923 1929
2455 2457 2301 2126 2009
2284 2319 2520 1938 2250
2348 2390 2548 2147 1910
2214 2518 2635 1336 2162
2497 2321 2273 2384 1966
2353 2444 2491 1563 2267
2326 2396 2395 2350 1978
2707 2149 2403 2184 2028
2517 2207 2499 2503 1728
2597 2298 2609 1841 2225
2367 2110 2689 2390 2022
2290 2168 2532 2457 2294
2247 2396 2586 1417 2259
2386 2443 2181 2036 2093
2352 2248 2605 2405 2061
2415 2247 2566 2335 2087
2347 2182 2370 2385 2334
2248 2312 2641 2079 2166
2133 2388 2752 1479 2221
2469 2369 2542 2093 1907
2314 2040 2543 2527 2123
2369 2125 2550 2559 1923
2356 2168 2391 2562 2194
2341 2049 2631 2486 1817
2430 1938 2526 2709 1769
2420 2360 2405 2330 2074
2674 2007 2576 2326 1817
2271 2362 2532 1757 2251
2109 2078 2626 2461 2146
2674 2054 2512 2155 2049
2406 2066 2515 2639 1940
2256 2527 2252 1894 1856
2390 2085 2428 2546 2113
2316 2416 2479 2105 2064
2387 2287 2583 2287 1891
2409 2412 2542 1922 2010
2442 2402 2391 1601 2247
2615 2131 2685 2249 1811
2223 2528 2562 1421 2030
2228 2393 2029 2479 1820
2591 2303 2184 2523 1858
2535 2079 2570 1947 2324
2431 2228 2653 2428 1914
2248 2149 2769 2225 2024
2349 2239 2324 2440 2161
2716 2135 2424 2361 1888
2679 2283 2488 1996 2029
2428 2121 2136 2776 1817
2321 2035 2609 2443 2090
2508 2340 2709 1803 2245
2381 2430 2490 1888 2018
2558 2401 2574 1701 2244
2239 2205 2634 2343 2086
2385 2353 2660 1473 1979
2395 2314 2404 2387 2093
2358 2364 2232 2335 2037
2330 2186 2836 1991 2131
2340 2229 2397 2355 2293
2223 2359 2369 1976 2249
2237 2190 2773 2174 2185
2435 2414 2525 1371 1978
2184 2120 2627 2311 2286
2238 2361 2232 2092 2288
2388 2070 2567 2377 2212
2659 2242 2572 1992 2068
2478 2379 2469 2178 1775
2425 2198 2639 2072 2037
2225 2396 2693 2032 2012
2256 2454 2260 2005 2228
2050 2038 2623 2181 2442
2683 2161 2519 1891 2129
2540 2308 2546 1788 2304
2567 2411 2501 1786 2112
2472 2066 2374 2744 1840
2334 2412 2427 2367 1792
2237 2500 2036 2215 1900
2114 1971 2564 2539 2027
2677 2238 2520 2254 1796
2544 2087 2660 2110 1980
2470 2421 2270 2228 2073
2321 2275 2173 2565 1965
2330 2297 2520 2234 1970
2751 2253 2345 2179 2193
2244 2296 2523 2333 1991
2265 2464 2187 2090 2096
2423 2444 2459 1975 2129
2381 2244 2694 1906 2026
2310 2283 2498 2191 2243
2315 2159 2546 2635 1989
2100 2099 2488 2079 2441
2811 2107 2581 2138 1928
2743 2238 2379 2359 1696
2553 2433 2380 2006 1994
2298 2373 2506 1977 2165
2061 2126 2772 2196 2388
2387 2124 2711 2433 1749
2536 2218 2177 2491 2058
2330 2021 2630 2620 1950
2167 2455 2433 2125 2075
2207 2303 2665 2119 2072
2170 2311 2686 2000 2212
2278 2444 2376 2008 2049
2244 2259 2577 1759 2443
2114 1993 2423 2365 2406
2664 2522 2471 1736 1880
2395 2429 2202 2213 1953
2262 2389 2551 2246 1931
2209 2111 2641 2489 1981
2325 2486 2098 2270 1792
2093 2412 2255 2012 2188
2190 2527 2393 1789 1956
2152 2399 2431 2100 2210
2747 2232 2547 2100 1789
2535 2032 2634 2118 2092
2419 2135 2115 2599 1957
2772 2164 2333 1845 1882
2557 2286 2626 1898 2027
2413 2232 2705 2166 2186
2723 2127 2277 2665 1757
2709 2125 2497 2144 2122
2588 2191 2602 2105 2145
2521 1932 2248 2503 2060
2467 2027 2585 2479 1841
2543 2396 2353 2331 1898
2279 2327 2420 2335 1992
2239 1877 2427 2724 1912
2123 2149 2379 1757 2526
2790 2160 2281 2107 1610
2453 2111 2686 2291 2001
2591 2400 2264 2174 2070
2276 2141 2420 2071 2442
1895 2142 2405 1941 2464
2597 2135 2737 1987 2083
2563 2321 2132 2489 1866
2542 2116 2522 2158 2213
2251 2341 2421 2010 2241
2397 2243 2235 2283 2333
2170 1990 2336 2784 1811
2725 2242 2431 2097 1968
2647 2315 2651 2011 1970
2450 2555 2461 1513 2035
2360 2162 2559 2303 2287
2084 2406 2496 1754 2320
2209 2477 2449 1752 2284
1862 2285 2316 1988 2387
2073 2088 2514 1859 2527
2183 2244 2783 1670 2041
2685 2253 2486 2074 2293
2440 2272 2542 2256 1698
2532 2232 2392 2540 1991
2433 2378 2488 2262 2002
2362 2575 2157 2040 1864
2246 2178 2631 2273 2257
2513 2260 2267 2591 1867
2216 2314 2471 2299 1999
2070 2362 2364 2334 2103
2270 2358 2068 2462 1589
2624 2238 2692 1985 1891
2412 1942 2578 2447 2041
2609 2396 2212 2436 1798
2307 2494 2063 2061 1893
2150 2406 2355 1859 2220
2015 2277 2357 2302 2303
2181 2355 2254 2508 1836
2736 2228 2452 2142 1930
2687 2275 2547 1929 1892
2579 2205 2581 1928 2285
2256 2357 2180 2354 2016
2341 2161 2399 2684 1727
2173 2456 2246 1537 2305
2216 2277 2525 1725 2451
2381 2159 2405 2740 1889
2560 2023 2648 2296 1787
2582 2293 2257 2438 1990
2461 2139 2230 2067 2370
2370 2422 2571 1673 1990
2359 2142 2659 2399 1757
2560 2046 2678 2217 2011
2460 2106 2752 2207 1968
2382 1957 2306 2295 2335
2323 2050 2470 2612 1991
2201 2272 2173 2322 2216
2551 2060 2657 2040 2151
2405 2007 2197 1973 2420
2411 2253 2398 2594 1994
2479 2325 2325 2122 2238
2133 2028 2230 2770 1631
2071 2184 2337 1933 2465
2233 2348 2541 1944 2213
2549 2319 2352 1968 2231
2544 2423 2453 1921 2126
2503 2372 2515 2108 1995
2211 2060 2710 2455 1952
2137 1882 2309 2705 2015
2718 2111 2518 2321 1982
2679 2167 2351 2150 2036
2533 2061 2496 2166 2325
2465 2085 2543 2101 2331
2253 2282 2544 2510 1851
2290 2175 2732 2143 1992
2038 2327 2248 1980 2388
2692 2147 2540 2068 1989
2445 2501 2518 2097 1678
2255 2186 2721 2436 1913
2353 2468 2150 2304 1784
2288 2433 2548 1976 2013
2722 2006 2464 2390 1645
2697 2163 2299 2412 1764
2675 2289 2320 2255 1936
2505 1938 2641 2264 1987
2517 2254 2435 2332 1960
2374 2285 2325 2383 2142
2247 2347 2253 2269 2148
2337 2214 2167 2772 1866
2632 2446 2103 2114 1883
2422 2242 2632 2251 2054
2375 2018 2725 2048 2150
2326 2448 2287 1851 2221
2103 2429 2544 1606 2276
2130 2532 2499 1604 2084
2608 2257 2605 1892 2064
2337 2268 2680 2242 1929
2300 2114 2811 2049 2085
1995 2470 2614 1349 1966
1961 2315 2561 1988 2210
2541 2462 2430 1517 1986
2423 2017 2693 2437 1896
2291 1963 2584 2501 2044
2220 2167 2717 2191 2032
2086 2147 2801 1826 2240
2082 2272 2486 1948 2411
2606 2145 2664 2072 1951
2407 2036 2606 2344 2069
1886 1935 2475 2293 2342
2121 2398 2254 2337 1939
2370 2071 2256 2725 1943
2607 2462 2289 1622 1886
2210 2379 2180 2058 2296
2200 2101 2714 2404 2113
2745 2214 2473 2319 1790
2427 2408 2490 2184 1738
2410 2125 2188 2514 2089
2344 2507 2556 1367 2027
2231 2096 2314 2517 2218
2655 2296 2259 1958 2107
2625 2458 2237 1884 1614
2634 2335 2462 2093 2017
2575 2211 2413 2187 2192
2508 2402 2250 1706 2147
2294 2320 2442 1657 2442
2216 1953 2648 2533 1833
2195 2437 2485 2159 2067
2123 1979 2444 2542 2266
2186 2529 2057 2221 1863
2040 2268 2371 2480 1998
2702 2392 2275 2253 1744
2576 2397 2522 1963 1972
2549 2439 2212 2265 1901
1974 2360 2255 2040 2219
2196 2425 2607 1423 2222
1906 2230 2554 1956 2410
2781 2150 2354 2022 1742
2673 2292 2207 2220 1835
2346 2278 2607 2327 1797
2307 2375 2352 2182 2204
2263 2377 2673 1510 2086
2137 2357 2493 1980 2211
2121 2624 2071 1666 1880
2609 2289 2461 2150 2036
2507 2214 2310 2014 2302
2569 2009 2669 2473 1647
2406 2130 2341 2102 2307
2419 2330 2431 1937 2366
2357 2289 2791 1989 1939
2224 1956 2115 2306 2349
2357 2124 2585 2618 1758
2114 2307 2602 2302 2126
2655 2415 2464 2000 1800
2470 2218 2318 2386 2158
2525 2451 2328 1972 2002
2480 2283 2646 2104 1837
2490 2052 2651 2371 2018
2448 2196 2760 1993 1890
2288 2434 2427 2071 2072
2113 2250 2756 1824 2048
2652 2331 2410 2355 1745
2569 2056 2605 2302 1879
2451 2082 2277 1920 2352
2429 2264 2460 2224 2239
2254 2039 2731 2102 2153
2253 2252 2798 1622 2001
2115 2295 2724 1566 2281
1834 2001 2222 2172 2444
2660 2264 2427 2218 1673
2475 2339 2540 2171 2171
2337 2085 2600 2277 2208
2306 2430 2375 2333 1800
2467 2351 2468 2312 1908
2234 1941 2655 2002 2339
2173 2308 2022 2447 2020
2308 2285 2466 2278 2242
2199 2491 2345 1980 2020
2769 2249 2293 2441 1921
2632 2143 2604 2068 1860
2524 2285 2457 2266 1953
2490 2396 2525 2062 1993
2140 2352 2478 2127 2267
2207 2466 2537 1973 2214
2506 2228 2768 1983 2132
2307 2490 2150 2008 2064
2364 2593 2155 1820 1737
2748 2292 2322 1775 2053
2697 2376 2516 1909 1969
2589 2299 2468 2049 1907
2678 2265 2620 1844 2024
2321 2423 2397 1655 2250
2371 2561 2178 2217 1724
2225 2300 2492 2476 1859
2158 2348 2426 2389 1995
2089 2418 2087 2271 2095
2075 2447 2492 1572 2284
2246 2486 2057 2392 1760
2590 2285 2316 2371 1853
2551 2013 2721 2211 1919
2457 2250 2499 2332 1831
2446 2255 2637 1493 2280
2424 2364 2091 2440 1937
2391 2369 2569 1794 2111
2296 2261 2565 2157 2052
2001 2463 2210 2038 2027
2198 1954 2487 2659 2007
2766 2288 2270 2037 1781
2656 2325 2578 2096 1838
2355 2348 2668 1489 2329
2289 2146 2194 2568 2092
2274 2616 2112 1980 1796
2159 2408 2201 2064 2259
2260 2451 2496 1942 2021
2024 2513 2101 1716 2112
2077 2218 2543 2532 2054
2026 2191 2461 2313 2233
2270 2567 2216 1487 2073
1994 2317 2609 1715 2343
2462 2121 2613 2376 1869
2439 2089 2753 2257 1810
2401 2013 2029 2232 2327
2337 2431 2552 2096 2071
2182 2415 2029 2183 2100
2181 2517 2466 1704 2088
2177 2404 2149 2326 1987
2299 2275 2539 2193 2374
2104 2025 2220 2752 1938
2132 2239 2366 2459 2241
2758 2160 2148 1786 2003
2545 2325 2184 2227 2138
2544 2078 2340 1737 2298
2329 2433 2330 2182 1653
2280 2355 2753 1620 1809
2387 2275 2032 2670 1865
2246 2200 2700 2259 2053
2367 2350 2253 2512 1897
2142 2398 2679 1564 2089
2558 2305 2373 2145 2091
2430 2081 2663 2094 2154
2399 2426 2438 2150 1746
2338 2026 2786 1712 2131
2335 2472 2202 2042 2056
2320 2426 2397 2272 1714
2200 2411 1977 2445 1828
2167 2473 2334 2284 1871
2132 1989 2371 2627 2134
2262 2352 2605 1672 2383
2319 2218 2219 2510 2138
2776 2156 2096 2048 1731
2696 2261 2568 2106 1752
2617 2281 2520 2083 1899
2410 1983 2587 1994 2340
2318 2320 2656 2031 2126
2266 2338 2390 1623 2450
2308 2303 2367 2437 2038
2190 2523 2225 1962 1956
2154 2348 2500 2066 2181
2034 2333 2080 2239 2295
2033 2435 2517 1760 2283
2060 2538 2472 1758 2091
1942 1967 2131 2785 1774
2166 1958 2465 2189 2467
2713 1996 2537 2305 1777
2703 2249 2434 2336 2021
2705 2368 2575 1842 1832
2538 2263 2578 2046 2071
2536 2151 2637 2226 1958
2395 2433 2189 2287 1553
2385 2153 2573 2481 1982
2132 2273 2804 1676 2004
2236 2580 2404 1750 2092
2443 2318 2315 2230 2265
1946 2378 2203 2006 2227
2727 2218 2525 2057 2062
2495 2264 2319 2329 2139
2441 2555 2205 2063 1717
2336 2316 2604 2293 1854
2274 2450 2208 2267 1956
2433 2350 2112 2617 1797
2172 2344 2448 2328 1909
2168 2443 2555 1389 2230
2165 2343 2492 2305 1962
2271 2214 2308 2667 1966
2086 2343 2451 2427 1930
2052 2329 2028 2501 2023
2783 2027 2226 2310 1406
2683 2281 2379 2188 1799
2514 1924 2662 2441 1847
2508 2244 2508 2247 2092
2479 2232 2258 1980 2310
2415 2239 2183 2545 2061
2341 2111 2202 2189 2383
2256 2523 2084 2067 1856
2369 2269 2566 2039 2367
2193 2227 2634 2047 2366
2152 2218 2658 2087 2272
2086 2325 2550 2268 2134
1952 2305 2634 1903 2342
2748 2296 2309 1849 1653
2604 2263 2437 2151 1971
2558 2304 2494 2050 2032
2384 2004 2746 2225 2010
2272 2338 2267 2447 1843
2277 2116 2690 2128 2232
2186 2511 2156 2062 2067
2181 2495 2397 1718 2292
2126 2431 2580 1577 2229
2727 2121 2445 2406 1850
2509 2211 2554 2082 2292
2308 2171 2680 2405 1720
2344 2458 2223 2219 1916
2211 2223 2582 2309 2094
2191 2115 2693 2227 2253
2170 2214 2606 2349 2000
2087 2313 2672 1532 2289
2605 2343 2148 2116 2075
2430 2034 2727 2265 1922
2339 2031 2557 2705 1818
2274 2513 2529 1521 2034
2175 2083 2632 1878 2424
2112 2388 2327 2252 2071
2662 2330 2016 2082 1755
2555 2464 2210 2038 1621
2496 2303 2405 2232 1961
2481 2066 2630 2194 2158
2319 1933 2481 2605 2004
2291 2050 2337 2291 2384
2651 2301 2436 1962 2037
2498 2348 2373 1974 2194
2483 2178 2571 2014 2271
2428 2354 2346 2128 2201
2418 2398 2563 2099 1870
2476 2156 2743 2041 2086
2336 2284 2562 1762 2311
2219 2383 2102 2394 1952
2227 2473 2397 2014 2012
2130 2384 2275 2514 1799
2100 1902 2485 2516 2187
2077 2188 2797 1644 2204
2056 2420 2276 1893 2328
2745 2153 2435 1719 1942
2521 2465 2543 2021 1935
2402 2144 2556 2151 2240
2375 2555 2346 1958 1817
2228 2375 2311 2304 2172
2193 2383 2646 1664 2093
2181 2451 2455 2064 1989
2205 2411 2628 1600 2082
2061 2436 2035 2237 2103
2031 2258 2444 2395 2130
2740 2099 2492 2303 1585
2647 2308 2187 2099 1844
2562 2303 2264 2337 1861
2466 2283 2456 2338 1923
2424 2346 2190 2281 2141
2407 2160 2315 2495 2015
2362 2430 2512 1740 2127
2353 2493 2577 1544 1887
2396 2289 2429 2492 1930
2348 2221 2456 2288 2156
2201 2327 2447 2036 2196
2329 2576 2467 1567 2038
2302 2473 2512 1569 2230
2763 2149 2383 1981 1670
2562 2419 2401 2183 1854
2503 2219 2487 2018 2232
2437 2326 2379 2199 2094
2417 2218 2490 2117 2253
2326 2159 2687 1874 2226
2281 2445 2274 2183 1923
2214 2493 2208 2096 2059
2345 2423 2611 2029 1934
2079 2489 1794 2303 1477
2149 2588 2222 1541 2076
2811 2153 2294 1824 1842
2672 2036 2438 2374 2050
2601 2240 2571 2064 2038
2541 2027 2617 2439 1655
2499 2062 2578 2456 1886
2448 2287 2508 2076 2195
2442 2457 2119 2353 1877
2388 2074 2554 2451 1812
2378 2293 2481 2230 2202
2357 2019 2564 2174 2324
2317 2278 2687 2141 1800
2346 2441 2479 2181 1939
2286 2223 2697 1864 2312
2197 2341 2662 2085 2129
2126 2538 2331 1863 1991
2045 2301 2697 1720 2288
1979 2408 2589 1901 2150
2606 2308 2536 1926 2093
2506 2016 2546 2458 1801
2524 2224 2716 2245 1860
2402 2463 1959 2337 1601
2375 1949 2720 2233 2122
2374 2303 2226 2542 1938
2480 2214 2641 2289 1809
2303 2279 2225 2303 2237
2272 2363 2694 1687 1946
2302 2580 2263 1855 1992
2258 2154 2638 2235 1975
2119 2410 2631 1699 2103
2221 2343 2629 1712 2289
2829 2149 2242 2086 1570
2757 2278 2343 1952 1913
2705 2131 2329 2403 2029
2555 2282 2283 2218 2076
2516 2096 2288 1703 2306
2286 2075 2449 2358 2315
2245 2029 2804 2017 2285
2218 2218 2648 2225 2061
2151 2266 2582 2138 2197
2072 2266 2541 2260 2165
1968 2049 2819 1702 2222
1906 1899 2426 1944 2499
2651 2254 2500 2133 1805
2513 2356 2468 2147 2020
2420 2132 2121 2623 1942
2393 1945 2668 2495 1850
2387 2265 2514 2301 2095
2360 2425 2322 2206 1776
2268 2079 2695 1695 2370
2304 2071 2397 2620 2043
2228 2490 2109 2130 2032
2169 2196 2738 2197 1995
2160 2068 2503 2312 2338
2198 2359 2530 2237 2134
2139 2491 2282 2250 1879
2143 2274 2523 2205 2334
2262 2204 2381 2582 2098
2134 2237 2528 1772 2472
2568 2335 2603 1988 2117
2458 2226 2587 1982 2288
2512 2350 2153 2495 1829
2369 2279 2084 2408 2137
2373 2383 2594 2077 2130
2333 2091 2432 2536 2115
2263 2025 2752 2279 2013
2200 2056 2615 2497 2093
2194 2347 2425 2000 2243
2353 2565 2230 1955 1996
2126 2366 2448 2032 2189
2005 2453 2465 1726 2291
2614 2450 2155 1852 2155
2516 2297 2385 2407 1690
2253 2218 2360 2405 2238
2180 1958 2539 2397 2279
2178 2064 2451 2574 2066
2070 2136 2699 2281 2256
2165 2096 2455 2412 2318
2650 2283 2568 1810 2032
2622 2321 2228 2226 1798
2512 2326 2494 1754 2312
2476 2361 2395 2397 1776
2468 2551 2409 1775 1763
2435 1927 2665 2343 1803
2461 2377 2584 1746 2071
2312 2413 2470 1570 2382
2153 2534 2535 1575 2037
2090 2292 2290 1804 2449
2088 2596 1801 2039 1557
2080 2408 2160 2186 2227
2058 2361 2399 2393 1938
1991 2409 2333 2306 2074
1943 2136 2539 2402 2210
2740 2304 2250 1916 1790
2681 2143 2445 2110 2130
2655 2299 2327 2154 1807
2576 2299 2286 2276 1775
2559 2228 2596 2252 2037
2558 2318 2122 1758 2205
2516 2555 2320 1618 1935
2451 2506 1956 2083 1595
2448 2240 2572 2247 1963
2369 2425 2578 1656 2094
2344 2438 2551 1552 1999
2219 2387 2089 2468 1552
2172 2388 2390 1982 2212
2113 1764 1940 2810 1726
2205 2483 2281 2011 2191
2668 2279 2516 2072 1760
2604 2325 2280 1964 2070
2551 2223 2529 1894 2293
2541 2339 2399 2276 2071
2474 2556 1847 1761 1680
2471 2273 2719 2019 1969
2466 2368 2206 1908 2350
2451 1931 2539 2426 2001
2377 2369 2379 2028 2197
2364 2371 2635 2240 1737
2353 2262 2642 1872 2034
2297 2419 2569 2153 1873
2280 1911 2214 2020 2436
2244 2356 2215 2413 1851
2211 2418 2572 2252 1894
2328 2279 2446 2453 1971
2105 1795 2423 2594 2068
2098 2404 2108 2448 1955
2094 2503 2215 1509 2276
2068 2034 2571 2443 2170
2015 2503 2174 1631 2244
2699 2139 2393 2372 1858
2569 2153 2685 1953 2091
2564 2389 2290 1954 2156
2534 2551 2268 1880 1663
2502 2201 2619 1866 2227
2475 2390 2463 2074 2003
2466 2236 2520 2509 1691
2461 2314 2263 2492 1993
2405 2396 2436 2228 2010
2392 2272 2521 1888 2220
2387 2186 2282 2136 2315
2421 2137 2528 2212 2216
2378 2413 2329 1675 2282
2341 2370 2547 1709 2211
2210 2361 2726 1774 1816
2078 2278 2318 2207 2318
2072 2404 2652 1718 2096
2017 2181 2534 2228 2365
1998 1907 2367 2497 2290
1910 2279 2450 2449 2133
2624 2318 1981 1863 2105
2618 2396 2468 1886 2116
2599 2012 2609 2275 1747
2569 2219 2477 2156 2021
2488 2311 2346 2299 2098
2469 1927 2487 2688 1729
2462 2265 2629 1856 2313
2410 2236 2173 1814 2400
2360 2087 2636 2248 2161
2411 2316 2719 1848 2072
2232 2514 2583 1598 1890
2212 2406 2694 1516 2049
2146 2513 2586 1697 1911
2040 2231 2425 1906 2450
2587 2149 2633 2215 1819
2582 2385 2238 2216 1884
2521 2457 2160 2231 1909
2393 2257 2450 2332 2266
2340 1989 2560 2148 2347
2263 2488 2017 2129 1876
2216 2289 2686 2296 1932
2126 2161 2595 1635 2425
2096 2274 2266 2469 2046
2035 2177 2482 2490 2093
2642 2314 1929 2125 1833
2636 2392 2416 2148 1844
2480 2261 2577 2118 2041
2421 2071 2736 2009 2286
2416 2307 2341 2010 2351
2394 2260 2580 2217 2062
2390 2416 2511 2065 1878
2385 2106 2637 2652 1750
2429 2312 2667 2110 1800
2327 2308 2514 2130 2198
2248 2308 2473 2252 2166
2494 2362 2588 2023 2127
2191 2401 2050 2360 1960
2172 2017 2191 2749 1591
2154 2123 2754 1891 2234
2062 2279 2777 1830 2011
2032 2574 2321 1883 1895
1965 2050 2278 2544 2213
1918 2247 2024 2371 2179
2608 2271 2593 1998 2031
2554 2311 2205 2404 1998
2476 2236 2032 1919 2300
2470 2314 2519 1942 2311
2421 2276 2388 2365 1976
2396 2382 2039 2406 1945
2395 2484 2476 1927 1933
2380 1842 2658 2311 2003
2378 1948 2570 2488 1790
2388 2232 2560 2136 2295
2337 2125 2417 2238 2316
2221 2450 2380 1998 2051
2182 2300 2231 2357 2240
2181 2513 2298 1877 2088
2151 2384 2700 1741 1949
2098 2449 2528 1543 2237
1998 2431 2637 1753 2106
2673 2286 2523 1659 1885
2609 2293 2448 2224 1636
2577 2361 2096 2082 2083
2637 2419 2516 1738 2072
2439 2067 2684 2271 2014
2438 2250 2481 2401 2099
2418 2534 2367 1605 2018
2280 2321 2315 2403 2046
2250 1922 2742 2095 2166
2265 2509 2105 2244 1716
2715 2317 2291 2043 1744
2628 2264 2294 1897 2066
2626 2267 2541 2260 1759
2543 2366 2607 1443 2048
2510 2167 2617 2105 1967
2488 2310 2467 2204 2039
2405 2409 2533 1387 2328
2402 2309 2470 2303 2060
2398 1838 2606 2573 1731
2380 2082 2495 2518 1949
2309 2286 2628 2208 1937
2242 2334 2562 2121 2073
2199 2509 2246 2139 1816
2208 2616 2253 1875 1896
2156 2333 2565 2220 2094
2143 2034 2686 1998 2388
2107 2511 2115 2184 2035
2098 2574 2180 1988 1795
2051 2507 1742 2269 1485
2043 2319 2101 2416 2155
2774 2017 2299 2225 1538
2691 2282 2471 1921 1613
2674 2271 2452 2103 1931
2614 2454 2142 1926 1755
2541 2236 2635 2064 1909
2536 2314 2378 2047 2211
2512 2358 2536 2285 1855
2406 2229 2256 2460 2193
2447 2356 2609 2042 2120
2380 2247 2701 1889 2130
2273 2194 2439 2421 2171
2248 2300 2090 2462 2140
2247 2513 2157 1982 1988
2247 2402 2527 1983 2128
2239 2127 2422 2556 2019
2226 2080 2555 2173 2443
2205 1949 2553 2575 1974
2160 2417 2000 2413 1700
2017 2319 2645 1686 2296
2820 2139 2315 2001 1702
2739 2286 2382 1764 1785
2697 2321 2343 1781 2016
2635 2065 2649 2146 1927
2631 2428 2235 1962 1878
2549 2294 2567 1965 2164
2544 1927 2602 2243 1947
2504 2250 2340 2506 1999
2484 2534 2226 1710 1918
2463 2293 2570 2064 2185
2429 2279 2147 2138 2278
2426 2175 2167 2021 2301
2346 2321 2174 2508 1946
2304 2414 2635 2069 1840
2263 2328 2340 2362 1975
2248 2446 2584 1710 2097
2174 2329 2513 2482 1822
2140 2578 2295 1456 2208
2105 2399 2174 2364 1922
2091 2428 2579 1665 2111
1883 2092 2328 1963 2454
2692 2267 2400 2365 1659
2618 2303 2401 1744 2188
2559 2232 2583 2326 1637
2554 2310 2326 2309 1939
2587 2358 2651 1840 2073
2471 2409 2392 1492 2228
2468 2309 2329 2408 1960
2462 2236 2724 1586 2107
2435 1853 2323 2613 2029
2403 2094 2644 2121 2256
2368 2473 2502 1707 2019
2383 2289 2247 2719 1798
2161 2204 2679 2264 2132
2170 2395 2379 2362 1938
2044 2284 2489 2226 2173
2179 2502 2386 2098 2018
1803 2362 2489 2082 2149
2757 2282 2330 2026 1513
2581 2307 2409 2116 2044
2562 1923 2550 2505 1675
2499 2378 2347 2367 1902
2395 2576 2326 1672 1938
2349 2354 2305 2250 2169
2327 2261 2578 2301 1966
2305 2127 2281 2661 1919
2265 2491 2204 2085 1920
2239 2509 2649 1514 1857
2226 2417 1859 2518 1600
2166 2272 2644 2126 2187
2653 2320 2089 1997 1887
2564 2393 2277 2028 1756
2527 2192 2633 2044 1922
2430 2244 2535 1948 2296
2350 2294 2725 2073 1972
2349 2336 2404 2091 2373
2332 2150 2529 2305 2247
2330 1952 2545 2480 2004
2323 1863 2563 2456 1990
2264 2293 2728 2172 1993
2226 2399 1958 2359 1804
2198 2239 2225 2564 2141
2189 2322 2535 1804 2272
2042 2172 2548 2406 2060
1943 2346 2630 1721 2306
2478 2102 2700 2469 1696
2473 2266 2290 2559 1739
2466 2207 2201 2570 1874
2446 2350 2294 2390 1929
2443 2410 2296 2008 2159
2379 2218 2282 2240 2279
2363 2449 2360 1573 2218
2314 2154 2775 1642 2302
2251 2459 2470 2016 1949
2220 2391 2553 1763 2214
2184 2379 2222 2387 1775
2169 2224 2459 1704 2458
2131 2444 2050 2189 2063
1886 1966 2264 1996 2505
2671 2316 2037 2259 1615
2647 2307 2268 2221 1944
2635 2374 2548 1996 1839
2606 2257 2325 2380 1687
2504 2249 2461 2411 1940
2497 2417 2474 1940 2119
2494 2354 2205 2233 2101
2433 2225 2460 2172 2239
2418 2248 2464 2510 1961
2415 2354 2164 2355 2069
2367 2332 2352 2353 2101
2350 2146 2477 2567 1975
2348 2182 2784 2253 1859
2347 2224 2463 2271 2260
2251 2441 2569 1857 2153
2246 2131 2695 2444 2025
2290 2337 2725 1902 2075
2091 2427 2700 1570 2052
2052 2426 2108 2152 2235
1829 2407 2365 1907 2290
2602 2042 2411 2528 2057
2531 2246 2544 2218 2045
2438 2404 2055 2033 2154
2457 2273 2529 2253 2055
2415 2336 2263 2196 2273
2408 2034 2518 2028 2369
2345 2270 2583 1939 2171
2319 2316 2455 2197 2335
2274 2491 2460 1535 2238
2269 2455 2418 2278 1677
2259 2269 2586 2038 2192
2192 2317 2520 1951 2328
2191 2405 2037 2434 1560
2186 2554 2484 1461 1966
2149 2440 1998 2451 1791
2148 1970 2458 2720 1961
2116 2211 2779 2228 2188
2754 2139 2456 1896 1802
2681 2187 2665 1922 2091
2576 2343 2228 1930 2078
2536 2314 2509 2080 2100
2467 2398 2404 2141 2140
2438 2386 2154 1874 2358
2426 1964 2674 2087 2167
2365 2220 2411 2533 1988
2358 2436 2344 1999 2034
2300 2315 2295 2578 1775
2290 2338 2604 1997 2134
2272 2435 2347 2098 2055
2269 2437 2517 2119 1881
2249 2329 2628 2037 2040
2247 2119 2817 1708 2180
2215 2367 2411 1629 2413
2200 2507 2178 2001 1981
2183 2436 2520 2218 1902
2170 2329 2587 2159 2008
2152 2381 2530 1941 2414
2139 2261 2670 1906 2273
2128 1872 2382 2620 2147
2070 2422 2056 2414 1963
2050 2314 2167 2332 2122
2701 2374 2407 2101 1739
2605 2354 2599 2102 1801
2563 2417 2333 2045 2019
2499 2225 2319 2277 2139
2487 2292 2599 2052 2034
2456 2400 2003 2295 1882
2438 2254 2468 2475 1699
2433 2332 2211 2458 2001
2416 2146 2336 2672 1875
2413 2224 2322 2376 2160
2407 2350 2656 1887 1938
2340 2398 2590 1800 2074
2319 2076 2618 1990 2389
2300 2297 2394 2419 1979
2277 2265 2534 2300 1920
2297 2163 2598 2373 2261
2204 2550 2432 1723 1694
2163 2084 2529 2156 2416
2119 2163 2594 1806 2459
2060 2534 2304 1931 2091
2158 2547 2005 2187 1871
1895 2407 2224 2012 2190
1836 1905 2399 2098 2506
1748 2277 2482 2050 2349
2724 2424 2298 1779 1824
2668 2042 2270 2633 1957
2662 2168 2604 2144 1735
2556 2289 2633 1881 2131
2444 2293 2340 2335 2102
2426 2204 2511 2294 2113
2425 2129 2634 2257 2009
2383 2164 2595 2274 2240
2382 2254 2121 1780 2408
2365 2293 2299 2457 2070
2317 2271 2487 2455 2102
2308 2334 2552 2259 1862
2290 2431 2295 2360 1783
2267 2325 2576 2299 1768
2235 2524 1866 2254 1680
2223 2479 2229 2273 1919
2193 2361 2577 1678 2297
2188 2325 2535 2421 1736
2184 2424 2642 1482 2057
2170 2377 2478 2203 2142
2111 2187 2637 2094 2387
2105 2424 2601 1604 2025
2068 2310 2115 2594 1850
2038 2472 2535 1517 2161
2376 2457 2260 2248 1977
1917 1987 2575 1959 2445
2602 2314 2368 2185 2000
2527 2145 2697 2215 1690
2496 2090 2707 1938 2202
2431 2220 2270 2638 1888
2467 2212 2608 2159 2148
2428 2261 2279 1986 2273
2422 2387 2613 1497 2051
2465 2507 2010 2031 1962
2388 2343 2190 2135 2155
2365 2275 2398 2298 2274
2295 2209 2718 2041 2172
2209 2208 2721 2140 2193
2188 2307 2634 2262 1940
2142 2256 2655 2053 2329
2124 2353 2398 2154 2250
2095 2015 2293 2667 2070
2035 2354 2571 2274 2097
2620 2244 2524 2244 1798
2615 2294 2557 2103 1953
2612 1910 2237 2539 2007
2579 2136 2576 2113 2257
2553 2292 2458 2157 1934
2462 2289 2288 2597 1830
2411 2122 2194 2538 2074
2397 2225 2781 1999 1853
2388 2325 2289 1976 2359
2312 2265 2246 2480 2097
2296 1878 2381 2405 2304
2272 2486 2270 2001 1887
2259 2268 2707 1943 2133
2193 2486 2229 2123 1855
2165 2306 2546 1731 2414
2126 2534 2163 2036 1991
1979 2404 2421 2074 2150
2746 2316 2152 1814 1833
2681 2257 2440 1935 1905
2646 1910 2605 2115 1653
2580 2289 2541 1964 2039
2514 2086 2655 2200 1930
2449 2148 1921 2664 1450
2442 2332 2467 1908 2319
2433 2395 2532 1712 2079
2428 2085 2658 2299 1951
2406 2339 2138 2397 1883
2383 2271 2346 2560 2002
2363 2163 2457 2478 2161
2359 2253 2484 2303 2055
2342 2314 2576 2118 2188
2295 2061 2470 2535 2175
2293 2097 2777 2221 2059
2227 2204 2669 2402 1921
2160 2252 2603 2315 2057
2153 2531 2246 1843 2096
2142 2349 2346 2416 1978
2036 2342 2693 1538 2252
1970 2449 2585 1719 2114
1957 2342 2652 1660 2220
2695 2121 2312 2085 2243
2670 2310 2223 2070 1797
2516 2441 2401 1887 2134
2446 2561 2293 1772 1942
2355 2352 2655 1563 1929
2347 2131 2396 2129 2332
2341 2257 2730 1640 2110
2316 2476 2171 2185 1924
2314 1874 2329 2667 2032
2278 2562 2425 2014 1757
2262 2220 2522 1521 2404
2039 1958 2305 2310 2421
2764 2312 2100 2076 1561
2699 2253 2388 2197 1633
2598 2285 2489 2226 1767
2481 2229 2502 2048 2300
2459 2541 2482 1690 1895
2378 2265 2105 2585 1997
2339 2127 2758 2261 1971
2309 2422 2302 2314 1855
2301 2612 2316 1692 1842
2209 2042 2636 2674 1953
2171 2527 2194 2105 1824
2144 2524 2608 1490 2169
2124 1852 2089 2825 1672
2084 2176 2663 1874 2473
2062 2008 2196 1988 2506
2045 2404 2280 2179 2050
1856 2510 2320 1905 2098
2713 2117 2260 2347 1971
2671 2132 2565 2047 1820
2646 2289 2400 2069 1939
2623 2436 2176 2029 2015
2534 2437 2349 2149 1862
2508 2332 2326 2013 2219
2499 2159 2658 2107 2098
2464 2557 2241 2034 1670
2432 2207 2592 2020 2234
2361 2061 2329 2640 2075
2352 2265 2649 1855 2138
2308 2419 2302 1829 2289
2285 2313 2583 1768 2274
2267 2496 2173 1976 1936
2219 2420 2475 1949 2136
2211 2171 2535 2359 2250
2209 2207 2842 2045 2134
2206 2313 2542 1890 2242
2202 1884 2569 2510 1993
2115 2310 2372 2330 2138
2079 2122 2720 2458 2116
2064 2277 2526 2107 2290
2005 2449 2297 1899 2291
