30 5
2228
272 241 116 89 39 211
281 189 203 253 23 131
255 103 207 91 55 132
43 292 171 69 8 21
74 219 98 195 156 41
158 128 115 107 49 153
18 30 175 220 283 197
51 71 132 90 293 187
222 36 12 93 236 151
245 142 70 43 37 226
84 28 186 198 134 235
183 151 97 190 203 212
87 253 115 52 44 109
238 98 276 249 190 46
232 267 187 2 11 57
60 94 84 79 124 50
14 139 33 242 30 235
155 248 188 269 299 64
210 70 161 187 151 183
232 83 151 119 85 161
175 276 87 91 55 43
140 200 181 172 143 43
239 130 291 128 99 123
24 142 193 185 29 44
68 93 127 51 44 44
211 52 20 130 142 207
172 115 107 186 119 249
61 59 79 52 19 11
8 42 284 200 59 13
243 127 237 202 10 280
1012
2867 2931 3150 2304 2128
2807 3141 3120 2341 2247
2814 3014 3114 2307 2493
2816 3047 3234 2423 2449
2848 3062 3113 2332 2526
2741 2830 3162 2555 2376
2742 2879 3035 2236 2582
2775 3259 2948 2143 2202
2718 3081 3261 2259 2365
2668 2954 3094 2452 2356
2860 2841 3028 2270 2629
2530 2716 3117 2556 2718
2578 3233 3133 2283 2328
2495 2672 2947 2233 2761
2567 2738 3012 2327 2651
3045 3088 2928 2192 2400
2918 2966 3081 2281 2335
2956 2997 3034 2424 2226
2819 3101 3160 2512 2292
2773 2845 3041 2464 2453
2659 3169 3136 2335 2357
2507 2936 3181 2574 2415
2523 2944 3218 2480 2471
2585 2910 3269 2493 2322
2625 2689 2854 2111 2754
2436 2753 3023 2281 2696
2514 3024 3021 2238 2612
2452 2582 3035 2606 2566
3162 2851 2806 2045 2101
3087 2877 2834 2102 2346
3013 3073 3049 2283 2323
2869 3107 3171 2354 2098
2921 3020 3007 2370 2178
2720 2735 3079 2444 2521
2575 2559 2949 2555 2507
2501 2755 3164 2736 2484
2637 2823 3105 2509 2402
2601 3215 3216 2437 2387
2666 2784 3058 2329 2636
2607 2548 2797 2102 2778
3102 2710 2675 2129 2292
2893 2905 2945 2331 2315
2782 2999 3235 2398 2416
2785 3053 3161 2487 2259
2721 3135 3187 2348 2208
2738 2645 3058 2620 2492
2555 2959 3097 2389 2548
2554 2784 2901 2510 2438
2543 2647 3016 2313 2749
2557 3129 3133 2512 2268
2526 2998 3144 2569 2314
3058 2916 2881 2282 2112
2922 2949 3035 2399 2193
2902 3145 2921 2374 1958
2898 3068 3124 2174 2332
2861 2890 3066 2422 2238
2785 3178 3039 2255 2319
2772 2961 3151 2498 2330
2785 2952 3066 2597 2260
2533 2770 3043 2645 2561
2499 2722 3044 2620 2528
3100 2885 2755 2032 2250
3090 2931 2760 2191 2189
2896 2892 3103 2124 2362
2969 2820 2967 2395 2398
2707 2782 3163 2530 2343
2770 2791 3115 2375 2610
2739 2797 3042 2439 2420
2531 2868 3101 2375 2646
2661 3005 3246 2400 2268
2959 3221 2936 2233 2055
2882 3115 3092 2284 2002
2741 3165 3016 2438 2164
2982 3079 2976 2347 2133
2890 2851 3019 2242 2472
2820 3149 3041 2271 2151
2690 2966 3199 2220 2502
2736 2743 3116 2350 2577
2530 2911 3073 2295 2640
2467 2707 3165 2711 2451
2950 2981 2960 2190 2412
2826 2793 3029 2245 2596
2647 2825 3206 2472 2459
2663 3181 3267 2450 2238
2515 2860 3064 2469 2590
2224 2417 2719 2151 2837
2951 2910 2988 2219 2427
2750 3096 3140 2168 2442
2782 2898 3140 2508 2417
2483 2893 3032 2295 2658
2660 3127 3341 2361 2395
2923 3231 2932 2149 2092
2801 2922 3104 2318 2564
2614 3205 3148 2371 2365
2798 2906 3177 2414 2473
2573 2943 2945 2190 2677
2521 2810 3003 2474 2516
2677 3121 3135 2349 2387
2985 2958 2987 2244 2460
2489 2795 3124 2565 2439
2499 2853 3222 2466 2569
2642 2693 3062 2315 2734
2496 2668 3118 2531 2685
2954 3089 2792 2076 2330
2842 3129 3176 2346 2356
2735 3075 3055 2247 2357
2486 2899 3111 2649 2356
2511 2501 2959 2558 2631
2569 2902 3232 2587 2266
2896 2878 3122 2427 2347
2594 2718 2993 2235 2746
3016 3127 2975 2372 2166
2922 2848 2940 2509 2194
2510 2990 3107 2663 2258
2726 3205 3117 2289 2218
2814 2847 3187 2212 2490
2621 2918 3014 2270 2665
2577 3185 3105 2482 2239
2561 2997 3103 2157 2571
2271 2556 2745 2000 2847
2838 2938 3183 2226 2392
2860 2685 2879 2445 2298
2676 2649 2996 2519 2402
2979 3025 3050 2258 2290
2887 2992 3014 2080 2376
2868 2662 2965 2498 2485
2866 3053 3245 2265 2255
2866 3155 2917 2290 1995
2783 3111 3009 2386 2099
2754 2783 3078 2469 2554
2707 3016 2922 2523 2132
3099 2837 2874 2273 2391
2669 2838 2984 2418 2479
2616 3048 3057 2464 2333
2834 2614 2966 2473 2452
2878 2915 2895 2096 2522
3035 2964 2998 2086 2266
2868 2996 2827 2459 1926
2827 2741 2972 2507 2206
2567 3066 3122 2522 2355
2586 3090 3086 2332 2502
2691 2774 3126 2624 2287
2725 2822 3125 2649 2320
2606 3146 3058 2302 2473
2954 2964 2914 2308 2270
2629 2739 2951 2498 2521
2621 2815 3068 2603 2346
3128 2727 2691 1998 2253
2539 2951 3060 2483 2492
2577 3124 3220 2423 2485
2451 2878 3153 2386 2581
3149 2843 2885 2115 2197
2739 3213 3038 2219 2122
2323 2463 2765 2153 2822
3076 2981 2782 2077 2176
2529 3149 3151 2343 2497
3063 2786 2838 2088 2444
2850 2622 3003 2379 2508
2523 2998 3028 2593 2162
2661 3178 3230 2290 2324
3065 2789 2875 2248 2358
2928 2893 3001 2336 2424
2653 2830 2947 2512 2423
2715 3094 3103 2466 2318
2744 3055 3056 2286 2552
2551 2730 2975 2421 2595
2980 2932 3132 2294 2186
2951 2809 2893 2329 2428
2738 2913 3152 2473 2297
2728 3102 3024 2396 2222
2679 2840 3085 2381 2536
2614 2871 3222 2313 2556
3034 2825 2885 2268 2210
2611 3279 3037 2187 2277
2447 2903 3051 2686 2216
2435 2870 3116 2480 2525
2600 2394 2891 2545 2510
2674 3186 3151 2220 2228
2988 3012 2913 2333 2303
2863 2895 2954 2359 2472
2757 2837 3004 2558 2397
2692 3142 3220 2270 2472
2993 2940 3053 2224 2090
2852 2990 2977 2378 2252
3011 3040 2929 2167 2367
3009 2893 3085 2114 2420
2996 2652 2725 2328 2217
2888 2800 2941 2484 2161
2672 2825 3142 2211 2526
2676 3189 3188 2380 2142
2483 2845 3185 2560 2513
2614 3223 3137 2367 2291
2846 3125 3088 2200 2039
2863 3101 2991 2201 2152
2762 3195 3121 2373 2181
2767 2874 3105 2293 2531
3064 2895 2751 1948 2287
2673 2824 3051 2258 2688
2359 2775 3139 2573 2579
3050 3118 2740 2108 1927
2737 3147 3097 2279 2273
2671 2970 3012 2599 2052
2657 2526 2903 2342 2680
2749 3188 3035 2171 2356
3071 2924 2802 2212 2016
2589 2903 3135 2361 2588
2872 2710 2962 2233 2496
2910 3168 2940 2107 2150
2769 2616 2919 2496 2500
2635 2980 3008 2515 2089
2650 2879 3132 2561 2302
2915 2801 2991 2347 2495
2529 2982 3224 2248 2494
2247 2762 3207 2653 2502
3103 2939 2681 2121 2093
2543 2975 3126 2508 2453
2884 2670 3002 2404 2541
2645 3009 3010 2284 2567
2814 2913 3019 2417 2494
2439 2759 3102 2635 2394
2613 2994 3131 2375 2490
2899 3091 2995 2285 2115
2962 2760 2875 2128 2515
2866 2760 3023 2228 2570
3048 2972 2919 2016 2170
2662 3070 2923 2555 2066
3019 3011 2966 2196 1936
2829 3037 3166 2357 2427
2492 2849 3050 2654 2282
3066 2840 2764 2177 2287
2894 2875 3085 2267 2433
2744 2888 3129 2191 2549
2843 3071 3162 2111 2196
2486 2630 3034 2631 2599
3051 3026 2845 2105 2013
2944 3096 2806 2128 2170
2967 2817 2930 2235 2484
2875 3086 3041 2020 2273
2465 2704 3128 2551 2537
2897 3160 3019 2177 2246
2786 3168 3131 2142 2155
2703 2956 3131 2154 2480
2543 2807 3144 2380 2695
2724 3139 3176 2349 2369
2952 2817 3070 2255 2323
2936 3239 2853 2079 1996
2785 2624 2956 2402 2556
2707 2681 3068 2640 2344
2710 2697 2995 2544 2435
2543 3036 3011 2567 2207
2670 2666 2917 2557 2495
2344 2490 2881 2401 2748
3126 2861 2802 1961 2138
2545 2549 2958 2583 2664
3000 2791 2828 2271 2406
2934 2676 3013 2246 2347
2798 3241 3031 2297 2261
2586 3009 3143 2523 2282
2556 2600 3097 2698 2330
2385 2990 3162 2668 2302
2894 2733 2878 2470 2331
2912 3120 2918 2326 2192
2834 3171 3073 2067 2210
2803 3172 2873 2162 2347
2736 2642 3021 2460 2578
2533 2589 2918 2412 2619
2972 2561 2729 2314 2315
2811 3249 2952 2227 2165
2718 3109 3038 2448 2062
2713 3091 3066 2306 2404
2583 3164 2975 2148 2414
2495 2934 3225 2223 2461
2533 3038 3137 2498 2366
2879 3061 3166 2195 2159
2876 3074 3008 2402 2112
2738 3111 3090 2349 2321
2585 2561 3050 2518 2564
2640 2974 3112 2283 2585
2928 3162 2774 2014 2178
2911 3076 3045 2104 2236
2770 3126 2969 2258 2398
2694 3216 2980 2310 2184
2259 2777 2830 2062 2744
3023 2819 2844 2105 2470
2831 2880 3075 2450 2395
2829 2847 2955 2334 2439
2592 2957 3061 2450 2431
2483 2906 3070 2619 2267
2869 3045 2957 2138 2383
2845 3016 3175 2340 2196
2721 3073 2973 2132 2493
2515 2921 2949 2528 2344
2482 3009 3142 2329 2535
2530 2984 3211 2409 2523
2438 2769 2916 2264 2720
2115 2579 3139 2645 2546
2931 3106 2874 2194 2192
2844 2905 2831 2445 2024
2775 3185 3053 2307 2159
2766 2872 3118 2132 2502
2774 3150 3035 2283 2359
2634 3261 3120 2341 2336
2647 3269 3041 2271 2240
2394 2975 3122 2417 2540
2417 3136 3219 2423 2420
2285 2394 2858 2282 2807
2344 2603 2998 2349 2772
2429 2521 2715 1954 2897
2886 2756 3043 2098 2533
2821 2978 3076 2288 2535
2876 2592 2821 2461 2355
2672 2822 3064 2097 2659
2373 3050 3136 2498 2301
2378 2967 3085 2511 2484
2250 2816 3133 2742 2345
2755 2520 2781 2108 2668
2512 2867 3023 2439 2501
2468 2720 3055 2455 2628
2300 2809 3204 2502 2592
2160 2380 2742 2250 2816
2899 2806 2927 2132 2519
2874 2977 3128 2160 2430
2712 3040 3177 2377 2475
2583 3074 3159 2428 2411
2562 2999 3090 2318 2600
2574 3131 3179 2393 2396
2523 2980 3039 2597 2236
2478 3034 3040 2629 2170
2590 2780 3226 2299 2654
2817 3132 3121 2122 2303
2467 2885 2995 2389 2602
2450 2787 3088 2481 2569
2417 2676 2872 2201 2752
2344 2865 3276 2339 2472
2733 2852 2888 2070 2596
2673 3135 3262 2291 2299
2672 2989 2991 2192 2662
2619 3154 2979 2232 2377
2598 2907 3000 2455 2357
2526 2803 2936 2176 2715
2482 2802 2967 2390 2646
2347 2835 3113 2403 2578
2126 2363 2885 2362 2748
3063 2847 2723 2147 2198
2684 2960 2944 2533 2030
2402 3011 3089 2318 2535
2379 2850 2992 2312 2655
2482 2888 3157 2480 2507
2318 2696 2754 2014 2809
2897 2929 3011 2356 2276
2669 3160 3137 2116 2413
2555 2643 3069 2618 2324
2573 2936 3146 2162 2620
2398 2944 3273 2485 2515
2803 2650 2976 2493 2304
2797 2832 3076 2425 2362
2865 2803 2995 2148 2564
2730 3313 2949 2175 2136
2551 2468 2953 2541 2605
2370 2602 2791 2002 2832
2414 2951 3115 2488 2536
3143 2560 2532 2025 2199
2899 3140 2936 2135 2190
2893 2918 3057 2187 2427
2595 2853 3074 2366 2514
2629 3032 3173 2535 2206
2389 2889 2920 2357 2593
2549 2594 2877 2204 2808
2287 2855 3093 2685 2379
2908 3106 2802 2044 2207
2890 2694 2810 2034 2625
2757 2885 2860 2153 2584
2842 2700 2971 2261 2653
2710 2840 3130 2166 2516
2627 2868 2953 2275 2591
3047 2853 2902 2162 1939
2925 3128 2839 2256 2096
2909 3066 2992 2237 2349
2881 2886 3086 2292 2201
2926 2890 2964 2176 2510
2796 2706 3130 2203 2514
2498 2896 3194 2386 2563
2468 2758 3054 2640 2380
2494 2581 2882 2328 2749
2542 2805 3157 2219 2666
2642 2986 3284 2352 2419
2891 2718 3010 1976 2468
2757 3063 2977 2216 2456
2705 3150 3141 2200 2376
2584 2604 3022 2438 2558
2391 2629 2907 2250 2758
2334 2881 3002 2586 2365
2207 2519 2768 2099 2826
2028 2388 2944 2446 2771
3082 2966 2692 1922 2001
2861 2921 3101 2108 2530
2685 2819 2795 2059 2694
2542 2952 3266 2223 2443
2423 2812 3055 2672 2314
2580 3242 3227 2238 2295
2284 2801 3167 2596 2536
2266 2660 3110 2587 2560
2941 2872 2904 2319 2341
2574 2967 3145 2132 2520
2608 2544 2968 2400 2702
2332 2533 2884 2131 2817
3025 2955 2932 2133 2167
2876 2907 3081 2307 2109
2822 3158 3135 2226 2118
2746 2890 3174 2429 2116
2640 3199 3184 2296 2179
2603 2674 3011 2594 2370
2417 2742 2800 2016 2794
2561 2819 3273 2479 2420
2915 3135 2853 2308 1936
2910 2847 3039 2112 2435
2780 3190 2790 2008 2288
2739 3195 3049 2223 2196
2739 2696 2947 2549 2421
2635 2689 2890 2503 2447
2582 2899 2963 2549 2301
2497 2719 3007 2460 2614
2331 2827 3076 2497 2522
3079 2912 2766 1833 2158
2363 2842 2955 2406 2599
2316 2816 3046 2505 2613
2075 2528 2953 2460 2733
2986 2911 3002 1960 2361
2813 2890 3159 2132 2484
2801 3179 3089 2232 1973
2783 3116 2901 2192 2376
2485 2942 3083 2569 2350
2515 2546 2878 2179 2775
2941 3170 2695 1944 2082
2816 3180 2794 2092 2251
2653 2588 2676 1867 2733
2650 2776 3021 2423 2580
2637 3145 3258 2207 2336
2620 3064 2829 2132 2499
2436 3028 2946 2206 2603
2625 2849 2982 2178 2700
2905 2868 3034 2127 2343
2853 3122 3125 2206 2266
2635 2447 2619 1858 2757
2632 2635 2964 2414 2604
2638 2774 3065 2072 2626
2579 2845 3037 2460 2458
2310 2454 2904 2434 2740
2756 2834 2971 2224 2655
2611 2860 2916 2369 2535
2613 2732 3109 2495 2500
2511 3008 3094 2334 2521
2631 2817 3169 2566 2403
2266 2761 3205 2477 2559
2918 2668 2976 2340 2291
2864 2975 3027 2197 2373
2751 2475 2862 2487 2524
2632 3155 3063 2254 2375
2663 2832 3048 2475 2480
2534 3080 2993 2208 2583
2401 2831 3272 2479 2355
2298 2776 3084 2386 2636
2195 2740 2853 2161 2723
2382 2936 3236 2579 2459
2879 2750 2955 2162 2548
2514 2903 3036 2389 2584
2464 2747 3100 2471 2531
2216 2768 3134 2717 2312
2086 2350 2840 2318 2830
2601 2917 3111 2496 2343
2551 2761 3175 2578 2290
2550 2511 2925 2461 2599
2530 3236 3069 2354 2259
2549 2749 3003 2509 2456
2444 2849 3125 2597 2373
2616 3232 3231 2322 2258
2486 3130 3119 2470 2326
2383 2987 3125 2508 2388
2443 2536 2927 2403 2733
2430 2792 3225 2299 2589
2303 2863 3130 2591 2435
2198 2327 2785 2077 2846
2938 2856 2977 2415 2250
2954 2863 2819 2418 2271
2884 3005 2856 2287 2329
2593 3250 3148 2168 2199
2512 2843 3154 2400 2547
2451 3153 3076 2311 2488
2448 2807 2861 2144 2706
2232 2693 2793 2018 2753
2073 2313 2669 2045 2855
2087 2307 2868 2398 2836
2970 2871 2856 2324 2327
2871 2984 3087 2130 2341
2730 2882 3137 2523 2060
2626 2685 3025 2409 2678
2546 2861 3070 2469 2538
2544 2858 3033 2309 2624
2537 2699 3098 2386 2600
2459 2815 3074 2605 2365
2529 3027 3183 2329 2517
2545 2811 3236 2573 2364
2159 2423 2714 2170 2810
2130 2412 2980 2672 2492
2193 2850 3137 2602 2462
3065 2883 2736 2097 2281
2691 2619 3000 2319 2639
2634 2871 3095 2655 2246
2514 2846 3191 2560 2461
3045 2985 2761 2223 2123
2646 2868 3178 2392 2453
2598 2863 3185 2407 2500
2555 2802 2888 2181 2701
2503 2827 3036 2251 2649
2310 2555 2999 2324 2739
2253 2807 3094 2660 2346
3027 2844 2704 2214 2147
3022 2901 3006 2044 2324
3037 3110 2819 2178 2023
2881 2951 2930 2198 2486
2697 2915 3047 2272 2590
2673 3124 3072 2323 2430
2580 2722 3128 2398 2524
2578 2710 2956 2329 2690
2525 3007 3122 2548 2129
2422 3067 3061 2288 2506
2332 2824 3083 2411 2669
3047 3020 2829 2257 1942
2907 2723 2810 2404 2309
2863 2810 2873 2189 2510
2783 2781 3047 2309 2588
2540 2982 3085 2478 2364
2560 2569 2899 2320 2714
2522 3120 3123 2554 2289
2487 2940 2984 2194 2621
2194 2783 2825 2081 2717
2349 2827 2743 1957 2763
2378 3080 3202 2459 2508
2331 2940 3193 2445 2546
2159 2373 2933 2492 2726
1902 2417 2800 2334 2774
3066 2904 2845 1903 2254
3062 2829 2810 2008 2438
2878 2793 2927 2082 2542
2816 2755 2945 2345 2510
2730 2753 2967 2514 2406
2701 3157 3093 2195 2310
2574 2778 3005 2256 2703
2516 2722 2918 2203 2737
2488 2776 3027 2425 2599
2422 3180 3000 2176 2406
2395 2473 2716 1929 2864
3011 2873 3002 2072 2364
2982 2650 2771 2262 2430
2827 2837 3119 2146 2468
2801 2960 3103 2503 2316
2788 3171 3168 2302 2069
2809 2885 2865 2104 2596
2713 3063 3066 2255 2413
2697 2953 3046 2457 2342
2613 2676 3112 2557 2427
2559 2983 3163 2414 2509
2546 3194 3228 2213 2262
2499 2889 3043 2583 2334
2495 3000 3057 2428 2465
2495 2947 2870 2158 2668
2279 2833 2802 2032 2715
2250 2753 3168 2571 2503
2225 2409 2931 2364 2733
2918 3099 2788 1992 2367
2745 3078 2945 2164 2490
2699 2440 2937 2547 2495
2646 2650 3010 2593 2349
2616 3041 3258 2436 2276
2609 3142 2994 2286 2390
2561 3042 3062 2238 2594
2522 2953 3196 2459 2286
2425 3106 3111 2360 2494
2385 2823 3235 2573 2299
2072 2356 2641 1965 2849
2038 2464 2728 2011 2837
2033 2862 3136 2602 2397
2995 3151 2978 2003 2004
2902 3176 2956 2060 2250
2738 3104 3125 2359 2279
2491 2988 3151 2446 2383
2430 3126 3151 2357 2398
3130 2730 2728 2158 2167
3068 2846 2850 1962 2184
3047 3064 2814 2019 2084
2707 3174 3133 2149 2056
2697 3275 3199 2155 2276
2742 2690 2977 2241 2636
2751 2904 3067 2572 2227
2633 2914 3067 2575 2240
2615 2803 3169 2248 2513
2574 2772 3189 2393 2598
2391 2937 3127 2486 2433
2254 2659 2777 2113 2788
3112 2589 2671 2149 2191
3079 3079 2693 1928 2161
2961 3057 3046 2298 1966
2938 2669 2879 2114 2613
2785 3117 3242 2213 2226
2774 3211 2920 2342 2113
2738 2812 3057 2583 2298
2694 2899 3120 2368 2499
2502 3065 3114 2299 2506
2496 2835 3117 2494 2491
2320 2754 2969 2193 2714
2315 2779 2744 1932 2730
2206 2562 2740 2019 2820
1961 2336 2724 2286 2839
3073 2933 2896 2167 1983
2865 3046 3004 2430 2152
2837 3225 2999 2156 2053
2830 2921 3056 2323 2550
2726 2914 2999 2277 2576
2717 2971 3019 2242 2561
2582 2599 2942 2484 2559
2717 3305 3028 2245 2232
2546 3277 3066 2249 2240
2528 2850 2996 2403 2568
3105 2948 2775 2076 2060
3094 2912 2534 1955 2107
2970 2687 2653 1977 2518
2925 2933 2936 2096 2504
2873 3020 3082 2313 2269
2858 3255 3104 2091 2070
2842 3189 2799 2044 2153
2842 2962 3249 2251 2353
2813 2739 3018 2441 2419
2682 3141 3175 2346 2291
2675 2611 2963 2413 2583
2645 3002 3211 2256 2510
2575 2759 3141 2378 2569
2571 2762 3078 2352 2612
2564 2458 2885 2475 2583
2516 2939 2936 2199 2607
2597 2724 3072 2589 2444
2401 2998 3199 2574 2358
2291 2612 2717 1970 2818
2979 2821 2788 2399 2014
2935 3191 2825 2278 1907
2930 2878 2703 1930 2470
2928 2726 3074 2241 2421
2862 2992 3078 2341 2309
2845 2754 2897 2350 2496
2759 3251 3021 2193 2167
2657 2470 2906 2404 2607
2630 2860 3141 2486 2397
2627 2861 3154 2247 2534
2607 2774 3020 2287 2646
2603 2777 2957 2261 2689
2576 3167 3192 2343 2479
2490 2675 2953 2252 2743
2383 2819 3143 2380 2630
2430 2959 3152 2394 2592
2307 2826 3316 2396 2438
2210 2444 2910 2414 2723
3010 2916 2974 1992 2358
2998 3205 2904 2092 1847
2910 2585 3017 2232 2445
2814 3169 3021 2166 1951
2748 2850 3141 2483 2384
2878 3285 2933 2181 2026
2673 3219 2945 2320 2113
2662 2875 3020 2395 2474
2785 2784 3084 2469 2502
2558 3026 3135 2334 2503
2469 2900 2905 2207 2674
2464 2809 3082 2187 2657
2291 2818 3279 2490 2382
2085 2604 2737 2025 2799
1974 2458 2893 2247 2781
2961 2928 2876 2289 2312
2899 2935 3097 2141 2173
2850 2521 2908 2489 2509
2767 2773 3010 2403 2532
2668 3145 3067 2338 2338
2670 2592 2884 2071 2713
2645 3040 3210 2441 2262
2538 3128 3160 2460 2345
2535 2915 3053 2274 2609
2451 2835 3114 2597 2325
2453 2887 3247 2341 2548
2213 2714 3208 2628 2469
2209 2858 3174 2508 2518
2145 2875 3068 2522 2474
3102 2894 2849 1987 2217
3091 2858 2608 1866 2264
2994 2858 2891 2285 2236
2894 3007 2957 2250 2386
2866 3186 2952 1976 2287
2844 3059 3147 2260 2190
2763 2683 2982 2510 2330
2741 3222 3132 2174 2089
2726 3175 2966 2203 2371
2682 3150 3069 2050 2391
2647 2527 3101 2531 2415
2539 2869 3134 2509 2320
2456 3084 2918 2176 2574
2383 2694 2801 1991 2761
2335 2879 3099 2298 2599
2090 2371 2748 2164 2812
1814 2192 2440 1707 2902
2932 3137 2899 2189 2064
2834 3199 2850 2256 1907
2824 3161 3172 2386 2032
2738 2693 2914 2215 2679
2681 2945 3009 2551 2286
2582 3184 3232 2297 2225
2553 3094 3109 2468 2337
2546 2859 2908 2146 2686
2507 2534 2963 2713 2330
2445 3054 3271 2411 2238
2432 2962 3261 2422 2309
2253 2702 2749 2033 2782
2017 2557 3189 2658 2332
3078 2817 2892 2142 2087
2964 3152 2778 2098 2141
2937 2712 2851 2034 2607
2829 3181 2878 2114 2249
2721 2915 2929 2196 2567
2658 2735 2758 2015 2703
2539 2549 2842 2622 2407
2086 2439 2797 2091 2825
2027 2431 2916 2366 2765
3190 2693 2742 2011 2104
3081 2915 2803 1993 2072
3027 3166 2857 1912 2081
2864 3089 2976 2350 2146
2641 2736 3034 2235 2728
2636 2761 2809 1974 2744
2619 2553 2935 2225 2749
2611 2598 2894 2489 2545
2582 2892 3164 2521 2244
2475 2980 3114 2540 2327
2448 2781 3188 2508 2482
2401 2779 3078 2666 2236
2391 2957 3017 2445 2462
2338 2850 3153 2654 2340
2334 2994 3119 2534 2389
2259 2426 2788 2252 2801
2197 2700 3208 2310 2579
2118 2320 2506 1985 2854
3026 2960 2814 2248 2024
2969 2987 2966 2358 2204
2842 2925 2914 2487 2080
2841 3005 3221 2171 2347
2832 2757 3166 2388 2461
2793 2982 2829 2018 2536
2727 3262 2884 2214 2133
2714 2565 2815 1998 2703
2674 3001 3163 2261 2496
2618 2620 2752 1965 2768
2622 2833 3055 2274 2609
2537 2815 2962 2266 2705
2507 2995 2993 2449 2404
2484 3025 3035 2312 2559
3058 2975 2693 2157 2101
2927 2769 3046 2161 2415
2873 3020 3100 2080 2424
2821 3107 3246 2297 2189
2792 3017 3123 2468 2301
2792 2644 2935 2330 2564
2790 3276 2963 2028 2073
2696 2424 2758 1989 2727
2685 2792 3106 2072 2608
2684 2977 3285 2411 2202
2678 2891 3083 2462 2443
2656 2569 2875 2262 2674
2648 3179 2891 2171 2362
2654 2848 2934 2183 2686
2550 3040 3183 2379 2494
2442 3000 3345 2322 2395
2419 2839 3248 2316 2515
2306 2869 3288 2316 2432
3066 3071 2772 1998 2257
2933 2983 3096 2166 2206
2873 3215 3003 2240 2016
2824 3032 3002 2377 2378
2725 3096 3204 2429 2375
2713 2718 2617 1815 2673
2710 2906 2962 2371 2520
2614 3262 2790 2299 1960
2582 3055 3062 2288 2571
2572 3069 3058 2020 2561
2532 2899 3126 2370 2518
2474 3015 3224 2231 2472
2461 2923 3214 2242 2543
2451 2854 3127 2225 2592
2430 3226 2907 2373 2064
2476 3048 3344 2347 2428
2893 3050 2929 2170 2380
2888 2645 2815 2179 2513
2861 3035 3050 2261 2303
2831 2897 2910 2515 2120
2797 2731 2981 2535 2363
2770 2969 2760 2050 2551
2684 2945 2908 1889 2578
2643 2972 3041 2434 2355
2564 2914 3005 2279 2595
2560 2862 3245 2399 2414
2559 2751 3104 2472 2513
2555 2754 3041 2446 2556
2534 2958 3025 2194 2603
2379 2673 2893 2145 2779
2344 3032 3203 2434 2475
2279 2777 3086 2562 2579
2271 2771 2892 2712 2175
2909 2906 3139 2321 2076
2829 2746 2860 2444 2440
2641 2518 2866 2436 2624
2592 2877 3124 2308 2491
2591 2766 2983 2381 2590
2587 2769 2920 2355 2633
2568 2868 3086 2514 2306
2551 2328 2757 2560 2510
2514 3188 2958 2091 2425
2479 3102 3270 2436 2271
2367 2811 3106 2474 2574
2363 2955 3072 2354 2623
2359 3057 2770 2569 1906
2313 2799 3136 2436 2570
2362 2829 3065 2662 2422
3039 2412 2617 2205 2402
3021 2782 2989 2190 2093
2998 2948 2919 2178 2438
2894 2941 2862 2132 2464
2881 2753 2992 2322 2462
2716 3158 3032 2234 2359
2709 3209 2949 2404 2076
2704 2921 3135 2208 2575
2627 2374 2872 2453 2605
2623 2377 2809 2427 2648
2596 2767 3044 2509 2438
2542 3018 3098 2428 2447
2533 3269 3145 2319 2336
2345 2814 3015 2345 2647
2342 2156 2704 2225 2779
2318 2689 2955 1986 2752
2244 2291 2650 2097 2851
2164 2178 2691 2162 2814
2152 2731 3218 2584 2289
2092 2162 2694 2188 2833
2074 2571 2925 2380 2727
3081 2904 2613 2025 2203
3020 2671 2645 2295 1921
2870 3161 3077 2151 2173
2731 2889 2790 2072 2587
2713 2938 3238 2231 2436
2690 2777 3141 2225 2556
2642 2484 2706 2071 2752
2573 2395 2949 2658 2328
2547 2853 2907 2146 2691
2435 2827 3077 2691 2269
2417 2836 3000 2268 2698
2085 2482 2769 2011 2819
1703 2172 2523 2028 2892
3026 2873 2770 2194 2313
2898 3183 2908 2055 2184
2885 2799 3015 2018 2527
2832 3091 3092 2446 2270
2828 2899 2981 2364 2350
2803 2837 3019 2279 2559
2728 3084 3035 2400 2296
2718 3140 3073 2134 2354
2695 2797 3181 2222 2460
2662 2735 3069 2672 2278
2644 2863 3098 2438 2454
2624 2343 2649 2062 2776
2618 2596 2907 2145 2743
2590 3114 3152 2357 2463
2583 2955 3217 2434 2439
2577 2826 3115 2482 2441
2527 2670 3179 2564 2388
2510 2694 2906 2712 2139
2456 3001 2957 2569 2221
2420 2758 3129 2583 2471
2367 2849 3105 2659 2326
2310 2964 2791 1975 2669
2224 2577 2847 2218 2783
2209 2864 2572 1790 2704
2122 2667 2979 2309 2743
2008 2475 2750 2135 2849
3055 2921 2767 2068 2258
2985 3197 2983 2162 1943
2914 2607 2809 2416 2345
2898 2849 2899 2052 2513
2883 2555 2875 2188 2568
2860 2914 2860 2273 2427
2826 2692 2934 2355 2597
2801 3161 3100 2236 2047
2790 2665 3046 2321 2624
2784 2590 2902 2538 2352
2743 3220 3043 2073 2136
2737 2875 3119 2367 2478
2735 3244 2791 2040 2222
2722 2685 2877 2309 2623
2717 2805 2943 2406 2505
2694 3249 3050 2255 2130
2694 2750 2948 2581 2355
2676 2878 2977 2347 2531
2615 2970 3096 2343 2516
2594 2834 2977 2226 2674
2589 2823 3198 2219 2648
2565 2814 3160 2425 2463
2537 2953 2964 2581 2235
2452 2773 3008 2492 2548
2437 2833 2977 2664 2356
2435 3015 3056 2462 2426
2413 3196 2983 2069 2425
2298 2384 2790 2216 2785
2297 2955 3159 2591 2355
2990 3161 2783 2050 2043
2938 2867 3092 2141 2310
2896 2466 2752 2407 2369
2865 2414 2818 2179 2592
2758 3068 2877 2098 2468
2741 3069 2993 2002 2456
2706 3155 3023 2315 2233
2696 2724 2823 1827 2681
2601 3058 3007 2229 2540
2597 2829 3039 2334 2540
2549 3083 3155 2299 2488
2546 2970 3067 2604 2096
2508 3063 3223 2256 2505
2485 2902 3126 2250 2625
2458 2907 3287 2338 2452
2409 2601 3045 2326 2724
2361 2285 2733 2361 2746
2331 2467 2881 2165 2808
2306 2565 2814 2101 2811
2391 2790 3018 2482 2656
2178 2366 2828 2425 2748
1970 2584 3107 2739 2373
3111 2870 2524 1658 1815
3078 2850 2687 1936 2360
3073 3100 2823 2262 1986
3050 2743 2942 2010 2327
3015 2583 2643 2071 2490
2935 3130 2940 2219 2153
2898 2388 2716 2215 2514
2799 2868 2931 2135 2584
2758 2625 3014 2515 2374
2754 3119 2877 2036 2442
2636 3097 3230 2406 2247
2626 2978 3247 2446 2363
2625 2728 2997 2329 2672
2607 2587 2940 2320 2696
2581 3098 3034 2208 2565
2547 2700 3008 2654 2344
2531 2791 3127 2386 2520
2490 2922 3166 2247 2529
2473 2161 2583 2230 2763
2432 2773 3151 2602 2426
2375 2734 2987 2292 2726
2285 2790 2766 2056 2742
3021 2894 2765 2209 2221
3003 3136 2746 1957 1933
2920 2657 2800 2302 2444
2904 3200 2948 2009 1930
2869 2848 2879 1957 2533
2816 2749 3129 2482 2405
2685 2812 2996 2031 2637
2602 2356 2902 2478 2562
2563 2957 2977 2199 2589
2554 2797 3013 2366 2550
2535 2571 2943 2346 2715
2508 3176 3162 2144 2405
2364 2795 3179 2570 2483
2360 2939 3145 2450 2532
2357 2593 2930 2283 2750
2343 2560 2880 1913 2784
2316 2711 3239 2496 2235
2300 2845 3025 2619 2357
2288 2854 2646 1822 2718
2284 2833 2990 2630 2413
2235 2760 3251 2302 2548
2074 2734 3299 2407 2428
3078 2960 2676 2074 1930
2982 3143 3057 2073 2100
2941 3081 2871 2146 2426
2878 2737 3065 2418 2371
2861 3052 3045 2266 2504
2857 2860 2934 2184 2584
2798 2608 3072 2473 2429
2761 3099 2822 2092 2412
2760 2952 2826 2081 2539
2757 3045 2988 2220 2530
2727 2843 3027 2306 2591
2709 2791 3257 2485 2310
2691 2696 3022 2492 2512
2640 2561 2838 2356 2618
2586 2812 2892 2275 2627
2556 2631 3132 2384 2622
2549 2970 3183 2580 2248
2450 2876 2941 2397 2527
2434 2779 3051 2575 2513
2432 2961 3130 2373 2583
2405 3047 3077 2280 2530
2402 2701 2862 2113 2748
2397 2769 3077 2606 2405
2396 2810 3058 2479 2560
2371 2229 2478 1989 2828
2365 2829 2964 2000 2714
2348 2305 2669 2056 2823
2307 2993 3243 2491 2441
2294 2901 3233 2502 2512
2241 2212 2571 2111 2835
1786 1902 2439 2001 2870
