30 5
2095
196 231 168 187 145 93
130 186 288 255 133 17
53 18 286 41 62 11
193 220 86 35 95 4
186 201 146 212 63 5
23 91 236 23 110 213
115 240 231 103 28 64
251 80 213 71 253 274
213 146 28 298 14 122
3 199 155 280 111 50
284 133 141 220 288 83
265 103 155 196 39 16
92 289 95 6 192 180
112 106 159 271 104 172
93 238 203 248 218 14
297 203 278 270 255 266
186 221 202 41 249 73
56 42 194 283 179 87
295 123 192 286 95 128
290 20 67 193 100 284
39 230 20 18 200 275
116 218 29 150 92 110
222 279 283 117 95 162
36 91 118 227 209 212
187 200 231 253 93 32
71 132 94 222 281 126
30 229 45 58 80 136
1 134 115 283 250 43
146 118 133 96 177 42
8 65 74 71 18 167
641
3216 3144 3295 2884 2701
3406 3180 3643 2951 2432
3383 3327 3419 3329 2373
3564 3367 3502 3072 2346
3457 3222 3705 2627 2326
3475 3266 3361 3057 2542
3557 3364 3518 2973 2532
3045 3280 3087 3397 2505
3341 3280 3375 3160 2557
3388 3480 3346 3140 2653
3567 3330 3664 2869 2552
3662 3359 3189 3106 2475
3588 3301 3452 3025 2593
3419 3417 3280 3192 2714
3444 3265 3465 2867 2560
3519 3439 3208 3102 2511
3560 3406 3250 3188 2513
3409 3451 3134 3296 2694
3389 3395 3305 3110 2626
3542 3362 3594 2758 2297
3537 3308 3689 2787 2464
3136 3113 3225 3429 2602
3276 3196 3315 3215 2654
3075 3070 3040 3065 2815
3642 3504 3407 3104 2503
3481 3354 3386 3186 2383
3539 3435 3462 3032 2472
3409 3107 3775 2677 2257
3442 3269 3495 3221 2324
3147 2935 3501 2848 2740
3540 3350 3421 3002 2445
3454 3295 3573 2901 2501
3473 3263 3250 3150 2673
3053 2868 3087 3129 2861
3643 3419 3366 3074 2476
3530 3384 3275 3106 2425
3494 3230 3452 3105 2163
3509 3413 3487 2950 2384
3427 3151 3431 3107 2473
3340 3365 3416 3190 2584
3419 3060 3295 3071 2763
3255 3225 3527 3059 2613
3090 3183 3190 2970 2863
3063 2834 3233 3025 2881
3461 3298 3557 3000 2315
3489 3193 3759 2837 2395
3453 3207 3421 2964 2605
3376 3158 3668 2869 2344
3398 3089 3507 2915 2722
3414 3264 3353 3381 2434
3350 2974 3577 2965 2653
3023 3039 3198 3241 2803
3483 3229 3396 3046 2693
3286 3162 3461 3111 2674
3291 3199 3154 3379 2442
3330 3399 3270 3294 2564
3490 3384 3425 3171 2393
3490 3269 3200 3221 2330
3371 2945 3365 3121 2694
3273 3520 3141 3120 2574
3512 3586 3378 3107 2347
3171 3008 3730 2841 2454
3423 3378 3532 3076 2547
3478 3076 3469 3235 2413
3622 3448 3578 2918 2435
3032 3102 3114 3124 2774
2932 3206 3060 3209 2706
2778 2951 3235 2864 2811
2957 2928 3371 2889 2823
3754 3299 3113 2903 2074
3419 3056 3709 2870 2212
3331 3314 3229 3264 2537
3407 3095 3602 2921 2405
3509 3249 3588 3023 2463
3485 3232 3507 2953 2562
3529 3469 3316 3136 2452
3443 3434 3361 3262 2615
3304 3457 3075 3172 2635
3361 3336 3204 3346 2625
3011 3131 3326 2968 2733
2968 3085 3183 3119 2841
3504 3200 3184 3202 2734
3314 3212 3483 3115 2449
3280 3219 3538 3037 2594
3568 3245 3623 2839 2525
3310 3343 3441 3108 2496
3430 3213 3521 3100 2230
3092 3122 3852 2595 2250
3214 3100 2963 3280 2706
3207 3081 3379 3001 2730
3022 3028 3031 3014 2888
3612 3482 3432 3022 2415
3261 3024 3227 2896 2777
3023 3078 3134 3461 2551
3303 3050 3313 3349 2582
3309 3211 3721 2762 2189
3002 3107 3346 3305 2510
2974 2913 3101 3064 2819
3336 3526 3463 2883 2218
2812 2720 2985 2633 2954
2990 3287 3136 3055 2795
3444 3349 3320 3232 2588
3283 3486 3287 3016 2594
3455 3210 3532 2871 2474
3388 3066 3540 3142 2414
3157 3150 2966 3385 2443
3367 3095 3752 2986 2373
3399 3004 3466 2885 2695
3198 3346 3398 2885 2623
3042 3068 3260 3020 2794
3125 3097 2976 3086 2919
3384 3242 3378 3299 2346
2910 3004 3107 3273 2752
3442 3466 3540 2843 2229
2853 3125 2978 3099 2762
2889 3033 3319 3117 2711
3024 2870 3302 2846 2748
3255 3399 3646 2758 2378
3451 3284 3049 3146 2536
3387 3151 3581 3172 2441
3033 3044 3280 3357 2571
2920 2970 3253 3169 2772
3202 2928 3452 3190 2450
3181 2957 3664 3034 2409
3379 3331 3559 3026 2307
3479 3227 3613 2941 2375
3357 3129 3606 3090 2353
2739 2724 2976 3251 2776
3320 2952 3602 2883 2565
3071 3112 3676 2926 2386
3716 3311 3162 2910 2197
3270 3228 3366 3223 2401
3172 2923 3689 2811 2427
2978 2694 3344 2894 2910
3465 3236 3253 3023 2601
3069 2798 3596 2816 2583
3068 2883 3637 2846 2610
3464 3471 3448 3157 2278
3102 3071 3786 2788 2205
3002 3068 3410 3085 2762
3740 3219 3404 3027 2273
3372 3132 3445 3254 2141
3023 3095 3346 3164 2616
3699 3308 3363 3089 2126
3363 3271 3590 3143 2305
3139 3215 3560 2947 2528
3122 3144 3827 2677 2338
3077 2982 3046 3136 2850
3216 3128 2818 3090 2756
3019 3019 3734 2682 2494
2948 2904 3391 3226 2600
3461 3209 3318 3253 2323
3261 3352 3720 2648 2267
3510 3164 3547 2993 2436
3351 2889 3536 2935 2626
3316 2991 3350 2999 2732
3389 3297 3705 2922 2327
3117 2777 3081 2920 2928
3182 2872 3623 3004 2382
2835 2830 3364 3038 2801
3177 3262 3741 2726 2221
3229 3072 3594 2984 2478
3054 3110 3541 2810 2587
3384 3119 3587 2714 2570
3190 3056 3073 3324 2649
3176 2908 3260 3213 2680
3081 3159 3210 3307 2640
3203 3159 3617 2970 2363
3419 3543 3154 3187 2443
3065 2862 3088 2835 2931
3300 2945 3808 2760 2246
3394 3236 3696 2662 2153
3321 2804 3569 3084 2472
3201 2878 3349 2743 2787
3484 3144 3355 3016 2666
2942 2961 3468 3152 2520
3502 3120 3359 3191 2470
3105 3176 3291 3377 2541
3085 3120 3462 3191 2473
3208 2730 3542 2896 2673
2920 2613 3268 3048 2821
3625 3250 3626 3008 2244
3182 3359 3068 3321 2613
3224 2709 3124 3055 2775
3655 3079 3515 2896 2302
3636 3192 3191 3115 2362
3340 3008 3431 3069 2633
2980 2973 3779 2937 2183
3393 3293 3565 3225 2393
3116 2998 3567 2796 2679
3102 3558 3231 3105 2436
2992 3102 3264 3189 2742
3474 3178 3209 3120 2646
3297 2958 3702 3019 2190
3572 3367 3357 3137 2320
3353 3322 3656 2950 2350
3685 3101 3490 2978 2390
3458 3020 3640 3049 2345
3115 3142 3437 3273 2561
3413 3412 3386 3180 2527
3229 3283 3332 2937 2684
3002 2808 3303 2901 2899
3141 2954 3075 2855 2805
3552 3311 3528 2951 2252
3574 3349 3248 3148 2528
3558 3279 3477 2943 2505
3373 3297 3311 3295 2432
2878 2831 2812 2985 2934
3212 3420 3431 2916 2524
3199 3143 3088 2915 2760
3065 2773 3895 2650 2268
3223 3340 3409 2863 2604
3178 3339 3604 2762 2304
3158 3315 3178 3365 2556
3220 2859 3824 2600 2108
3543 3523 3312 3159 2408
3034 3387 3472 2969 2299
3595 3281 3150 3177 2215
3394 3208 3524 3195 2366
3225 3377 3671 2676 2290
3238 3171 3003 3274 2718
3423 3122 3454 3113 2451
3236 3206 3203 3037 2732
3284 3283 2977 3046 2731
3127 3378 3244 3313 2495
3818 3264 3101 2828 2159
3285 3494 2966 3193 2444
3409 3353 3534 3108 2395
3154 3299 3573 2952 2302
3068 2958 3066 3473 2627
3312 3588 3335 2989 2160
3170 2941 3415 2691 2726
3051 2973 3336 3298 2631
3326 3465 3502 2858 2448
3104 3126 3188 2930 2878
3030 3002 3548 3142 2590
2942 3172 3206 3105 2726
3503 3035 3318 3161 2443
3193 3308 3283 2965 2707
2758 2777 3137 2738 2907
3133 3162 3405 2812 2717
3439 3112 3538 3056 2280
3081 2819 3437 2889 2754
3454 3059 3388 3165 2512
3090 3085 3590 2782 2564
3496 3212 3343 3116 2371
3365 3058 3590 2970 2427
3203 2738 3336 2899 2734
2937 2598 2998 3223 2817
2775 2405 2882 2792 2952
3394 3334 3398 3190 2095
2926 2755 3252 3101 2773
2916 2627 3210 3067 2776
2900 2557 3439 2862 2753
3032 2637 3192 2789 2957
3336 3414 3436 3051 2403
3335 3183 3271 3271 2490
3129 2960 3074 3149 2735
2899 2642 3480 2892 2780
3137 3344 3390 3209 2515
3420 3458 3113 3157 2416
3522 2975 3141 3193 2442
3166 2942 3114 3317 2660
3506 3204 3277 3178 2033
3509 3324 3248 3203 2392
3311 2838 3423 3188 2452
3291 2782 3594 3002 2384
3301 3190 3326 3193 2635
3043 2653 3441 3132 2640
2953 3243 3443 3141 2394
2982 2760 3779 2764 2305
3735 3251 2985 2942 2196
3665 3045 3661 2792 2322
3573 3282 3316 3107 2293
3290 2867 3635 3032 2411
3177 2793 3608 2844 2612
3656 3047 2973 3117 2334
3122 3127 3615 2974 2273
3032 2897 3299 2973 2820
3760 3074 3186 3029 2245
3531 3413 3033 3175 2381
3472 3471 3303 3222 2252
3444 3093 3242 3269 2492
3759 3159 3227 3059 2272
3502 2860 3252 3007 2607
3450 3269 3350 3286 2298
3178 3172 3300 2759 2719
3273 3028 3338 3267 2494
3130 2801 3009 3440 2461
3088 3211 3831 2622 1982
3680 3241 3376 2822 2192
3481 2889 3464 2851 2566
3220 2902 3174 2915 2772
3127 3280 3542 2785 2553
3311 2855 3635 2891 2517
3054 3099 3252 2909 2774
3448 3071 3706 2856 2390
2785 2371 3028 2688 2972
3292 3532 3506 2803 2092
2965 2532 3136 3280 2645
2930 2579 3414 2944 2841
3123 3059 3786 2647 2311
3584 3341 3182 3210 2190
3452 3415 3474 3036 2184
3357 2993 3161 3244 2629
2916 2806 3318 2908 2818
3592 3222 3139 3139 2292
3436 3045 3025 3246 2759
3283 2994 3484 3163 2514
3046 3045 3112 3084 2789
2989 2997 3759 2600 2406
3304 3263 3549 2922 2494
3313 3563 3295 3109 2299
3233 2913 3263 3382 2399
3051 3039 3635 3037 2253
2979 3269 3558 2920 2416
3393 3405 3592 3057 2208
2957 3067 3605 2984 2462
3528 3485 3427 2889 2009
3255 3382 3434 3055 2313
3033 2704 3507 2939 2685
3280 2918 3701 2839 2456
3132 3093 3761 2870 2293
3076 3248 3391 3034 2601
2852 2458 3109 3092 2846
3576 3341 3327 3145 2216
3209 3109 3234 2811 2780
3108 2753 3101 3257 2705
3221 3466 3650 2703 2022
2881 2715 3511 2780 2725
3693 3431 3374 3071 2117
3449 3355 3008 3033 2597
3448 3054 3494 3153 2325
3251 3274 3547 2920 2432
3373 3378 3485 3136 2418
3158 3217 3476 2837 2614
3113 2981 3613 2919 2476
3105 3193 3503 3080 2606
2792 3228 3755 2562 1995
3293 3507 3466 2923 2231
3312 2965 3127 3384 2529
3107 3371 3450 3190 2176
3098 2787 2955 3361 2685
3087 3315 3621 3004 2108
3239 3248 3469 3240 2255
3483 3411 3271 3189 2277
3462 3124 3277 3223 2296
3310 3048 3427 2925 2652
3226 2737 2979 2865 2825
3166 3556 3393 2795 1987
3106 3091 3250 3347 2514
3085 3169 3497 3254 2222
3065 3113 3668 3068 2154
2975 2498 3282 3176 2665
3205 2766 3191 2709 2784
3224 3052 3408 3271 2563
3133 3495 3165 3157 2497
3057 2926 3217 2950 2782
3020 2934 3693 2652 2467
2985 2713 2928 3173 2886
2776 3235 3179 3382 2337
3363 3307 3541 2976 2326
3204 3350 3283 3304 2361
3197 2906 3065 2949 2773
3181 3266 3736 2488 2129
3140 2835 3611 3053 2404
3112 3524 3377 3001 2456
3102 3032 3398 3275 2382
3056 3011 3258 2980 2809
3596 3196 3109 3147 2188
3448 2917 3404 3112 2560
3428 2861 3575 2926 2492
3159 3064 3783 2552 2175
3131 2988 2929 2959 2785
3081 3061 3610 3119 2341
3008 3125 3847 2462 1844
2965 3517 3475 2687 2144
3686 3016 3449 2948 2363
3719 3205 3307 3001 2325
3515 2996 3425 3110 2250
3427 2946 3616 2956 2519
3211 3500 3504 2807 2002
3166 2959 3326 3020 2725
3138 3200 3520 2732 2633
3127 3395 3456 3016 2560
3000 2907 3586 2731 2677
2639 2828 2922 3336 2708
3842 3172 3343 2945 2235
3641 3137 3419 2675 2246
3304 2965 3272 3319 2555
3265 3348 3580 2951 2333
3259 3206 3596 2898 2381
3239 3150 3767 2712 2313
3107 3185 3325 3086 2662
3097 3422 3516 2997 2221
2912 2820 3453 3165 2511
3441 3094 3429 3067 2488
3421 3038 3600 2881 2420
3137 3456 3417 3041 2330
3135 2762 3285 2784 2801
2994 3248 3388 2939 2628
2993 3017 3223 3159 2715
2862 2424 3255 2988 2866
3649 3068 3257 3034 2142
3480 3292 2942 3085 2658
3479 2991 3428 3205 2386
3319 3160 3655 2955 2144
3198 2854 3595 3032 2543
2925 3483 3574 2643 2035
3459 3321 3154 2929 2617
3452 2878 3656 2996 2393
3148 2836 2962 2906 2807
3132 2949 3169 3239 2805
3079 3108 3618 3014 2286
3027 2761 3584 2865 2605
3169 3137 3454 2784 2694
3658 3016 3146 3004 2479
3437 3122 3145 3273 2474
3341 2985 3361 2977 2713
3234 3435 3250 3155 2515
3224 3137 3099 2893 2741
3218 2910 3424 3218 2611
2968 2987 3583 2931 2542
2953 2903 3670 2723 2508
2624 2994 3860 2432 1868
3728 3364 3162 2726 2120
3541 3149 3358 3185 2385
3203 3166 3311 2737 2700
3116 3057 3396 3243 2534
3111 3146 3577 2970 2495
3091 2768 3371 3082 2709
3077 3366 3687 2811 2153
2996 2564 3543 2629 2681
2807 3172 3113 3434 2398
2797 2805 3052 3097 2865
3000 2896 3297 2830 2864
3667 3269 3422 2979 2071
3235 3287 3217 3356 2422
3055 3164 3734 2875 2199
2804 2657 3245 3250 2751
2799 2746 3426 2977 2712
3323 2905 3095 3351 2554
3218 3108 3775 2606 2007
3214 3316 3429 3200 2381
3141 3380 3666 2543 1884
2995 2636 3845 2683 2085
3502 3556 3270 3073 2406
2966 3492 3435 2807 2283
3076 3023 3495 3199 2425
3045 3241 3151 3177 2757
3497 3193 3614 2902 2369
3270 3185 3057 3353 2494
3259 3559 3015 3016 2490
3212 3475 3464 2927 2141
2953 2485 3588 2897 2562
3705 2956 3272 2980 2362
3668 3008 3080 3066 2141
3575 3264 3207 3118 2501
3498 2931 3251 3237 2385
3444 3110 3454 2972 2557
3365 3002 3442 3047 2614
3241 3522 3479 2889 2090
3089 3186 3791 2742 2121
3075 2722 3829 2843 2223
3014 2970 3330 2861 2765
3250 3060 3594 2843 2584
2952 2570 3629 2927 2589
2970 3113 3038 2929 2891
3473 3386 3262 3192 2225
3471 2818 3479 3028 2392
3457 2977 2927 3275 2446
3261 3529 3273 3012 2409
3241 3473 3444 2826 2341
3172 2794 3131 2970 2778
2995 2679 3074 3069 2906
2932 3588 3161 3017 2205
2900 2887 3795 2777 2045
2837 2858 3219 2848 2851
3561 3004 3140 3187 2357
3451 3184 3309 3256 2271
3265 2742 3439 3274 2178
3245 2686 3610 3088 2110
3256 2845 3472 2846 2742
3024 3270 3363 3021 2716
3003 2983 3369 3055 2735
3002 3175 3732 2873 2137
2885 2683 3005 3138 2820
2762 2803 3895 2402 1791
3695 3297 3065 2884 2249
3585 3133 3475 3077 2433
3560 3089 3181 3217 2384
3303 2790 3206 3165 2719
3250 3197 3563 2955 2506
3237 3414 3592 2754 2209
3245 3023 3196 3427 2604
3164 2563 3246 2902 2785
3000 3029 3608 3123 2251
3282 2819 3418 3009 2678
3143 2592 3458 2746 2744
3084 3471 3274 3185 2323
3077 2897 3675 2858 2387
3076 2666 3510 3078 2474
3056 2610 3681 2892 2406
2992 2842 3157 3005 2879
2972 2786 3328 2819 2811
3468 3127 3535 3042 2458
3709 2917 3524 2864 2195
3585 3256 3141 3180 2163
3410 3268 3493 3078 2368
3287 3009 3768 2826 2235
3264 3457 3225 3237 2603
3253 2834 2948 3091 2777
3244 3401 3396 3051 2535
3147 2909 3842 2552 1906
3112 2766 3176 2818 2802
3093 3462 3460 2961 2204
3055 2695 3722 2922 2433
3027 3384 3488 2870 2485
3027 2501 3477 2681 2742
2971 2871 3369 2849 2838
2823 2831 3167 2876 2887
3503 2841 3484 3110 1981
3236 2849 3218 2916 2781
3158 2739 3520 3147 2448
3019 2696 3155 3139 2807
2963 2949 3468 3011 2626
2962 2648 3802 2655 2424
3594 3204 3030 3150 2500
3477 3534 3282 3171 2268
3457 3478 3453 2985 2200
3456 3247 3288 3205 2287
3351 3363 3594 2687 2047
3262 3346 3632 2794 2083
3238 3128 3653 2959 2054
3227 2995 3826 2712 2044
3215 2878 3430 2760 2740
3126 3164 3291 3236 2647
2787 2856 3118 2904 2910
3492 3326 3085 3224 2224
3455 3332 3329 3235 2314
3453 3311 3684 2654 2058
3398 3529 3057 3161 2495
3330 3527 3380 2857 1956
3290 3496 2949 3068 2551
3225 2967 3367 3241 2536
3220 3056 3548 2968 2497
3203 2790 2977 3028 2769
3180 3208 3691 2820 2362
3115 2882 3330 3089 2698
2941 3121 3125 3414 2279
2852 3075 3216 3007 2756
2794 2708 3311 3057 2796
3470 3124 3132 3288 2270
3302 2717 3769 2697 2294
3269 3525 3161 2912 2510
3242 3497 3439 3009 2229
3222 3441 3610 2823 2161
2983 2507 3563 2979 2650
2940 3206 3166 3444 2306
3714 3237 2888 2916 2248
3604 3073 3298 3109 2432
3590 3319 3120 3129 2179
3521 3223 3413 3096 2333
3480 3354 3317 3137 2452
3410 2921 3310 3279 2438
3394 2851 3539 3074 2415
3262 3504 3233 3132 2548
3095 3490 3537 2695 1917
3056 3312 3388 3213 2425
2964 2823 3648 2670 2588
2943 2536 3654 2704 2607
2765 3064 3157 3138 2772
3677 2878 3583 2754 2140
3589 3404 3161 3159 2206
3393 2936 3580 3104 2442
3373 2880 3751 2918 2374
3271 3495 3419 2908 2429
3163 2802 3499 3096 2464
3156 2982 2940 2937 2766
3155 3486 3380 3140 2245
3135 3430 3551 2954 2177
3090 3160 3019 3409 2581
3038 2813 3300 2806 2763
2942 2621 3695 2734 2634
2919 3221 3280 2955 2725
2763 2778 3855 2522 1930
3739 3060 3089 3003 2297
3670 3135 3204 2958 2359
3604 3196 2964 3212 2162
3531 3526 3201 3139 2346
3435 3169 3499 3107 2241
3429 2974 3471 2766 2569
3318 3003 3523 2755 2584
3281 3134 3497 3007 2567
3151 2989 3827 2318 1953
3113 3228 3598 3018 2223
3074 3278 2998 3368 2198
3032 3197 3707 2955 2225
3023 2613 3212 3126 2734
3022 2737 3686 2987 2216
3011 2910 3713 2989 2244
2888 2758 3513 3073 2610
2783 2902 3868 2545 1821
2622 2860 3404 2864 2777
3738 3145 3130 3033 2324
3415 3074 3237 3090 2718
3378 3082 3713 2792 2403
3298 3226 2975 3006 2746
3229 3299 3535 3047 2300
3216 3187 3599 2938 2394
3118 3026 3422 2606 2729
3105 3041 3147 2900 2851
3091 3382 3650 2560 2036
3052 3204 3501 3078 2544
3052 3076 3045 3432 2244
3047 2987 3278 3317 2586
3031 2917 3507 3112 2563
3010 2995 3754 3019 2271
2992 3226 3798 2680 2182
2987 2741 2783 2983 2936
2885 3190 3805 2641 1913
2782 2692 2902 3192 2817
2749 3008 3464 3083 2477
3475 3187 3111 3237 2286
3420 3264 3587 2907 2275
3411 3422 3471 2926 2395
3348 3158 3440 3238 2257
3315 3515 3467 2715 1985
3231 3075 3811 2478 2091
3188 2950 3541 3003 2473
3160 2756 3296 2762 2782
3114 3493 3249 3267 2411
3112 2893 3340 3053 2737
3094 3437 3420 3081 2343
3086 2632 3656 2974 2494
3067 3134 3664 2632 2563
2996 3222 3658 2983 2248
2970 3024 3845 2744 2228
2865 3275 3725 2552 1938
2864 2452 3110 2798 2916
2863 2988 3852 2705 1959
