30 5
2101
57 93 137 66 177 222
221 264 73 53 73 193
249 178 156 116 229 32
146 297 206 6 131 223
282 264 149 136 136 49
82 192 141 219 257 151
273 11 115 46 196 20
71 145 197 226 261 126
90 239 123 129 77 87
52 59 183 34 27 19
82 109 43 56 160 132
206 133 275 21 11 171
173 81 16 70 139 109
29 61 181 283 189 257
70 74 149 85 239 175
235 21 116 277 208 275
242 246 240 217 100 250
88 272 163 235 42 2
177 202 63 190 186 84
279 88 289 128 173 228
136 240 82 251 51 289
60 292 236 132 42 168
83 261 140 245 196 14
80 205 216 142 95 102
58 207 189 48 167 194
108 3 135 189 87 18
12 278 10 80 110 51
247 25 12 87 103 40
232 182 78 148 156 5
82 213 211 104 93 79
342
3467 3464 2645 2634 2669
3709 3161 3214 2895 2918
3162 2982 2669 2815 3064
3446 3091 2691 2730 3094
3870 3123 3085 2843 2648
3821 3320 2958 2698 2814
3776 3334 3065 2860 2871
3645 2999 3145 2951 2673
3576 3211 3084 2778 2734
3577 2889 2723 2792 3116
3551 3210 3125 2968 2896
3588 3052 3045 3046 2642
3952 3118 2990 2760 2836
3679 2966 2999 2942 2830
3592 3252 2963 2795 3044
3214 3241 2620 2687 3126
3866 3201 3053 2916 2675
3704 3411 2707 2598 2940
3641 3077 3113 3024 2700
3545 3230 3229 2775 2866
3884 3034 2889 2889 2618
3588 3114 3094 2848 2943
3515 2879 2860 2905 3007
3283 3029 2789 2862 3039
3835 3209 2739 2660 2962
3626 3071 3106 2911 2847
3727 3070 3133 2931 2717
3794 3167 2901 2833 2814
3587 2976 3135 2906 2709
3570 2908 2972 2993 2968
3883 3330 2821 2585 2923
3399 3380 2544 2763 2451
3493 2971 3278 2903 2804
3342 2922 2764 2865 3132
3482 3011 2932 3112 2520
3727 2994 3050 2868 2861
3708 3250 2964 2989 2653
3485 2990 3300 2760 2568
3430 3163 3005 2921 2921
3640 3373 3045 2720 3005
3797 3413 2884 2741 2762
3481 3068 3268 2833 2595
3323 3224 2917 2840 3060
3899 3201 2839 2750 2905
3261 3012 2673 2743 3112
3612 3019 2906 2995 2930
3356 3264 3023 2805 2975
3973 3215 2766 2524 2857
3884 3110 2972 2952 2474
3211 2807 2819 3044 2720
3120 2981 2709 3014 2714
3425 2887 3177 3032 2586
3802 3039 2984 2972 2430
3192 3078 2984 3015 2416
3548 2919 2966 2870 2922
3345 3039 2652 2749 3148
3357 2928 2771 2978 2985
4030 2999 2871 2812 2927
3728 2859 3061 2920 2990
3629 3148 2674 2664 3178
3567 3138 2811 2777 3069
3723 2880 3026 3003 2764
3798 2951 2848 2765 2995
3554 3233 2902 2930 2839
3550 3095 3033 2983 2738
3780 3118 3012 2792 3052
3435 3181 2280 2433 3117
3730 3258 2990 2659 2939
3531 2928 3290 2966 2708
3192 3224 2504 2568 3199
3486 3344 3096 2722 2930
3771 3171 3077 2782 3027
3698 2936 2843 2839 3091
3663 3369 2869 2771 2792
4022 3018 2893 2669 2691
3611 3110 2918 2899 2730
3797 3431 2841 2624 2892
3373 3379 2900 2633 2851
3375 3072 2844 3031 2659
3970 3027 2909 2796 2635
3952 3194 3073 2823 2692
3210 3259 2721 2751 2981
3447 2795 2759 3034 2789
4023 3075 2788 2657 2970
3861 3056 3022 2721 2961
3659 3071 2892 2745 3077
3598 3503 2840 2525 2826
3630 2852 2742 2968 2873
3512 3345 2740 2852 2530
3391 2747 2914 3094 2788
4045 2906 2847 2622 2716
3831 3071 2870 2713 2861
3486 3149 2801 3059 2621
3172 3240 2660 2886 2776
3885 2899 2900 2941 2747
3435 3383 2661 2643 2956
3805 2875 2931 2920 2952
3813 2865 2748 2858 2886
3928 3211 2916 2803 2784
3391 3201 3280 2777 2791
3660 2775 2960 3049 2772
3966 2837 2802 2868 2682
3643 2973 2803 3060 2250
3779 3061 3117 2804 2773
3446 3406 2651 2489 2944
3887 3057 2666 2851 2561
3648 3363 2862 2658 2939
3496 3009 2990 2877 3022
3397 3364 2600 2778 2751
3323 3022 2536 2630 3221
4018 3096 2861 2742 2718
3536 3204 3118 2855 3043
3409 3187 2722 2850 3047
3810 3095 2587 2642 2987
3560 3484 2779 2660 2621
3711 3273 2741 2951 2596
3459 2831 3015 2965 3006
3645 3059 3012 2960 2845
3554 3037 2954 2828 2986
3658 3206 2881 2693 2948
3821 3118 2577 2488 2975
3463 2969 2884 2912 3107
3802 2949 3071 2757 2798
3158 2938 2721 3077 2618
3962 2915 2770 2941 2709
3582 3052 2711 2870 2960
3600 3178 2917 2742 2984
3250 3161 2861 3069 2552
3932 3133 2948 2730 2757
3845 3311 2760 2720 2718
3889 2821 2932 2868 2720
3745 3154 2933 2869 2700
3481 2802 2720 2885 3050
3159 2897 2843 3051 2820
3839 3229 2877 2734 2613
3475 3119 2725 2666 3103
3572 3307 2901 2732 2917
3276 2837 3155 2949 2763
3891 3220 2861 2607 2669
3598 3308 2545 2862 2517
3351 2988 3195 2916 2640
4008 3109 2737 2445 2814
3617 2845 3227 2810 2869
3917 3034 2675 2723 2848
3578 3161 2801 2623 3057
3225 3264 2610 2533 3114
3731 2976 2949 2804 3006
3264 3414 2470 2661 2567
3333 2961 2910 3029 2697
3821 2737 2831 2997 2502
3731 2859 3092 2542 2785
3344 3321 2693 2604 3081
3480 3264 2756 2861 2817
3334 3247 2907 2686 3048
3474 2992 2874 2758 3095
3911 2916 3044 2854 3074
3285 3205 2856 2975 2855
3835 3285 2822 2723 2818
3662 3204 3104 2685 2751
3408 3112 2950 2996 2574
3355 3344 2683 2450 3069
3973 3050 2686 2758 2578
3824 3223 2870 2621 2760
3655 3287 2945 2813 2896
3430 3404 2706 2743 2666
3801 3335 2916 2668 2735
3588 2912 2713 2638 3104
3191 3374 2916 2711 2721
3989 3121 2756 2507 2767
3779 3161 2894 2720 2961
3535 2850 3322 2893 2681
3094 2620 2682 3122 2417
3902 3028 2668 2610 2995
3729 3106 2577 2924 2539
3514 2968 2610 2999 2742
3439 3437 2659 2613 2646
3674 3077 2899 2858 2930
3619 3435 2536 2523 2568
3558 3085 2850 2921 2672
3887 3298 2829 2680 2696
3888 3016 2788 2825 2763
3725 2968 2708 2977 2438
3709 2959 2833 2685 3079
3671 2971 3037 2944 2853
3394 3181 2715 2737 3194
3395 2885 2783 3041 2889
3905 2966 2585 2887 2360
3492 2871 3121 2930 2921
3362 3320 2605 2872 2448
3521 3238 3067 2643 2887
3353 2945 2754 2711 3120
4057 2912 2864 2590 2648
3516 2962 3239 2754 2552
3329 3280 2499 2907 2533
3643 3384 2935 2743 2687
3891 3055 2781 2841 2390
3795 3032 2912 2885 2943
3427 3221 2821 2702 3109
3616 2941 2938 2922 2903
3490 3001 2749 3050 2454
3428 2925 2889 3006 2804
3963 2911 2942 2705 2528
3888 3032 3004 2879 2447
3819 3244 2943 2706 2508
3626 3089 3063 2794 2977
3522 2921 3015 2861 3030
3424 2787 3020 3059 2703
3056 2879 2507 3079 2641
4080 2800 2818 2543 2673
3793 2972 2921 2850 2743
3394 2770 2691 3056 2731
3365 3102 2681 3012 2646
3989 2725 2756 2821 2707
3955 3021 2902 2683 2782
3855 2976 2682 2860 2848
3815 3264 2677 2597 2835
3666 2861 2757 3013 2275
3647 3111 2672 3007 2351
3530 2916 2977 2859 3007
3518 2783 3146 2914 2929
3492 3400 2678 2789 2403
3412 3014 2551 2710 3137
3348 3414 2755 2732 2478
3524 2890 2976 3102 2397
3526 2778 3108 2912 2906
3467 2766 3221 3022 2463
3662 3188 2780 2629 3093
3991 3124 2685 2560 2656
3823 2971 2680 2970 2172
3896 2950 2993 2642 2918
3831 3147 2953 2776 2717
3831 3117 2738 2879 2687
3703 3087 2976 2911 2809
3548 2857 2837 3051 2685
3288 3140 2602 2803 3072
3971 2892 2920 2848 2764
3670 3178 2597 2567 3027
3662 3009 2809 3022 2442
3649 2911 2960 2951 2678
3620 3009 2723 2933 2864
3615 2846 2735 2855 3020
3502 3250 3086 2705 2840
3442 3227 2828 2815 2962
3228 3081 3101 2895 2921
3082 2791 2532 3063 2649
3788 3187 3005 2640 2784
3637 3138 2491 2602 3112
3497 2974 3258 2816 2505
3450 2699 3045 3043 2711
3437 2981 3215 2823 2657
3587 3203 2844 2942 2678
3410 2881 3170 2919 2733
3640 3171 2664 2510 3166
3090 2786 2494 3061 2626
2956 3236 2564 2578 3130
3692 2890 3161 2914 2438
3689 3176 3172 2865 2839
3458 2694 3007 3041 2688
3108 3333 2753 2614 3012
4072 2878 2915 2802 2804
3711 2977 3016 2933 2555
3491 2972 2786 2948 2955
3405 3049 2853 2903 2946
3227 2981 2944 2922 3038
3907 2730 2851 2904 2519
3787 3087 2848 2667 2901
3773 2981 2777 2943 2660
3513 3264 2542 2695 3047
3412 3280 3099 2658 2682
3847 2754 2975 2910 2829
3820 3206 2965 2455 2512
3783 3129 2902 2815 2734
3728 3023 3159 2688 2342
3707 3135 2872 3004 2495
3648 3161 2481 2448 3100
3287 3033 3232 2844 2844
3887 3133 2749 2914 2417
3800 3258 2670 2484 2982
3725 3379 2732 2658 2901
3667 3351 2768 2707 2937
3207 3435 2653 2645 2875
3160 2997 3000 3024 2703
3084 2917 2708 2756 3136
4038 2924 2883 2652 2601
3904 3262 2517 2583 2665
3883 3213 2889 2434 2653
3746 2768 2980 2956 2789
3712 3064 3126 2818 2864
3712 3034 2911 2921 2834
3318 3245 2962 2940 2770
3127 3194 2625 2473 3131
4026 3018 2656 2481 2613
3959 2989 2910 2778 2555
3814 2955 3088 2725 2730
3659 3244 3094 2507 2782
3634 3311 2662 2742 3022
3567 3061 3288 2740 2612
3279 3291 2814 2509 3013
3204 3412 2876 2683 2932
3162 2920 2620 3013 2763
4021 3077 2539 2495 2732
3976 3118 2678 2447 2803
3901 3239 2740 2621 2722
3524 3287 2532 2541 3035
3286 2933 3075 2871 2961
3086 3316 2637 2495 3085
3936 3101 2956 2825 2530
3877 2962 3012 2704 2871
3816 3111 2731 2766 2834
3676 3384 2721 2577 2917
3630 3173 2793 2795 2921
3481 2646 2750 2874 3094
3205 2964 2828 2803 3111
3158 2782 2751 3066 2662
3140 2947 2673 3127 2429
4053 2990 2832 2663 2675
3953 3230 2724 2494 2778
3790 2869 2924 2807 3099
3706 3192 3100 2723 2596
3468 3120 3017 2984 2825
3294 2928 3037 2869 2938
3253 2893 2969 2906 3046
3917 3167 2921 2584 2856
3749 3014 2916 2994 2372
3324 3344 2904 2745 2749
3323 3117 3179 2906 2573
3219 2949 3131 2973 2626
3096 3074 2635 3057 2662
3775 3139 3085 2877 2800
3645 3334 2652 2588 3010
3443 2896 2987 2912 2941
3261 2888 2931 2904 3023
3937 3158 2851 2813 2809
3792 3268 2853 2546 3048
3693 3263 2793 2691 2945
3688 3100 2805 2613 3101
3573 3025 2860 2877 2984
4078 2802 2569 2381 2435
3566 3227 2561 2871 2804
3429 3536 2816 2575 2907
3312 2869 2897 3061 2616
2926 2592 2422 3137 2352
