30 5
2612
87 48 50 255 29 126
90 114 50 114 134 26
55 232 148 96 258 44
229 172 146 165 15 276
167 272 63 61 104 95
231 190 142 113 277 4
238 199 249 120 13 84
277 67 148 258 162 106
2 224 111 147 221 125
123 220 98 19 280 34
113 44 56 87 288 33
222 227 231 172 47 76
88 157 274 235 115 269
42 116 26 284 95 246
241 51 167 171 69 279
204 181 156 92 100 144
256 23 203 20 194 83
95 281 239 202 49 54
171 222 2 196 206 96
274 148 278 141 19 47
253 56 60 109 147 160
85 104 182 288 123 76
71 51 189 142 85 237
195 88 160 29 283 198
124 90 178 103 64 197
281 17 85 42 257 231
201 174 167 83 162 123
290 65 6 179 206 90
248 233 177 240 261 292
271 218 214 149 153 277
2625
3115 2615 2902 2957 2624
3151 2508 2884 2961 2771
3179 2901 2966 2678 2724
3187 2693 3061 2692 2592
3092 2862 2826 2764 2612
3102 2919 3073 2602 2462
3252 2715 2907 2769 2735
3056 2841 2925 2459 2830
3213 2558 2994 3023 2584
3224 2733 2855 2735 2743
3076 2601 3126 2596 2858
2987 2626 2970 2992 2532
3108 2694 3069 2685 2751
3065 2759 2871 2766 2804
3142 2762 3127 2713 2572
3152 2798 3011 2680 2916
3010 2941 2878 2937 2521
3126 2787 3097 2598 2691
3060 2530 2895 2925 2824
2978 2705 3148 2654 2886
3049 2790 2970 2804 2634
3052 2732 2959 2892 2877
2903 2448 2854 3020 2932
3001 2955 2857 2760 2661
2889 2695 2870 2788 3007
2839 2634 3005 2890 3008
3003 2787 3185 2505 2847
2854 3027 2792 2545 2538
3005 2808 3103 2652 2694
2933 2841 3013 2366 2986
2892 2698 3094 2775 2961
2802 2711 3071 2369 3017
2942 2759 2959 2673 2960
3055 2496 2998 3285 2461
3075 2816 3118 2604 2654
2939 2551 2901 2979 2827
3117 2680 3090 2862 2611
3085 2941 2993 2492 2739
3015 2698 3006 2868 2805
2937 2763 2843 2992 2781
2992 2848 2850 3024 2581
2974 2852 2902 2762 2853
3067 2519 2904 2863 2845
2901 2708 3021 2860 2829
2852 2721 3294 2514 2676
3042 2801 2961 2866 2613
2841 2902 2958 2327 2848
2844 2863 2981 2731 2988
2978 2609 2947 3098 2733
2862 2859 2929 2993 2716
2823 2548 2824 3340 2688
2741 2632 3203 2784 2790
2843 2774 3195 2313 2805
2908 2759 2976 2515 3025
2805 2552 2876 3078 2960
3290 2579 3027 2725 2649
3266 2814 2767 2941 2582
3268 2787 3017 2535 2828
3206 2616 2921 2914 2795
3182 2721 2880 2923 2742
3224 2683 3075 2540 2663
3057 2514 3072 3066 2460
3243 2705 2980 2684 2867
3113 2594 2984 2810 2777
3173 2711 2953 2838 2874
3108 2837 2856 2879 2493
3031 2673 3036 2983 2686
3085 2515 2852 3125 2573
2924 3021 2819 2391 2531
3197 2630 2900 2737 2935
3081 2734 2901 2881 2685
2992 2945 2930 2675 2793
3008 2596 3077 2957 2607
2937 2530 2983 2832 2980
2958 2820 2841 2413 3024
3028 2766 3013 2552 2885
3024 2708 2933 2953 2673
2969 2623 2926 2921 2873
3047 2834 3066 2570 2662
2920 3027 2651 2650 2438
2985 2694 3157 2592 2907
2825 2898 2952 2591 2795
2848 2644 2932 2975 2876
2735 2854 3053 2181 2840
2857 2630 2953 3152 2736
2976 2756 3079 2688 2915
2911 2896 2985 2173 2841
2937 2859 3044 2548 2934
2877 2397 2736 3291 2506
2905 2469 2772 3167 2779
2814 2562 2803 3163 2828
3076 2505 2925 3040 2705
2945 3059 2813 2219 2648
2836 2655 2811 3215 2561
2517 2746 3137 2451 2937
2944 2780 2877 2820 2807
2855 2615 3092 2983 2835
3191 2707 2901 3100 2602
3326 2668 3003 2900 2317
3169 2504 2832 3223 2499
3206 2712 3122 2470 2948
3185 2858 2889 2581 2558
3074 2769 2798 2851 2672
3224 2740 2951 2544 2674
3083 2755 2819 3028 2532
3040 2780 3043 2719 2766
3078 2526 2843 3187 2552
3041 2891 2847 2770 2575
3023 2537 3037 2711 2905
2964 2873 2894 2799 2520
2964 2866 2798 2990 2589
3106 2902 2790 2357 2829
2922 3000 2901 2244 2684
2921 2444 2802 3282 2660
2996 2726 2881 2919 2681
2915 2748 2985 2453 3046
2977 2887 3015 2336 2742
2843 3002 2785 2854 2600
2907 2691 2818 3050 2735
2962 2665 3141 2839 2696
2841 2873 2982 2706 2676
2827 2639 3257 2663 2715
2825 2889 2931 2294 2916
2871 2966 2936 2729 2796
2788 2820 2698 3171 2588
2811 2562 2969 3014 2735
2864 2632 3115 2877 2634
2690 2461 2919 2521 3144
2848 2651 3028 2784 2807
2983 2838 2923 2939 2713
2910 2694 3042 3037 2689
2732 2615 3180 2890 2991
3359 2810 2830 2758 2528
3217 2597 2986 2951 2430
3183 2837 2971 2434 2711
3257 2707 2760 3205 2502
3126 2690 3017 2947 2479
3021 2783 3133 2767 2575
3081 2835 2903 2956 2458
2940 3005 2870 2803 2291
2994 2680 3178 2769 2767
3072 2748 2880 2704 2825
2829 2666 2802 3277 2540
2948 2611 3155 2800 2781
3022 2687 3015 2806 2826
2994 2686 3235 2747 2713
2991 2830 2982 2872 2576
2762 3019 2851 1992 2747
2628 2537 2695 3381 2494
3033 2694 2954 3130 2533
2798 2788 2901 2784 3056
2800 2692 3078 2710 3118
3354 2794 3071 2414 2753
3226 2704 2993 2687 2510
3250 2703 3010 2919 2767
3270 2808 2935 2682 2675
3158 2755 2934 2583 2750
3133 2776 3106 2536 2712
3060 2566 2789 3267 2399
3059 2721 2968 2830 2898
3145 2632 2821 3153 2670
2987 2619 2874 3183 2601
2827 2630 3236 2366 2836
3066 2531 3095 2960 2259
3015 2643 2900 3122 2805
3064 2510 3177 2813 2412
2944 2663 3136 2599 3022
2853 2873 2908 2816 2856
2827 2543 3056 3107 2562
3118 2732 2818 2997 2777
2916 2518 3212 2711 2888
2960 2724 3018 2339 3086
2895 2707 3134 2186 2963
2851 2852 2990 2669 3009
2779 2795 3123 2322 2863
2770 2378 2911 3291 2489
3259 2680 3010 2799 2748
3206 2590 3047 2627 2723
3120 2705 3068 2591 3023
3090 2841 2908 2617 2765
3125 2877 2983 2502 2653
3048 2535 3147 2698 2531
3003 2747 2981 2858 2646
2894 2719 3012 2922 2808
2996 2701 3096 2916 2614
2987 2715 3075 2739 2754
2980 2524 3041 3081 2334
2864 2625 3019 3068 2703
2873 2707 3241 2801 2716
2925 2439 3034 3049 2534
3135 2797 3024 2683 2559
2916 2816 2726 2945 2611
2918 3006 2733 2503 2591
2757 2799 3081 2374 2985
2858 2976 2937 2213 2833
2793 2597 3245 2608 2851
2908 2679 3181 2868 2788
2688 2568 3114 2899 2837
3242 2679 3023 2802 2391
3194 2844 2910 2758 2418
3043 2789 3083 2130 2768
3055 2931 2811 2363 2792
2919 2801 3049 2773 2769
2656 2501 2846 3256 2690
2985 2751 3033 2596 2918
2751 2835 3140 2274 2667
3014 2729 2925 2990 2340
2777 2480 2840 3202 2687
2598 2524 3215 2489 2882
2592 2565 2941 2579 3172
2891 2599 3047 2714 3069
2682 2552 2964 2985 3116
3215 2576 3068 2804 2583
3200 2814 2908 2836 2682
3076 2834 2986 2756 2659
3081 2995 2680 2458 2778
3053 2848 3050 2403 2846
3019 2671 3192 2947 2462
2879 2727 2667 3175 2539
2997 2647 2952 2860 3077
2970 2844 3035 2585 2536
2898 2588 3056 2652 3090
2914 2649 2938 2392 3154
2807 2774 2922 2961 2916
2913 2800 3162 2099 2903
3199 2601 3038 2689 2702
3008 3007 2955 2123 2609
3053 2920 2899 2584 2722
3010 2503 2573 3362 2524
2959 2740 3119 2514 2693
2927 2562 2780 3219 2512
2966 2614 3199 2871 2440
3110 2578 3161 2951 2413
2933 2851 3177 2371 2617
2855 2609 3035 3005 2889
2852 3006 2874 2398 2691
3206 2593 2891 2993 2571
3220 2855 2824 2840 2643
3229 2962 2831 2576 2723
3173 2712 3096 2546 2626
3172 2902 2649 2462 2729
3176 2751 2882 2845 2478
3145 2728 3022 2709 2823
3202 2859 2876 2578 2915
3003 2696 3162 2832 2581
2774 2918 2952 2300 2879
2850 2753 2943 2608 3117
2825 2891 2856 2782 2864
2764 2706 2772 2972 3008
2732 2613 2829 2883 3115
3345 2687 3064 2678 2673
3248 2721 2739 3028 2642
3033 2991 2769 2615 2606
2935 2863 3074 2221 2585
3052 2750 2677 3067 2525
2761 2865 2967 2263 3065
2964 2962 2999 2546 2742
2651 2588 3304 2374 2835
2846 2623 3014 2828 3029
3196 2748 3087 2684 2480
3083 2638 3078 2807 2747
3190 2898 2597 2724 2457
3073 2927 2759 2625 2520
3012 2854 2988 2594 2726
2834 2895 2778 3118 2520
2817 3034 2934 2331 2619
2871 2839 3110 2190 2734
2816 2791 2945 2855 2715
3016 2912 3019 2723 2537
3131 2590 2932 3072 2505
2925 2922 2946 2322 2751
2709 2965 3111 2038 2764
2868 2830 3070 2779 2732
3103 2937 2941 2754 2467
3082 3034 2766 2361 2600
3026 2817 2944 2586 2914
2854 2733 3191 2364 2644
2926 2675 3129 3130 2516
2816 2784 2849 3046 2784
2779 2958 2995 2176 3005
2806 2898 3078 2320 2671
3152 2980 2938 2500 2461
3205 2743 3041 2592 2483
3035 2755 3022 2490 2906
2801 3021 2907 2298 2687
2827 2793 3108 2220 2978
2873 2611 3040 3245 2563
2832 2965 3023 2131 2608
2610 2781 2522 3111 2597
2953 2511 3070 2925 2807
2642 2626 2806 2477 3171
3160 2637 3042 2523 3016
2882 2628 3063 3139 2362
3180 2700 2962 2776 2895
3092 2582 3213 2689 2685
2912 2745 2761 2466 3092
2877 2854 2973 2118 2977
2955 2855 2992 2810 2662
3055 2869 2968 2550 2693
2935 2862 2931 2513 2833
2925 3042 2779 2695 2276
2908 2769 3140 2520 2656
2669 2920 3045 2447 2709
2605 2513 3224 2427 2903
3004 2636 2961 2798 3098
3277 2797 2944 2620 2696
3148 2927 2874 2180 2738
2999 2753 2813 3117 2553
2896 2684 2879 2726 3028
3239 2711 2812 2943 2774
3108 2806 2967 2283 2891
2971 2507 3018 3187 2535
2931 3010 2828 2329 2552
3055 2773 2767 2994 2540
2901 2666 3068 2901 2706
2975 2721 3206 2607 2520
2811 2670 2854 3015 2812
2630 2856 3146 2328 2670
2910 2700 3099 3015 2635
2975 2715 3149 2629 2574
3354 2697 2991 2763 2541
3219 2837 2956 2688 2638
3101 2740 3039 2451 2830
3067 2641 2979 2706 3070
2864 2623 2668 3061 2827
2656 2609 2731 3257 2767
3238 2742 2731 3065 2309
3125 2721 2827 2935 2798
2815 2930 2749 2978 2327
2839 2954 3032 2069 2629
2743 2653 3121 2931 2637
2876 2906 3093 2272 2631
2684 2573 2882 3132 2963
3172 2742 2872 2960 2409
3098 2866 3009 2282 2739
3048 2880 2856 2708 2596
2984 2595 3110 2531 3015
3056 2842 3068 2167 2582
2782 2702 2720 3234 2736
2994 2752 3027 2950 2643
2843 2614 3287 2778 2596
2999 2934 2939 2613 2814
2943 3077 2542 2328 2523
3261 2701 2928 2946 2595
3202 2622 2753 3173 2702
3144 2783 3045 2860 2419
3048 2528 3051 2889 2600
3053 2905 2926 2407 2857
2755 2895 2904 2448 2923
3076 2651 2906 2791 2938
2977 2736 3067 2776 2421
3056 2851 3089 2464 2461
2732 2717 3044 2523 3024
2718 2975 3038 2123 2632
2693 2797 3090 2740 2817
2927 2880 3036 2585 2601
2940 2996 2849 2506 2412
3030 2526 3046 2649 2926
3008 2920 2960 2790 2674
3092 2745 3085 2543 2827
2985 2598 2956 3036 2754
2982 2710 3215 2545 2541
2603 2753 3191 2330 2862
2773 3057 2756 2423 2491
3124 2669 3099 2800 2632
3040 2683 2963 3068 2554
2879 2595 3278 2190 2897
2911 2688 3221 2279 2790
2934 2875 3102 2501 2568
2691 2871 2940 2417 3072
2527 2656 2746 2745 3138
3265 2898 2712 2279 2675
3098 2715 3061 2722 2418
3019 2848 3067 2245 2911
2551 2719 2837 2473 3220
3266 2707 3016 2655 2820
3192 2823 2992 2611 2571
2974 2965 2943 2068 2745
2813 3088 2621 2297 2658
2832 2765 2936 3139 2611
3363 2804 2998 2499 2621
3037 2777 2819 2732 2812
3012 2797 3112 2590 2715
3091 2613 3132 2811 2220
2693 2788 3069 2443 2938
2781 2699 3300 2248 2925
2880 2777 2924 2481 3033
2809 2700 3080 2307 3038
3308 2575 2975 2987 2377
3030 2670 3190 2478 2947
2962 2521 2997 3010 2675
2927 2877 3072 2266 2668
2922 3009 2922 2541 2563
3006 2657 2879 2945 2945
3026 3003 2903 2385 2337
2857 2935 3007 2154 2492
2936 3002 2681 2765 2319
2639 3019 2939 1899 2903
2784 2739 3164 2518 2651
2841 2870 3018 2387 2743
2698 2613 2846 2725 3180
3285 2876 2931 2432 2528
2933 2511 2516 3281 2631
2864 2716 3042 2741 2969
2992 2818 3104 2136 2731
2838 2683 2825 3171 2339
2860 2838 3011 2846 2869
3010 2741 3060 2509 2831
3313 2742 2846 2620 2527
3055 2493 3154 2919 2613
3073 2617 3184 2549 2492
2866 2647 2976 3046 2535
2852 2772 2936 2267 3016
2483 2744 2803 2286 3126
3274 2884 2733 2456 2535
3048 2619 3074 2562 2866
2768 2735 3158 2782 2598
2803 2762 3212 2370 2607
2786 2784 3132 2260 2884
3127 2636 2873 2891 2942
3058 2776 2991 2981 2494
3148 3034 2625 2466 2500
3070 2843 2705 2980 2465
2825 2909 2757 2941 2660
2638 2505 2898 2994 2962
3322 2719 2846 2500 2508
3304 2635 2839 2884 2447
3183 2894 2847 2438 2722
3017 3017 2882 2208 2477
2860 2925 3006 2179 2804
2739 2706 3053 2461 3045
3215 2579 2912 3170 2431
3187 2747 3093 2330 2755
3003 2690 3105 2854 2635
2932 2630 3068 2707 2954
2775 2802 3229 2322 2411
2918 2894 3015 2408 2741
2880 2607 3145 2992 2515
2955 2532 2988 3072 2654
2757 2636 3209 2520 2843
2740 2752 2725 2967 2814
3336 2701 3043 2501 2813
3036 2966 2782 2223 2599
3035 2812 2898 2494 2917
3004 2898 2989 2556 2656
3149 2837 2988 2276 2776
2825 2713 3107 2340 2970
2855 2613 2741 2976 2959
3016 2621 2551 3299 2376
2887 3028 2961 2177 2612
2862 2684 2896 2568 3093
2597 2650 2773 2591 3131
2709 2801 3096 2476 2870
2665 2828 3086 2395 2742
3099 2851 2835 2702 2633
3200 2815 3051 2544 2434
3122 2726 2986 2738 2870
3151 2829 2930 2802 2451
2820 2680 2781 3100 2680
3012 2682 3183 3009 2441
2766 2322 2428 3366 2603
2595 2677 2523 2997 2885
3011 2705 3161 2338 2754
2841 2879 3039 2684 2622
3286 2783 2965 2797 2556
3063 2840 3098 2402 2482
2865 2869 3047 2375 2592
2909 2947 2916 2207 2870
2665 2427 3312 2511 2646
2914 2777 2907 2639 2968
3178 2752 3139 2422 2752
3119 2685 3168 2687 2493
2982 2691 2933 2605 2953
2862 2523 2891 3230 2617
3250 2694 2989 2622 2888
3027 2677 3227 2134 2702
3006 2888 2814 2617 2798
3011 2696 3140 2041 2875
2864 2619 2962 3090 2757
2973 2603 3208 2809 2461
2859 2761 2945 2205 3037
2969 2365 2939 3231 2519
2866 2737 2960 2888 2816
2570 2730 2953 2712 2992
3160 2494 2905 3138 2631
3024 2982 2985 2238 2490
2843 2894 2900 2853 2523
2702 2807 3017 2825 2685
2718 2974 2895 2415 2880
3005 2712 2902 3096 2541
3106 2903 2933 2065 2581
3089 2726 2960 2814 2548
2931 3019 2849 2626 2431
2736 2904 3051 2474 2678
3009 2428 3014 3147 2460
2801 2845 3083 2344 2741
2770 2824 2750 2909 2860
3136 2622 2894 3068 2802
3076 2604 2970 2962 2706
3185 2635 3152 2510 2642
2983 2902 2878 2264 2985
2857 2941 3064 2132 2438
2788 2968 2922 2261 2873
2966 2770 2975 2916 2651
2998 2819 2991 2810 2597
2689 2466 2820 3210 2844
3154 2739 2828 2889 2750
3211 2632 2680 3258 2570
2942 2851 2940 2451 2854
2916 2798 2825 2786 2815
2628 2835 3228 2181 2823
3284 2703 2964 2917 2548
2966 2607 3103 3062 2509
2695 2692 3246 2369 3000
2704 2924 2925 2454 2886
2620 2467 2892 2675 3151
3120 2904 2570 2878 2464
3003 2844 3061 2509 2858
2649 2845 2756 2963 2863
2929 2781 3249 2192 2730
2706 2564 3062 3161 2565
3326 2715 2939 2729 2549
3064 2503 3081 3004 2481
3041 2533 2985 2973 2633
3013 3023 2714 2467 2384
3024 2660 2923 3016 2604
3026 2837 3076 2183 2932
3049 2748 3017 2845 2511
2918 2885 2994 2111 2862
2809 2709 3101 2604 2917
2873 2609 2689 3238 2687
2834 2628 3266 2601 2736
2885 3079 2892 2211 2641
2571 2311 2299 3407 2409
3179 2900 2679 2697 2629
3111 2918 2549 2701 2604
3101 2592 3140 2774 2553
2985 2843 3001 2764 2595
2822 2762 3086 2641 2731
3029 3055 2620 2586 2276
2725 3026 2993 1778 2828
3120 2962 2589 2590 2227
3030 2574 2989 2922 2794
2704 2702 3173 2454 2868
2731 3027 2880 2452 2694
2734 2636 3098 3037 2838
2946 2870 2850 2728 2861
2722 2795 3201 2367 2808
2573 2731 2826 2692 3070
2810 2422 2653 3421 2392
3240 2708 2885 2850 2624
3039 2515 2911 3192 2634
2891 2735 3070 2875 2442
2882 2712 2990 3003 2697
2954 2837 3124 2658 2657
2963 2758 2946 2996 2303
2771 2934 3010 2253 2513
2885 2916 3020 2357 2499
2759 2628 3151 3046 2518
2734 2941 3152 2039 2594
3072 2657 2738 3050 2845
2932 2791 2756 3060 2492
2841 2694 3194 2433 2797
3099 2991 2628 2720 2506
3242 2736 2899 2806 2402
3124 2908 2902 2624 2188
2969 2575 2916 2984 2804
2867 2913 2872 2409 3073
2837 2956 2645 2293 2887
2866 2755 2861 3047 2612
2663 2889 2888 2383 3080
2782 2778 2909 2421 3023
3326 2722 3035 2538 2480
3211 2639 2776 3067 2501
3090 2744 2828 2966 2553
2943 2852 3102 2381 2549
2854 2742 3212 2661 2523
3082 2805 3127 2542 2675
2950 3042 2645 2358 2536
2544 2849 3092 2449 2745
3215 2723 2928 2650 2875
3193 2636 2732 2996 2842
3094 2603 3131 2836 2532
2821 2527 2906 3193 2841
2849 2865 3041 2639 2539
2665 2806 3017 2409 2946
3169 2511 2928 3032 2430
3039 2512 3067 2826 2786
2882 2730 2891 3162 2493
2785 3124 2470 2422 2462
2787 2700 3187 2922 2791
2889 2714 3152 2728 2595
2727 2961 3059 2300 2492
3001 2675 3244 2685 2734
2624 2534 2506 3343 2522
2818 2299 3048 3240 2348
3169 2645 3132 2686 2672
3046 2510 2977 3108 2601
2870 2741 2646 2998 2679
2929 2998 2931 2479 2584
2952 3063 2563 2505 2383
3350 2703 2823 3022 2448
3074 2583 3052 2815 2859
3069 2587 2936 3134 2680
2885 3007 3043 2030 2765
2662 2619 2824 3193 2542
3215 2626 2848 2999 2663
3146 2901 2989 2224 2803
3299 2565 3048 2902 2509
3372 2790 3019 2676 2481
3120 2732 2807 3063 2550
3092 2579 3000 3077 2587
2923 2672 2905 3143 2562
2903 3003 2991 2292 2493
3011 2551 2760 3317 2438
2878 2955 2945 2667 2817
2744 2577 2922 2553 3130
2771 2876 2991 2541 2750
2768 2236 2832 3335 2473
3157 2669 3112 2484 2500
3090 2713 2939 2370 2951
3039 2518 3124 2804 2732
2945 2768 2999 2084 2962
2907 2574 3077 2829 2950
3223 2779 2640 2957 2294
3069 2909 2932 2143 2910
3022 2646 3205 2555 2455
2954 2741 2923 3102 2504
2935 2782 3136 2866 2596
2862 2950 2623 2790 2515
2838 2773 2809 3013 2620
2834 2877 2877 2959 2724
2861 3016 2801 2483 2559
2633 2766 2671 3222 2474
2520 2700 2877 2517 3156
3160 2659 3111 2509 2812
2913 2775 2735 2859 2800
2748 2674 2711 2623 3179
2720 2891 3024 2441 2746
2808 2802 3255 2246 2733
2815 3013 3016 2184 2772
2623 2794 3042 2597 2945
2845 2635 3205 2925 2443
3198 2696 2910 3038 2623
3106 2912 2954 2362 2460
3081 2880 2882 2632 2918
2978 2745 2620 2571 2992
2843 2806 3135 2253 2910
2774 2729 3019 2335 3025
2718 3032 2914 2127 2643
3044 2585 2702 3174 2572
3021 2588 2968 2745 2934
3046 2507 3133 2742 2753
2819 2791 2779 3004 2808
2933 2753 2954 3012 2653
3010 2911 3132 2049 2671
2894 2797 2605 3161 2464
2858 2690 2728 2827 3000
2721 2527 3031 2875 3045
3240 2661 2949 3021 2392
3201 2833 2919 2696 2439
3124 2672 2943 3166 2480
3046 2511 3016 2939 2586
3001 2755 3039 2332 2971
2704 2735 2992 2489 3032
2623 2606 3252 2340 2843
3331 2738 2794 2882 2255
3037 2563 2998 2860 2815
3037 2659 3199 2416 2968
2859 3064 2810 2302 2416
2750 2609 2777 3145 2843
2850 2795 3144 2191 2931
2831 2779 2893 2171 3045
2508 2826 2840 2137 3087
2733 2883 2915 2229 3073
3175 2733 3014 2693 2473
3170 2794 2959 2942 2644
3022 3009 2735 2644 2244
3102 2966 2641 2328 2499
3015 2995 2821 2353 2878
2924 2741 3206 2316 2604
2824 2790 2884 2233 3024
2950 2984 2878 2766 2624
2693 2790 2994 2931 2886
2546 2369 2446 3435 2331
3187 2594 3016 2770 2591
3078 2604 2959 3028 2479
2871 2590 3122 3098 2716
2641 3040 2857 2046 2750
2498 2380 3334 2427 2648
3222 2568 2921 3108 2452
3284 2858 3063 2280 2523
3035 2575 2775 3089 2704
3021 2789 3190 2745 2521
2811 2927 2560 2940 2355
2586 2667 2596 2912 3017
3182 2722 3023 2631 2494
3125 2969 2964 2280 2547
2895 2899 2871 2734 2824
2797 3027 2739 2557 2594
2738 2731 2807 2820 2967
2598 2876 3020 2308 2878
2728 2777 2925 2863 2872
3388 2615 2798 2685 2494
3012 2701 2911 3034 2562
3035 2758 2866 2856 2754
2980 2649 2797 2497 3054
2950 2723 3096 2620 2894
2844 2945 2654 2231 2908
2894 3016 2827 2407 2881
2920 2798 3192 2334 2803
2839 2953 2889 2361 2877
2533 2807 3019 2191 3001
2755 2927 3099 2326 2634
3191 2708 3044 2808 2354
3123 2570 3052 2739 2740
3147 2820 3057 2203 2529
3170 2793 2672 2961 2549
3196 2757 3020 2415 2623
3059 2701 3165 2408 2567
2913 2895 2819 2996 2552
2917 2689 3108 2953 2656
2779 2810 2771 3086 2720
3084 2826 3045 2689 2522
2881 2850 3134 2468 2419
2734 2883 3133 2327 2831
2650 2897 2997 2595 2753
2649 2617 3166 2422 3068
3118 2970 2647 2064 2552
3084 2815 2594 2703 2796
2928 2684 2755 2673 2993
2922 2810 3089 2184 2771
2930 2838 2789 2379 3032
2663 2490 2855 3194 2711
3178 2586 3054 2956 2512
3106 2905 2858 2553 2529
3047 2734 2918 2723 2750
2863 2765 2862 3022 2300
2855 3015 2914 1809 2693
2781 2718 3028 2273 3046
2988 2840 2983 2847 2264
2540 2796 3028 2129 3022
3102 2811 2542 2965 2524
3066 2690 3174 2346 2588
3062 2920 2820 2301 2813
3062 2696 2631 3246 2308
2911 2619 3216 2464 2762
2688 2670 2942 2922 2968
2767 2810 3170 2389 2548
2538 2394 2872 3241 2727
2572 2632 2779 2631 3178
3283 2894 2660 2541 2403
3156 2737 2860 2802 2751
3011 3002 2796 2320 2537
2914 2686 2884 2966 2702
2848 2891 2967 2265 2869
2968 2375 2725 3327 2453
2771 2966 2950 2193 2618
2760 2956 2581 2946 2318
2816 2899 2830 2856 2792
2619 2728 3221 2445 2743
2816 2881 2929 2697 2996
2642 2628 3157 2484 3047
2599 2554 2950 2517 3193
2615 2655 2742 3150 2738
3150 2919 2816 2706 2413
3098 2708 2965 2913 2487
3078 2919 2859 2228 2778
3165 2770 2817 2808 2843
3037 2500 3050 3023 2733
3118 2883 2652 2731 2617
3113 2891 2799 2295 2850
2921 2651 2987 2996 2715
2905 2670 2900 2903 2888
2850 2883 2909 2791 2544
2789 2767 2918 2359 3044
2825 2681 3167 2400 2865
2985 2923 2796 2411 2832
2613 2114 2458 3419 2416
3174 2733 2808 3064 2479
3127 2893 2579 2816 2485
3071 2844 2998 2665 2574
2927 3016 2660 2588 2459
3015 3005 2985 2358 2509
2670 2340 2854 3393 2501
2490 2733 2812 2224 3147
2804 2877 3160 2173 2824
2830 2458 2864 2945 3049
3220 2739 2687 2994 2650
2996 2447 2761 3203 2726
2758 2824 3149 2212 2688
2681 2899 3132 2140 2437
2625 2979 2975 2306 2686
2706 2670 2596 3155 2766
2501 2713 2513 3017 2789
2520 2667 2737 2807 3117
3268 2690 2937 2884 2616
3199 2898 2853 2174 2775
3028 2858 2994 2330 2779
3106 2641 2869 3214 2331
3002 2661 2786 2716 2904
2867 2725 3082 2152 2971
2861 2731 2719 2913 2811
3074 2847 3037 2726 2189
3021 2850 2527 3140 2356
2867 2914 3015 2117 2825
2750 2611 3128 3152 2719
2824 3080 2819 2273 2651
2947 3023 2855 2362 2484
2852 2624 3214 2863 2464
2648 3029 2866 1984 2771
2916 3056 2758 2518 2416
2626 2803 3082 2008 2947
2790 2931 2979 2333 2811
2480 2417 3241 2474 2919
2274 2076 2314 3445 2207
3021 2519 2963 2930 2906
2975 2714 3110 2798 2589
2954 2826 2673 2672 2931
2873 2726 2969 2826 2837
2930 2612 2994 2926 2955
2880 2600 3049 3183 2584
2922 3002 2826 2732 2632
2860 2502 2973 3083 2770
2857 2883 3045 2420 2675
3109 2908 3082 2540 2483
2747 2460 2850 2477 3126
2621 2749 3139 2592 2590
2848 2722 2525 3214 2532
2792 2515 2656 2926 3059
3332 2707 2875 2760 2720
3245 2731 2740 3003 2330
3115 2709 2952 2910 2844
3063 2647 2811 2965 2977
3077 2832 2714 2918 2486
2860 2485 2869 3326 2267
2832 2887 2961 2529 2816
2725 2946 3198 2131 2591
2610 2742 3200 2268 2883
2814 2763 2931 2899 2937
2567 2713 2372 3122 2689
2533 2817 3183 2196 2632
2672 2482 2933 3349 2517
3092 2585 3057 3055 2533
2961 2737 3028 2849 2456
2993 2717 3154 2869 2248
2920 2789 3171 2037 2924
2898 2693 3077 3096 2524
2714 3029 2725 2089 2671
2797 2920 2988 2271 2832
2812 2541 2885 3016 2981
3316 2775 2703 2774 2240
3090 2660 2782 3121 2504
2951 2369 2991 2969 2791
2938 3013 2928 2277 2616
2858 2616 2965 2963 2913
2991 2696 3236 2722 2401
2813 2896 3108 2555 2571
2692 2731 3223 1965 2860
2786 2793 3153 2557 2763
2879 2604 3299 2487 2776
3174 2730 2964 2698 2631
3104 2793 2813 2856 2649
3142 2819 3003 2717 2583
3001 2594 3034 2994 2495
2886 2716 2676 3113 2560
2904 2765 2808 2774 2932
2832 2655 2831 3076 2768
2934 3067 2615 2243 2655
2711 2986 3029 2185 2611
2718 2811 3023 2561 2738
2851 2613 3226 2156 2905
2784 2974 2754 2520 2780
3061 2857 2684 2803 2605
3201 2890 2795 2700 2450
3066 2973 2884 2621 2536
3015 2996 2964 2061 2630
2997 2665 2670 3035 2725
3067 2663 3048 2692 2866
2926 2755 2924 2777 2753
2876 2612 2913 3225 2641
2734 3036 2920 1863 2696
2852 3051 2622 2584 2318
2748 2677 3205 2338 2807
2941 3101 2372 2367 2303
2933 2913 2731 2514 2973
2709 2964 2968 2330 3012
2670 2530 3108 2580 3026
2734 2634 2747 3030 2962
3179 2891 2658 2400 2750
3145 2639 2917 2962 2601
3199 2869 2877 2553 2603
3074 2837 2873 2721 2558
3024 2820 2700 2518 2924
2965 2809 2850 2351 3045
3019 2921 3059 2134 2539
2957 2597 3176 2977 2641
2935 2872 3095 2518 2464
2878 2668 2947 2980 2853
2588 2726 2901 2974 2720
2646 2831 3176 2443 2551
3063 2830 2934 2397 2851
3033 2992 2912 2323 2358
3117 2744 3045 2187 2883
2848 2948 2843 2269 2880
2839 3011 2908 2073 2640
2769 3063 2588 2682 2398
2577 2719 2962 2650 3013
3289 2865 2801 2327 2419
3197 2887 2606 2662 2478
3262 2761 2703 2621 2859
3056 2833 2542 2669 2804
3047 2744 3082 2728 2381
3042 2816 2648 2780 2652
2986 2806 2840 2738 2775
3018 2570 3220 2398 2622
3026 2724 2877 2444 2986
2934 2866 3081 2204 2689
2918 2539 3130 2858 2735
2671 2465 2429 3388 2315
2645 2629 3030 2464 3125
2621 2773 2720 3087 2590
2489 2764 3085 2417 2945
2654 2480 2928 3109 2843
2723 2548 2949 3022 2892
3333 2711 3044 2476 2501
3229 2725 2708 3171 2510
3159 3026 2823 2442 2493
3031 2809 2709 2456 2945
2948 2605 3098 2822 2835
3102 2908 2622 2616 2736
2700 2864 3161 2280 2630
2663 2496 2912 3172 2657
2661 2730 2822 3097 2670
2716 2953 2977 2268 3033
3234 2771 2838 2933 2287
3074 2829 2490 2931 2532
3051 2816 2904 2230 2970
2974 2759 2835 2620 2925
2975 2708 3053 2820 2643
2934 2952 2817 2417 2795
2960 2447 2785 2976 2914
2875 2937 3012 2394 2166
2876 2900 3036 2294 2685
2841 2782 2959 3033 2410
2758 3025 2683 2251 2654
2790 2899 3039 2393 2706
2862 2604 3101 2921 2856
2862 2602 2750 2914 2980
2637 2845 3155 2266 2691
2560 2920 3138 2194 2440
2538 2663 2685 3069 2845
2455 2762 2751 2252 3134
2576 2699 2393 3299 2549
3176 2634 3141 2624 2693
3053 2752 2849 2847 2693
3052 2847 2757 2718 2737
3033 2713 2886 2382 3007
2908 2751 2593 2725 2999
2889 2932 3138 2103 2674
2678 2600 2911 3286 2369
2678 2598 2560 3279 2493
2656 2901 3022 2153 2811
2544 2448 3318 2565 2649
2649 2615 2815 2415 3192
3218 2628 2785 3005 2522
3129 2962 2845 2040 2545
3017 2930 2887 2875 2542
3006 2772 2677 2771 2805
2992 2755 2783 2882 2653
3045 3059 2626 2322 2329
2976 2986 2861 2215 2592
3047 2733 2540 3138 2293
2936 2745 2975 2840 2776
2868 2476 2914 2953 2860
2862 2483 2940 3112 2687
2754 2505 2709 3199 2739
2830 2537 2833 3278 2709
2747 2522 3165 2661 2919
3154 2746 2924 2698 2681
3046 2762 2961 2814 2613
3039 2870 2929 2623 2728
2989 2828 3105 2111 2419
2981 2748 2844 2558 2946
2963 2861 3027 1997 2902
2882 2926 3021 2332 2187
2866 3052 2676 2532 2685
2941 2616 3089 2884 2814
2748 2326 2480 3104 2875
2663 2726 3016 2529 2938
2604 2663 2544 3174 2745
2567 2909 3147 2132 2461
2545 2652 2694 3007 2866
2462 2751 2760 2190 3155
2522 2571 2914 2733 3179
2362 2371 2835 2756 3172
3280 2600 3019 2762 2316
3113 2900 2820 2592 2729
3024 2768 2625 3033 2533
2978 2443 2733 3238 2642
2907 2710 3100 2990 2323
2989 2809 3064 2725 2729
2840 2758 3034 2903 2459
2875 3101 2513 2262 2403
2731 2636 3084 2343 3050
2960 3016 2686 2512 2781
2663 2890 3031 2091 2832
2650 2955 3016 2307 2516
2929 2775 3192 2214 2784
2593 2656 2605 2850 3038
2584 2890 2990 2213 2800
2575 2771 3139 2296 2870
3085 2659 2996 2954 2594
3051 2923 2655 2516 2732
3057 2866 2877 2885 2456
3003 2691 2984 2949 2694
2983 2975 2870 2153 2613
2928 2720 2791 2581 2973
3010 2833 3070 2447 2879
2853 2473 3013 3027 2819
2990 2827 2932 2877 2734
2869 2854 2995 2909 2683
2746 2936 2900 2266 2887
2690 2691 2860 3069 2815
2598 2821 3030 1974 2955
3215 2837 2847 2381 2676
3150 2680 3103 2546 2479
3108 2807 3110 1991 2643
3124 2726 2975 2804 2643
3094 2762 2835 2863 2674
3074 2652 3057 2630 2887
3006 2664 2975 2754 2876
2990 2578 2794 3204 2556
2970 2850 3036 1935 2923
2967 2750 2973 2851 2655
2980 2673 2859 2824 2954
2924 2750 3227 2613 2483
2893 2925 3019 1863 2672
2939 2374 3243 2742 2498
2942 2861 3104 2456 2485
2941 3056 2624 2181 2676
2711 2724 3001 2427 3053
2602 2479 2885 3206 2645
2665 2815 3038 2706 2825
3151 2772 3054 2798 2440
3178 2655 3059 2771 2540
2910 2698 2748 3008 2759
2894 3017 2970 2115 2633
2876 2686 2676 3089 2728
2905 2953 2748 2466 2777
2871 2469 2961 3289 2547
2850 2889 2966 2769 2490
2676 2727 3217 2229 2807
2890 3080 2678 2378 2551
2582 2760 3148 2234 2891
2547 2770 2692 2805 2925
2453 2278 2804 2760 3123
3287 2589 3028 2700 2337
3233 2833 2795 2643 2404
3179 2731 2881 2898 2430
3187 2762 3066 2507 2620
3132 2518 3070 2818 2511
3235 2815 3066 2534 2529
3105 2707 2914 3026 2287
3046 2517 3073 2917 2532
3094 2744 2934 2704 2878
3004 3013 2787 2382 2516
2915 2515 2568 3019 2903
2957 2370 3191 3004 2226
2697 2680 2869 3007 2836
2735 2624 3220 2301 2993
2489 2363 3311 2533 2849
3227 2735 2792 2741 2602
3093 2801 2615 2880 2656
3173 2762 2876 2741 2706
3064 2513 3021 3179 2260
3194 2736 3102 2268 2776
3013 2653 2984 2692 2897
3004 2802 2788 3000 2503
3064 2600 3161 2655 2693
3007 2805 3012 2987 2457
3011 3059 2672 2324 2548
2939 2667 3020 2918 2843
2935 2872 2449 2882 2603
2933 2914 3005 2255 2614
2900 2914 3028 1801 2693
2878 2659 2926 2683 2974
2922 2824 3077 2290 2738
2861 2731 3221 2599 2544
2489 2562 2753 3173 2769
2371 2496 3002 2445 3129
3240 2715 2981 2659 2555
3278 2905 2899 2257 2376
3203 2631 3100 2772 2370
3081 2836 3046 2664 2210
3139 2927 2618 2730 2420
2951 2844 3161 2314 2412
2914 2795 2808 2798 2764
2843 2864 3154 1965 2673
2840 2764 3091 2881 2405
2813 2887 3087 2258 2692
2736 2962 3070 2186 2441
2886 2593 3308 2425 2797
2572 2635 3273 2346 2806
2507 2359 3259 2795 2577
3289 2864 2658 2619 2667
3216 2876 2933 2284 2498
3139 2507 3079 2756 2532
3089 2698 3038 2828 2619
3069 2982 2924 2032 2538
3068 2714 3189 2693 2456
3005 2862 2563 2675 2767
2957 2625 2965 3082 2482
2956 3009 2876 2539 2344
2897 2591 3032 2853 2842
2832 2943 2954 2145 2812
2843 2279 2742 3374 2469
2905 2931 2679 2480 2981
2539 2625 2969 3078 2644
3094 2766 3003 2690 2674
3053 2757 3027 2730 2580
3040 2642 3153 2817 2183
3009 2587 3163 2540 2695
2996 2838 2648 2484 2932
2957 2741 3219 2000 2472
2937 2827 2798 2317 3053
2848 2940 3053 2246 2489
2889 2707 3056 2919 2664
2797 2731 3055 2306 2978
2822 2873 3108 2435 2552
2855 3070 2642 2561 2323
2697 2713 3164 2516 2847
2637 3046 2689 2305 2657
2827 2645 2884 3130 2693
2691 2562 2891 3070 2984
3136 2623 3037 2776 2554
3117 2816 2894 2368 2759
3092 2633 3032 2715 2750
3071 2502 3030 3117 2281
3043 2740 2750 2982 2657
3023 2858 2511 2937 2495
3000 2706 3163 2807 2269
2940 2500 2525 3219 2652
2925 2383 2394 3030 2853
2915 2587 2980 3115 2570
2885 2811 2584 2984 2604
2850 2853 3163 1903 2694
2820 3077 2630 2235 2679
2762 2734 3271 2108 2732
2743 2951 3079 2124 2462
2572 2634 3130 2638 3054
2378 2432 2717 2496 3236
3223 2865 2942 2222 2519
3167 2483 2914 3076 2652
3191 2765 2920 2812 2365
3293 2868 2990 2365 2391
3096 2687 3047 2766 2640
3014 2834 2596 2746 2660
3013 2909 2795 2736 2583
2988 2852 3041 2175 2597
2943 2734 2984 2778 2797
2924 2904 3078 2170 2746
2885 2793 2683 2825 2808
2864 2734 2943 2900 2765
2839 2932 2963 2083 2833
2806 2419 2464 3383 2420
2841 2872 2943 2875 2691
2756 2537 3162 2459 2951
2751 2813 3071 2288 2871
2704 2543 3144 3014 2718
2676 2458 2832 3330 2353
2967 2713 3027 2277 3107
3295 2618 2816 2990 2648
3157 2509 3084 2996 2206
3178 2640 3086 2594 2675
3101 2755 3012 2628 2695
3033 2767 2930 2752 2684
3003 2827 2657 2422 2953
2959 3052 2572 2443 2404
2946 2684 3054 2746 2869
2943 2379 2342 3292 2581
2978 2693 2728 3070 2749
2930 2661 2914 3081 2583
2878 2663 2632 2654 3044
2817 3002 2994 2391 2514
2902 2285 3184 2972 2426
2644 3035 2698 2243 2678
2798 2450 2947 3167 2762
2627 2347 2486 3158 2878
2614 2857 3107 2401 2705
2591 2419 2652 2995 3024
2641 2960 3062 2399 2513
2684 2604 3097 2354 3054
3173 2769 2972 2550 2637
3187 2771 2752 3071 2272
3063 2839 2955 2694 2730
2969 2734 2945 2424 2954
2961 2730 2932 3040 2525
2946 2777 2783 2586 2933
2950 2741 2997 2779 2690
3014 3092 2529 2478 2261
2887 2766 2933 2419 3054
2880 2787 2442 2850 2803
2957 2712 3105 2558 2915
2869 2848 2938 2931 2737
2813 2800 2907 2999 2418
2827 2802 3129 2517 2857
2769 2723 3280 2046 2753
2723 2758 3040 2341 2988
2667 2848 2800 3034 2522
3024 2981 2842 2530 2738
2558 2703 2445 3037 2821
2463 2504 2943 2998 2920
3159 2621 3025 2816 2319
3139 2513 3136 2734 2478
3133 2833 2982 2540 2723
3110 2635 3037 2955 2424
3049 2814 2678 3015 2552
3066 2773 3066 2193 2846
3039 2680 3117 2563 2815
2944 2858 2470 3059 2463
2842 2506 3219 2420 2825
2763 2526 3171 2397 2972
2705 3019 2798 2004 2803
2647 2722 3010 2793 2885
2632 2853 3055 2663 2433
2629 2320 2736 2752 3124
2705 2602 2855 2663 3201
2558 2889 3056 2042 2962
3023 2834 2852 2196 2978
3009 2593 3220 2518 2641
2976 2564 2925 2922 2825
3011 2929 3000 2201 2676
2945 3002 2937 2215 2637
3050 2774 2507 3106 2305
2938 2791 3176 2277 2598
2902 2540 2958 3050 2682
2898 2783 2390 3112 2531
2877 2646 2609 3091 2651
2931 2739 3236 2551 2504
2697 2874 3162 2255 2318
2818 2395 3249 2796 2501
2755 2663 2720 2561 3200
2774 2920 2877 2788 2827
2579 2623 3139 2576 3075
2319 2562 2749 2324 3231
3109 2897 2631 2554 2757
3092 2639 3089 2693 2696
3049 2749 3160 2553 2263
3072 2888 2673 2722 2698
3089 3023 2775 2299 2621
3027 3063 2678 2060 2601
3018 2694 3170 2276 2775
3001 2726 3063 2711 2799
2953 2766 2792 2524 2954
2941 2898 2763 2796 2572
2880 2598 2698 3176 2708
2877 2706 2749 3028 2692
2865 2827 2846 2792 2778
2812 2794 2883 3028 2263
2790 2550 3198 2893 2643
2772 2620 3042 2834 2845
2730 2747 3049 2279 3009
2715 2410 2667 3356 2338
2665 2718 2958 3055 2613
2801 3030 2928 2595 2566
2653 2764 3013 2495 2995
2599 2738 3228 2344 2614
2565 2692 2454 2975 2842
3253 2490 2968 2955 2577
3187 2597 2860 3136 2439
3145 2730 3044 2512 2634
3197 2896 2627 2959 2357
3090 2440 3134 2733 2669
3062 2731 2887 2336 2959
3027 2589 3168 2780 2369
3032 2965 2518 2673 2575
3023 2938 2757 2637 2248
3016 2417 3023 3085 2481
3037 2494 2993 3045 2787
2990 2587 3095 2670 2788
2963 2998 2885 2477 2365
2963 2848 2930 2838 2584
2985 2697 3001 2958 2755
2908 2558 3020 3059 2619
2907 2949 2751 2782 2336
2909 2877 2992 2514 2942
2830 2726 2577 2952 2804
2871 3107 2345 2521 2310
2655 2792 2567 2537 3034
3207 2803 2917 2774 2703
3105 2999 2498 2482 2212
3050 2968 2562 2744 2234
2959 2365 2798 3242 2585
2889 2921 2687 2117 2948
2868 2855 3168 2143 2368
3025 2568 3250 2633 2522
2864 2872 3054 2358 2696
2790 2709 3227 2333 2793
2787 2947 3037 2286 2445
2713 2650 3151 2750 2798
2597 2659 2794 2888 3010
2583 2688 2402 3237 2570
2654 2486 2985 3087 2789
2797 2927 2705 2907 2668
2568 2535 2990 2561 3129
2549 2792 3213 2311 2513
3185 2629 3095 2532 2696
3163 2726 2992 2774 2362
3108 2436 3082 2995 2397
3099 2628 3098 2631 2717
3155 3023 2634 2404 2521
3069 2933 2591 2884 2427
2973 2773 2987 2298 2979
2968 2737 2945 3041 2418
2961 2815 2682 2610 2952
2913 2902 2915 2805 2483
2866 3053 2819 2240 2437
2796 2509 2824 2667 3152
2784 2697 2963 2935 2837
2770 2611 3151 2233 2979
2731 2664 3000 3171 2322
2773 3066 2777 2720 2370
2806 2646 3214 2567 2744
2872 2954 3058 1993 2951
2666 2337 2665 3355 2529
2639 2731 2685 2797 2970
3011 3001 2653 2612 2785
2474 2512 3310 2431 2419
2611 3055 2788 2024 2707
3194 2586 2869 3074 2460
3188 2877 2679 2577 2610
3169 2600 3033 2779 2652
3137 2504 2699 2902 2892
3062 2371 2942 3223 2244
3059 2836 2766 2656 2758
3029 2998 2744 2582 2265
2997 2648 3095 2568 2829
2996 2696 2772 3141 2408
2968 2719 3044 2882 2622
2953 3023 2496 2507 2306
2915 2547 3029 2997 2640
2882 2718 3047 2981 2643
2879 2867 2810 2385 2995
2815 2766 2981 2894 2779
2805 2943 2985 2548 2173
2797 2539 3207 2831 2664
2791 3026 2852 1883 2728
2776 2612 3038 2907 2845
2759 2318 2678 3080 2868
2732 3015 3002 1716 2849
2718 2860 3109 2542 2358
2676 2955 2807 2770 2602
2644 2896 3110 1921 2887
3117 2826 3058 2373 2390
3117 2624 3046 2893 2445
3090 2981 2701 2635 2638
3028 2508 2972 2868 2927
2909 2595 2995 2976 2797
2785 2685 3085 2199 2992
2716 2790 3105 2414 2891
2707 2853 3170 2218 2651
2706 2666 2890 3184 2696
2639 2865 3088 2342 2640
2814 2769 2988 2877 2883
2425 2633 2502 3308 2378
3213 2605 2930 2852 2816
3200 2872 2927 2548 2445
3175 3030 2829 2178 2546
3082 2596 3109 2917 2421
3065 2819 2563 2846 2664
3027 2905 2817 2675 2497
2987 2744 2390 2361 2966
2929 2643 3046 2929 2578
2922 2761 2756 3036 2660
2921 2530 2826 3187 2546
3002 2894 2646 2876 2705
2906 2992 2834 2369 2599
2839 2468 2791 3030 2917
2832 2772 3032 2948 2542
2821 2677 2787 3124 2665
2804 2404 2400 3084 2856
2777 2600 3160 2171 3000
2777 2314 2626 3342 2596
2750 2861 2995 2339 2796
2686 3074 2595 2511 2354
2763 2310 3242 2764 2701
2509 2939 2995 2195 2772
2703 2629 2605 3069 2955
2371 2724 2592 2986 2924
3208 2884 2874 2351 2635
3102 2424 3077 2964 2406
3096 2744 2923 2770 2651
3069 2360 2951 3161 2265
3036 2531 2969 3145 2268
2994 2566 2930 3162 2499
2946 2509 3027 2962 2695
2929 2661 2814 3207 2286
2911 2754 2817 2712 2953
2893 2867 3000 2151 2909
2886 2813 2756 2764 2772
2798 3015 2861 1821 2749
2789 2842 3193 1915 2628
2813 2745 3063 2747 2932
2743 2755 2949 2954 2768
2725 2849 3118 2480 2379
2651 2885 3119 1859 2908
2540 2805 3049 2426 2901
3299 2612 2984 2731 2741
3280 2593 2923 2953 2385
3213 2900 2633 2695 2410
3159 2969 2947 2438 2482
3060 2947 2570 2707 2567
2870 2453 3072 2939 2735
2855 2986 2938 2188 2521
2806 2377 2650 2678 3102
2794 2638 2787 2451 3129
2777 2840 2997 2378 2946
2848 2868 3048 2622 2643
2754 2792 2689 2560 3031
2781 2306 3190 3026 2429
2609 3082 2538 2430 2461
2493 2878 3113 2455 2708
2480 2404 2330 3403 2458
3207 2861 2936 2486 2466
3241 3030 2688 2283 2446
3132 2677 3059 2475 2820
3072 2808 2572 2784 2685
3055 2550 3030 2923 2624
2972 2992 2693 2474 2499
2926 2507 2766 2995 2896
2924 2517 2764 2403 3104
2917 2737 2614 2902 2859
2904 2809 2704 3026 2500
2873 2916 3094 2247 2319
2839 2761 3041 2886 2563
2740 2533 3156 2723 2898
2676 2942 2873 2420 2894
2854 2748 2839 3128 2501
2590 2694 2904 2363 3149
2558 2899 3220 2047 2593
2516 2928 3004 2133 2793
2437 2724 2451 3091 2824
2378 2713 2601 2924 2945
3215 2873 2883 2289 2656
3132 2923 2868 2444 2685
3088 2486 2917 2978 2608
3060 2802 2925 2407 2830
3053 2351 3075 2963 2597
3043 2520 2978 3083 2289
3018 2534 3142 2788 2481
3015 2758 2698 2948 2665
3001 2554 3083 2876 2565
2995 3042 2584 2152 2584
2948 2662 2974 2826 2846
2916 2544 2887 3157 2634
2888 2449 3020 3201 2463
2863 2847 3051 2257 2871
2764 2481 3138 3006 2469
2741 2625 3107 2975 2859
2863 2919 2704 2668 2980
2679 2471 2942 3287 2538
2641 2760 3244 1971 2823
2487 2843 2788 2564 3079
3245 2582 2852 2972 2531
3198 2995 2561 2299 2158
3158 2823 3009 2453 2636
3143 2964 2625 2561 2180
3114 2515 3026 2747 2852
3085 2637 2927 2968 2798
3005 2870 2946 2465 2793
2990 2734 2865 2735 2806
2982 2917 2750 1934 2894
2944 2503 2714 3257 2624
2883 3034 2793 2436 2519
2866 2455 2996 2806 3013
2860 2462 3022 2965 2840
2839 2644 2840 3014 2789
2836 2752 2891 2866 2773
2824 3023 2943 2269 2640
3093 2812 3066 2866 2382
2776 3017 2463 2686 2382
2806 2912 3066 2426 2638
2727 2967 3116 2278 2438
2698 2301 2651 3114 2856
2700 2786 3099 2678 2838
2606 2733 3190 2383 2814
2576 2895 3168 2309 2321
3233 2719 2876 2912 2603
3122 2887 2984 2477 2341
3062 2539 3039 2861 2645
3044 2741 3043 2667 2766
3015 2650 3100 2808 2503
3010 2886 2705 2809 2568
3110 2741 3033 2805 2555
2958 2740 3046 2766 2787
2924 2726 2623 2840 2880
2918 2702 3002 2712 2877
3056 2578 2653 3309 2456
2906 3084 2684 2114 2604
2820 2390 2856 3034 2860
2750 3017 3007 1956 2523
2834 2791 3138 2455 2878
2743 2893 3060 2412 2699
2602 2642 2626 3027 2898
2586 2875 3055 2367 2713
2444 2713 2460 3029 2845
3281 2873 2742 2394 2556
3246 2829 2531 2635 2379
3222 2712 2937 2588 2896
3155 2367 3005 3040 2190
3147 2835 2762 3061 2358
3049 2902 2737 2369 2885
3023 2866 2894 2727 2521
3022 2747 2707 2886 2686
3007 2830 2846 2460 2925
3011 2550 2817 3023 2826
2992 2544 3156 2791 2697
2963 3055 2761 2481 2376
2941 2752 2893 2390 2962
2931 2868 2763 2772 2740
2924 2533 3050 3174 2500
2885 2909 2820 2671 2801
2907 2534 2960 3072 2766
2878 2458 2970 3227 2568
2880 2697 3129 2834 2796
2867 2676 2749 3004 2860
2841 2866 2886 2897 2745
2774 2927 2973 2597 2758
2739 2523 2979 3137 2773
2709 2747 2583 3006 2807
2648 3038 2887 2281 2650
2647 2593 2418 3318 2486
2841 2884 2787 3056 2541
2463 2973 2839 2080 2902
3333 2657 3012 2838 2338
3295 2619 2735 2868 2548
3224 2823 2868 2558 2536
3165 2812 3018 2391 2657
3096 2697 2987 2941 2419
3071 2803 2638 2982 2388
3198 2851 3009 2401 2598
3054 2732 2948 2958 2650
3024 2518 2813 3185 2574
3012 2859 2955 2403 2814
2976 2736 2994 3028 2515
2941 2993 2992 2067 2446
2937 2653 2324 3257 2263
2936 2375 2592 3006 2846
2924 2738 2712 2601 2976
3060 2894 2935 2345 2878
2916 2590 3061 2892 2764
2913 2966 2870 2130 2755
2907 3046 2831 2433 2548
2838 2386 2804 3296 2588
2826 2883 2994 2124 2940
2797 2977 2864 2275 2843
2777 2846 3054 2356 2892
2764 2301 2510 3219 2756
2734 2956 3125 2216 2459
2666 2968 3043 2340 2448
2792 3113 2479 2360 2483
2579 2885 3167 2334 2633
2529 2560 2923 2671 3200
3215 2722 3049 2555 2816
3146 2916 2627 2668 2441
3022 2639 3109 2746 2524
2999 2988 2897 2186 2545
2966 2777 3071 2725 2582
2947 2994 2879 2741 2312
2926 2862 2522 2797 2735
3072 2826 3119 2579 2342
2883 2895 3102 2210 2652
2859 2875 2987 2946 2350
2792 2923 2921 2859 2486
2786 2947 3004 2114 3026
2762 2949 2927 2299 2819
2709 3022 2987 2042 2775
2637 2754 2807 3180 2417
2438 2793 3106 2423 2908
2579 2621 2788 2569 3199
3190 2892 2913 2163 2507
3352 2676 3073 2616 2694
3129 2527 3032 2962 2214
3131 2896 2768 2854 2457
3074 2630 2988 2644 3091
3044 2408 2849 3270 2515
2955 2856 2871 2905 2721
3001 2493 2646 3277 2656
2951 2909 2679 2776 2701
3008 2793 3134 2251 2612
2934 2869 3045 2523 2622
2926 2844 2621 2638 2939
2981 2757 2865 2855 2825
2908 2677 2830 2861 2912
2877 2781 2698 2420 3023
2874 2665 2758 2942 2881
2850 2364 2702 3351 2443
2809 2601 3251 2344 2904
2781 2916 2982 2535 2779
2720 2403 3070 3298 2376
2714 3038 2746 2386 2550
2682 2702 2845 2916 2940
2663 2907 2789 2542 2876
2647 2475 3087 2466 3052
2638 2339 2684 3134 2871
2627 2719 3137 2670 2854
2545 2749 2774 2658 3078
3302 2608 2744 2806 2569
3236 2721 2813 2918 2462
3231 2812 2877 2496 2557
3232 2923 2681 2547 2366
3143 2873 2931 2764 2381
3062 2458 3082 2699 2677
3060 2972 2997 1947 2670
3033 2401 2910 2946 2808
3017 2730 3069 2447 2852
2990 2738 2571 2706 2876
2957 2769 2981 2562 2926
3003 2859 3034 2686 2723
2948 2615 3038 2997 2614
2946 2469 3076 2844 2765
2931 2727 2721 2539 2997
3163 2725 2849 3066 2610
2942 2860 2961 2748 2733
3071 2850 3055 2643 2520
2860 2863 3109 2210 2505
2868 2458 2829 3238 2634
2807 2534 3085 2754 2970
2804 2943 2952 2376 2754
2800 2967 2658 2870 2312
2964 2586 3185 2915 2662
2803 2925 3084 2224 2749
2745 2753 3111 2267 2999
2733 2768 3185 2524 2614
2808 3019 2937 2533 2587
2709 2396 3131 2974 2669
2703 3063 2729 2577 2498
2692 2740 3244 2262 2739
2627 2810 2515 2503 3042
2586 2874 3176 2272 2654
2569 2695 2643 3013 2814
2533 2507 2991 3141 2792
2404 2791 2772 2258 3097
2082 2379 2634 2563 3210
3212 2738 3107 2508 2450
3208 2888 2861 2425 2235
3190 2497 2845 2940 2731
3148 2546 3093 2740 2570
3145 2786 3041 2421 2586
3132 2866 2992 2440 2674
3044 2747 3100 2645 2712
3002 2781 2870 2853 2656
2973 2766 3080 2663 2603
2926 2673 2778 3123 2640
2903 2481 2994 2730 2971
2866 2864 2996 2884 2371
2866 2527 2845 2987 2889
2863 2905 3005 2232 2756
2855 2443 2821 3145 2798
2833 2529 3219 2540 2844
2799 2912 2930 2797 2507
2776 2822 3129 2226 2941
2769 2938 2936 2237 2840
2756 2733 2812 3060 2641
2716 3011 2996 1980 2796
2711 2793 3038 3002 2545
2642 3077 2402 2517 2109
2628 2892 3104 2185 2834
2405 2445 3042 2723 3026
2355 2382 2826 2818 3151
3308 2719 2991 2467 2821
3280 2757 2651 2883 2587
3197 2881 2922 2101 2528
3186 2927 2704 2592 2435
3087 2905 2880 2405 2638
3062 2492 3103 3032 2413
3201 2610 3182 2625 2523
3051 2397 2858 3208 2536
3044 2813 2892 2848 2642
3058 2424 2710 3311 2383
2964 2465 3024 3106 2493
2962 2845 2880 2843 2742
2970 2801 2703 2787 2812
2949 2927 3032 2288 2546
2940 2755 2893 3007 2426
2933 2833 2630 2576 2960
2931 2490 2598 3134 2784
3028 2778 3199 2683 2542
2916 2575 3088 2715 2899
2884 2457 3001 3046 2687
2879 2693 2606 3047 2752
2876 2801 2657 2899 2736
2932 3052 2535 2637 2585
2846 2963 2635 2825 2243
2838 2743 3173 2734 2558
2787 2802 2830 3019 2583
2727 2392 3079 3236 2397
2823 2870 2938 2635 3017
2704 3051 2851 1841 2653
2703 2682 2948 3137 2330
2668 2863 3199 1969 2631
2665 3127 2293 2195 2194
2634 2708 3146 2608 2875
2622 2695 2995 2536 3053
2587 2691 2591 3275 2542
2737 2997 2943 2267 2836
2880 2696 3250 2739 2737
2428 2493 2582 2394 3235
3256 2728 3008 2692 2487
3214 2855 3015 2137 2651
3208 2493 2793 3202 2459
3150 2862 2940 2702 2402
3135 2909 2791 2248 2810
3109 2942 2379 2740 2384
3109 2834 2999 2440 2527
3100 2282 2998 3008 2390
3088 2639 2864 2974 2657
3076 2898 2941 2081 2931
3067 2961 3006 1885 2691
3062 2743 3048 2907 2440
3044 2906 2621 2688 2706
3032 2973 2901 2463 2601
2999 2973 2924 2009 2680
2992 2424 2851 3206 2483
2979 2842 3114 2090 2729
2965 2818 2871 2648 2924
2955 2604 3047 2935 2635
2942 2728 2628 3080 2554
2932 2572 3187 2816 2576
2927 2663 3251 2394 2671
2914 2376 3133 2755 2872
2912 2890 3048 2003 2865
2876 2783 2756 2740 2940
2828 3072 2218 2537 2022
2969 2639 3177 2600 2852
2814 2523 3094 2692 2991
2961 2826 3133 2596 2678
2774 2677 2996 2801 2893
2734 3007 2944 2242 2524
2732 2494 3019 3081 2822
2730 3031 2650 2736 2082
2729 2889 2747 2488 2980
2699 2729 3253 2200 2760
2727 2889 3054 2676 2646
2643 2734 2874 2835 2942
2634 2799 2524 2441 3063
2629 2763 2482 3184 2502
2620 2644 2631 3267 2572
2782 2676 3045 2788 2990
2555 2981 2780 2633 2693
2540 2496 3000 3079 2813
2411 2780 2781 2196 3118
2601 2782 3053 2378 3095
2323 2661 2889 2401 3156
2475 2334 2539 3421 2520
3304 2726 2742 2604 2628
3215 2877 2870 2363 2256
3192 2880 2868 2615 2582
3104 2797 2800 2930 2249
3064 2656 3158 2564 2645
3051 2736 3109 2583 2733
3033 3001 2933 2620 2237
2973 2797 2646 3039 2496
2969 2433 2806 3153 2774
2918 2891 2935 2677 2731
2903 3009 3048 2270 2439
3042 2569 2777 2979 2890
2889 3017 2408 2653 2297
2877 2863 2994 2415 2856
2859 2839 3184 2080 2554
2856 2739 3121 2996 2286
2854 2340 2601 3332 2279
2834 2986 2472 2915 2319
2825 2684 3131 2719 2798
2773 2838 3187 2179 2575
2753 3081 2541 2414 2167
2752 2937 3100 2301 2322
2718 2782 3047 2940 2566
2695 2690 2895 2362 3124
2688 2808 3053 2380 2899
2789 3070 2783 2456 2423
2635 3025 2771 2158 2810
2635 2881 3113 2123 2855
2559 2326 2709 2906 3131
2533 2919 3011 2219 2763
2524 2800 3160 2302 2833
2485 2302 2742 3034 2988
3306 2554 3057 2840 2530
3232 2851 2963 2399 2379
3229 2629 3040 2768 2279
3183 2579 2779 2849 2824
3158 2827 2996 2527 2236
3121 2771 2893 2966 2372
3116 2991 2696 2458 2205
3067 2904 2742 2609 2559
3053 2408 2951 2967 2608
3018 2540 2769 3255 2459
2983 2912 3042 2269 2616
2952 2720 3005 2955 2657
2941 2941 2826 2355 2816
2932 2372 3081 3017 2600
2923 2564 3097 2653 2920
2900 2913 2885 2093 2941
2894 2779 2704 3002 2668
2883 2790 2666 2837 2757
2874 2671 2815 2920 2827
2874 2669 2464 2913 2951
2868 2797 3149 2431 2605
2867 2923 3036 2414 2704
2905 2838 2950 2640 2917
2846 2371 3084 3116 2621
2804 2790 2980 2914 2550
2792 2673 2944 3063 2621
2746 2518 3045 3053 2740
2733 2482 3141 2345 2977
2731 3127 2152 2300 2094
2706 2672 2947 3162 2642
2733 2594 2745 2874 3016
2676 3096 2216 2562 2116
2490 3076 2794 2078 2710
3322 2728 2867 2797 2387
3322 2722 2690 2866 2356
3280 2855 2874 2242 2551
3263 2717 3017 2630 2508
3246 2700 2821 2881 2795
3206 2629 2670 2527 2909
3189 2693 3050 2758 2365
3142 2898 2800 2186 2831
3136 2866 2839 2694 2436
3138 2701 3016 2853 2751
3108 2646 3059 2748 2682
3098 2973 2760 2568 2501
3069 2732 3057 2845 2461
3065 2973 2783 2114 2580
3039 3006 2371 2606 2154
3039 2962 2910 2401 2622
3037 2844 3015 2507 2639
3034 2714 2579 3212 2316
3031 2818 2730 2753 2824
3027 2949 2759 2329 2800
3022 2645 3062 2847 2703
3017 2736 3126 2425 2798
3017 2734 2775 2418 2922
3006 2962 2933 1947 2701
2986 2831 3123 2028 2750
2919 2879 3057 1941 2886
2919 2489 2719 3221 2588
2901 2679 2762 3173 2294
2896 2824 2672 2744 2901
2890 2950 3006 2255 2679
2884 2891 2952 2519 2796
2883 2772 2765 2678 2961
2872 2806 2810 2487 2954
2857 2727 3243 2260 2441
2853 2986 2949 2122 2748
2831 2760 3165 2146 2924
2959 3061 2593 2740 2283
2820 2632 2771 3163 2611
2804 2949 3009 2354 2700
2958 2842 3191 2549 2312
2915 2757 3006 2750 2925
2739 2483 3028 3019 2843
2689 3076 2405 2480 2069
2677 2329 2863 3331 2522
2675 2415 2459 3362 2652
2660 2753 3022 2433 3016
2656 2468 3194 2763 2799
2779 3099 2404 1968 2519
2577 2322 2657 3168 2859
2503 2298 2690 3296 2716
2330 2650 2898 2339 3177
3311 2715 2751 2542 2649
3246 2839 2695 2640 2010
3148 2499 3157 2911 2338
3101 2751 2844 2801 2695
3100 2801 3075 2804 2403
3085 2848 2926 2350 2811
3059 2773 3134 2542 2528
3031 2746 3012 2605 2837
3017 2900 3141 1987 2692
2989 2488 3048 2609 2896
2953 2965 2477 2795 2543
2952 2871 3050 2763 2296
2949 2912 3059 2111 2681
2910 2998 3057 2208 2460
2906 2820 3071 2554 2685
2901 2786 2614 3099 2485
2892 2667 2763 3182 2555
2892 2665 2412 3175 2679
2889 2773 2463 3027 2663
2885 2919 2984 2676 2432
2885 2543 2871 2977 2849
2871 2528 2631 3154 2799
2867 2752 2867 3071 2597
2862 2829 3183 2105 2866
2837 2761 3052 2820 2790
2819 3081 2400 2519 2067
2802 3018 3050 1859 2721
2799 2918 2987 2775 2453
2778 2709 3301 2223 2613
2907 2580 3134 2807 2896
2736 2524 2217 3361 2217
2686 2904 2523 2971 2514
2648 2978 2722 2545 2698
2625 2756 3238 2235 2770
2625 2326 2568 3011 3031
2531 2789 3169 2240 2854
2496 2799 2713 2811 2888
2465 2896 3061 2421 2716
3298 2851 2822 2504 2279
3264 2696 2769 3143 2523
3236 2618 3049 2706 2300
3190 2568 2788 2787 2845
3182 2862 2816 2649 2367
3165 2816 3005 2465 2257
3137 2404 2912 3087 2461
3119 2648 2801 3032 2679
3106 2626 3164 2356 2502
3072 2534 2917 2784 2951
3054 2736 2935 3032 2250
3048 2852 2934 2722 2667
3040 2641 3010 3109 2431
3035 3005 2471 2636 2219
3011 2888 2877 2589 2736
2901 2768 2713 2940 2689
2944 2668 2806 3085 2753
2871 2588 2771 3091 2840
2813 2399 3133 3115 2322
2798 2861 3141 2297 2375
2720 2900 3045 2738 2625
2720 2715 3200 2487 2800
2713 2661 2956 3100 2663
2713 2659 2605 3093 2787
2690 3010 2744 2540 2684
2674 2464 3142 3025 2527
2656 2708 3031 2970 2745
3329 2717 2876 2735 2408
3329 2711 2699 2804 2377
3272 2629 2529 2632 2809
3115 2635 3068 2686 2703
3106 2698 3133 2490 2463
3088 2645 2921 2952 2603
3077 2550 2676 3128 2726
3057 2427 2902 3211 2288
3049 2742 2960 2867 2565
3044 2368 2898 3152 2585
3041 2611 3101 2814 2560
3035 2896 3089 2249 2420
3034 2938 2768 2267 2821
3018 2579 3241 2695 2501
2976 2706 3248 2140 2665
2962 2659 3084 2861 2750
2955 2610 3104 2913 2581
2954 2988 2958 2392 2497
2944 2623 3019 2842 2838
2924 2816 3019 2816 2413
2905 2433 2907 3062 2790
2891 2880 2961 2457 2817
2886 2632 2630 3268 2511
2850 2852 3020 2195 2942
2839 2949 2721 2534 2877
2838 2749 3174 2084 2945
2824 2608 2599 3015 2952
2820 3014 2998 2121 2449
2815 2396 2598 3060 2849
2855 2777 3085 2742 2918
2796 3059 2792 2394 2444
2796 2308 2868 3211 2746
2794 2824 3134 2466 2615
2772 2856 3066 2265 2807
2755 3076 2264 2585 1969
2740 3010 2658 2699 2415
2734 3013 3001 2220 2470
2696 2455 2829 3148 2865
2656 2867 3060 2410 2895
2643 2322 2516 3273 2759
2641 2988 2834 2512 2618
2869 2818 3192 2043 2887
2548 2931 3017 2434 2125
2658 2603 3187 2599 2928
2235 2371 2675 2877 3126
3209 2611 2762 3111 2723
3189 2744 3002 2665 2518
3097 2746 2871 2710 2737
3092 2837 2935 2288 2832
3194 2621 3173 2687 2502
3044 2859 2685 2859 2474
3036 3049 2699 2237 2461
3029 2884 2825 2851 2464
3027 2680 3191 2453 2635
3007 2658 3041 2875 2640
2956 2901 3068 2049 2702
2942 2746 3175 2875 2211
2936 2770 3258 2130 2751
2911 2691 3185 2598 2723
2883 3029 2469 2661 2313
2878 3120 2533 2239 2408
2859 2845 3241 2058 2500
2845 2798 3077 2779 2585
2839 2931 2820 2375 3081
2830 2994 2885 2179 2841
2825 2690 3188 2697 2744
2818 2367 2915 3162 2603
2804 2789 3101 2819 2491
2762 2916 3108 2264 2655
2751 2994 2844 2301 2809
2743 2731 2714 3170 2293
2721 3032 2825 2037 2735
2721 2888 3167 2002 2780
2661 2682 2529 2414 3163
2837 2447 2873 2883 3070
2636 2769 2984 2310 3081
2500 2896 2773 2601 2893
2415 2669 2830 2954 2947
2258 2421 2566 2555 3211
3290 2625 2477 2894 2537
3201 2802 3030 2100 2837
3194 2760 2761 3009 2293
3173 2715 2940 2912 2474
3155 2488 3166 2849 2359
3149 2808 3012 2655 2604
3111 2945 2566 2696 2428
3089 2595 3058 3030 2221
3079 2523 2926 2722 2972
3047 2630 3019 3047 2452
3042 2994 2480 2574 2240
3038 2727 3059 2834 2582
3027 2948 2880 2234 2741
3009 2571 3151 2532 2845
2999 2573 3116 2847 2648
2994 2737 3054 2773 2778
2973 2606 3052 3175 2309
2962 2619 2967 3104 2566
2951 2847 3125 2633 2345
2932 2378 3138 2995 2546
2930 2758 2994 2732 2795
2903 2904 2612 2897 2544
2900 2770 2985 2778 2862
2865 2846 3128 2732 2366
2863 2806 2928 2645 2931
2857 2945 2669 2796 2605
2848 2924 3041 2238 2639
2842 2604 2547 3277 2680
2839 2712 2598 3129 2664
2823 2888 2839 2794 2813
2811 3067 2703 2150 2811
2756 3010 2603 2645 2584
2711 2559 2828 3262 2577
2810 2760 3242 2605 2507
2676 3005 2522 2765 2317
2675 3105 2672 2144 2432
2670 2487 2778 3211 2744
2620 3074 2736 2406 2454
2718 2970 2727 2588 2880
2576 3083 2848 1957 2635
2542 2928 2795 2596 2879
3275 2751 3056 2544 2443
3185 2909 2836 2440 2430
3185 2576 2942 2989 2592
3160 2590 3106 2694 2784
3143 2611 2903 3006 2823
3130 2878 2900 2702 2452
3115 2742 2819 2972 2465
3072 2853 2320 2970 2312
3044 2693 2587 3175 2649
3043 2795 3024 2696 2637
3020 2988 2817 2497 2397
2983 2984 2891 2450 2492
2961 2827 3012 2691 2737
2954 2766 3206 2392 2479
2951 2612 3028 2780 2859
2939 2993 3003 2001 2673
2923 2517 3161 2824 2688
2918 2608 3225 2402 2783
2912 2422 2916 3000 2811
2906 2537 3102 2912 2772
2905 2949 2580 2639 2777
2902 2533 2238 3186 2629
2886 2856 2819 2323 3016
2885 2719 2920 2961 2721
2873 2858 3075 2535 2556
2862 3059 2651 2499 2344
2899 2752 3117 2626 2857
2850 2268 2751 3312 2490
2843 2686 3136 2959 2472
2843 2164 2518 3383 2233
2806 2906 3009 2448 2692
2801 2813 3143 2404 2636
2739 2884 3115 2264 2508
2732 2974 2529 2912 2326
2720 2905 3012 2547 2713
2663 2598 2740 3195 2788
2606 2645 2815 3065 2870
2605 2550 2496 2320 3213
2588 2417 3137 3028 2672
2586 2931 3052 2276 2665
2933 2923 3026 2552 2493
2538 2400 2929 3219 2673
2496 2362 3260 2646 2649
2448 2716 2649 3067 2817
2435 2991 2787 2046 2910
3397 2722 2805 2421 2574
3185 2741 3148 2360 2773
3117 2753 3066 2484 2762
3108 2816 3131 2288 2522
3108 2614 3119 2808 2577
3078 2839 3064 2581 2541
3055 2656 3026 2773 2755
3043 3038 2708 2175 2482
3026 2750 2896 2924 2658
3014 2647 3050 2813 2661
3011 2887 2998 2494 2677
3044 2839 3081 2423 2606
2970 2859 3057 2232 2802
2949 2735 3184 2813 2232
2948 2754 2942 2994 2523
2923 2768 3106 2699 2715
2910 2655 2770 2651 3061
2896 2756 2660 2567 2984
2875 3039 2840 2417 2297
2866 2834 3250 1996 2521
2852 2787 3086 2717 2606
2835 2865 2999 2223 2879
2798 2901 2942 2090 2948
2788 2688 3309 2186 2946
2764 2959 2770 2984 2290
2758 2983 2853 2239 2830
2749 2864 3002 2322 2900
2728 3021 2834 1975 2756
2711 2763 3292 2114 2695
2682 2912 2936 2235 3036
2643 2758 2993 2248 3102
2796 3116 2668 2398 2455
2606 2804 2844 2505 3020
2603 2912 2895 2357 3004
2560 3022 2966 2217 2571
2551 2903 3115 2300 2641
2531 2365 2912 3185 2776
2481 2669 2689 3059 2847
2470 2440 2658 3049 3027
3297 2496 2607 3156 2212
3276 2575 2842 2666 2770
3267 2802 2889 2205 2737
3256 2732 2995 2766 2087
3180 2704 2949 2850 2495
3146 2490 2720 3079 2752
3131 2866 3022 1966 2607
3118 2934 2575 2634 2449
3053 2720 3081 2156 3032
3045 2716 3068 2772 2603
3039 2934 2534 2756 2417
2987 2827 2973 2337 2894
2986 2338 3021 3096 2290
2979 2823 2960 2953 2465
2969 2608 2976 3042 2587
2941 2513 3109 3086 2416
2937 2881 3062 2181 2560
2923 2945 2528 2901 2505
2901 2772 2419 2911 2759
2898 2880 2470 2763 2743
2894 3026 2991 2412 2512
2876 2859 2874 2807 2677
2870 2717 3242 2776 2404
2855 2913 3050 2176 2660
2847 2312 3270 2551 2544
2846 2701 2607 3067 2685
2834 2476 2425 3026 2902
2812 2667 2860 3039 2797
2993 2581 3131 2708 2875
2787 3009 2661 2662 2375
2768 2304 2699 3257 2728
2755 2822 2663 2953 2739
2738 2901 2960 2809 2441
2736 2383 2623 2832 3109
2717 2764 3179 2788 2561
2700 2842 3092 2294 2834
2695 3011 2530 2707 2594
2693 2668 2498 3265 2418
2668 2725 2888 3013 2637
2653 2211 2494 3436 2233
2930 3096 2722 2111 2633
2639 3007 2157 2792 2044
2583 3072 2857 1895 2656
2547 2490 3079 2730 2998
2755 2471 3211 2921 2601
2472 2992 2787 2462 2649
2402 2560 2763 2792 3154
2373 2277 3255 2665 2733
3415 2718 2753 2683 2302
3362 2517 2714 2748 2097
3273 2803 2776 2879 2603
3203 2737 3096 2622 2501
3196 2878 2759 2807 2352
3192 2898 2845 2378 2451
3191 2969 2823 2385 2447
3167 2579 3115 2632 2805
3135 2749 3014 2746 2490
3126 2812 3079 2550 2250
3120 2945 2822 2146 2746
3093 2876 3021 2191 2654
3100 2858 2951 2808 2414
3062 2728 2445 3082 2227
3060 2350 3024 3076 2397
3058 2921 2685 2751 2632
3050 2784 3033 2634 2658
3048 2666 3138 2740 2675
3019 2852 3054 2319 2511
3012 2762 2472 2887 2655
2985 2556 3003 3077 2631
2974 2757 2579 3041 2419
2966 2698 3126 2735 2775
2946 2982 3012 1939 2694
2924 2771 2371 3026 2507
2923 2927 2627 2742 2709
2923 2917 2271 2958 2050
2923 2543 2836 3270 2434
2914 2433 3009 2759 2883
2884 2830 3198 2258 2249
2880 2695 2778 2827 2920
2858 2863 3120 2144 2732
2854 2523 2737 2557 3111
2853 2508 2755 2623 3134
2817 2411 2662 3359 2413
2811 2593 3193 2870 2579
2803 2922 3067 2401 2326
2737 2637 2971 3017 2916
2737 2387 2957 3159 2703
2725 2776 3126 2591 2751
2716 2839 3191 2395 2511
2710 2454 2390 3367 2275
2780 3055 2786 2658 2391
2665 2630 3193 2455 3000
2665 2628 2842 2448 3124
2645 2242 2977 3220 2575
2635 2925 2737 2508 2884
2670 2461 3015 3202 2670
2532 2439 2740 2744 3129
2531 2424 2758 2810 3152
2505 2543 2840 3266 2596
3274 2626 2692 2772 2577
3204 2890 2706 2610 2542
3145 2729 2901 2804 2882
3124 2742 3075 2422 2783
3115 2891 2879 2730 2389
3115 2805 3140 2226 2543
3093 2573 3179 2319 2688
3092 2750 2755 3029 2558
3051 2937 2643 2622 2699
3027 2686 3248 2431 2581
3022 2792 2455 3072 2313
2998 2835 2892 2552 2922
2971 2766 3091 2597 2830
2930 2757 3115 2637 2736
2916 2876 2418 3025 2471
2892 2692 3190 2422 2658
2865 2308 3218 2813 2272
2852 2472 2373 3288 2630
2848 2454 2812 3207 2777
2836 2795 2954 2425 3017
2829 3063 2651 2412 2539
2819 2698 2712 2862 2880
2800 2672 2993 3050 2718
2771 2948 2779 2922 2311
2762 2829 2928 3005 2381
2718 2752 3301 2052 2716
2717 2771 3059 2233 3007
2683 2829 2887 3127 2349
2652 2859 3193 2233 2578
2641 2559 3288 2515 2417
2948 3092 2670 2373 2361
2610 2901 2904 2295 3025
2558 2892 3124 2238 2662
2555 2489 2631 2422 3214
2538 2354 2921 3123 2797
2536 2440 2517 3154 2927
2488 2658 2698 2997 2868
2479 2892 3083 2360 2630
3306 2611 2933 2844 2541
3280 2767 2815 2888 2218
3263 2721 3004 2704 2108
3206 2803 2816 2267 2747
3185 2575 3063 2894 2533
3175 2602 3112 2909 2146
3165 2530 2980 2601 2897
3153 2479 2729 3017 2773
3146 2751 2756 3030 2487
3133 2637 3073 2926 2377
3119 2720 2940 2261 2932
3102 2674 3129 2077 2822
3099 2574 3066 2993 2554
3082 2862 3003 2546 2686
3022 2649 3049 2921 2303
3016 2765 3048 2611 2720
2994 2816 2982 2275 2915
2991 2594 3059 2644 2815
2951 2853 3182 2611 2291
2949 2813 2982 2524 2856
2937 2861 2542 2994 2149
2920 2740 2838 2889 2813
2904 2971 2916 2222 2752
2898 2691 2726 3089 2648
2853 3009 2520 2767 2275
2848 2507 3225 2856 2477
2876 2899 2893 2586 2933
2831 2741 3011 3009 2660
2790 2713 3070 2747 2785
2788 2982 2910 2367 2840
2753 2692 2821 2974 2830
2750 2798 2521 2819 2938
2748 2840 3077 2192 2949
2738 2625 3093 2281 3071
2707 2831 3101 2232 2855
2699 2801 2786 2417 3025
2683 2811 2986 2968 2553
2507 2918 3077 2048 2925
2468 2560 2622 2897 3054
2369 2703 2674 2839 3077
3299 2732 2484 2630 2617
3293 2810 2971 2653 2628
3271 2583 2996 2868 2517
3203 2867 2768 2745 2373
3201 2749 2873 2851 2390
3176 2691 3017 2628 2704
3133 2801 3088 2488 2271
3115 2748 2876 2950 2411
3055 2655 3147 2678 2696
3051 2556 2862 3182 2531
3048 2796 2810 2863 2547
3045 2682 3196 2693 2309
3042 2522 2841 3150 2658
3026 2841 3063 2257 2532
3016 2831 2840 2814 2650
3009 2524 3215 2703 2613
3008 2680 3123 2583 2728
3003 2809 3203 2138 2473
2992 2545 3012 3015 2652
2986 3032 2657 2067 2716
3019 2728 3068 2951 2473
2969 2654 3150 2777 2717
2937 2854 2720 2773 2728
2918 2521 3045 3143 2509
2906 2970 2765 2383 2803
2891 2200 2879 3323 2328
2887 2820 3197 2283 2561
2871 2726 2795 2571 2975
2865 2852 3129 2082 2753
2851 2711 2554 3013 2760
2848 2819 2605 2865 2744
2841 2472 3208 2822 2580
2744 2376 2966 3097 2724
2736 2748 3249 2314 2444
2672 2804 3047 2644 2846
2655 2840 3118 2457 2521
2606 2726 3094 2574 2883
2582 2369 3314 2525 2574
2538 2413 2767 2748 3173
2709 3015 2891 2233 2844
2508 2191 2628 3374 2597
3282 2740 3065 2482 2464
3216 2847 2957 2663 2326
3211 2729 2760 2909 2782
3155 2830 2581 2853 2534
3152 2718 2910 2742 2903
3141 2663 3080 2652 2680
3070 2884 2957 2248 2747
3064 2996 2398 2519 2067
3056 2808 2757 2666 2737
3043 2880 2847 2790 2378
3034 2761 2996 2873 2448
3034 2675 3257 2369 2602
3029 2997 2601 2874 2513
3008 2860 2820 2853 2633
2988 2710 3017 2664 2837
2970 2807 2760 2765 2758
2967 2723 3191 2282 2738
2979 2908 2710 2523 2892
2938 2794 3140 2596 2531
2937 2836 2819 2614 2932
2935 2493 2787 3172 2756
2914 3035 2840 2371 2569
2912 2602 2925 2934 2821
2896 2921 3147 2041 2695
2884 2908 2996 1969 2873
2881 2808 2933 2885 2605
2876 2421 2569 3232 2680
2873 2856 2406 3060 2051
2866 3091 2586 2177 2535
2857 2880 2832 2808 2577
2852 2793 3143 2695 2552
2844 2990 2907 2118 2755
2830 2634 2913 2929 2921
2814 2674 2570 2728 3079
2788 2601 3129 2927 2672
2785 2841 3077 2608 2688
2744 2610 3241 2478 2853
2729 2765 3047 2127 3027
2833 3009 2964 2446 2500
2690 2818 2896 3065 2370
2615 2752 2822 2801 2950
2615 2567 2977 2550 3125
2527 2999 2728 2599 2701
2387 2699 2622 3101 2805
2304 2798 2688 2284 3094
3266 2711 3003 2729 2420
3234 2779 2651 2587 2867
3203 2722 3123 2445 2636
3199 2637 2932 3031 2277
3182 2591 3121 2847 2167
3154 2829 2841 2712 2543
3136 2626 2881 3142 2402
3125 2941 2588 2635 2342
3117 2721 3126 2544 2657
3090 2490 2914 2928 2749
3087 2733 3117 2590 2724
3065 2830 3014 2832 2390
3050 2769 3060 2457 2793
3027 2520 3163 2965 2341
3023 2754 3057 2549 2741
3021 2840 3009 2771 2586
3011 2760 2908 2342 2922
3010 2540 3104 3053 2425
3001 2876 2778 2724 2700
3001 2732 3120 2689 2745
2998 2669 2807 3086 2682
2996 3096 2581 2216 2533
2956 2802 2991 2462 2877
2955 2850 2668 3035 2456
2948 2774 3027 2654 2923
2941 3065 2645 2478 2555
2926 3030 2901 1959 2431
2898 3003 2779 2022 2740
2897 3074 2757 2029 2736
2890 2525 2684 3226 2539
2868 2683 3099 2667 2915
2866 2815 2553 3127 2472
2854 2982 2769 2472 2740
2850 2991 2794 2792 2621
2828 2757 3069 2962 2294
2803 2771 3233 2667 2486
2786 2799 2780 3024 2741
2773 2467 3159 3183 2329
2756 2889 2967 2278 2947
2751 2590 2693 3136 2744
2741 3007 3080 1871 2655
2735 2766 2934 2801 2893
2695 2920 2836 2910 2795
2682 2865 3000 2406 2804
2667 2710 3194 2335 3008
2667 2708 2843 2328 3132
2639 2916 2463 2995 2245
2638 2802 2713 2479 3035
2609 3060 2469 2444 2665
2600 2365 3262 2787 2302
2441 2528 3198 2489 2876
3278 2572 3005 2806 2538
3259 2816 2452 2782 2174
3254 2568 2873 3149 2391
3223 2874 2963 2519 2398
3170 2714 2858 3004 2631
3146 2357 3078 2955 2322
3136 2791 3087 2513 2583
3123 2501 3047 2924 2712
3096 2690 2891 3132 2488
3091 2825 2445 2919 2436
3076 2922 2600 2822 2448
3054 2823 3075 2508 2683
3052 2671 3205 2631 2330
3031 2970 2851 2468 2759
3016 2513 3224 2641 2634
3006 2706 2965 2926 2565
3003 2854 2579 2878 2628
3002 2898 2633 2950 2305
2999 2533 3165 2729 2718
2993 3021 2666 2005 2737
2988 2803 2708 3027 2486
2978 2715 2983 2778 2667
2967 2666 2927 3006 2606
2966 2704 3183 2713 2721
2954 3045 2834 2396 2508
2932 3031 2788 2633 2297
2932 2742 2966 2305 3094
2914 2523 2969 3010 2787
2897 2600 3247 2749 2504
2891 2733 2990 2345 3000
2891 2525 2568 3346 2392
2886 2428 3102 3054 2616
2884 3087 2534 2439 2263
2869 2448 3043 3142 2700
2868 2749 2891 2870 2845
2860 2598 3174 2639 2923
2858 2343 2790 3370 2251
2855 2866 3114 2347 2428
2855 2727 3254 2194 2668
2854 2910 3051 2324 2753
2850 3030 2704 2437 2471
2848 2630 2861 3191 2649
2844 2912 2896 2838 2335
2838 2950 2708 2123 2911
2834 2631 3110 2967 2584
2823 2644 3025 2896 2841
2821 2774 2867 2775 2877
2813 2901 3075 2364 2659
2775 2964 2827 2435 2912
2758 2542 2537 2634 3129
2747 3008 2967 2545 2521
2709 3033 2792 2392 2640
2700 2737 2656 2921 2939
2694 3059 2896 1934 2760
2655 2762 2981 1990 3031
2639 3028 2960 2196 2782
2613 2640 2881 2981 2837
2607 2708 2861 3047 2625
2589 2358 3323 2463 2595
2586 2321 3066 3168 2532
2584 2898 2637 2946 2467
2572 2584 2886 3054 2852
2569 3125 2184 1901 2310
2510 2430 2721 3366 2531
2458 2753 2424 2622 3062
3385 2476 2911 2629 2383
3360 2633 2746 2651 2502
3218 2718 2769 2847 2803
3178 2647 2618 2493 2917
3148 2652 3089 2590 2701
3135 2717 3074 2806 2385
3068 2765 3008 2719 2521
3057 2773 3145 2476 2755
3046 2601 3000 2781 2867
3041 2750 3005 2811 2469
3038 2791 3014 2159 2854
3019 2872 2726 2986 2428
3003 2836 2678 2719 2832
2995 2699 3026 2602 2858
2989 2752 2723 2384 2930
2977 2796 2769 2703 2779
2932 3091 2445 2282 2435
2931 2535 2346 3320 2411
2915 3070 2705 2291 2464
2891 2897 3005 1907 2894
2888 2797 2942 2823 2626
2881 3013 2875 2289 2672
2881 2915 2652 2930 2708
2873 3080 2595 2115 2556
2843 2564 2480 3279 2603
2839 2716 2585 3203 2264
2829 3069 2708 2390 2485
2821 2663 2579 2666 3100
2815 2791 3264 2184 2754
2812 2897 2964 2029 2862
2807 2787 2671 2574 3030
2803 2778 3113 2112 2932
2798 3014 2718 2113 2997
2796 2551 2956 2268 3136
2774 3054 2899 1984 2525
2751 2599 3250 2416 2874
2738 2866 3247 2112 2503
2704 2711 3194 2751 2747
2697 2388 2921 3216 2606
2630 3015 2850 2355 2812
2317 2272 2639 3220 2770
3361 2783 3080 2352 2774
3185 2581 3120 2872 2479
3180 2745 2710 2962 2522
3137 2906 2700 2583 2573
3105 2769 2716 2955 2535
3086 2697 2702 2643 3062
3080 2823 3036 2154 2840
3072 2819 3023 2770 2411
3064 2615 2849 3202 2391
3055 3005 2580 2501 2112
3034 2509 3172 2903 2362
3028 2829 3018 2709 2607
3017 2529 3113 2991 2446
3016 2816 2867 2637 2785
3013 2629 3182 2661 2656
3006 2747 2892 2768 2738
2993 2819 2982 2892 2379
2990 2978 2970 2101 2677
2984 2700 3131 2975 2449
2964 3003 2638 2127 2640
2938 2984 2952 2656 2444
2920 2746 2895 2867 2759
2920 2744 2544 2860 2883
2919 2684 2663 2712 2906
2917 2748 3065 2888 2585
2916 2681 3084 2565 3030
2904 3063 2766 1967 2757
2887 2775 2954 2716 2933
2878 2594 3122 2901 2651
2875 2672 3108 2605 2936
2873 2862 3062 2609 2156
2873 2804 2562 3065 2493
2868 3026 2652 2699 2199
2840 2866 2919 2904 2536
2839 2770 2815 3037 2605
2834 2847 3131 2071 2874
2831 2897 3023 2626 2387
2831 2747 3068 2987 2606
2795 2693 3188 2084 2940
2793 2983 2696 2534 2750
2792 2593 3125 3000 2672
2779 2557 3221 2292 2909
2778 2937 2891 2764 2408
2764 2613 2705 2830 3080
2748 2996 3089 1809 2676
2738 2538 2913 3022 2797
2736 3064 2898 2209 2572
2727 2945 3047 2292 2642
2718 2733 2604 3183 2667
2702 2909 2845 2848 2816
2692 2936 2894 2863 2429
2675 2759 3084 2421 3006
2658 2922 2471 2937 2522
2631 2636 2829 3243 2565
2625 2984 2828 2776 2565
2616 3049 2478 2382 2686
2601 2735 3117 2549 2863
2595 2411 3216 2679 2857
2593 2925 3131 1927 2850
2577 2711 3034 2872 2701
2542 2484 3276 2422 2813
2448 2517 3207 2427 2897
2424 2807 3076 2328 2830
2318 2123 2380 3436 2361
