40 5
2314
202 165 140 4 254 90
45 89 174 254 71 18
186 103 192 107 65 87
201 24 200 274 291 274
254 166 174 114 216 34
12 118 32 283 253 285
74 297 207 80 84 277
97 269 81 122 209 145
208 110 1 240 84 291
215 38 289 221 283 205
87 295 156 118 111 109
104 184 239 11 263 23
120 193 292 200 15 201
177 55 11 10 295 94
2 43 263 290 263 247
29 50 75 184 168 185
292 104 70 64 114 165
87 233 58 79 266 204
112 275 92 122 285 87
48 119 261 143 109 224
90 269 106 296 153 273
182 278 77 84 42 23
81 128 89 139 39 187
43 150 294 266 104 279
53 283 230 14 127 40
70 49 141 176 46 294
281 60 105 191 275 146
46 56 107 266 194 277
153 70 260 280 36 196
92 221 180 23 67 139
194 269 187 35 145 65
29 258 124 133 149 231
112 28 287 218 293 14
28 279 215 287 259 84
184 51 5 196 73 203
35 266 172 221 2 149
119 162 240 75 295 89
7 239 116 293 289 242
139 17 221 55 137 180
138 21 230 274 216 136
1074
5265 4635 4416 4555 4481
5096 4784 4784 4762 4507
5138 4946 4741 4654 4707
5025 5009 4661 4866 4774
5004 4701 4662 4727 4854
4960 5087 5152 4691 4863
4930 5129 4937 4648 4880
4913 4789 4790 4878 4639
4864 4639 5047 4375 5040
4873 4718 4710 5015 4578
4794 4770 4747 5022 4685
4771 4943 5142 4587 5106
4805 4727 5283 4523 5129
4811 4833 4636 5016 4803
4701 4630 5310 4328 5153
4642 4820 4896 5153 4718
4684 4957 5074 4982 4844
4583 4617 5187 4322 5343
4562 4712 5291 4725 5186
4544 4970 5267 4645 5025
4522 4971 5331 4677 5091
4719 4926 5317 4730 5112
4432 4991 5094 4974 4959
4387 4801 4788 5282 4804
4533 4904 5104 4489 5191
4390 4724 5382 4548 5218
4470 4732 5496 4466 5293
4513 4832 5242 4446 5304
4318 5012 5363 4747 5132
4474 4964 5156 4717 5141
4227 5159 5252 4725 5068
4513 4918 5142 4925 4913
5210 4496 4652 4385 4682
5191 4985 4966 4553 4723
5087 4938 4935 4662 4748
5032 4799 5171 4492 4949
4970 4870 4897 4696 4975
4882 4608 4759 4912 4536
4937 5108 5156 4802 4974
4769 4671 4679 5124 4603
4777 5048 4958 5010 4796
4725 4883 5136 4842 5184
4594 4683 5350 4478 5177
4498 4669 4872 5184 4811
4611 4742 5297 4545 5246
4485 5030 5319 4873 4975
4511 4905 5168 4521 5257
4377 4952 5311 4519 5182
4328 4674 5391 4488 5317
4142 4711 5426 4485 5098
4321 4455 5339 4341 5328
5220 4498 4655 4375 4873
5266 4669 4526 4517 4425
5165 4508 4425 4586 4676
5176 4736 4696 4812 4621
5025 4990 5038 4473 4745
5017 4836 4821 4769 4614
5078 5048 4886 4765 4790
4786 4938 5007 4907 4754
4750 4635 5143 4448 5186
4670 4893 4906 5053 4987
4685 5142 5176 4794 5089
4625 4520 4655 5155 4696
4712 4845 4897 5034 4782
4608 4798 4866 5143 4807
4525 5082 4978 5002 4911
4578 5121 5203 4901 4927
4483 4448 5471 4256 5291
4431 5118 5220 4655 5027
4472 4382 5308 4100 5457
5028 4790 4952 4413 4993
5016 5100 4989 4576 4787
4963 5061 4764 4677 4771
4915 4880 4667 4907 4778
4884 5069 4931 4903 4958
4946 4998 5205 4699 4932
4771 5113 5228 4722 4996
4933 5099 4937 4723 5018
4752 4949 4890 5112 4714
4772 4761 5197 4426 5100
4690 4723 4716 5131 4710
4563 4872 4933 5160 4825
4785 5202 5175 4714 4927
4497 4535 4708 5216 4443
4178 4734 5469 4428 5039
4179 5258 5153 4583 5062
4423 4980 5328 4813 5074
4238 4486 5310 4243 5320
5307 4608 4478 4298 4663
5012 4681 4851 4369 5046
5007 4482 4953 4274 5073
4964 4913 5078 4584 4903
4904 4899 4741 4981 4681
4828 4774 5034 4311 5024
4424 4508 5523 4484 5241
4225 4577 5404 4108 5384
5040 4414 4780 4303 4964
4926 4880 4885 4576 5029
4604 5030 4941 4995 4804
4767 4694 5090 4515 5255
4384 5090 4995 4832 4953
4116 4636 5430 4583 5134
4437 5129 5220 4731 4969
4949 4562 4898 4557 5055
4873 4477 4416 5084 4625
4811 4808 4857 4953 4729
4545 4689 5309 4457 5280
4470 4781 5049 5132 4873
4503 4830 5239 4456 5113
5053 4731 4668 4547 4914
4945 4553 4679 4478 5099
4856 4996 4921 5003 4689
4780 5022 4900 5012 4983
4420 5052 5057 4499 5193
4128 4562 5534 4567 5203
5166 4668 4748 4335 4847
5206 4409 4708 4383 4942
4839 4696 4680 5005 4667
4773 4803 4848 4865 4994
4718 4664 5084 4695 5195
5203 4439 4708 4308 4804
5117 4638 4742 4515 4787
4998 4592 4904 4377 5115
4783 4760 4626 5116 4534
4723 4932 5131 4952 5003
4551 4646 5128 4569 5352
4495 4692 5347 4614 5160
5200 4749 4613 4475 4612
5139 4532 4634 4340 4931
5097 4559 4572 4597 4749
5034 4287 4875 4056 5002
4657 5069 5166 4894 4820
4617 5036 5088 4869 5096
4626 4684 5289 4436 5302
4294 4710 4904 5254 4852
4699 5231 5123 4786 5020
4518 4962 5112 4598 5135
5213 4689 4522 4356 4669
5145 4814 4790 4582 4567
5065 4706 4504 4840 4503
4960 4904 4859 4505 4947
4958 4452 4947 4454 5013
4857 4914 5194 4515 5013
4871 4671 5050 4290 5093
5158 4776 4551 4732 4430
4846 4686 4923 4289 5068
4514 4652 4571 5253 4689
4558 4703 5072 4646 5230
4580 4910 5043 5091 4869
4979 4760 4946 4593 4933
4379 4879 5385 4444 5229
4918 4988 4688 4973 4612
4939 4596 4860 4366 5027
4793 4610 5105 4587 5046
4845 4515 4867 4666 5080
4715 4917 5098 4651 5156
4473 5152 5263 4674 4910
4069 4566 5490 4556 5115
5258 4578 4472 4478 4603
5134 4697 4689 4582 4856
5000 4692 4443 4648 4898
4935 4710 4477 4985 4501
4784 4416 4879 4527 5144
4968 4919 4892 4806 4794
4973 4803 5127 4481 4861
4706 5006 5096 4834 4756
4358 5015 4999 4930 4989
4963 4651 4845 4549 4986
4809 4733 5097 4745 5020
4737 5021 5078 4944 4934
4370 4941 5103 4914 5058
4314 4540 4714 5332 4575
4411 5054 5224 4829 5005
4374 4795 5440 4651 5089
4983 4847 4704 4974 4574
4864 4872 4861 4915 4819
4631 4490 5275 4250 5297
4336 4812 5283 4330 5270
4331 4728 5338 4537 5130
4176 4436 5319 4183 5419
5292 4359 4208 4557 4561
4666 4887 5092 4831 5096
4992 4737 4753 4871 4532
4746 4626 4633 5113 4740
4412 4914 5165 4657 5240
4218 4358 5352 3961 5395
5207 4806 4557 4552 4490
5086 4493 4409 4441 4915
4977 4809 4941 4703 4752
4590 4626 4592 5244 4395
4421 4561 4687 5225 4737
5193 4473 4670 4117 4776
4842 4640 5111 4407 5106
4714 4655 4865 4616 5239
4408 4731 5058 5072 4972
5072 4456 4851 4381 4867
5046 4966 4946 4395 4814
4841 4506 4648 4587 5124
4472 5017 5068 4711 5187
4317 4446 5120 4262 5372
4298 4884 5405 4465 5207
4270 5111 5264 4605 5126
5245 4660 4581 4109 4660
5062 4621 4717 4444 4872
5005 4872 4718 4350 4842
4801 4718 5064 4444 5173
4735 4386 4873 4707 5084
4440 5038 5121 4938 4965
4320 5250 5136 4753 5020
4411 4736 5452 4455 5205
5340 4540 4305 4327 4554
5192 4557 4287 4811 4388
5086 4474 4786 4048 4886
4849 4672 5114 4322 5159
5275 4637 4419 4545 4672
5030 4650 4658 4691 4881
4780 4410 5065 4305 5253
4673 5001 4927 5119 4821
4635 4584 4952 4961 4911
4593 4600 4534 5246 4582
4922 4748 4716 4835 4638
4808 4859 4694 5014 4616
4717 4477 4375 5215 4280
4286 5099 5200 4497 5118
4763 4871 5148 4529 5142
4719 5061 4933 4864 4743
4557 4742 5338 4674 5061
4639 4400 5264 4226 5300
4602 4787 4818 5128 4994
4283 4703 5409 4655 5056
4117 4796 5072 5018 4773
5039 4747 4894 4248 4825
4815 4609 5041 4555 4980
4466 4749 4751 5275 4697
5012 4792 4716 4766 4676
4617 4401 5328 4258 5366
5252 4469 4714 4128 4864
5013 4591 4711 4624 4812
4424 5245 4914 4437 4853
5180 4757 4695 4327 4778
4633 4741 5233 4513 5180
4159 4418 5404 4189 5345
4822 4833 4854 4685 5054
4733 4821 4708 4684 5147
4769 4794 4629 4786 5038
4733 5015 5264 4722 5043
4393 4488 4677 5325 4468
4484 4626 5184 4458 5326
5025 4397 4826 4159 5044
4347 4749 5129 5153 4868
4847 4774 4579 4982 4785
4794 4760 5133 4394 5034
4606 4970 4925 4713 5262
4613 4392 5109 4179 5410
5237 4724 4514 4725 4323
5038 4482 4398 4806 4812
4704 4812 4663 5123 4641
4573 4645 5064 4537 5286
4486 4579 4561 5353 4420
4221 4653 5418 4595 5155
4164 4510 5215 4199 5350
5187 4976 4747 4474 4767
5118 4516 4857 4126 4789
5047 4487 4915 4338 4795
4494 4663 5058 4962 4920
4220 4734 4809 5210 4882
4584 4711 5227 4693 5120
4525 4771 5279 4921 5070
4272 4270 5451 4179 5343
4025 4465 5547 4187 5270
5096 4517 4921 4158 4855
4900 4623 5088 4451 5022
4827 5116 5016 4719 4849
4833 4685 4632 4990 4854
4807 4776 4559 5096 4553
5261 4548 4472 4553 4741
5014 4658 4440 4978 4394
4964 4910 4673 4727 4838
4743 4727 4548 5091 4810
4619 4705 5070 4282 5208
4466 4775 5235 4910 4982
4316 4748 5287 4504 5248
3943 4780 5307 4109 5241
4889 4539 4301 5014 4345
4880 4561 5099 4187 5051
4564 4362 5103 4359 5350
4448 4789 4606 5195 4506
4123 4687 5175 4247 5368
4309 4959 5174 4995 4954
4130 4212 5346 4201 5367
5092 4775 4565 4683 4551
5051 4617 4557 4848 4572
5023 4548 4489 4875 4352
5003 4659 5011 4288 4960
4873 4529 5096 4272 4998
4973 4800 4722 4624 4796
3929 4631 5415 4191 5346
4851 4530 5160 4304 5064
4646 4457 5208 4303 5178
4574 5112 4984 4822 4971
4404 4839 4898 5213 4848
4492 4650 5084 4558 5264
4264 5100 5264 4529 5184
5067 4820 4615 4539 4845
4785 4870 5084 4497 5076
4718 5074 5003 4823 4980
4564 4997 4863 4970 5080
4412 4723 5318 4516 5152
4256 4962 5372 4687 5231
5110 4873 4731 4754 4438
5077 4584 4737 4151 4928
4719 4923 4912 4873 5047
4374 5162 5235 4971 4968
4077 4733 5164 4111 5316
5090 4502 4628 4520 4871
4898 5158 4878 4895 4889
4642 4579 4602 5222 4765
4463 4753 5277 4312 5199
4292 5110 5200 4573 5060
4804 4875 4969 4616 4997
4396 4805 4954 5088 4903
4553 4659 5102 4973 5008
4362 5284 5179 4772 4903
4387 4999 4896 5039 4949
5148 4422 4683 4237 4889
4770 4928 5092 4606 5020
5226 4405 4497 4146 4667
4986 4414 4496 4872 4558
4893 4277 5074 3977 5049
4460 5268 4957 4380 4794
4125 4634 5263 4253 5322
5130 4565 4520 4841 4465
4890 4722 4931 4500 5027
4481 4998 5021 5016 4799
4402 5050 5058 5023 4906
4340 5011 5299 4715 5066
4299 4871 5271 4526 5154
4404 4813 5329 4540 5149
5182 4585 4750 4555 4524
5154 4767 4332 4653 4474
5089 4460 4977 4081 4977
5102 4362 4677 4492 4967
4846 4758 4788 4472 5080
4618 4862 5163 4949 5022
4528 4716 4739 5182 4546
5082 4651 4844 4062 4773
5006 4826 4700 4863 4463
4903 4628 4248 5006 4276
4604 4789 4647 5064 4851
4597 4706 5134 4314 5274
4426 5063 5057 4575 5135
4350 4901 5230 4322 5201
4037 4709 5423 4545 5139
4306 5134 5307 4548 5067
5074 5039 4667 4686 4834
4894 4545 4873 4486 5140
4399 5242 4969 4527 4833
4290 4704 5090 5032 4961
5286 4754 4520 4545 4383
4935 4770 4934 4473 4987
4235 4983 5079 4951 4984
5105 4781 4712 4557 4843
4597 4876 5220 4449 5164
4678 4682 4944 4514 5348
4328 5133 5243 4516 5001
4266 5035 5204 4671 5096
4544 4729 5087 4512 5273
5103 4637 4787 4562 4631
5089 4486 4546 4754 4676
4942 4989 4986 4620 4976
4384 4690 5141 4957 4984
4353 4455 4599 5300 4744
5151 4419 4478 4594 4745
5010 4649 4221 4899 4438
4770 4481 4207 5175 4380
4522 4730 5151 4544 5339
4117 4440 5275 4172 5331
5080 4407 4788 4329 4799
4835 4583 5167 4330 5228
4549 4650 4883 4894 5052
4684 4982 4853 5045 4918
4315 4574 4824 5294 4519
5197 4691 4436 4700 4599
5111 4459 4913 4049 4911
4959 4642 4626 4470 5030
4658 4641 4487 5152 4485
4459 4715 4886 4976 5039
4215 5281 5196 4526 5003
3784 4269 5576 4079 5113
4031 4476 5547 4263 5212
5224 4806 4623 4356 4380
5107 4450 4694 3970 4955
5036 4421 4752 4182 4961
4865 4886 4970 4900 4647
4240 4564 4619 5288 4605
4304 4841 5224 4577 5279
4114 4585 5468 4610 4966
5021 4571 4900 4266 5004
4884 4387 5025 4080 5091
4565 5237 4897 4607 4811
4433 5102 5183 4743 5018
4541 4680 5090 4378 5324
4440 4840 5013 5181 4820
3921 5303 5042 4343 4758
3731 4169 5370 3904 5396
5233 4715 4295 4646 4367
4969 4692 4707 4860 4669
4857 4582 5103 4298 5162
4638 4808 5340 4424 5025
4603 5096 4933 4873 4913
4619 4686 4900 4503 5260
4153 5183 5157 4681 5098
5354 4381 4136 4432 4207
5004 4298 4374 4524 4991
4853 4573 4884 4219 5206
4518 4962 5146 4902 4866
4347 4786 5091 5073 4738
4221 5292 5196 4602 4945
5237 4220 4444 4387 4762
5147 4413 4664 4372 4854
5145 4610 4849 4305 4813
5091 4745 4549 4326 4871
5005 4735 4772 4689 4798
4871 4278 5138 4009 5115
4804 4543 4878 4399 5146
4856 4755 4627 5072 4736
4552 4746 5253 4534 5158
4160 4364 4725 5307 4337
4069 4595 5272 4269 5363
5288 4353 4394 4335 4670
4867 4269 4919 3930 5159
4740 4878 4652 4761 5025
4471 4859 5180 4703 5122
4311 4496 5035 4228 5353
4370 4492 5079 4239 5441
4386 4641 5146 4847 5165
4119 4509 5345 4815 5025
4309 4817 5178 4277 5307
5199 4600 4575 4364 4738
4923 4465 5049 4001 4999
4866 4472 5152 4195 5120
4886 4713 4712 4421 5071
4773 5039 4739 4931 4840
4636 5056 4975 4840 4838
4150 4561 5470 4535 5137
3983 4543 5514 4409 5294
5035 4738 4675 4169 4869
4862 4463 4933 4116 5164
4855 4595 4595 4579 5055
4858 4379 4870 4033 5201
4605 5060 5049 4833 4828
4420 4901 4783 5143 4568
4244 5036 5268 4703 5162
4844 4473 5216 4227 5186
4621 4407 5142 4480 5257
4635 4391 5045 4147 5344
4567 5055 5040 4745 5093
4405 5253 4969 4603 4775
4451 4795 5184 4877 5100
3954 4346 5022 4296 5381
4887 4807 4657 5007 4509
4865 4619 5107 4296 4995
4849 4760 4977 4811 4882
4776 4587 5123 4319 5140
4714 4532 4915 4954 4804
4710 4520 5359 4225 5111
4613 4915 5212 4806 4804
4483 4815 5266 4576 5170
4358 4697 5227 4556 5189
4466 5279 4957 4456 4736
5080 4955 4774 4581 4605
4900 4890 4522 4902 4725
4731 4566 4322 5207 4211
4691 4587 5175 4218 5184
4607 4664 4702 5175 4439
4511 4502 4880 4318 5394
4419 4971 5109 4734 5118
3768 4382 4468 5383 4329
5259 4612 4582 4440 4547
5233 4214 4630 4165 4871
4992 4233 4683 4533 4971
4927 4878 4737 4870 4570
4732 4831 4859 4598 5060
4727 4557 4103 5128 4255
4685 4739 4888 4591 5226
4638 4547 5219 4327 5175
4207 5095 5256 4899 5046
5142 4552 4672 4530 4800
4908 4745 4685 4875 4701
4837 4868 4739 4575 5122
4824 4765 4815 4232 5068
4233 5170 5252 4801 5010
4198 4644 4988 4238 5355
4371 4469 5298 4585 5225
3720 4120 5575 4261 5040
5285 4401 4541 4157 4755
4765 4161 4795 4564 5151
4756 4694 4872 4846 5004
4269 4678 5347 4477 5229
4304 4895 5405 4541 5149
4129 4722 5176 5002 4842
4085 4583 5208 4161 5355
4054 4586 5439 4523 5233
5096 4543 4490 4831 4554
4928 4454 4186 4982 4514
4790 4751 4914 4315 5078
4697 4647 4565 5137 4557
4611 5053 5030 4930 4818
4587 4949 5199 4831 4890
4532 5009 4944 4949 4863
4571 5248 4897 4683 4753
4325 4762 5029 4974 4964
4184 4712 5406 4791 5039
5106 4864 4512 4675 4482
5085 4451 4758 4002 5021
5066 4196 4674 4039 5028
4838 4587 4295 5100 4373
4818 4338 4652 4914 4826
4487 4704 4491 5163 4675
4452 4396 5346 4536 5179
4320 4883 5341 4433 5141
4269 4579 5069 4724 5209
4990 4700 4707 4774 4698
4959 4278 4382 4877 4642
4877 4447 4591 4553 5106
4872 4817 4512 5002 4456
4862 4388 5089 4112 5157
4748 4940 4671 5033 4758
4622 4675 5070 4357 5346
4411 5103 5247 4775 5084
5018 4387 4321 4516 4922
4826 4530 4978 4578 5050
4669 4588 5239 4250 5250
4592 4584 5367 4442 4973
4479 4439 5252 4177 5335
4607 5271 4940 4626 4694
4372 5070 5252 4425 5025
4225 4874 5104 5004 4601
4159 5194 5157 4757 5040
4125 4716 5362 4780 4951
5161 4502 4611 4364 4785
5110 4632 4437 4823 4485
4922 4834 4632 4867 4632
4914 4575 5000 4104 5041
4822 4521 4759 4499 5094
4613 5027 4869 4790 5140
4535 4635 5382 4248 5175
4482 4570 4342 5274 4464
4441 5276 5012 4546 4716
4087 5298 4970 4423 4736
5077 4262 4837 4195 4862
5061 4653 4369 4847 4302
4973 4834 4938 4427 4806
4805 4699 5099 4603 4990
4840 4464 4997 4148 5230
4782 4544 4942 4431 5212
4193 4446 4339 5352 4443
4826 5078 4964 4830 4856
4831 4574 4948 4251 5272
4727 4527 4917 4360 5297
4667 5056 4818 4927 4671
4612 4902 4939 4980 4885
4520 4889 5186 4523 5182
4477 4870 5180 4779 5064
4419 4461 5148 4954 4954
4195 4603 4974 4680 5239
3956 4598 5421 4735 4861
5182 4344 4456 4624 4571
4979 4838 4485 4895 4618
4974 4625 4362 4953 4670
4908 4634 4820 4478 5071
4856 4729 5058 4399 5037
4829 4676 4413 4911 4898
4677 4444 4297 5190 4556
4619 5149 4996 4825 4759
4597 4668 5312 4235 5113
4478 4570 5087 4593 5234
4473 4940 5008 5042 4584
4463 4734 5107 4533 5251
4446 4874 5254 4772 5054
4380 4752 5259 4763 5161
4279 4639 4968 4217 5377
4212 4910 4982 4984 4966
5231 4615 4756 4375 4584
4970 4616 4143 4874 4714
4813 4342 4892 4334 5144
4454 4836 5198 4435 5216
4454 4807 5064 4966 4900
4380 4684 5327 4735 5093
4269 5193 5295 4744 4951
4117 4037 4987 3969 5468
5204 4565 4476 4415 4556
5050 4457 4915 4413 4933
4983 4343 4634 4636 5013
4887 4566 4363 5076 4556
4853 4905 4975 4436 5057
4805 4724 4878 4666 5064
4745 4713 4946 4920 4907
4714 4291 4621 5023 4851
4665 4579 5020 4171 5294
4486 4764 4748 5201 4751
4330 4823 5094 5035 4621
4326 5261 5136 4829 4962
4381 4529 5197 4078 5393
4170 4735 5340 4834 4802
4158 4662 4962 4876 5123
5223 4872 4615 4234 4489
5124 4283 4364 4599 4829
5034 4476 4584 4584 4921
4978 4808 4469 4538 4938
4953 4929 4747 4801 4741
4914 4979 4469 4894 4656
4773 4400 4560 4662 5131
4752 4688 5058 4624 5113
4732 5163 4950 4815 4911
4700 4755 4586 5203 4391
4678 4385 5333 4235 4990
4618 4608 4409 5127 4761
4506 5023 5109 4427 5100
4506 4934 4948 5047 4899
4467 5201 4866 4792 4778
4366 4587 5205 4187 5337
4178 4668 5150 5028 4648
3964 4606 5202 4820 5101
5236 4790 4506 4603 4432
5100 4426 4787 4379 4773
5059 4809 4883 4512 4796
4781 4894 4902 4904 4816
4744 4730 5056 4308 5164
4538 5065 5180 4505 5003
4528 4741 4518 5245 4620
4502 5014 4890 4348 5144
4463 4923 5363 4447 5089
4422 4783 5335 4258 5177
4547 4861 4986 5074 4982
4324 4268 5106 4257 5389
4303 4763 5093 5006 5030
5308 4642 4588 4260 4607
5217 4749 4679 4279 4502
5052 4519 4965 4277 4861
4928 4708 4940 4804 4775
4781 4861 4865 4418 5120
4740 4721 4837 4229 5208
4673 4579 5347 4421 4995
4441 4965 4943 4991 5075
4331 4248 4628 4855 5105
3464 4300 5470 4086 5301
5213 4740 4460 4200 4546
5193 4682 4217 4621 4643
5048 4510 4746 4198 4905
5012 5091 4770 4497 4831
4810 4766 5206 4514 4835
4779 4250 4742 4556 5082
4697 4621 5091 4249 5197
4678 4497 4911 4540 5237
4633 4775 4847 4495 5191
4490 5051 5210 4768 4977
4439 4680 5371 4746 5181
4195 5217 5200 4700 4981
5226 4658 4351 4569 4489
4729 4638 4601 5099 4879
4724 4609 5306 4217 5042
4711 4736 4512 5129 4488
4645 4362 4068 5211 4331
4595 4632 5164 4716 5190
4525 4956 5293 4434 5027
4651 4580 5411 4453 5061
4426 4734 5054 5066 4631
4378 4801 5254 4873 4980
4247 4909 5183 4935 5053
4063 4584 5272 4193 5421
4417 4693 5271 4567 5277
4171 4715 4946 5195 4717
5353 4447 4128 4310 4316
5347 4349 4438 4346 4758
5159 4903 4737 4574 4498
4986 4628 4995 4521 4793
4891 4626 4520 4999 4389
4777 5099 4896 4854 4673
4768 4752 4978 4347 5144
4726 4305 4371 5145 4243
4725 4629 4382 5020 4923
4583 4694 5318 4545 5015
4515 5102 4965 4934 4784
4442 4778 4558 5180 4693
4322 4618 5294 4623 5225
4278 4961 5308 4655 5165
4237 4821 5280 4466 5253
4104 4260 5075 5074 4923
4016 4448 4372 5421 4312
4004 4185 4940 3979 5470
5314 4348 4058 4407 4483
5105 4596 4679 4583 4732
5092 4204 4829 4086 4918
4979 4337 4820 4414 5122
4923 4669 4705 4368 5139
4922 4617 4786 4808 4602
4918 5039 4626 4817 4489
4911 4631 4615 4835 4927
4508 4886 4929 5104 4823
4498 4694 5370 4444 5059
4497 4537 5418 4248 5222
4326 5236 4962 4885 4834
4326 4894 5341 4509 5083
5083 4929 4716 4583 4792
5055 4800 4664 4433 4840
5052 4571 4345 4798 4743
5031 4513 4141 4939 4105
5001 4726 4553 4610 4842
4988 4410 4741 4547 4858
4906 4723 4793 4825 4788
4879 4296 4603 4745 5038
4785 4954 5059 4827 4649
4745 4603 4930 4627 5096
4680 4976 5039 4823 5027
4669 4992 4708 5040 4865
4512 4552 5032 4982 4906
4500 4446 4330 5259 4425
4467 5176 4692 4848 4650
4461 4679 5307 4714 5115
4294 4875 5186 4386 5251
5196 4740 4394 4396 4656
5172 4727 4477 4733 4665
5031 4524 4731 4406 5006
5003 4256 4723 4085 5097
4832 4737 4995 4543 4976
4756 4392 4260 5183 4449
4698 5097 4959 4818 4652
4598 4866 5166 4807 4955
4552 4806 4770 5004 4991
4549 4724 5329 4240 5106
4535 4609 4567 5173 4480
4525 4822 5217 4765 4947
4520 4485 4842 5176 4752
4460 4793 5017 4547 5288
4380 4868 4705 5118 4844
4378 5081 5252 4501 4967
4350 5071 5316 4457 5091
4302 4200 5255 4378 5335
4273 4773 5034 5109 4898
4198 4294 5356 4135 5373
3951 4489 5452 4143 5300
5138 4543 4453 4451 4844
5063 4655 4827 4406 4816
4973 4752 4864 4783 4502
4952 4704 4675 4846 4808
4867 4662 4831 4211 5137
4807 4532 5204 4423 5070
4668 5009 4818 4428 5122
4661 4425 4572 5139 4568
4601 4867 5328 4620 4909
4609 4832 4976 5105 4751
4593 4867 5001 4370 5208
4588 4778 5263 4338 5155
4448 5086 5209 4791 4883
4476 4695 5434 4476 5125
4356 4938 4799 5071 4842
4346 5062 5097 4378 5135
4300 5186 5140 4927 4998
4298 4191 5036 4299 5379
5204 4595 4557 4369 4632
5054 4503 4727 4295 4895
4997 4936 4651 4966 4505
4948 4695 4456 4767 4852
4944 4441 4957 3923 5068
4852 4987 4702 4924 4733
4824 4661 4909 4913 4800
4776 4184 4835 4116 5277
4767 5104 5009 4643 5040
4720 5095 5043 4826 4687
4674 4499 4837 4929 5080
4584 4769 5044 4259 5199
4550 4593 4514 5219 4671
4496 4253 4610 4577 5292
4409 4771 5057 5028 4514
4405 5209 5099 4822 4855
4404 4722 4839 4993 5016
4343 4743 5315 4931 4977
4248 4642 5199 4579 5255
4229 4787 4998 4962 5060
4009 4067 5033 4377 5358
3942 4472 4277 5377 4342
4176 4457 4632 5369 4613
5086 4545 4798 4373 4798
5072 4490 4465 4363 4878
5032 4877 4710 4794 4634
4993 4927 4432 4887 4549
4866 4420 4472 5007 4747
4865 4645 4676 4969 4694
4858 4562 5163 4219 5117
4866 4823 4866 4805 5000
4725 4632 4787 4877 4988
4697 4556 4372 5120 4654
4696 4746 4367 5124 4435
4691 4533 4244 5182 4487
4670 4490 4618 4850 5124
4580 4460 5316 4454 5250
4526 4900 5186 4599 5124
4460 4963 5201 4764 4985
4445 4336 4997 4602 5236
4431 4788 5337 4457 4968
4265 4949 5207 4883 4982
4205 5044 5294 4926 4878
4115 4598 4836 5071 4995
4261 4943 5393 4661 5091
5254 4579 4215 4686 4034
5188 4551 4473 4589 4497
4947 4570 4526 4957 4597
4943 4814 4626 4949 4850
4792 4848 4747 4928 4773
4646 4639 4759 5145 4598
4607 4689 4481 5238 4513
4507 4846 5289 4865 4916
4395 4930 5226 4923 4861
4299 4757 5279 4784 5139
4257 4640 5032 4249 5443
4218 4921 4982 5060 4908
4165 5109 5261 4665 5167
3847 4330 4431 5376 4222
5091 4536 4738 4482 4815
4997 4432 4581 4628 4944
4907 4625 4801 4613 5036
4851 4957 4686 4567 5053
4673 5052 4865 4963 4698
4633 4637 5173 4804 4925
4614 4853 4944 4870 5066
4562 4738 4769 5192 4457
4460 4847 5198 4511 5158
4431 4877 5040 4522 5275
4426 4982 5351 4643 4973
4306 4892 4610 5074 4874
4298 4316 4835 5130 4945
4275 4123 5346 3901 5324
4273 4284 5278 4353 5322
4213 5042 5294 4519 5085
3947 4838 5410 4197 4951
5240 4738 4384 4581 4381
5216 4634 4553 4482 4453
5141 4601 4630 4226 4857
5112 4426 4766 3919 4840
5087 4527 4519 4403 4859
5055 4433 4869 4113 4961
4992 4524 4759 4618 4805
4967 5018 4694 4793 4672
4875 4290 4789 4523 5147
4837 4280 4418 4398 5148
4823 4385 5027 4444 5113
4821 4732 5016 4812 4631
4819 4622 4674 4477 5164
4807 4584 4584 4944 4952
4703 4678 4499 5155 4273
4627 4481 5056 4171 5341
4589 4989 5272 4421 4844
4552 4640 4634 5168 4748
4426 5086 5007 4834 4937
4365 4361 5335 4207 5295
4348 4827 5260 4724 5117
4269 4275 5059 4274 5366
4198 4476 4889 4912 5130
4079 4743 5466 4564 5022
4065 4519 5212 4335 5333
4017 4645 5427 4719 5117
4962 4737 4964 4325 5027
4918 4538 4961 4336 4993
4802 4676 4762 4934 4813
4683 4677 5186 4242 5181
4657 4614 4487 5112 4833
4591 4623 4945 4637 5234
4539 4598 5343 4480 5127
4488 4403 4613 5197 4527
4471 4892 5138 4901 4932
4453 5110 5198 4964 4861
4436 4831 4794 5102 4864
4416 4459 4594 5290 4490
4265 5229 5205 4511 4969
4229 4528 5014 4632 5242
4179 4240 4098 5358 4179
4085 4442 5309 4145 5375
3943 4333 4680 5351 4482
3935 4091 4938 4333 5388
3900 4799 5406 4454 5110
3817 4706 5423 4484 5150
5279 4788 4430 4397 4400
5271 4505 4250 4804 4281
5149 4456 4793 4199 4833
5107 4620 4780 4105 4845
5100 4752 4442 4568 4736
5036 4591 4838 4317 4851
4974 4324 4185 5041 4167
4928 4467 4646 4873 4822
4893 4556 4692 4597 5053
4798 4554 4217 5075 4649
4574 4801 5285 4741 5130
4568 4971 5006 4616 5103
4516 5066 5244 4537 5069
4496 4256 5015 4434 5357
4488 5015 5281 4630 4911
4428 4794 5335 4334 5119
4404 4725 5244 4850 5081
4375 4870 5166 4365 5273
4362 4917 5384 4452 5024
4601 4977 4813 5132 4775
4302 4499 4942 4715 5213
4297 4869 4863 5164 4563
4217 4277 5404 4196 5320
4349 4700 5134 5043 5049
3952 4491 5389 4689 5182
5248 4560 4510 4068 4661
5246 4721 4442 4520 4659
5095 4850 4776 4640 4616
5085 4477 4327 4675 4720
5034 4496 4422 4560 4869
5014 4924 4875 4317 4911
4977 4738 4946 4624 4835
4832 4784 4434 4977 4732
4759 4862 4929 4450 5186
4731 4536 5136 4439 5253
4699 4454 5196 4069 5277
4670 4493 5023 4707 5189
4644 4064 5083 3934 5282
4512 5057 5025 4458 5113
4492 4247 4796 4355 5401
4405 5184 4925 4878 4727
4225 4781 5184 4740 5169
4210 4625 4834 5263 4499
3928 4153 5401 4274 5299
5279 4697 4576 4468 4505
5159 4810 4661 4694 4374
4913 4727 4737 4911 4644
4878 4709 4824 4588 5023
4841 4558 5037 4519 5007
4838 4694 4814 4655 5048
4764 4775 4737 5028 4504
4666 4484 4804 4628 5233
4632 5029 4938 4852 4887
4598 4778 4599 5049 5038
4579 4394 4293 5252 4318
4546 5239 5009 4308 4701
4508 4748 5297 4653 5164
4446 4546 4483 5328 4696
4441 4330 5183 4380 5345
4414 5104 5295 4444 4908
4203 4870 4738 5187 4713
4111 4592 5022 4849 5104
5275 4688 4357 4389 4549
5232 4781 4287 4524 4476
5155 4801 4442 4615 4418
4978 4745 4896 4612 4847
4833 5165 4820 4541 4620
4795 4766 5003 4837 4717
4791 5188 4843 4846 4604
4787 4852 4987 4348 5091
4740 4394 4318 5137 4174
4710 4468 4679 5037 4738
4531 4967 5293 4510 4969
4513 4518 4407 5285 4321
4504 4739 5078 4574 5208
4442 4537 4264 5249 4740
4392 5232 5009 4598 4930
4356 4802 5318 4905 5046
4346 4872 5143 4854 5000
4330 4863 4803 5169 4878
4214 4915 5168 4838 5017
4509 4823 5023 4367 5348
3822 4790 5368 4277 5290
5110 4182 4710 4186 4866
5096 4620 4273 4827 4345
4993 4426 4767 4406 5053
4956 5078 4933 4612 4907
4846 4549 4977 4628 5024
4752 4445 4820 4774 5153
4688 4801 4716 5037 4798
4614 4486 5149 4550 5187
4578 4913 5111 4794 5094
4561 4925 5154 5003 4839
4560 4935 5208 4645 5048
4558 4818 5034 4504 5204
4441 5232 5142 4765 4796
4379 5134 5103 4920 4891
4373 4595 4547 5288 4540
4361 5004 5089 4269 5191
4359 5165 5021 4721 5189
4313 5130 5304 4653 4975
4129 4698 5175 4323 5310
4062 4655 4473 5316 4482
4057 4687 5192 5022 4811
3837 4810 5047 5071 4676
3649 4302 5571 4290 4925
5141 4234 4835 3906 4978
5070 4205 4893 4118 4984
5054 4765 4778 4509 4858
5041 4563 4818 4414 4838
4987 4489 4707 4591 4840
4920 4812 4740 4817 4719
4896 4614 4869 4372 5066
4842 4540 4758 4549 5068
4829 4224 4946 4486 5084
4803 4578 4770 4722 5061
4799 5043 5006 4819 4580
4798 4642 5155 4526 5112
4747 4910 4655 4676 5078
4747 4537 4998 4764 5014
4722 5031 4933 4939 4881
4729 5006 5045 4643 5087
4643 4850 5004 4991 4742
4599 4711 5036 4150 5255
4592 4977 5279 4723 4951
4524 4569 5219 4092 5341
4521 4373 4570 5258 4297
4500 4825 5190 4697 5160
4477 5256 4924 4398 4835
4476 5137 5225 4431 4846
4463 4321 4817 4852 5132
4458 4691 4738 5301 4482
4436 4834 5199 4959 4929
4277 4764 5315 4100 5268
4192 4645 5216 4985 4885
4113 4313 5264 4826 5101
3952 4667 5165 4345 5335
5224 4649 4666 4227 4601
5216 4366 4486 4634 4482
5195 4705 4508 4472 4674
5045 4613 4678 4398 4937
5034 4347 4782 4584 4877
4939 4805 4407 4870 4894
4879 4555 4631 5049 4507
4794 4633 4936 4447 5156
4673 4551 5200 4482 5202
4639 4702 5355 4254 4996
4569 4844 4880 4935 5035
4534 4574 4789 5168 4683
4517 4939 5118 4856 5001
4467 4886 5324 4679 5041
4365 4435 5057 4994 4991
4363 4481 4871 4634 5317
4300 4886 5186 4462 5193
4264 4967 4976 5060 4944
4259 4575 4972 4391 5355
4192 4846 4986 5158 4944
4116 4676 4967 4642 5244
4102 4481 4537 5325 4643
3909 4567 5419 4365 5324
3774 4215 4739 5306 4392
5267 4499 4436 4582 4390
5193 4421 4746 3898 4862
5191 4582 4678 4350 4860
5122 4392 4804 4110 4868
5065 4399 4907 4304 4989
5026 4518 4489 4950 4490
5020 4495 4361 5012 4323
4987 4841 4811 4775 4433
4822 4619 4469 4834 5020
4806 4785 5171 4355 5018
4673 4181 5000 4305 5258
4602 4152 5058 4517 5264
4600 4937 5173 4893 4868
4553 4567 4456 5221 4858
4488 5021 5110 4951 4813
4466 4804 5017 4623 5230
4454 4433 4910 4232 5353
4435 4671 5152 4667 5225
4434 4772 5202 4609 5194
4431 5224 5133 4591 4947
4410 4765 4465 5215 4348
4392 4848 5163 4812 5091
4356 5082 5316 4533 5033
4351 4230 5261 4198 5395
4311 5012 4866 5088 4860
4250 4663 4909 5188 4610
4249 5065 5337 4462 5026
4202 4730 5109 4995 4959
4129 4894 4643 5143 4743
4104 4425 5357 4206 5322
4036 4605 4651 5358 4646
