40 5
2938
130 104 20 65 75 283
6 242 274 252 65 26
84 268 161 77 278 57
171 201 228 251 37 79
242 2 112 238 165 75
71 294 179 90 60 253
205 197 196 180 149 93
205 65 193 199 141 172
88 144 73 148 96 109
226 38 242 38 109 108
244 179 102 123 102 293
209 7 23 237 19 5
162 57 69 55 88 43
59 175 186 131 155 114
72 81 152 147 250 93
254 194 271 188 150 205
182 191 212 204 260 63
208 122 119 110 9 206
152 68 213 170 31 68
284 235 280 268 82 63
193 36 257 164 56 239
70 237 262 114 274 222
176 15 176 128 124 17
166 108 84 212 278 247
112 95 15 93 195 228
155 88 96 244 84 151
16 285 89 277 231 195
199 108 209 207 68 166
224 233 273 140 145 84
219 257 11 233 182 205
161 169 125 256 114 209
240 261 27 29 239 258
56 270 198 264 178 265
130 234 31 104 74 176
20 293 265 31 59 147
68 53 16 193 141 261
234 81 223 260 241 294
51 296 264 81 261 274
46 223 208 77 159 115
85 179 108 50 209 298
3941
4520 4128 4191 4039 4736
4593 4421 4232 4060 4463
4524 4545 4077 3991 4311
4794 3976 4135 4274 4822
4738 4463 4218 4081 4472
4718 4485 4165 4137 4381
4643 4315 3932 4219 4439
4642 4468 4085 4157 4171
4652 4401 4237 3999 4433
4517 4626 4228 3880 4234
4649 4206 4180 4048 4769
4687 4712 3913 3735 3793
4494 4723 4183 3937 4255
4862 4289 4013 4258 4407
4769 4391 4195 4175 4433
4611 4392 4357 4009 4418
4762 4201 4311 4118 4593
4608 4452 4179 4082 4579
4626 4726 4164 3945 4176
4611 4134 4070 4057 4878
4523 4187 4175 3929 4878
4613 4399 4285 4004 4554
4734 4058 3962 4346 4512
4668 4067 4095 4260 4574
4483 4388 4246 4005 4661
4568 4150 3969 4250 4582
4477 4660 4207 3742 4047
4546 4562 4263 3965 4167
4584 4249 3876 4302 4482
4722 4150 3937 4412 4433
4478 4529 4297 3994 4347
4631 4490 4134 4065 4482
4660 4426 4169 4150 4415
4513 4304 3893 4220 4546
4706 4202 4215 4231 4390
4642 4335 4320 4089 4487
4718 4134 4141 4355 4380
4613 4532 4050 4072 4238
4731 4322 4293 4170 4414
4714 3746 4047 3863 5039
4834 4153 4354 4130 4520
4497 4648 4175 3936 4143
4718 4310 4079 4076 4613
4673 4119 4359 4146 4658
4521 4525 4106 4101 4415
5178 3933 3871 4064 4302
5153 4047 3870 4202 4323
5153 4106 3899 4075 4116
5089 3766 3970 4167 4578
5091 4114 4028 4106 4369
5067 3860 3894 4330 4365
5041 4297 4157 3836 3882
5080 3961 3759 4115 4510
5075 4190 4207 4115 4237
5009 4234 4020 3911 4286
5009 3713 3754 4262 4739
5111 3997 4102 4159 4452
5139 3751 3991 4253 4626
5062 3780 4023 4340 4706
5014 4364 4007 3848 4097
4993 4185 4204 4130 4235
5018 4062 4137 4234 4556
4998 3949 4174 4250 4541
5010 4081 3920 4229 4396
5041 4113 4133 4173 4170
5028 3858 3942 4335 4486
4989 3860 3907 4380 4572
4978 4066 4100 4197 4458
4973 4302 4130 4077 4152
4978 4373 4088 4141 4170
4909 3962 4201 4169 4614
4918 3997 3922 4127 4660
4935 4209 4129 4218 4541
4995 4024 4182 4251 4653
4928 4461 4029 3682 4016
4962 4142 4279 4206 4326
4923 4140 4327 4211 4447
4941 4346 4124 4102 4323
5000 4104 4053 4241 4312
4926 4388 4181 4001 4198
4890 4243 4033 4033 4486
4865 3764 4047 4251 4861
4962 4195 4076 4045 4413
4869 4123 4235 4237 4413
4849 4147 4148 4136 4502
4946 4110 4094 4222 4629
4863 4441 4110 3869 4326
4854 4436 4138 3989 4271
4974 3864 3983 4316 4803
4939 4064 4148 4202 4579
4963 3963 4018 4312 4715
4873 3885 4241 4173 4623
4899 4402 4234 4174 4326
4971 3916 3858 4362 4564
4810 4145 4196 4141 4623
4846 4554 4131 3796 3961
4962 4267 4274 3996 4245
4822 4382 4066 3831 4334
4910 4356 3996 4017 4501
4966 4158 4075 4263 4379
4870 3960 4249 4174 4735
4834 3885 4029 4303 4682
4904 4198 4231 4049 4308
4870 4093 4014 4242 4419
4907 3825 3983 4136 4882
4810 4320 4282 4202 4391
4810 4415 4261 4093 4399
4841 4199 4300 4150 4570
4774 4338 4301 4097 4408
4846 4222 4156 4137 4614
4783 3839 4141 4114 4896
4743 4395 4338 4017 4339
4894 3700 4082 4336 4794
4830 3869 4233 4246 4629
4738 4193 4153 4129 4696
4781 4609 4091 3826 4038
4813 4340 4253 4092 4287
4790 4437 4208 4149 4308
4713 4112 4096 4240 4595
4754 4387 4039 4072 4604
4712 3946 4225 4080 4769
4761 4501 4173 4064 4375
4821 4046 4161 4145 4711
4827 3944 4241 4247 4741
4874 3976 4045 4231 4788
4831 3960 4037 4304 4794
4975 4046 4129 4307 4562
4678 4565 4244 3973 4088
4711 4188 4261 4151 4677
4866 3930 3918 4411 4687
4688 4208 4132 4043 4648
4651 4616 4138 4005 4208
4801 4203 4263 4113 4472
4717 4189 4191 4024 4614
4739 4112 4196 4238 4520
4694 3836 3893 4202 5036
4700 4121 4043 4138 4805
4634 4037 4115 4000 4857
4609 4210 4143 4011 4671
4645 4260 4312 4088 4375
4772 3745 4003 4282 4948
4646 4609 4238 3998 4259
4803 4206 4148 4210 4620
4586 3927 4220 3961 4878
4606 4613 4201 3961 4161
4658 4259 4141 4080 4619
4669 3914 3942 4322 4842
4669 3930 4217 4153 4775
4671 4069 3821 4313 4613
4678 4142 4215 4133 4702
4749 4220 3963 4283 4322
4782 3761 4050 4059 4964
4794 4062 4338 4202 4414
4613 4304 4306 4113 4546
4612 4348 4154 3978 4607
4663 4116 4083 3989 4809
4787 3855 3937 4171 4949
4742 4223 4258 4174 4502
4720 4099 4096 4082 4896
4516 4096 4120 4151 4750
4781 4384 4247 4117 4458
4570 4383 4277 4077 4560
4700 3836 4144 3922 4999
4677 4268 3920 4271 4395
4556 4833 3879 3512 3622
4591 4021 4107 4073 4863
4503 4112 4283 4110 4667
4450 4176 4370 4104 4357
4661 4273 4016 4212 4683
4481 4549 4268 3884 4243
4673 3946 4013 4210 4828
4661 3836 3932 4052 5058
4586 4307 4098 4068 4692
4663 4561 4088 3870 4259
4676 4139 4330 4036 4554
4448 4590 4120 4035 4262
4575 4207 4362 4252 4255
5173 3989 3973 4128 4199
5180 3908 3822 4239 4276
5154 4161 4061 4082 4081
5114 4290 4019 3835 3902
5087 3712 3876 4096 4642
5061 4180 4231 3889 3965
5115 4013 3898 4216 4505
5076 4252 3951 4002 4169
5051 4108 3925 4175 4334
5006 3820 3989 4291 4632
4998 4133 4198 3913 4253
5013 4298 4167 4114 4250
4978 3812 3975 4160 4772
4964 4067 3766 4277 4539
4951 3626 3993 4204 4828
4944 3778 4157 4207 4750
4909 3946 3926 4338 4681
4915 4326 4055 4165 4458
4882 4160 4278 4005 4454
4938 4502 4046 3894 3991
4887 3795 4144 4114 4663
4978 4557 4112 3804 3882
4913 3556 3699 4326 4890
4933 4407 3992 3956 4115
4837 4010 4158 4157 4687
4824 4500 4104 3963 4113
4897 3720 4053 4226 4690
4855 3791 4184 4126 4823
4921 3925 4034 4340 4340
4892 3823 3890 4439 4579
4793 4682 4136 3673 3963
4774 4454 4137 3788 4399
4826 4339 4082 4084 4531
4854 4561 4133 3779 4190
4813 4440 4215 3936 4127
4814 4107 4113 4214 4708
4796 3671 3953 4000 5004
4752 4548 4061 3951 4186
4739 3745 4042 4132 4970
4802 4330 4113 4223 4375
4792 4544 4098 3988 4284
4862 3914 4122 4354 4634
4655 4228 4227 4102 4603
4754 4292 4060 4181 4596
4662 4351 4159 4210 4254
4709 4349 4283 4030 4259
4657 3820 4136 3995 5005
4662 4533 4059 3989 4391
4648 4103 3971 4342 4396
4802 4024 4002 4219 4861
4869 4097 3878 4249 4624
4698 4497 4197 3943 4285
4584 4797 3964 3635 3783
4690 4105 4048 4304 4428
4629 4498 4192 4056 4454
4686 4089 4252 4247 4375
5026 3703 4063 4344 4715
4576 3911 4173 4184 4862
4526 4207 4146 3819 4774
4530 4530 4078 3981 4470
4601 4311 4254 4171 4521
4509 4600 3993 4099 4201
4672 3989 4201 4043 4917
4569 4332 4115 4241 4341
4439 4762 4003 3712 3992
4698 4081 4021 4309 4628
4668 4325 4058 3990 4565
4499 4487 4153 4057 4561
4521 4118 4165 4266 4535
4806 4131 4140 4209 4508
4718 4435 4074 3866 4532
4629 4228 4127 4104 4678
4726 4182 4008 4300 4419
4653 4528 4087 4109 4336
4610 4512 4079 4182 4342
4767 4129 4188 4214 4629
4497 4463 4161 4117 4426
4497 4380 4072 4229 4414
5132 4123 4108 4038 4227
5026 3973 4128 4296 4491
5082 4334 4013 3860 4073
5005 4359 4035 3968 4042
4954 4074 3882 4123 4651
4986 4203 4234 4034 4310
4867 4236 3961 4183 4342
4865 4509 4184 3895 3971
4883 4170 4014 4061 4557
4836 4147 4036 4264 4486
4845 4218 4226 4110 4338
4841 4026 3954 4214 4740
4829 4264 4074 4083 4419
4943 4080 3944 4259 4632
4767 4589 4058 3913 4007
4874 4282 4156 4235 4302
4868 4085 3797 4402 4458
4854 4169 4193 4251 4287
4731 3884 3874 4346 4725
4665 3898 4146 4265 4789
4752 4673 4056 3741 4105
4633 4123 4322 4109 4560
4782 4046 3949 4275 4770
4804 3992 4182 4051 4838
4712 3930 3950 4249 4836
4606 4190 4172 4121 4775
4760 4058 3971 4309 4567
4645 4174 4109 4160 4783
4778 4125 4132 4109 4725
4790 4262 4122 4088 4540
4691 4632 4012 3905 4143
4629 4323 4106 3995 4686
4517 4531 4249 3989 4226
4590 3943 4016 4018 4931
4611 4502 4166 3871 4386
4831 4266 4148 4308 4308
4715 4290 4108 4186 4717
4378 4141 4406 4017 4158
4749 4157 4006 4305 4479
4646 3726 3998 4163 5057
4761 3965 3913 4343 4548
4552 4616 4001 4026 4195
4483 4191 4138 3892 4780
4404 4740 4091 3782 3913
5212 4089 3785 3848 3864
5158 3870 3869 4195 4422
5071 4126 4060 3912 4273
5073 3940 3874 4211 4532
4952 3558 3651 4321 4769
4959 3947 4222 4255 4662
4942 4312 4002 3992 4330
5002 3965 3970 4307 4594
5017 3814 3927 4155 4651
4955 3617 3635 4211 4911
4872 4025 4148 4022 4658
4877 3901 4037 4230 4676
4937 3716 4090 4263 4788
4871 3748 4023 4140 4891
5008 3609 4006 4297 4915
4857 4547 4014 3891 4074
4793 3839 3913 4060 4979
4929 4045 3854 4347 4460
4797 4308 4068 4108 4590
4735 3808 3950 4135 4992
4702 4386 4258 4085 4481
4899 3787 3913 4176 4916
4830 3964 4212 4137 4637
4664 3963 4124 4312 4589
4768 4106 3838 4254 4606
4675 4009 4172 3933 4813
4615 4539 4178 4009 4217
4641 4160 4053 4228 4668
4792 4051 4139 4094 4823
4695 4122 4135 3917 4828
4690 3820 4097 4145 4983
4546 4128 4291 4037 4661
4715 4005 4209 3970 4911
4572 4375 4219 4086 4588
4589 4431 4043 4250 4120
4503 4743 3802 3845 3857
4602 4158 4101 4233 4789
4553 4576 4159 4054 4110
4555 4488 4240 4013 4223
4597 4100 4062 3853 4901
4620 4670 4075 3733 4184
4481 4761 3903 3766 3959
5163 4166 4033 3962 4136
5096 3828 4037 4111 4540
5121 4150 3893 4100 4287
5067 3599 3913 4112 4627
5013 4125 3821 4178 4420
5026 4026 3925 4135 4578
4989 4128 4226 4033 4198
4926 4488 4143 3845 4038
4998 4440 4186 3857 3965
4886 4617 4101 3598 3859
4931 3825 3842 4434 4458
4758 3601 3659 4122 5066
4857 4123 4121 4141 4702
4781 4484 4096 4036 4119
4953 3783 3947 4384 4581
4733 4211 4024 4249 4374
4885 3877 4010 4235 4876
4798 4008 4206 4162 4808
4661 4406 4209 3879 4488
4709 4657 4048 3814 4111
4767 4714 4053 3703 3926
4738 4368 4239 4190 4464
4793 4557 4141 3883 4044
4694 4209 4072 4254 4495
4657 3901 4057 4368 4627
4590 3821 4076 4125 4902
4742 4279 4175 4227 4381
4730 4286 4032 4250 4486
4600 3837 4123 3902 4918
4629 4147 4168 4274 4453
4354 4310 4257 3996 4628
4656 4187 3884 4339 4173
4606 4738 4196 3751 4080
4834 4155 4094 4255 4458
4420 4109 4286 3918 4770
4484 4321 4296 3995 4521
4654 4408 4365 3936 4412
4724 4421 4003 4143 4463
4447 4486 4372 4070 4438
5126 3914 3863 4220 4593
5018 4259 4202 3853 3979
5009 4109 4025 4121 4367
4966 4225 4181 4090 4219
5014 4311 4210 4009 4010
4863 4174 4165 4131 4342
4905 3930 4130 4281 4628
5004 4120 3849 4298 4365
4884 3870 4152 4115 4775
4906 4605 4069 3792 3955
4812 4555 4154 4098 4062
4750 4393 4182 3960 4415
4864 4069 4001 4345 4405
4772 4168 4065 4041 4740
4689 4043 4180 4137 4790
4709 4603 4137 3854 4098
4741 3882 4260 4165 4702
4537 4042 3986 4257 4667
4874 4109 3810 4299 4472
4486 4220 4389 4171 4328
4809 3972 4059 4338 4591
4634 4250 4172 4219 4463
5160 3659 3886 4201 4705
4997 4201 4000 4187 4288
5022 4010 4129 4078 4525
5064 3935 3902 4331 4477
4845 4521 4216 3701 3875
4810 3440 3739 4150 4978
4757 4219 4182 4238 4271
4685 4584 4055 3928 4005
4672 3841 4064 4379 4517
4649 4381 4266 4109 4537
4705 4075 4365 4121 4487
4628 3965 4022 4283 4694
4494 3930 4302 4262 4245
4483 4536 4197 4001 4296
4770 4324 4245 4165 4293
4580 3927 3969 4241 4915
4530 4819 3958 3667 3840
4826 4107 4227 4310 4419
4611 4014 4257 4296 4470
4583 4745 3942 3813 3990
5004 4304 3873 3961 4077
5035 3595 3953 4124 4787
4967 3727 3716 4369 4681
4963 3643 3910 4112 4860
4971 4147 4251 4086 4381
4942 4412 3964 3836 4170
4951 3998 4164 4263 4301
4873 4155 4306 4125 4399
4779 4098 3824 4321 4531
4746 3888 4030 4449 4554
4689 4466 4209 3977 4176
4825 4062 3957 4202 4764
4806 4346 3909 4280 4428
4717 4287 4203 4258 4242
4898 4022 3989 4397 4361
4613 4733 3999 3720 3716
4685 4108 3828 4265 4750
4541 4781 3956 3708 3789
4605 4085 4223 4290 4464
4731 3719 3965 4401 4642
4747 4246 4114 4161 4546
4633 4163 3964 4331 4506
4682 4464 4122 4194 4269
4476 4299 4036 4297 4192
4722 4166 4212 4243 4366
4704 3730 4000 4086 5023
4508 4018 4110 3881 4966
4343 4699 4047 3946 3951
5134 4173 4093 3888 3985
5178 3753 3943 4248 4505
5073 4020 3971 4059 4569
4968 4332 4071 3929 4195
4994 4376 4039 3654 4001
4913 3978 3997 4226 4667
4817 4618 4096 3711 4028
4900 4157 3990 4117 4546
4900 3903 3865 4080 4860
4774 4438 4263 3941 4248
4870 3624 3866 4143 4947
4757 4437 4026 3861 4411
4786 3655 3906 4223 4988
4650 4464 4257 3982 4297
4774 4270 4113 4125 4687
4762 4106 4332 4227 4585
4588 4474 4126 4138 4488
4789 3994 4006 4394 4500
4510 4485 4303 3969 4176
4648 4251 4108 4006 4796
5119 3868 3917 4200 4543
5019 4287 3980 3884 4361
4987 4378 4060 4021 4225
4870 4360 3959 3980 4403
4839 4149 3762 4317 4525
4806 4226 4119 4100 4516
4801 4256 4060 3952 4559
4933 3684 4019 4375 4802
4821 4143 3880 4161 4657
4704 4570 4168 3802 4117
4870 3785 3937 4395 4725
4861 3732 3976 4363 4875
4671 4499 4212 4058 4291
4734 4399 4071 3878 4508
4778 4030 4153 4218 4717
4785 4265 3873 4348 4206
4481 4529 4069 4064 4317
4611 4309 4436 3934 4146
4581 4552 4036 4111 4128
4444 4268 4213 3974 4695
4484 4492 3994 3970 4485
4468 4219 4181 3957 4749
4958 4569 4144 3610 3786
4867 3595 3842 4091 4948
4895 4445 4218 3921 4129
4842 4596 4224 3702 3987
4837 4078 4346 4129 4408
4779 3807 4070 4226 4910
4737 3850 4189 4277 4716
4754 4512 4034 3862 4523
4696 4571 4157 3939 4228
4549 4487 4255 3964 4055
4513 4171 4128 4152 4862
4498 4002 4063 4104 4950
4720 3639 3885 4087 5080
4522 3928 4013 3822 5006
4443 4422 4225 3867 4474
4438 4533 4260 3957 4249
5053 4249 3975 3999 3940
4890 3763 3990 4339 4816
4846 4083 4318 4009 4463
4759 4101 4048 4077 4775
4741 4513 4205 3870 4279
4882 3923 4082 4345 4461
4755 4069 3977 4189 4789
4665 4168 4211 4217 4565
4736 3892 4376 4080 4247
4608 4357 4200 4191 4571
4554 3729 4080 4464 4424
4587 4276 4164 4259 4349
4461 4065 4010 3957 4994
4834 4286 4119 4198 4204
4967 4397 4261 3933 4056
4828 3906 3990 4371 4427
4719 4021 4005 4027 4964
4672 3910 4051 4360 4275
4723 4568 4181 4017 4135
4830 3992 3806 4359 4547
4701 4350 3997 4165 4553
4705 4122 3927 4261 4579
4758 4306 4116 4113 4711
4565 3944 4021 3749 5000
4741 4025 4296 4295 4363
4613 4475 4004 4088 4510
4618 4352 3987 4176 4697
4980 3855 4117 4203 4741
4935 4393 4153 3881 4253
4741 3866 3985 4334 4769
4704 4144 4055 4256 4565
4486 4759 3871 3641 3841
4785 3890 3982 4444 4433
4573 4119 3946 4253 4658
4552 4411 4095 4168 4410
4463 4410 4193 4061 4570
5032 3972 4040 4175 4596
5154 4286 4056 3872 4000
4935 3889 4021 4018 4686
4803 3952 4104 4098 4911
4701 4335 4127 4059 4534
4666 4428 4254 3994 4273
4733 3876 3816 4355 4753
4813 4402 4001 4160 4330
4661 4679 4155 3665 4042
4539 4357 4393 3922 4219
4742 4106 3829 4291 4551
4541 4058 3782 4314 4720
4528 4491 4216 3935 4316
4625 4044 3973 3998 4918
4704 3852 3940 3979 5052
5198 3866 3906 4232 4520
5042 3897 3949 4287 4623
4958 4444 4149 3820 3867
4937 4289 4146 4005 4286
4930 4138 3922 4085 4586
4836 4293 4247 4135 4183
4786 4248 4066 4156 4425
4822 4345 4225 3972 4342
4896 3855 3961 4327 4565
4785 4122 3837 4218 4545
4687 4491 4221 4021 4144
4580 4233 4080 4245 4429
4770 4238 4042 4237 4701
4689 4198 4106 4270 4447
4503 4304 4101 3876 4795
4440 4372 4238 4078 4667
5040 4058 3971 4166 4205
4950 4058 4086 4066 4598
4754 4024 4125 4287 4607
4607 4584 4184 3858 4301
4526 3975 4191 4370 4250
4378 4156 4359 3704 4441
5023 4023 4172 3973 4285
5013 4205 3918 4026 4457
4911 4369 4039 3912 4261
4797 4630 4128 3517 3932
4684 4582 4200 3608 4021
4797 4042 3873 4339 4539
4708 3914 4154 4192 4783
4680 3953 4070 3869 4916
4539 4163 4343 4185 4284
4533 4550 4049 3871 4366
4738 4074 3758 4403 4565
4834 4058 4375 4239 4512
4519 4155 4104 4041 4892
4414 4268 4346 4159 4401
5041 4238 4128 3963 4089
4880 3640 3913 3920 4963
4830 3553 3702 4134 4993
4826 4244 4103 4193 4523
4821 3780 3966 4376 4660
4749 4528 4090 4061 4290
4707 4146 3781 4309 4604
5230 3922 3874 4051 4189
5060 3941 4045 4219 4288
4895 4338 4087 3971 4362
4847 4235 4199 4032 4374
4842 3861 4002 4308 4882
4826 4728 3924 3614 3741
4653 3712 3915 4375 4744
4753 4029 3955 4360 4612
4560 4230 4012 3744 4829
4553 4284 4357 4038 4349
4717 4359 3936 4199 4501
5076 3945 3963 4058 4457
4939 4188 4004 4195 4269
4929 3856 4080 3999 4684
4931 4252 4113 3965 4344
4991 4135 4354 3970 4177
4847 4363 4119 4017 4342
4794 4187 4333 3992 4333
4837 3994 3883 4326 4754
4627 4309 4188 3945 4594
4655 4190 4156 3937 4799
4609 4510 4224 3862 4358
4507 4219 4395 4026 4191
4469 4778 3914 3831 3878
4497 4504 4208 4064 4286
4479 4499 4185 3863 4465
4537 4097 4078 3870 4918
4408 4393 4099 4148 4487
4470 4578 4149 4065 4254
5214 3998 4053 4060 4057
5007 3841 4064 4030 4613
4959 3611 3839 4224 4874
4909 4105 4237 4299 4275
4881 4295 4186 4106 4329
4871 3973 4292 4069 4495
4765 4449 4165 3908 4344
4821 4316 4226 4097 4487
4782 4141 3928 4166 4778
4573 4433 4264 3866 4367
4990 3896 4168 4300 4500
4860 3885 4129 4301 4607
4510 4542 4110 3787 4374
4426 4405 4336 4138 4216
4691 4267 4116 3933 4790
4634 4859 3895 3491 3454
4432 4491 4213 3983 4362
5189 3913 3794 4119 4331
5154 4113 3710 3936 4170
5151 3951 4020 4084 4345
5071 3890 4024 4051 4474
5030 4198 3979 4060 4326
5004 4245 3844 4088 4284
4983 4321 4082 3924 4188
4761 4150 4180 4092 4646
4935 3839 3898 4366 4573
4665 4568 4216 3807 4238
4700 3664 3940 4454 4449
4555 4143 4181 3904 4707
4526 4552 4205 3928 4290
4635 4549 4236 4046 4094
4539 4647 4075 3990 4110
4697 3739 3948 4455 4561
4483 4293 4267 4114 4653
4416 3832 3969 4034 4955
4402 4884 3751 3522 3430
4871 4252 3757 4240 4395
5142 3946 4048 4204 4290
5065 3606 3579 4230 4680
4988 3726 3932 4244 4832
4817 4434 4072 4048 4316
4869 4259 4309 3738 3996
4750 4666 4128 3746 3969
4858 4185 3989 4308 4340
4780 4254 4089 4014 4717
4833 3978 4087 4269 4701
4717 4407 4296 3835 4150
4659 4351 4305 4007 4340
4582 4373 4401 3849 4213
4432 4131 4192 4185 4608
4520 4150 4092 4318 4328
4675 4111 4301 4155 4686
4834 3980 4008 4194 4690
4781 4373 3986 3899 4476
4757 4226 4391 3875 4087
4629 3974 3822 4338 4623
4647 3869 3927 3886 4965
4473 4642 4147 4005 4033
4522 4558 4348 3816 4101
4805 4122 4340 4154 4579
4503 4868 3797 3635 3776
4700 4296 4409 4015 4073
4995 4208 4206 3914 4365
4852 4186 3805 4085 4566
4832 4256 4235 3997 4352
4835 4394 4280 3925 4135
4846 4047 3844 4358 4604
4788 4480 3951 3785 4320
4651 4373 4208 4118 4565
4594 3837 3872 4182 4955
4378 4224 4327 4092 4430
4743 4312 4417 3942 4067
4517 4493 4035 4213 4429
4551 4494 4383 3901 4034
5123 4295 3991 3715 3957
5104 3699 3852 4152 4631
5036 4301 3812 3907 3953
5021 4293 3969 4024 4111
5003 4204 4156 3977 4271
4977 4318 3926 4134 4205
4982 4082 3896 4254 4511
4866 4209 4322 3949 4189
4837 4501 4170 3764 4111
4934 3924 3863 4332 4584
4775 4442 4049 4062 4232
4748 4191 4335 3892 4321
4761 4150 4149 4282 4374
4549 4596 4030 4136 4299
5034 4194 4284 4062 4093
5006 4143 3851 4082 4495
4898 4555 3972 3836 3749
4928 3911 3879 4211 4720
4664 3930 4073 4317 4582
4620 4545 4080 3943 4265
4641 3892 4118 4334 4679
4671 4360 4374 3930 4140
4536 4485 4312 3932 4231
4349 4546 4287 3876 4322
5175 3828 3951 4249 4617
5074 4343 3945 3777 3660
4987 3946 4212 3977 4294
4850 4077 4175 4121 4652
4826 4439 4044 3928 4371
4777 4320 4100 3914 4494
4772 4556 4130 3794 4188
4646 4684 3996 3578 3966
4660 4541 4117 3980 4363
4525 4134 3961 4323 4588
4382 3702 3996 3830 5074
4709 4138 3723 4318 4632
4639 4107 4198 4323 4178
5012 3684 3714 3974 4752
4919 3540 3675 4215 4920
4876 4041 3944 4079 4711
4811 4170 4017 4036 4619
4767 3972 3863 4118 4866
4872 4117 3868 4290 4444
4674 4608 4228 3720 3891
4890 3668 4011 4448 4808
4690 3764 4132 4360 4331
4693 4059 3976 4194 4843
4601 3873 3835 4347 4832
4558 3761 4151 4352 4410
4647 3804 4089 4218 4989
4549 4279 3995 4195 4589
4512 4035 4415 3989 4113
4522 4533 4234 4130 4201
5194 4115 3979 4007 3974
5107 4371 4170 3724 3825
5036 4381 3909 3755 3990
4957 4172 4220 4058 4369
4963 3928 3837 4357 4328
4852 4359 4151 4021 4396
4818 3854 4131 3979 4867
4924 3926 3885 4362 4449
4638 4266 3968 4276 4516
4770 4033 4064 4321 4555
4612 4174 4148 4010 4805
4257 4313 4429 3940 4350
4479 4667 4335 3679 4026
4433 4064 4460 3882 4036
4869 4457 4176 3739 3940
4842 4471 4229 3912 4068
4898 4680 3967 3626 3668
4774 4217 3917 4214 4429
4762 3812 3851 4440 4686
5060 3903 3831 4443 4491
4724 4453 4242 3855 4200
4832 4246 4188 4037 4381
4729 3694 3781 3981 4997
4930 3892 3792 4444 4598
4743 4486 4043 4087 4403
4748 4007 3910 4245 4827
4657 4394 4030 4030 4570
4452 4789 4068 3761 3888
4581 4652 3998 3955 3968
4452 4071 3809 4233 4793
4479 4542 4340 3889 4107
4593 3659 3729 4085 5090
4300 4488 4232 3975 4441
4361 4321 4440 3771 3946
5152 4006 4182 4091 4310
5038 4372 4165 3837 3994
4960 4283 4127 3941 4285
4837 4178 4308 3973 4248
4769 3953 3776 4351 4744
4785 4239 4266 4101 4496
4704 4142 4315 4131 4627
4563 4168 3840 4370 4260
4468 4473 4194 4088 4345
4718 3762 3843 3920 5092
5000 4018 4158 4084 4342
4988 3805 3859 4314 4660
4838 4302 3915 4255 4257
4896 3887 4069 4023 4807
4780 3688 3607 4268 4920
4732 3948 3919 4428 4390
4623 3709 3536 3949 5067
4592 4547 4113 3772 4376
4726 4005 3956 4396 4471
4490 4534 4041 3944 4372
4552 4316 4116 4277 4402
4661 4368 3995 4103 4691
4390 4555 4367 3808 4180
4332 4385 4405 3686 4013
4910 3651 3539 4026 4856
4896 4172 3996 4268 4275
4636 4086 4247 4015 4728
4577 4135 3742 4310 4711
4425 4552 4165 4052 4359
4617 4185 3932 4344 4294
4429 3909 3969 3853 5093
4586 4432 4093 3858 4611
4424 4460 3956 4269 4280
4670 4347 4331 4035 4380
5221 3917 3902 4171 4134
4958 4246 3936 4048 4399
4919 3925 4024 4006 4710
4889 4247 4277 3932 4092
4843 3994 4134 4046 4717
4849 4515 4073 3813 4064
4703 4615 4001 3840 4224
4704 4047 4336 4240 4619
4573 3546 3766 4101 5075
4714 4565 3960 3804 4281
4545 4061 3947 3696 4917
4642 3994 4404 4145 4390
4632 4190 4272 4119 4700
5111 4122 4097 3949 4371
5075 4142 3856 3969 4326
5064 3674 3921 4113 4739
4890 4368 4028 3823 4405
4878 4174 4231 4026 4392
4900 4188 3792 4325 4328
4647 4622 4281 3893 4019
4494 4650 4269 3560 3685
4602 4426 4204 3940 4518
4770 4177 3753 4326 4435
4598 4230 4220 3956 4642
4563 4722 4188 3824 4086
4519 4370 4227 4110 4644
4452 4388 3844 4174 4503
4626 4303 4135 4105 4790
4456 4563 3951 4192 4150
4176 4059 4387 3849 4396
5027 3807 3811 4309 4539
5003 4019 3853 4285 4434
4932 4293 3801 4076 4357
4747 3961 4215 3945 4740
4830 4196 4338 3877 4323
4850 3982 4196 4230 4644
4632 4095 4293 4228 4692
4530 3991 3987 4427 4303
4533 4693 4085 4001 4027
4909 4130 4351 3985 4175
4807 4240 4036 3841 4589
4870 4485 3954 3770 4322
4705 3989 4162 4193 4895
4599 4536 4252 3974 4228
4559 4152 4044 4313 4207
4420 4613 4020 4018 4274
4638 4235 4061 4229 4780
4294 4048 4449 4003 4088
5131 3802 3933 4261 4265
5069 3908 3803 4323 4546
5042 4287 3977 3958 3991
5016 3864 3697 3868 4707
4900 3684 4058 4225 4824
4850 4027 4214 4006 4517
4887 3942 3909 4083 4799
4787 4357 3962 3788 4506
4723 4223 4122 3908 4619
4685 4451 4290 3860 4321
4685 4709 4050 3718 3924
4737 4092 4157 4116 4765
4830 4084 4002 4317 4549
4535 4557 4177 3808 4345
4557 4555 4146 4060 4280
4670 4327 4132 4215 4454
4644 4475 4213 4094 4150
4493 4326 4268 3875 4576
4463 3864 3773 4018 5002
4477 4573 4145 3859 4408
4610 4637 4074 3972 4261
4472 4211 4215 3837 4751
4412 4811 3842 3680 3928
5180 4033 3817 4029 4195
5037 4038 4000 4276 4309
4984 3796 3951 4049 4802
5038 4188 4141 4174 4282
5001 3850 3930 4143 4675
4975 4141 4108 4198 4570
4919 4076 4180 4008 4483
4948 4344 4103 3735 4099
4807 4623 4012 3671 3820
4806 4351 4114 3890 4435
4552 3782 4294 4070 4714
4401 4690 4104 3993 4106
4493 4324 4421 3779 3867
4285 4813 3875 3722 3800
5000 3843 4072 4023 4574
4943 4204 3800 4252 4322
4941 4038 3997 4324 4355
4914 4251 4191 4022 4383
4705 3549 3747 4109 4996
4750 3920 4101 4337 4540
4664 4098 4378 3878 4251
4633 3908 4099 4365 4396
4729 3729 3995 4355 4954
4705 4434 3823 4197 4287
4492 3474 3845 3846 5121
4457 4284 4354 4086 4395
4618 4223 4370 4179 4249
4376 4745 3835 3887 3729
4420 3848 3765 4091 5008
5059 3958 3987 4002 4468
5013 4250 3816 3968 4339
4933 4532 3987 3746 4034
4853 4714 3871 3441 3613
4859 4132 4373 3962 4256
4786 4160 3891 4265 4493
4576 4271 4194 3982 4616
4616 4278 3990 4310 4313
4488 4519 3957 4167 3979
4759 3955 3798 4381 4609
4555 4440 4251 3861 4428
4717 3952 3995 4364 4621
4460 4852 3789 3708 3782
4702 4267 3863 4359 4350
4359 4355 3765 4230 4354
4546 4271 4327 4167 4322
4392 4006 4408 3982 4190
4789 3904 4038 4376 4548
4344 4011 4433 3813 4277
5172 4163 3779 3765 3866
5021 4309 4189 3642 3786
5016 4367 3870 3865 3966
4995 4031 3764 4131 4620
4905 4336 4269 3734 3987
4885 4392 4258 3948 4054
4898 4287 4194 4010 4407
4825 3981 3998 4372 4539
4777 4563 4030 3801 4137
4808 3838 4084 4202 4851
4734 3863 3566 4085 4945
4654 4666 4125 3794 4015
4491 4005 4310 4263 4357
4438 4658 4255 3747 4168
4510 4144 4387 4025 4079
4386 3718 3792 3887 5127
5191 4041 3652 3926 4119
5023 3798 3903 4044 4681
5002 4149 3994 3970 4306
4958 4385 4120 3947 4074
4816 4379 3910 4041 4351
4690 4215 4260 3980 4627
4706 4307 4177 3977 4571
4798 3957 3750 4376 4488
4723 4294 4153 4033 4560
4452 4794 3983 3627 3862
4248 4145 4320 3705 4548
4358 4270 4141 4270 4111
4376 4870 3830 3677 3648
5081 4279 3851 3853 4108
4984 4021 4220 3978 4406
4895 4178 4273 4183 4145
4809 4444 3910 3934 4360
4846 4390 4306 3953 4175
4783 4323 4074 4157 4537
4514 4606 4257 3990 4338
4635 4307 4082 3884 4716
4793 4129 4288 4212 4554
4617 4154 4025 4297 4558
4326 4494 4004 4065 4439
4351 4770 3798 3844 3966
5158 4177 3857 4139 4134
5124 3582 3926 4205 4714
5071 3590 3555 4119 4710
5038 4324 3814 3691 4083
4939 3905 3817 4075 4739
4939 4292 4031 4102 4434
4877 4461 4002 4058 4029
4822 4493 4176 3968 3977
4744 3991 4114 4188 4774
4854 3998 3992 4287 4697
4762 4290 4356 3890 4297
4670 4332 4186 3927 4544
4625 4025 3840 4338 4649
4523 3846 4259 3985 4781
4655 3967 3706 4275 4841
4482 4649 3832 4067 4137
4354 4453 4293 4126 4289
4393 4662 3859 3986 4210
5218 3992 3910 4172 4246
5045 4129 3929 4230 4223
4980 3629 3575 4356 4653
4955 3990 4206 4002 4465
4907 4085 4009 4272 4399
4902 4541 3922 3589 3991
4739 4422 3896 3884 4439
4714 4046 4409 4001 4157
4782 4265 3784 4159 4468
4707 4374 4295 4074 4227
4825 3900 4077 3999 4917
4609 4170 4006 4328 4275
4558 4635 4308 3812 4092
4604 3853 3919 3959 4971
4721 4142 4222 4242 4280
4500 4749 4136 3588 3941
4474 4610 4220 3953 4240
4426 4051 4430 4011 4009
4814 4175 4301 4186 4429
4612 4497 3953 4235 4211
4399 4811 3745 3872 3820
4285 4217 4163 3745 4771
5022 4283 4075 3864 4079
4993 4310 4199 3920 4154
4794 4547 3961 4005 4153
4737 4741 3951 3533 3814
4732 4299 3943 4210 4391
4615 4517 3924 4125 4107
4681 4282 3976 4203 4510
4653 4236 4285 4093 4575
4630 4476 4289 3788 4201
4567 4216 4226 3751 4632
4666 4082 4004 4108 4862
4523 4225 4246 4094 4682
4511 4585 3867 4152 4070
4439 4504 4243 3854 4389
4467 4267 4217 4226 4236
4647 3905 4403 3999 4320
5178 3878 3938 4038 4424
5058 4255 4239 3890 4077
4994 4323 4242 3815 3914
4961 4229 3836 4161 4290
4866 4499 4004 4017 4080
4810 4208 4235 3993 4527
4842 4376 4250 4021 4060
4766 4161 3957 4269 4382
4869 4086 3954 4312 4428
4767 3788 4272 4270 4532
4693 4214 3902 4327 4500
4635 3785 4291 4262 4611
4675 4419 4066 3939 4538
4685 4144 4302 3916 4609
4546 4435 4279 3981 4373
4355 4557 4041 4091 4113
4365 4613 4144 3997 4115
4700 4216 4022 4029 4813
4314 3566 3714 3746 5128
5158 3995 3864 3985 4341
5112 4135 4140 3844 4131
4977 4112 3837 4106 4554
4924 3895 4083 4154 4667
4925 4441 4058 3792 4120
4924 4206 4167 3945 4294
4978 4191 4095 3987 4377
4797 4446 4104 3854 4220
4787 3537 3694 4207 4999
4724 4550 4094 3780 4297
4719 3678 3734 4204 4981
4664 4763 4003 3524 3594
4539 4534 4025 3760 4396
4620 4151 3750 4237 4705
4593 4625 4081 3958 4053
4407 4531 4044 3752 4475
4734 4370 3858 4282 4220
4458 4646 4223 3941 4264
4553 4139 4474 3812 3979
5177 3803 3713 3961 4561
5052 3829 3917 4020 4622
5031 4452 3932 3640 3585
5037 3927 3890 4139 4666
4901 4475 4082 3855 4144
4811 4218 3971 4049 4630
4820 4484 4059 3837 4123
4812 3775 4176 4199 4829
4861 4139 3917 4198 4755
4654 4265 4284 3968 4430
4662 3973 4154 4266 4901
4571 4612 4020 3832 4303
4684 4751 3971 3718 3690
4619 4517 4051 4062 4397
4777 4102 4256 4291 4354
4468 4568 4173 3979 4353
4514 4043 4265 4246 4260
4424 4830 3898 3504 3701
4868 3744 3881 4458 4361
4320 3971 4444 3895 3991
4463 4235 4146 4338 4250
4867 4055 4089 3874 4701
4832 4064 3785 4269 4618
4851 4154 4276 4073 4481
4759 4319 4159 4008 4471
4819 3984 4289 4082 4608
4734 4567 4221 3694 4069
4493 4469 4304 4005 4237
4543 3990 3916 4094 4959
4476 4014 4414 3821 4198
5087 3889 3778 4270 4363
5049 3505 3856 4065 4827
4974 4493 3965 3601 3918
4973 4427 4125 3867 4071
4955 4153 4140 4004 4474
4839 3924 3906 4130 4793
4770 4381 4285 3844 4211
4738 4285 4318 4115 4192
4741 4241 3718 4241 4502
4738 4318 4148 3919 4615
4630 4005 4044 4112 4871
4711 4391 4230 3965 4536
4518 4761 3980 3793 3736
4503 4579 3917 3949 4406
4663 4077 3902 4231 4725
4648 4006 4252 4326 4450
4470 4120 3906 3851 4911
4683 4229 4046 3973 4824
4516 3975 4399 4026 4499
4389 4316 4410 3948 4271
5034 4124 3994 3971 4318
5000 4443 4049 3874 3834
4998 4074 4169 4040 4460
4962 4468 4022 3831 3967
4880 4020 3791 4027 4777
4670 4230 4217 3981 4580
4707 4437 4334 3926 4131
4572 4562 4272 3928 4222
4530 4588 3954 3914 4337
4517 4788 4019 3691 3824
4608 3987 3969 4339 4603
4539 4095 4375 3797 4295
4523 3964 3725 4267 4920
4302 4349 3970 4193 4438
4480 4771 4083 3644 3850
4409 4227 4417 3766 4384
5095 4130 3824 4163 4422
5002 4516 3897 3555 3652
4830 4354 3856 4049 4368
4770 4449 4240 3955 4212
4866 4025 3897 4302 4695
4575 4406 4102 4083 4491
4600 3916 3827 3962 4993
4645 4214 4025 4395 4246
4358 4473 3989 3851 4594
4176 4400 4303 3793 4493
5138 4189 3889 3945 4038
5039 4170 4054 3937 4444
4868 3623 3996 4012 4931
4899 3964 3815 4350 4637
4911 4101 3805 4329 4452
4725 4073 4220 4096 4655
4823 3834 3772 4333 4820
4727 4767 3979 3645 3684
4730 4354 4062 4225 4167
4747 4032 4246 4070 4681
4745 4041 4092 4352 4416
4465 4714 4234 3475 3752
4496 4412 3999 4281 4207
4418 4353 4129 4197 4212
4490 4305 4172 4209 4139
4423 4131 4363 3983 4458
4527 4046 3817 3719 4945
4397 4879 3737 3472 3637
4492 4211 4287 4125 4466
4355 4530 4263 3765 4352
4615 4030 4053 4353 4523
4308 4754 3790 3917 3972
4481 4472 4023 4080 4589
4995 3798 3640 4404 4565
4998 4095 3984 4137 4456
4960 3972 4043 4150 4658
4980 4073 4228 4134 4437
4990 4219 4030 4091 4363
4945 4207 4311 3981 4166
4818 3681 3754 4062 4924
4777 4127 4370 3977 4254
4618 4332 4130 3867 4637
4706 4299 3934 4247 4336
4486 4329 4149 3859 4716
4659 4287 4329 4083 4215
5203 3776 3740 4064 4466
5078 4359 3741 3834 3713
4970 4171 4049 4050 4613
4806 4519 4264 3706 3996
4823 4483 3996 4090 4086
4754 4555 4189 3888 4165
4575 4549 3949 3925 4333
4682 4124 4331 4026 4713
4555 3928 3974 3972 4984
4697 4404 4129 4205 4159
4605 4206 3666 4345 4595
4551 4469 4269 4215 4134
4444 4611 4133 4029 4092
4494 4574 3945 4069 4351
4357 4369 4241 3886 4770
4507 4124 4416 4135 4183
4236 3878 4487 3881 3921
5190 4051 3832 3804 4010
5109 3660 3849 3997 4648
5038 4077 3986 4199 4318
5065 4196 4027 3946 4018
5002 4127 4055 4025 4442
4978 4129 4010 4101 4482
4972 4161 4019 4096 4301
4894 3550 3816 3861 5003
4844 3463 3605 4075 5033
4881 4038 4112 4175 4750
4835 3956 4064 4086 4751
4774 4395 4108 3915 4606
4731 3981 4377 4226 4317
4642 4126 4447 3893 3906
4616 4352 3871 4225 4352
4705 4560 3988 3924 4226
4557 4195 4125 4262 4526
4592 3978 4030 4305 4655
4565 4383 3975 4244 4327
4518 3991 3921 3825 5028
4630 3472 3677 3969 5109
4456 4747 3975 3855 3862
4543 4108 4320 4147 4765
4512 4563 3918 4005 4369
4309 4493 4204 3855 4496
4419 4730 4039 3808 3888
5153 4231 3894 3865 4035
5036 3920 4032 4019 4565
4964 3988 3839 4207 4711
4869 3701 4087 4067 4863
4986 4026 3792 4251 4565
4839 4541 4101 3925 3934
4918 4000 4042 4341 4452
4685 4572 4020 3730 4130
4798 3889 3811 4436 4677
4719 4574 4324 3905 3946
4562 4452 4256 3631 4326
4637 4388 4214 4167 4512
4550 4609 4073 4031 4059
4429 4618 3992 3898 4329
4437 4565 4187 4009 4042
4349 3922 4432 3667 4207
4490 4659 4036 3734 4291
4233 3900 3970 3716 5035
4628 4368 4034 3953 4713
5074 4284 3916 3904 3867
5048 3761 3674 3970 4743
5010 4158 3625 4047 4332
4944 4217 3843 4147 4082
4900 3779 4037 4116 4832
4862 4535 3819 3658 3956
4829 4274 4187 4148 4356
4779 4202 4233 4061 4554
4897 3809 3936 4359 4866
4760 4371 4015 3961 4634
4622 4662 4017 3742 4212
4664 4358 4287 4147 4233
4510 4067 4242 3896 4837
4653 4262 3892 4340 4285
4371 4740 3821 3837 3936
4571 4828 4038 3599 3698
4452 4214 3845 4363 4454
4541 4231 4128 4250 4550
4380 4580 3883 3720 4411
4443 4352 4072 4285 4167
4320 4180 4284 3792 4747
4277 4228 4483 3757 3876
5155 3945 3877 4196 4534
4947 3594 3922 4316 4842
4780 4099 3981 4231 4501
4798 4078 4134 4259 4467
4687 4217 4193 4037 4569
4789 3823 4117 4003 4926
4562 4629 4120 4086 3960
4637 3924 3895 4422 4449
4677 4000 3985 4377 4406
4622 4404 4257 3884 4609
4436 4147 3988 4242 4661
4612 4212 4219 4175 4609
4669 3985 4059 4361 4387
4448 4198 4049 4306 4401
4541 3808 4434 4096 4229
4693 4034 4413 3963 4184
5174 4127 4011 3813 3878
5155 3850 3898 4305 4526
5060 4258 4102 3907 3946
5057 3826 4085 4116 4661
4941 4600 3848 3509 3609
4866 4003 4233 3921 4538
4872 4149 3976 3986 4686
4867 4340 3988 4090 4507
4821 4480 4133 4073 4217
4812 4335 4090 3779 4465
4707 4779 4011 3451 3588
4673 3825 3878 4359 4759
4696 4096 4188 4311 4526
4750 4355 3968 4184 4618
4781 4090 3766 4330 4559
4733 4051 3902 4416 4521
4512 4432 3714 4214 4338
4421 4573 4178 4046 4189
4506 3384 3748 3787 5161
4382 4421 3675 4215 4445
5182 3915 3950 4176 4255
5127 4311 3787 3772 4010
5091 4239 4023 3896 4288
5022 4399 3971 3608 3735
5043 4136 4135 3957 4300
4969 3627 3886 4001 4890
4885 3610 3972 4068 4920
4839 4017 4286 4094 4666
4826 4507 4232 3900 4092
4847 4010 3930 4103 4770
4682 4706 3887 3782 4047
4738 4552 4263 3853 4176
4627 4331 4323 4108 4386
4382 4104 3640 4274 4735
4430 4300 3748 4312 4290
4583 4561 3918 4150 4278
4523 4103 4039 4319 4404
5251 3926 3733 4063 4322
5118 4306 3815 3892 3955
5069 3867 4022 4267 4344
5045 4313 3953 3893 3935
4941 4298 3773 3956 4412
4895 4187 3931 3969 4589
4978 3978 3925 4306 4526
4837 4639 3923 3790 3706
4832 4620 3901 3663 3893
4846 3975 3944 4298 4605
4703 4580 4213 3823 4039
4661 4688 4152 3681 3795
4582 4399 3883 4173 4396
4606 4315 4167 3911 4694
4674 4343 3928 4272 4507
4586 4491 4181 4145 4213
4587 4745 3869 3535 3874
4642 4545 4091 3795 4295
4747 3992 3778 4414 4378
4461 4427 4248 4068 4295
4450 4252 4189 3863 4725
4452 4168 4312 4113 4385
4582 4179 4351 4112 4278
4365 4738 4139 3787 4034
4489 4372 4222 3894 4691
5011 4116 4153 4058 4346
5009 4341 4151 3861 4053
4963 4333 4114 3730 4092
4938 4110 3885 4111 4675
4943 3700 4066 4152 4818
4935 4541 4104 3877 3888
4932 4477 3825 3739 4069
4887 4179 4203 3906 4447
4855 4664 3959 3699 3674
4795 4396 4119 4004 4462
4817 4559 4067 3838 4235
4784 4109 4108 3998 4755
4770 4644 4181 3690 4060
4555 4214 4212 4029 4648
4711 4123 3597 4371 4501
4596 4287 4375 3782 4233
4449 3458 3837 3919 5127
4455 4002 4418 3783 4225
4524 4397 4326 3937 4519
4527 4509 4082 3990 4445
4573 4604 3962 3841 4331
4445 4395 4063 4084 4598
4263 3837 4162 3711 4938
4261 4532 3849 4156 4174
5118 3864 3766 4264 4387
5093 3677 3503 4265 4564
5042 4339 3588 3656 3920
5034 4308 4018 3634 4030
5008 4102 3965 4191 4376
4914 4156 4212 4131 4375
4898 4117 3968 4288 4369
4944 4127 4149 4229 4354
4821 4268 3875 3951 4576
4734 4423 4281 3753 4003
4748 4166 4221 4206 4421
4726 3841 4092 4356 4322
4756 4703 4014 3730 3617
4683 4602 4160 3879 3948
4639 4010 3834 4289 4702
4685 4011 4109 4249 4804
4716 4105 4057 4267 4483
4591 4806 4091 3543 3789
4504 4081 4018 3884 4988
4633 4107 4047 4278 4627
4526 4457 4226 4037 4282
4507 4234 4348 3713 4474
4454 4091 4037 4260 4669
4487 3973 4239 4375 4371
4379 4351 4177 4202 4333
4217 4409 4383 3725 4351
5214 3928 3763 3969 4282
5135 3957 3909 4002 4438
5074 4468 3940 3567 3579
5011 3883 3990 4318 4407
4950 4183 4081 3856 4517
4955 4002 3984 4002 4701
4842 4265 4140 3884 4417
4841 4094 4142 4186 4461
4730 4045 4270 4014 4692
4727 4583 3955 3982 3972
4649 4087 3785 4322 4638
4674 4110 4144 4245 4716
4631 4717 4215 3583 3816
4640 4553 4149 3786 4267
4512 3912 3966 4045 4990
4681 4251 4069 4156 4774
4354 4751 3975 3767 3946
4295 4628 3934 3698 4315
4336 4438 4163 4149 4317
4280 4808 3861 3672 4007
5178 4121 3868 3925 4067
5092 4006 3826 4366 4361
5038 4140 3790 4028 4371
4991 4000 3916 4265 4324
4945 3889 3793 3964 4769
4955 4424 4178 3930 3971
4862 3836 3724 4328 4699
4815 4279 4193 4057 4545
4859 4424 4175 3978 4017
4825 4037 4394 3971 4105
4728 4447 4054 4129 4068
4783 4747 3702 3482 3555
4743 4137 4051 4065 4799
4651 4521 4159 4114 4200
4607 4235 4192 3836 4697
4533 4255 4186 4055 4622
4527 3860 3700 4163 4948
4575 4194 4372 4069 4145
4626 4796 3864 3689 3750
4543 4766 3830 3761 3658
4667 3861 4087 4417 4352
4486 4207 4399 3988 4218
4594 4485 4277 4142 4128
4526 4350 4082 4274 4023
4446 4356 4214 3967 4697
4668 4060 3981 3925 4912
4394 4347 4101 4266 4102
4512 4324 4281 4090 4594
4395 4648 4057 4019 4219
4296 4456 4161 4087 4455
4567 4455 3954 4154 4398
4133 4043 4379 3922 4402
4680 4309 4243 4203 4498
5198 4004 3942 3978 4150
5117 4086 3746 3897 4323
5075 3982 4042 4181 4109
5054 4191 4092 3687 4113
5037 4133 3979 4167 4317
5043 4034 4166 4011 4336
4941 4305 3942 4062 4339
4913 4034 4228 3954 4516
4934 4191 3808 4070 4568
4884 3534 3769 4084 4987
4846 4231 4269 4005 4098
4852 4206 4132 4026 4644
4861 4155 4038 4122 4667
4813 4565 4210 3726 4046
4812 4488 4109 3774 4217
4631 3753 4220 4374 4625
4648 4612 4101 4015 4128
4581 4077 4065 4301 4567
4585 3949 4014 4356 4700
4608 4380 4066 3759 4617
4566 3980 3733 4194 4914
4442 4827 3753 3799 3814
4528 4515 3994 4204 4077
4393 3790 4064 4371 4570
4549 4187 4275 3927 4803
4671 4384 4042 3880 4707
4321 4012 4178 4167 4732
4320 4165 4331 4105 4464
4451 4558 3937 4142 4357
4266 4219 4170 4249 4405
4596 4300 4365 3965 4343
4369 4795 3834 3753 3934
5235 3952 3800 3902 4093
4941 3873 3997 3907 4716
4873 4074 3973 4225 4460
4850 4368 3895 3939 4392
4797 4110 3903 4314 4220
4759 4664 3956 3747 3720
4754 3863 3793 4448 4325
4752 4620 4112 3846 3724
4719 3957 4408 3855 4087
4683 3785 4045 4298 4705
4675 4134 4167 3723 4732
4750 3985 3887 4062 4877
4676 4558 4316 3978 3952
4749 3957 3733 4141 4894
4604 4227 3929 4246 4573
4710 4218 4011 4288 4443
4538 4227 4236 3973 4659
4503 3897 4060 4366 4503
4551 4649 4094 3805 4289
4568 4240 3937 4268 4534
4409 4920 3600 3407 3399
4368 4123 4358 3943 4518
4498 4280 4444 3835 4143
5091 4064 4067 3991 4234
5031 4287 4022 3643 4005
5007 4059 4175 3961 4309
5044 3989 3957 4083 4628
4992 4467 4015 3745 3922
5045 3734 3766 4395 4579
4972 3881 4038 4323 4528
4872 4491 3943 3910 4072
4846 4511 4036 3823 3984
4913 3731 3785 4387 4658
4827 4158 3800 4312 4232
4911 3750 3812 4357 4723
4749 4563 3876 3856 4098
4810 4452 4057 4114 4070
4739 4249 3776 4232 4474
4783 3720 3746 4388 4765
4635 4208 4320 4102 3997
4647 4199 4252 4053 4633
4631 4628 4170 3811 4112
4579 4646 4009 3815 4218
4596 3994 3826 4362 4708
4654 4227 4070 4192 4633
4434 3782 4316 4276 4168
4416 3704 3773 4465 4364
4402 4094 4156 3941 4798
4354 4578 4288 3916 4208
5188 3607 3675 4016 4554
5189 4038 3789 3909 4250
5075 4215 4129 3620 3924
5086 3684 3722 4175 4659
4995 3676 3874 4348 4607
5002 4111 4181 4178 4291
4988 4123 4063 3720 4376
4934 3788 3767 4340 4626
4866 4114 4343 4058 4181
4884 4233 4169 4126 4414
4823 4410 4254 3834 3930
4840 4434 4038 4019 4182
4777 3943 3945 4330 4760
4695 4027 4156 4026 4820
4679 4700 3996 3886 3590
4665 4473 4237 3916 4230
4619 4070 4217 4241 4517
4641 3953 3858 3999 4975
4527 4081 4031 4093 4902
4420 4416 4274 3862 4482
4496 4236 4014 3897 4814
4383 4035 4422 4084 4015
4409 4588 4168 4040 4383
4219 4767 3817 3836 4045
5162 3927 3982 3982 4159
5113 4100 3796 4144 4081
5015 4301 4030 4131 4119
4963 4204 4023 4093 4258
4837 4118 3840 4313 4341
4902 4036 4045 4329 4476
4796 4228 4343 3870 3966
4814 4127 4312 4034 4634
4795 4294 4150 4058 4498
4827 4469 3946 3843 4328
4779 4214 4011 4061 4790
4820 4113 3879 4317 4449
4733 3967 4384 4081 4359
4642 4693 4042 3791 3930
4685 4106 4088 4140 4812
4597 4086 4004 4335 4515
4591 4131 4183 4243 4387
4674 3953 3819 4149 4953
4580 4113 4086 3797 4912
4733 4146 3881 4307 4529
4679 4389 3999 4228 4187
4521 3886 4398 3880 4429
4518 3870 3838 4155 4935
4484 4635 4030 4100 4146
4425 3718 4004 3757 5068
4441 4601 3981 3833 4410
4374 4739 3943 3961 4042
4267 4003 4442 3882 4189
5254 4088 3685 3902 3831
5027 3942 4249 4014 4392
4979 3777 4026 4148 4809
4911 3969 4329 4106 4593
4928 4260 3871 4233 4324
4946 4294 4118 3885 4341
4909 4094 3877 4334 4316
4766 4583 3959 3682 4145
4758 3939 3821 4412 4369
4729 4540 4122 3867 4194
4694 4560 4033 3609 4240
4684 4126 4191 4022 4732
4724 4698 4045 3776 3932
4663 4633 4139 3765 3797
4642 4574 3957 4004 4262
4808 3743 4105 4311 4843
4734 3847 3799 4252 4893
4729 3915 4112 3911 4951
4564 4549 3994 3610 4347
4691 4305 4187 4098 4594
4523 4610 4204 3769 4264
4499 4365 3946 4282 4283
4582 4512 4194 4139 4043
4391 4607 4223 3761 4343
4368 4218 4337 3834 4526
4519 4382 3700 4284 4225
4440 4674 4041 4032 4114
4236 3893 4440 3568 4204
4229 4429 3854 4233 4304
4352 4632 4049 4092 4225
5143 4178 4065 3768 4040
5029 3622 3782 4012 4744
5028 4274 3910 3789 4137
5018 4200 4173 3980 4186
4935 4392 3866 4009 3984
4918 3621 3827 4391 4670
4811 4335 4085 4103 4430
4786 4568 4002 3681 4192
4799 4317 4320 3929 4144
4829 3742 3929 4463 4482
4752 3953 4067 3894 4854
4698 4623 3912 3911 3758
4691 4128 4278 3805 4639
4682 4123 4206 4250 4172
4666 4333 4275 4103 4265
4681 4676 4120 3875 3891
4663 4668 3927 3782 3982
4785 4180 4230 4220 4193
4651 4396 4074 3686 4611
4645 4580 4248 3613 4142
4624 4487 4245 3900 4054
4699 3731 3890 4464 4589
4597 3745 4088 4391 4418
4620 3950 4086 3886 4933
4585 4769 3914 3597 3555
4559 4125 4297 3797 4718
4543 4043 3656 4367 4589
4479 4159 3967 4329 4382
4465 3742 4107 4383 4497
4600 4034 4231 4015 4799
4410 3999 4151 4248 4659
4409 4152 4304 4186 4391
4439 3628 3907 3698 5108
4338 4171 4213 4261 4332
4278 4006 4227 3759 4850
4410 4373 4151 4154 4519
4163 4442 3887 3815 4618
4584 4070 4379 4076 4312
5216 3743 3629 4125 4386
5104 4048 3844 4174 4235
5080 3970 3913 4163 4344
5070 3919 3878 4220 4507
5055 4099 3968 4128 4026
5030 4172 3664 3937 4356
5033 4088 3992 4079 4540
5007 4009 4214 3846 4174
5016 4492 3865 3655 3885
4941 3627 3623 4361 4774
4960 4058 3858 4012 4681
5024 3882 3819 4310 4651
4870 3909 3793 4388 4415
4883 4287 4128 4115 4357
4807 4061 4167 4194 4658
4795 4408 3884 3630 4435
4801 4056 3771 4274 4614
4798 4133 4201 3952 4727
4758 3726 3654 3912 4985
4765 4085 4024 3966 4805
4716 4648 3948 3820 3726
4687 4607 4057 3712 4135
4889 4063 3852 4285 4598
4664 4536 3922 4006 4260
4662 4544 3980 3997 4232
4680 4404 4222 4094 4506
4607 4730 3912 3534 3921
4680 4195 3620 4277 4540
4735 4217 3705 4344 4488
4623 4274 4345 4011 4349
4540 4219 4178 3982 4687
4532 4533 3941 3998 4339
4525 4391 4049 4022 4649
4517 4214 4004 3817 4835
4647 4091 4217 4292 4461
4532 4804 3832 3720 3709
4550 4184 3581 4278 4647
4482 3951 4194 4260 4586
4592 4416 4069 3747 4641
4408 4216 4197 3974 4766
4712 3970 3866 4484 4299
4337 4564 3875 3793 4417
4333 4889 3608 3545 3462
4773 3927 4149 4273 4707
5221 4042 3897 3961 4053
5062 4254 3947 3879 3995
5105 3944 3982 4263 4335
5019 3769 3857 4168 4741
5013 3782 3856 4267 4665
4971 3938 3781 4311 4486
4936 4347 4167 3903 4220
4915 3723 3727 4396 4686
4907 3908 4107 4098 4678
4813 4193 3761 4253 4429
4860 4132 4059 4078 4654
4768 3470 3748 3955 5012
4778 4642 3895 3695 3950
4763 4359 4316 3838 3936
4681 4190 3780 4245 4508
4656 4149 3852 4266 4600
4642 3732 3992 4320 4715
4686 4424 4103 3924 4488
4637 3937 4062 3942 4922
4636 3467 3767 3947 5091
4635 4422 4252 4062 4300
4622 4172 4330 3773 4430
4582 4438 4236 3746 4422
4584 4165 4358 3967 4320
4705 3991 3902 4318 4833
4592 4566 3890 4030 4333
4536 4472 4322 3749 4121
4517 4604 3995 4028 4112
4503 4419 4271 4054 4379
4565 4421 4347 4017 4164
4436 3945 3932 4018 4970
4576 4054 4209 4314 4523
4414 4525 3825 4011 4427
4366 4180 3819 4283 4603
4317 4635 4251 3848 4046
5123 3789 3836 4092 4633
5061 4253 3977 3928 3851
5060 4021 4142 4067 4325
5013 4427 3896 3731 3617
4970 3904 4011 3883 4657
4967 4390 4092 3827 4129
4910 4182 4207 3938 4338
4924 4244 4075 4176 4271
4948 4004 3992 3995 4662
4895 4362 4297 3846 3857
4870 4435 3993 3655 4187
4866 4071 4188 4032 4539
4806 4451 4076 3734 4275
4772 4601 4100 3741 3741
4755 3986 3874 4411 4293
4765 4166 3945 4339 4427
4729 4567 3765 3756 4146
4709 4126 4150 4270 4083
4674 4032 3746 4219 4781
4642 4070 4223 3904 4758
4620 3773 3966 4346 4689
4596 4194 4184 4270 4162
4567 4393 4090 4206 4266
4587 4571 4343 3897 4025
4542 4029 3765 4211 4860
4605 4645 4128 4013 3954
4564 4196 4255 3861 4736
4497 4298 4149 3946 4701
4480 3830 4251 4058 4787
4460 4770 3923 3746 3581
4521 4440 3968 3713 4596
4409 4026 3895 3800 5010
4315 4416 4314 3672 4441
4297 4241 4144 4201 4591
4270 4881 3770 3514 3509
4561 4211 3921 4319 4579
4372 4409 4302 3930 4551
4147 3825 4460 3812 4162
4467 4401 4426 3887 3964
5193 4047 3641 4066 3869
5064 3755 3785 4052 4650
5022 4275 3998 3910 4032
4901 4007 3613 4045 4684
4891 3984 4286 4107 4546
4852 4266 3902 3933 4603
4848 4154 3734 4197 4580
4845 4518 3930 3929 3698
4841 4441 3849 3880 4236
4817 4039 3909 4213 4672
4816 4408 4167 4051 4023
4814 4430 4035 4058 4236
4785 4166 4352 3724 3926
4753 4212 4335 3943 3972
4806 4458 4245 3840 4202
4714 4645 4085 3803 3857
4687 4028 3870 4214 4779
4669 4100 4059 3878 4839
4664 4243 4117 3969 4649
4654 4094 3869 4296 4534
4645 4485 4269 3722 4134
4617 4021 4207 4071 4788
4628 4055 3990 4301 4646
4705 4177 4019 3874 4830
4714 4042 4123 4225 4745
4524 4083 3830 4297 4641
4478 4795 3959 3655 3549
4567 3732 3632 3937 5109
4640 4192 3980 4280 4461
4502 4681 4144 3988 4124
4425 4843 3822 3595 3798
4722 3809 4021 4468 4336
4484 4317 3840 4286 4324
4350 4646 3851 4059 4216
4346 3974 3840 4330 4702
4306 4472 4208 3864 4471
4451 4303 4220 4214 4260
4296 4872 3672 3498 3488
4274 4747 3812 3795 3902
5205 3743 3674 3810 4400
5057 4265 3771 4056 3993
5064 4060 3897 4121 4396
5030 3786 3965 4228 4608
4992 4108 3854 4109 4469
4984 3926 4241 4087 4398
4984 4411 3864 3890 4137
4956 4042 4062 3955 4628
4891 3772 3759 4413 4632
4909 4511 4089 3709 3905
4887 4120 4174 4033 4654
5011 4070 3917 4306 4272
4943 3985 4067 4094 4669
4855 4699 3745 3494 3482
4863 4107 4097 4030 4732
4908 3971 4262 4163 4535
4817 4523 4117 3820 4020
4805 4219 4059 4170 4525
4801 4492 4165 3879 4121
4805 4634 3954 3836 4021
4784 4447 4021 3942 4287
4820 4186 4068 3994 4746
4746 4633 4017 3771 3704
4743 3604 3684 3922 5037
4693 3393 3678 3815 5125
4630 4440 4123 4182 3978
4610 4153 3772 4267 4570
4535 3320 3783 3872 5094
4544 4752 3882 3777 3715
4544 4302 3939 4312 4105
4512 3998 4318 3833 4780
4518 3896 3942 3934 5020
4480 4142 3733 4268 4677
4484 4275 4009 4302 4392
4453 4055 4075 4410 4116
4486 4126 4301 4278 4233
4325 4202 4329 3907 4532
4439 4166 4230 4235 4445
4503 4096 4008 4279 4734
4295 4221 4330 3900 4533
4387 4335 4196 4171 4616
4606 4250 4287 4176 4164
4308 4671 4060 4024 4193
4165 4210 4291 3901 4640
5042 4387 3939 3802 3831
5071 4323 3974 3887 3764
5114 4339 3982 3814 3758
4947 4507 4018 3774 4046
4939 4014 4187 4087 4444
4955 4058 4161 4113 4466
4924 3906 3993 4323 4381
4917 3889 3530 4324 4653
4890 4516 3979 3819 4040
4901 4427 3978 3995 4005
4858 4520 4045 3693 4119
4928 3900 3850 4435 4570
4819 4032 4243 4095 4619
4734 3988 3561 3875 4864
4684 4586 4061 3721 4110
4655 4607 3904 3984 3764
4602 4564 4240 3686 4148
4563 4757 3974 3619 3894
4633 4590 3956 3948 4299
4458 4778 3959 3516 3892
4421 4746 3717 3867 3592
4437 4444 3915 4155 4505
4335 4499 3976 3945 4494
4395 4553 4078 4128 4211
4438 4465 4391 3802 4031
4200 4097 4117 3679 4938
5088 4378 3843 3508 3619
5054 4134 3901 4110 4278
5036 3557 3795 4112 4764
4925 4324 4237 3928 4083
4920 4265 4088 4170 4101
4884 4395 3857 3711 4362
4872 4150 4143 3812 4577
4847 4494 4054 3918 3999
4847 4352 4020 3896 4411
4836 4075 4136 4204 4487
4836 4073 4183 3816 4586
4811 3697 4085 4144 4897
4795 4080 3883 4239 4646
4776 4594 4030 3793 4062
4771 4433 4141 3797 4374
4696 4717 3885 3615 3848
4694 4725 3943 3606 3820
4679 4348 3773 4215 4272
4604 4214 4196 3845 4672
4593 4070 4239 4088 4734
4592 4107 3840 4082 4816
4587 4338 4028 4207 4481
4531 4760 3922 3728 3732
4497 4203 4170 4055 4693
4495 4021 4106 4320 4410
4562 4534 4186 4033 4273
4474 4203 4157 3846 4779
4461 4622 4100 3950 4132
4460 4104 3859 4074 4895
4412 4207 3839 3981 4849
4525 4304 3666 4334 4072
4392 4078 4109 4164 4782
4368 4235 4374 4016 4049
4363 4227 3872 4282 4527
4858 3893 4187 4292 4579
4342 4200 4176 3838 4858
4517 4030 3770 3942 4929
4346 4300 4402 4021 4277
4178 3950 4415 3813 4430
5162 4181 3571 3699 3745
5085 3734 3899 4279 4592
5052 4135 3784 4119 4182
5041 3852 4152 3955 4432
5008 4111 4031 3914 4472
5008 4226 4201 4092 4056
4998 4317 4099 3927 4103
4955 4208 4073 4030 4352
4915 4553 4136 3683 3792
4869 4221 3835 4236 4211
4841 3892 4086 3962 4770
4828 4214 4117 4149 4395
4827 4367 4270 4087 4127
4808 4233 4247 4037 4495
4783 4564 3965 3691 4112
4775 4411 4076 4005 4415
4792 4567 4186 3904 3966
4817 4111 3809 4273 4671
4831 3619 4121 4360 4697
4696 4222 4165 3917 4624
4695 4364 4289 4079 4206
4629 4507 4189 4072 4207
4608 3863 3723 4450 4494
4595 4764 3998 3637 3763
4594 4040 4418 3974 4115
4589 4556 4038 4040 4039
4575 4371 4314 4066 4306
4564 4219 4184 3909 4703
4610 3934 4039 4109 4917
4513 3830 4212 4208 4765
4493 4456 4314 3822 4127
4449 4638 4232 3856 3967
4536 4514 4054 3870 4500
4326 4034 4223 4282 4517
4325 4334 4085 4228 4299
4325 3865 4460 3962 3848
4316 4555 4089 4096 4234
4380 4560 3937 3997 4448
4300 4754 3775 3832 3980
4320 4786 4087 3753 3967
4193 3862 4479 3954 3927
5203 3948 3692 3850 4290
5057 4016 4053 4220 4400
4985 4156 3673 4202 4088
4982 4135 3991 3984 4431
4947 4442 3890 3687 4074
4988 4343 4127 4039 3973
4899 4194 4069 4240 4198
4946 4432 4154 3631 3971
4878 4403 4119 3746 4202
4855 4553 3849 3562 4031
4852 4346 4289 3919 3863
4850 4177 4137 3965 4492
4841 4625 3873 3543 3948
4840 4249 3985 4025 4571
4836 4342 4081 3942 4471
4814 4614 4059 3721 3948
4780 4106 3952 4350 4317
4766 4428 3902 4007 4366
4736 4715 4046 3536 3521
4731 4201 3909 4287 4435
4732 4641 4092 3837 4001
4699 4261 4231 3957 4521
4687 4516 4189 3708 4244
4687 4107 3952 4359 4272
4682 4611 4078 3713 4027
4653 4604 4041 3967 3895
4650 4602 4200 3789 3781
4778 3991 4025 4372 4424
4631 4016 3738 4292 4787
4618 3947 4136 4278 4549
4601 4190 3870 4288 4542
4580 3890 3636 4135 4954
4569 4250 4192 3958 4628
4596 4192 4396 3891 4225
4488 3936 4097 4279 4656
4433 4101 4402 3881 4261
4417 4754 3915 3819 3587
4474 4735 4215 3743 4159
4429 4612 3790 4160 4086
4397 4154 4372 3919 4459
4217 4176 3737 3945 4873
4297 4609 3809 4152 4165
4104 3809 4452 3885 4168
5140 3776 3812 4148 4622
5046 4303 3773 4015 4044
5025 4322 3699 3927 3662
5021 4245 3618 3878 4200
4972 4348 3867 3986 4248
4960 4188 4148 4050 4277
4962 3995 3787 4367 4468
4931 4067 3810 4273 4507
4924 4218 3945 3945 4530
4913 4393 3892 3892 4163
4900 3847 3876 4381 4231
4899 4421 3989 3855 4255
4905 4491 3878 3912 4197
4882 4142 3860 4140 4574
4872 3987 4209 3810 4568
4866 4049 3751 4030 4701
4856 4192 4195 4035 4417
4849 3904 3828 3876 4803
4846 4611 3998 3667 3824
4840 4058 3881 4266 4533
4830 4264 4293 3988 4324
4814 4116 4110 4230 4461
4812 4124 4168 4221 4433
4837 3624 3905 3993 4969
4783 4206 4325 3757 4292
4781 4482 4107 3842 4244
4772 3636 3557 3853 5025
4769 4472 4101 3847 4223
4774 4093 4061 4221 4739
4741 4052 4102 3890 4766
4717 4601 3851 3859 3988
4750 4518 4177 3750 4334
4689 3973 4250 4083 4715
4685 4592 3973 3935 3742
4682 4113 4129 4222 4540
4699 4138 3931 3974 4881
4667 3883 4020 4318 4658
4691 3831 3791 4325 4899
4630 4624 4147 3845 3690
4628 4646 4015 3852 3903
4622 4295 3935 4251 4168
4618 4210 4380 3996 4139
4642 4090 4080 4213 4818
4694 4537 4167 4041 4194
4609 4049 4121 3882 4845
4745 4283 3871 4286 4344
4615 4742 3881 3759 3866
4644 4064 3929 4335 4594
4584 4102 4076 4259 4562
4575 4030 4398 4122 4209
4618 4515 4196 3742 4413
4554 4601 3875 4079 4064
4550 4747 4002 3667 3476
4530 4765 4047 3707 3827
4514 4830 3795 3676 3725
4518 3995 4213 4327 4557
4498 4473 4308 3780 4280
4488 4260 4225 3796 4659
4433 4546 4261 4049 4274
4429 4228 4123 4135 4642
4532 4433 4042 4224 4319
4493 4201 3671 4411 4202
4396 4539 4343 3697 4210
4382 4827 3814 3668 3804
4479 4312 3826 4236 4531
4293 4434 3702 4134 4518
4415 4428 4137 4198 4324
4050 4040 4382 3730 4505
4248 4292 4448 3672 3943
5231 3912 3694 4173 4298
5083 4289 3888 3784 3922
5080 4054 4008 4203 4303
5042 3847 3988 4172 4488
5037 3943 4011 4063 4578
5028 3994 4105 3967 4555
5018 4339 3771 3692 4036
4980 4197 4084 4127 4127
4975 4091 4147 4083 4435
4964 4251 3790 3940 4251
4996 4218 3942 3970 4468
4919 3840 4033 4222 4668
4902 4191 4303 4054 4172
4919 4183 4311 3958 4250
4874 3667 3742 3808 4920
4861 3775 4160 4015 4853
4855 4499 4049 3702 4094
4836 4060 3928 3870 4743
4831 4271 4202 4020 4398
4803 3865 4232 4266 4523
4802 4514 4137 3886 4087
4809 4343 4143 4094 4402
4781 4516 4022 4029 4137
4778 4015 3643 4364 4477
4765 3946 4041 4350 4239
4765 3345 3721 3827 5052
4751 3682 3810 4011 4989
4729 3772 4179 4007 4932
4722 4405 4007 4155 4181
4717 4471 4227 3921 3954
4706 4673 4009 3867 3964
4680 3992 3907 4049 4902
4684 3969 3866 3926 4969
4600 4443 4259 3947 4243
4595 4563 3988 3815 4357
4572 4626 3911 3988 4032
4689 4227 4263 4214 4311
4517 3939 3764 4448 4323
4469 4521 4306 3909 4050
4469 3982 4310 3906 4786
4450 3855 3835 3959 5010
4520 4737 4104 3782 4037
4397 3832 4456 3661 4058
4341 4497 4312 3907 4299
4337 4518 4325 3901 4129
4457 4327 3989 4208 4588
4272 4059 4390 3801 4350
4265 3829 4475 3653 4137
4368 4555 3940 3950 4460
4286 4441 3921 4044 4613
4135 3818 4436 3654 4244
4070 3898 4497 3557 3729
3938 3895 4516 3549 3808
5119 3818 3956 4085 4408
5092 4202 4105 3676 3913
5077 3837 3761 4318 4449
5074 3804 3991 4164 4423
5062 3946 3629 4138 4538
5023 4019 4076 4126 4370
5015 4253 3679 3985 4208
5005 3787 3970 3959 4677
5003 3809 3993 4142 4627
5005 3704 3846 3997 4881
4982 4134 3882 4221 4339
4977 4099 3746 4192 4409
4930 4300 4007 3803 4434
4919 4239 4228 4011 4129
4896 4070 4181 3946 4494
4924 4266 3899 3958 4541
4834 4511 4076 3832 3963
4830 4479 3851 3839 4287
4872 4367 4087 3917 4382
4823 3975 3534 3956 4791
4948 4143 3945 4286 4407
4792 3615 3782 3827 5013
4786 3672 3583 4157 4950
4780 4063 4004 4282 4495
4778 4353 4015 4009 4580
4765 4687 3880 3778 3779
4728 3882 4148 4293 4686
4866 4599 3966 3861 3920
4684 4550 3961 3896 4284
4680 4332 4109 3771 4544
4681 4562 4229 3718 4125
4674 4516 4283 3698 4075
4652 4106 4127 3990 4834
4625 4528 4202 4066 4037
4621 4082 4370 3951 4257
4595 3916 3768 4279 4847
4722 4577 3929 4029 4226
4569 4332 4146 4051 4613
4686 4129 3925 4279 4593
4533 4041 3907 3697 4927
4666 3954 3736 3949 4997
4515 4619 4300 3885 4098
4510 4266 3911 4286 4371
4516 4219 3693 4264 4668
4640 4213 4038 4046 4830
4500 4343 3997 4135 4582
4626 4311 3731 4308 4221
4592 4418 4022 4135 4542
4538 4344 4350 4027 4459
4502 4856 3914 3483 3533
4378 4730 3709 3940 3598
4368 4340 4016 4127 4661
4428 4050 4427 4049 4161
4346 4185 4400 4042 4329
4460 4563 3909 4022 4412
4374 4192 4256 4204 4444
4325 4187 4285 4185 4379
4532 4014 4390 4195 4215
4309 3969 3983 4407 4348
4308 4522 3822 4156 4289
4371 4865 3816 3627 3855
4405 4609 4181 4034 4213
4565 4067 4441 3890 3957
4195 4176 4246 4186 4486
4265 4506 3814 4229 4295
4179 3977 4409 4152 4133
5235 3957 3703 3673 4054
5121 4023 3786 3713 4325
5100 4069 3857 4168 4065
5089 3909 4006 4297 4239
5082 4057 3871 4220 4172
5116 3941 4000 4095 4555
5027 4298 3823 3916 3963
5006 4532 3693 3612 3705
5078 4484 3736 3624 3632
4956 4347 3900 3723 4289
4950 4190 3663 3736 4484
4944 4077 4153 3878 4425
4925 4006 3719 3911 4686
4921 4358 4156 3908 4227
4919 4304 4063 3908 4338
4926 3710 3757 4070 4842
4859 4373 3867 3819 4447
4848 4546 4073 3805 3989
4823 4618 3744 3729 3734
4808 3665 3707 4285 4908
4806 4454 4001 3929 4324
4805 4017 4003 3946 4834
4803 4614 4104 3406 3962
4797 4025 4263 4108 4582
4792 4321 3965 4228 4108
4766 4475 3867 4033 4249
4841 4134 3636 4370 4394
4752 4182 4017 4263 4474
4735 4186 3903 4136 4706
4722 4314 4302 4085 4117
4676 3662 3726 4277 4987
4718 4605 4066 3533 4076
4700 4320 4077 3965 4640
4627 3921 4015 4165 4906
4626 4654 4051 3622 4214
4584 4125 3630 4413 4373
4583 4425 4257 3802 4376
4679 4198 4314 3926 4696
4549 4091 3832 4155 4822
4526 4755 3908 3678 3939
4520 4741 3966 3692 3900
4507 4007 3853 4281 4781
4579 4120 3616 4363 4580
4496 4643 4012 3623 4321
4476 4353 3940 3844 4731
4524 4166 3888 4375 4381
4403 4452 4227 3854 4460
4316 4748 3886 3914 3887
4303 4068 4374 3570 4426
4302 4296 4130 4245 4396
4258 4862 3714 3690 3736
4248 4354 4410 3823 4041
4313 4435 4030 4144 4499
4184 4745 3905 3906 3966
4126 4859 3733 3682 3815
4406 4019 4453 3761 4137
5186 4130 3652 3525 3676
5078 4300 3712 3961 3920
5076 4070 3958 3848 4376
5075 4197 3789 3995 4204
5064 4042 3741 4243 4200
5042 3718 3891 4352 4598
5021 3696 3855 3960 4734
5011 3607 3652 4035 4772
4993 4347 4040 3779 4146
4986 4108 4255 4143 4302
4966 4174 3811 4191 4180
4953 3917 4035 3827 4668
4923 3932 4162 4277 4319
4900 4166 4160 4161 4322
4890 4423 3961 3849 4283
4876 3728 3900 4427 4644
4849 4142 3904 4136 4542
4847 4156 4141 3974 4467
4820 4118 4264 4218 4348
4813 4661 3788 3420 3787
4801 3988 4040 4369 4308
4786 3698 4090 3875 4966
4797 4171 4192 4225 4486
4787 4597 4127 3756 4009
4703 4340 3967 4211 4241
4741 4510 3919 4098 4102
4699 4636 4014 3834 4054
4737 4120 4254 4229 4492
4715 3782 3759 4308 4953
4637 4812 3842 3492 3530
4604 4014 4390 3862 4245
4603 3858 3709 4400 4701
4602 3817 4185 4289 4692
4599 3978 4396 4218 4396
4593 4043 3650 4424 4186
4539 3974 4020 4362 4494
4744 3941 4244 4055 4844
4522 4228 4375 3960 4124
4470 3814 4204 4281 4771
4428 4037 4437 3866 4051
4414 4109 4035 4198 4807
4406 4622 4224 3929 3973
4398 3986 4266 4294 4444
4389 4741 3748 3913 3907
4372 4166 4131 4123 4704
4334 4773 3922 3823 3855
4556 4413 4064 3925 4595
4306 4462 4410 3794 4110
4257 4136 4420 3972 3983
4214 4036 4394 4044 4403
4122 4702 3667 4004 3910
5220 3912 3739 3858 4312
5149 3987 3788 4036 4333
5162 3939 3760 3982 4395
5053 4374 3970 3789 3859
5038 3745 3627 4193 4727
5035 4136 3753 4038 4291
5019 4394 3933 3699 4001
4944 4540 3822 3643 3958
4944 4311 4173 3892 4066
4922 4320 4200 3938 4003
4923 4161 4184 4011 4430
4913 3801 3945 4322 4719
4911 4494 4034 3702 4180
4874 4134 4043 4224 4421
4892 4250 4161 3970 4465
4888 3886 3948 4172 4828
4835 4279 3926 3877 4614
4831 3887 3933 4358 4526
4832 4323 4058 3973 4561
4803 4153 3952 4299 4362
4777 4612 3993 3780 3993
4775 4416 3979 3776 4376
4759 4468 4232 3720 4171
4758 4075 4026 4316 4292
4739 4589 4173 3870 3708
4763 4503 4256 3779 4002
4659 4084 4012 4101 4823
4656 4245 4223 4030 4527
4643 4145 3927 4281 4537
4642 4435 4282 3933 4327
4611 4289 3996 4190 4535
4594 4472 4287 3959 4018
4586 3911 3945 4130 4945
4757 4060 3871 4277 4677
4560 3888 4140 4291 4583
4556 4400 4366 3749 3757
4553 3822 3729 3996 5069
4526 4234 4184 4031 4634
4522 4088 4375 3962 4188
4504 3986 4039 3993 4980
4462 4469 4306 3951 4097
4452 3781 3733 4461 4355
4422 4698 4226 3548 3758
4391 4654 4200 3907 4030
4372 4414 4205 3701 4512
4339 3984 4410 3797 4292
4593 4819 4011 3553 3761
4301 4612 3910 3587 4345
4292 4477 4174 4081 4285
4259 4651 4219 3899 4109
4193 4299 4054 4289 4271
5171 3932 3954 3862 4214
5124 3931 3918 4227 4318
5102 3940 3945 4273 4255
5093 4197 3661 3890 4127
5031 3753 3834 4344 4598
5026 4415 3767 3665 3788
5018 4384 4197 3643 3898
5011 4344 4014 3878 3922
4995 4313 4062 3937 4023
4976 4230 3974 3776 4372
4957 3610 3969 4093 4858
4956 4399 3908 3554 4118
4945 4179 4168 4116 4344
4943 4187 4226 4107 4316
4933 3872 3876 4056 4737
4923 4256 4163 3902 4438
4918 4563 4041 3679 3751
4904 4183 4245 4063 4200
4904 4182 3940 4222 4433
4880 4409 3907 3958 4120
4880 4158 3842 4249 4383
4879 4311 3995 4187 4115
4877 4090 3769 4282 4513
4872 4193 4298 3838 4219
4854 4093 3971 4178 4705
4848 3967 3886 4307 4633
4841 4424 4144 3859 4150
4838 4262 3910 3628 4537
4857 4291 4271 3957 4263
4903 4001 4203 4015 4578
4825 3607 3988 4085 4937
4822 4418 3971 4011 4228
4776 3968 4281 4155 4614
4783 4343 4273 3977 4463
4760 3754 4041 4277 4655
4749 4782 3814 3468 3576
4733 3588 3637 4145 5021
4811 4077 3963 4251 4711
4729 3922 3694 3791 4918
4716 3964 3905 4299 4712
4695 4237 4305 4095 4412
4683 4580 3962 3490 4248
4659 4352 4115 3808 4552
4646 4537 4125 3675 4297
4651 4340 4292 3969 4542
4636 4651 3995 3817 4043
4630 3987 4380 3987 4472
4622 4309 4278 3993 4601
4615 3949 4397 4024 4491
4611 4557 4099 3897 4264
4587 4460 4281 3861 4207
4575 3976 4151 4231 4662
4553 4569 3923 3491 4355
4551 4577 3981 3482 4327
4534 4522 3944 3979 4395
4533 3844 3676 4052 4978
4532 4536 4181 3817 4320
4527 4349 4134 3800 4631
4545 3929 4254 4313 4255
4526 4043 4080 4272 4596
4535 4157 4172 4218 4672
4516 4526 4086 3676 4404
4507 3913 3856 4423 4556
4497 4489 4000 3730 4542
4604 4385 4085 4236 4246
4484 4103 3965 3940 4897
4479 4554 4118 3889 4343
4564 4568 4176 3931 4307
4468 4338 3757 4286 4175
4465 4727 4224 3658 3862
4421 4566 3942 3483 4434
4417 4208 4264 4131 4438
4416 4077 4215 4030 4784
4402 4667 3831 3866 4265
4400 4533 4200 3809 4399
4542 3830 4025 4380 4624
4390 4530 4253 4122 4280
4547 4431 4118 4206 4245
4328 4684 3898 3703 4281
4304 4456 4051 4021 4585
4294 4641 3992 4045 4070
4288 4015 4438 3920 4162
4285 4205 4283 4123 4517
4246 4570 3879 3797 4434
4155 4194 4244 4124 4624
4121 3807 4447 4030 3966
5263 4093 3657 3782 3886
5160 4001 3853 4125 4091
5136 4019 3653 3889 4370
5099 3644 3802 4220 4632
5096 3953 4032 3901 4459
5041 3579 3929 4013 4817
5023 4036 3831 4203 4430
5021 4044 3889 4194 4402
4982 3749 4015 3976 4774
4938 3963 3874 4358 4273
4937 4181 4076 4200 4133
4924 4607 3787 3475 3740
4908 4012 3971 3882 4670
4900 4394 3950 3957 4167
4889 4222 4163 4246 4192
4886 4466 3974 3938 4084
4853 4468 4065 4041 4064
4851 4188 3811 3878 4671
4839 3972 3860 4143 4804
4818 3759 4152 4088 4859
4813 4697 3985 3638 3725
4855 3965 3864 4369 4417
4885 4649 4028 3650 3652
4804 3844 4045 4387 4438
4791 4177 3844 4232 4516
4812 4347 3839 4153 4365
4773 4591 3920 3863 3850
4769 4438 3807 4003 4325
4753 4269 4375 3622 3890
4722 3329 3713 3900 5058
4707 3969 3879 4135 4883
4703 4565 4005 3489 4295
4703 4485 4234 3932 4031
4699 4007 4248 3861 4744
4695 4302 4140 3992 4621
4688 4230 4033 4322 4240
4675 3993 3897 4102 4880
4674 4570 4014 3944 4094
4683 4028 4164 4256 4529
4667 4774 3782 3574 3756
4627 4208 4143 4239 4378
4624 4544 4150 3889 4272
4619 4383 4261 3893 4584
4694 4504 4251 3892 4171
4622 4561 4116 4043 3986
4582 4287 3576 4201 4517
4556 4227 4052 4314 4319
4552 4547 3980 3888 4363
4545 4270 4170 4257 4352
4541 3934 4353 3918 4713
4553 4017 4125 4257 4636
4492 4541 4169 3881 4351
4489 4059 4178 4242 4624
4487 4380 4280 3885 4663
4487 4067 4236 4233 4596
4467 4090 4165 4322 4288
4512 4029 3898 4396 4566
4462 4482 4296 4134 4207
4444 4310 3834 3904 4719
4426 4505 4298 3982 4056
4415 4259 4131 4258 4459
4377 4223 4309 3714 4581
4422 4305 4077 4278 4509
4440 3961 3728 4075 5023
4357 4056 4197 4234 4703
4251 4087 4190 3541 4890
4375 3894 4498 3760 3869
5203 3823 3845 4124 4334
5178 4026 3889 4034 4059
5096 4196 3962 3788 4102
5073 4065 3869 4001 4451
5063 4019 4209 4010 4383
5054 4086 3925 4233 4266
4994 3911 3882 4212 4672
4964 3913 3877 3996 4719
4942 4537 3959 3626 4089
4948 4119 4346 4043 4183
4923 3941 3820 4063 4763
4909 4276 4271 3779 3877
4908 3969 3787 4230 4692
4886 4059 4156 4226 4635
4885 4465 4004 3987 3940
4881 3602 3755 3908 4940
4856 4061 4151 4010 4682
4845 4065 4056 4275 4299
4838 3962 4124 4087 4701
4812 4260 3799 4002 4568
4801 3681 4038 4367 4881
4787 4463 3843 3912 4293
4845 4080 3926 4381 4318
4777 4670 3869 3713 3860
4749 3599 3774 3900 5019
4772 4216 4019 4054 4751
4724 4058 4170 4002 4761
4722 4348 4112 4022 4503
4684 3903 3741 4360 4774
4667 4160 4153 4226 4593
4662 4187 3713 4331 4392
4636 4719 3774 3754 3404
4603 4183 3922 4128 4785
4599 3359 3694 3910 5104
4594 4198 4149 4068 4656
4579 4388 4249 3957 4615
4573 4431 3842 4189 4366
4559 4662 3924 3955 3872
4538 3792 3874 4371 4735
4531 4661 4126 3611 4193
4674 3769 4228 4301 4619
4490 3923 3647 4016 4992
4462 4195 4168 4060 4735
4453 3749 3964 4406 4602
4451 4742 3961 3805 4069
4436 4305 3953 3816 4724
4435 4602 3968 3787 4359
4428 3942 4458 3975 4043
4424 4177 4151 4269 4272
4397 4509 3795 4237 4216
4397 4139 4328 4197 4306
4381 3925 3840 4173 4923
4510 4123 4466 3885 3985
4332 4184 4129 4061 4842
4304 4302 3972 3808 4803
4536 4170 4383 3798 4407
4288 4784 3801 3791 3726
4268 3964 4382 4233 4060
4234 4286 3880 4337 4019
4466 4088 3835 3963 4925
4342 4549 4168 3860 4462
4224 4616 4317 3786 3920
4195 4499 4151 4086 4304
4156 4781 3820 3783 3805
4644 3885 4432 4109 4424
5172 3905 3767 3926 4381
5138 3987 3833 3721 4347
5135 3862 3930 4111 4430
5124 3881 3922 3876 4389
5101 4162 3925 3906 4191
5082 3566 3723 3841 4754
5079 3924 3850 4100 4562
5053 4032 4003 3865 4473
5039 4177 3636 3817 4411
5017 4259 3668 4125 3958
5020 4003 4201 4083 4389
5000 4113 4137 3975 4350
4998 3658 3900 3977 4831
4986 4258 3770 3927 4288
4970 4460 3929 3736 3983
4932 3757 3836 3892 4818
4931 4325 3910 3831 4374
4910 4255 3848 4032 4503
4878 4406 4044 3941 4251
4877 3969 4046 3958 4761
4879 4263 4110 3978 4457
4838 4427 3910 4045 4176
4830 3705 3787 4367 4767
4824 4016 3918 4324 4579
4823 4418 4048 3937 4346
4822 4258 4157 4223 4011
4819 4134 4212 4041 4583
4818 4513 3937 3942 4129
4803 4552 3933 3885 4208
4754 4009 4255 4181 4588
4748 3614 3769 4289 4914
4744 4073 3861 4407 4169
4727 4205 4238 3801 4630
4725 4158 4018 4299 4333
4711 4531 3812 3730 4337
4709 4131 3655 4362 4473
4707 4243 4284 4189 4196
4679 4235 4189 3861 4635
4719 3899 4065 4134 4935
4671 4549 3952 3877 4287
4662 4564 4179 3817 4158
4655 4513 3961 4162 4205
4633 3822 4048 4387 4409
4614 4378 4022 4103 4576
4604 3981 4386 3894 4425
4583 4815 3642 3557 3564
4578 4079 4092 4252 4571
4575 4240 4303 4181 4275
4552 4419 4255 3870 4403
4547 4232 4208 3853 4714
4541 4029 3876 3808 4931
4528 4847 3816 3467 3512
4517 4372 4074 3783 4625
4510 4571 3976 3996 4341
4510 3960 3800 4282 4857
4506 4251 4154 4265 4244
4503 4139 4192 3931 4712
4487 4039 4364 3941 4566
4478 4306 4164 4234 4171
4469 4439 4187 3726 4473
4461 4533 3867 3818 4423
4458 3767 3606 3912 5091
4443 4446 4069 4143 4392
4433 4337 3932 3917 4737
4429 3734 3800 3814 5121
4413 3926 4273 4305 4334
4384 4848 3798 3496 3621
4398 4601 4004 4020 4295
4374 4248 4173 4257 4323
4339 3889 4431 3906 4284
4337 4436 4206 3718 4552
4331 4522 3828 3819 4530
4479 4356 4175 4117 4675
4273 4732 3878 3987 3893
4264 4570 4349 3652 3866
4215 4846 3706 3763 3742
4135 4563 4290 3717 4161
5055 4332 4055 3567 3841
5042 3904 4008 3908 4595
5018 4289 4218 3752 3890
4999 4354 3945 3716 4143
4998 4129 4102 4066 4338
4977 3704 3583 4357 4765
4969 4416 3860 3878 3726
4966 4177 4192 3938 4424
4966 3502 3859 3873 4930
4960 4085 4260 3940 4341
4952 4209 3772 4132 4377
4910 3901 4027 3900 4674
4875 3685 4063 3956 4893
4871 4071 3885 3931 4754
4864 3450 3810 4348 4879
4857 4150 4152 4234 4328
4847 4407 3953 3922 4289
4821 3909 3776 4153 4821
4815 4568 4073 3743 3915
4800 4198 4100 3800 4650
4794 4382 4274 3727 4181
4776 4067 3910 4343 4515
4767 4226 3876 4249 4462
4762 3917 3813 4186 4867
4747 4371 4109 3951 4465
4743 3682 4082 3948 4972
4757 4047 3954 4006 4839
4727 4139 4113 4235 4435
4799 4096 3679 4296 4699
4716 4647 3981 3755 4094
4685 4396 3949 4003 4505
4685 4294 3945 3821 4747
4663 4671 4097 3674 4070
4660 4599 3993 3913 4230
4656 4620 4006 3907 4060
4644 4427 4224 3942 4355
4637 4215 3837 4250 4569
4636 4235 4046 4272 4332
4598 3860 4264 3786 4747
4597 4225 4057 3643 4820
4590 4037 3601 4297 4683
4576 4296 4138 3978 4678
4559 4625 4128 3934 4201
4556 4171 4135 4261 4440
4555 4385 3910 4004 4612
4553 4541 3836 3890 4375
4544 4306 4191 3753 4697
4542 3766 4247 4293 4698
4540 4620 4178 3835 4120
4531 3407 3545 3603 5122
4512 4424 4243 3934 4434
4485 4702 4202 3669 3848
4478 4574 4267 3941 3900
4668 3946 3869 4374 4635
4466 4243 4227 4225 4150
4426 4160 4096 4262 4547
4414 4295 4152 3754 4804
4395 4449 4383 3875 4037
4391 4551 4206 4033 4052
4385 4021 4429 3939 4057
4364 4656 4062 3729 4279
4102 4050 4446 3897 3700
5181 4168 3751 3645 3921
5147 4194 3861 3825 4093
5079 3862 3814 4269 4508
5071 4122 3964 4065 4358
5072 3634 3755 4108 4755
5054 3938 3812 4222 4385
5051 3837 3793 4080 4706
5020 4238 3807 4017 4146
5016 3748 3861 4177 4716
5000 4120 4127 4030 4306
4970 4234 3808 4041 4345
4944 4210 3910 3744 4474
4912 4386 4081 4031 4109
4876 3944 4225 4063 4765
4848 4455 4205 3801 4098
4844 4389 3754 3780 4327
4843 4550 4094 3806 3881
4831 4248 4194 3830 4486
4863 4033 3815 3971 4788
4806 3525 3685 3768 5053
4804 3547 3708 3951 5003
4792 4263 3918 3950 4620
4769 4263 3905 3741 4706
4777 4386 3866 4209 4214
4824 4424 3960 4151 3978
4752 4230 4188 4118 4493
4736 4588 3927 3862 4027
4734 4596 3985 3853 3999
4716 4607 4128 3774 3858
4712 4490 3915 4077 4189
4701 4237 4155 3831 4593
4689 4021 4204 4096 4726
4687 4029 4262 4087 4698
4687 3839 4140 4361 4443
4684 4164 4262 4187 4536
4683 4241 4039 4202 4462
4664 4029 4249 3878 4784
4660 4109 3833 3996 4819
4658 4721 3956 3550 3707
4720 4333 4028 4245 4110
4652 3922 3893 4115 4928
4648 4381 3985 4233 4183
4639 4407 3997 4166 4325
4648 4319 4296 3978 4517
4651 4705 4183 3777 3912
4636 4314 4160 3825 4649
4643 4376 3971 4183 4390
4626 4653 4250 3568 3606
4623 4066 3996 4181 4868
4749 4035 4131 4167 4829
4593 4068 3991 3965 4915
4588 4519 4144 3914 4361
4572 4549 4282 3745 4112
4573 4818 3851 3655 3492
4557 4018 4223 4088 4805
4551 4456 4279 4032 4024
4551 4238 4058 4194 4541
4534 4018 4210 3879 4891
4523 4751 3871 3688 3859
4518 4461 4276 3974 4376
4516 4378 4004 4225 4262
4510 3806 3721 4069 5075
4509 4396 3958 4167 4432
4662 4241 4257 3973 4630
4508 4276 4297 4158 4094
4507 4139 4369 3822 4466
4487 4241 4342 4082 4100
4485 4158 4070 4333 3986
4483 3764 4391 3796 4546
4477 4782 3916 3760 3789
4440 4236 4142 4086 4709
4428 4791 3727 3495 3889
4413 4421 4077 4046 4603
4403 4124 4231 4216 4376
4481 3809 3964 4504 4290
4377 4128 4330 3823 4573
4374 4274 3455 4351 4089
4367 4452 4122 4118 4533
4361 4228 3883 3676 4837
4348 4638 4192 3980 4036
4427 4829 4020 3628 3807
4336 4232 4188 4226 4257
4325 4533 3744 4239 4008
4324 4185 4046 3861 4886
4286 4792 3837 3561 4037
4286 3841 4471 3691 4110
4376 4400 3944 3937 4634
4267 4643 3854 3867 4319
4185 4529 3835 3961 4472
5202 4052 3613 3946 3924
5175 4117 3831 3935 3987
5158 3782 3694 4304 4490
5088 3775 4031 4161 4499
5084 3986 3709 4220 4397
5083 4296 4057 3890 3849
5045 4386 3881 3635 4045
5027 3988 3767 4123 4555
5025 4410 3885 3666 3698
5021 4431 3898 3660 3528
5017 3841 3836 3976 4696
5008 4211 3993 3758 4312
5004 3847 3780 3960 4675
4979 3752 4053 4357 4475
4975 4368 4189 3716 3904
4974 3920 3807 3940 4710
4960 4003 3845 4358 4440
4931 3729 3682 3971 4835
4930 4411 4117 3940 4077
4928 4358 3714 3700 4286
4912 4590 3870 3567 3708
4912 3986 3976 4075 4707
4893 4049 4185 3955 4469
4910 3896 3749 4234 4748
4882 3988 3971 3859 4754
4918 3864 3946 4349 4494
4879 4239 4244 3858 4269
4864 4145 4148 4028 4482
4851 3759 4113 4238 4837
4849 3741 4014 4358 4582
4827 3608 3858 4216 4953
4825 4413 4139 3931 4078
4823 4435 4007 3938 4291
4842 3870 3999 4324 4635
4817 4448 3912 3863 4271
4810 4418 4142 3927 4177
4807 3784 3847 3875 4925
4778 4250 4127 3899 4644
4769 4574 3932 3966 3876
4767 4189 4348 4107 4339
4756 4037 4218 3950 4736
4752 4656 3941 3802 3763
4729 4531 4282 3585 3769
4720 4178 4178 4227 4389
4719 3756 4132 4230 4916
4717 3738 4033 4350 4661
4710 4109 3706 4215 4772
4702 3926 3947 4415 4253
4689 4697 3787 3788 3662
4676 4316 4162 3816 4574
4675 4269 4155 3824 4623
4672 4779 3796 3624 3549
4659 4412 4324 3873 4134
4657 4582 4050 3937 3836
4723 4473 4202 4126 4127
4642 4094 4366 3989 4230
4635 4711 4072 3695 4005
4635 3864 4451 3841 4017
4631 3848 4199 4265 4633
4621 4665 3843 3946 4085
4607 4489 4205 3967 4293
4600 3678 4063 4381 4438
4595 4332 4124 4204 4396
4590 4167 4139 4228 4496
4584 4384 3757 4226 4265
4595 4579 3962 4071 4098
4572 3933 4389 4097 4497
4570 3923 3966 4407 4332
4561 3912 3950 3861 5014
4554 4714 4197 3739 3789
4553 4271 4367 3855 4239
4544 4313 4181 3808 4653
4542 4530 4192 4077 4181
4522 4051 4433 3963 3963
4518 4092 3932 4343 4503
4517 4152 4119 4269 4332
4507 4236 3761 4323 4374
4491 4654 3804 3947 4192
4483 4496 4255 3676 4353
4465 4321 4085 4205 4503
4463 4329 4143 4196 4475
4445 4488 4219 3743 4419
4448 4209 3973 4243 4597
4426 4738 3663 3826 3899
4422 4711 4216 3731 3868
4421 4639 3959 4003 4198
4481 4381 4318 4010 4525
4393 4443 4024 4102 4512
4385 4149 4138 4261 4411
4374 4202 4313 3723 4556
4359 4651 3823 3939 4271
4353 4485 4216 3677 4460
4351 4405 3902 3872 4613
4333 4318 4104 4197 4582
4326 4822 3955 3654 3658
4322 4462 3933 4177 4453
4315 4477 4180 3744 4526
4308 3930 4492 3737 3688
4304 4697 4095 3951 4072
4289 4636 3978 3995 4277
4245 3999 4430 3993 4168
4244 4181 4217 4205 4551
4242 4199 4332 3715 4635
4227 4771 3819 3765 3956
4210 3794 4420 4111 3893
4180 4214 4043 3626 4855
4347 4353 4194 4109 4754
4110 3874 4435 3449 4313
4078 3791 4439 4103 3972
3783 3940 4476 3345 3984
5112 4190 4073 3870 4009
5088 3816 3740 3880 4634
5080 4198 3719 3955 4131
5069 4026 3932 4244 4156
5066 4270 3743 3936 4048
5053 3937 4024 3974 4465
5044 4163 4018 4119 4129
5035 3606 3758 3901 4774
5026 3828 4058 4134 4634
5010 4358 3962 3862 3865
5001 4113 3826 3989 4524
4998 4339 4038 3872 3967
4997 3999 3944 3963 4597
4996 4559 3830 3487 3667
4987 4165 4076 4022 4287
4961 4188 4016 4115 4422
4959 3894 3952 4095 4726
4949 4303 4056 3822 4293
4940 4175 3784 3959 4598
4944 4319 4130 3929 4309
4933 3832 3970 4371 4437
4911 3924 3903 4155 4731
4903 4278 4110 3958 4347
4895 4424 3891 3809 4210
4881 4496 3915 3790 4127
4864 3829 4025 4298 4661
4863 4129 3887 4244 4443
4856 4421 4012 4042 4140
4856 4011 4190 3895 4547
4845 4422 4075 4008 3928
4837 4202 3795 4272 4088
4832 4010 4014 4321 4494
4831 4450 4172 3971 4020
4828 4330 3942 3895 4538
4866 4334 4317 3739 4108
4814 4224 4031 4050 4580
4803 3821 3931 4372 4544
4788 3994 4221 3942 4671
4787 4647 3867 3575 4005
4782 3599 3735 4050 4997
4791 4354 4286 4015 4261
4773 3956 3839 4007 4896
4767 4254 4183 4004 4548
4767 4224 4136 4124 4524
4754 4658 3930 3794 3974
4747 4211 4295 4163 4248
4730 4575 3912 3936 3856
4722 4558 4152 3771 4269
4719 4327 4116 4031 4478
4700 4007 4033 4313 4573
4694 4413 3921 4152 4085
4691 4183 3980 4323 4316
4666 4525 4093 3869 4393
4734 4579 3999 3694 4305
4656 3991 4240 3934 4750
4651 4564 4224 3502 4172
4645 4400 4037 4006 4522
4643 4408 4095 3997 4494
4624 3948 4073 4364 4336
4611 3870 4146 4321 4542
4576 4367 4253 3966 4590
4572 3964 3709 4083 4944
4570 3972 3767 4074 4916
4559 4180 3999 4315 4395
4521 4553 4185 3503 4279
4519 4561 4243 3494 4251
4514 4054 3781 4334 4614
4513 4397 4056 3998 4601
4505 4210 4116 4117 4710
4504 4412 4283 3938 4472
4502 4436 4328 4000 4153
4498 4457 4341 3994 3983
4490 4653 3834 3996 4048
4474 4552 4149 3868 4383
4464 4218 4340 3786 4480
4446 4043 4170 4315 4630
4433 3998 4406 3894 4204
4430 4499 4155 4094 4245
4428 4035 3894 4145 4892
4400 4439 4058 4232 4151
4389 4550 4204 3495 4358
4387 4379 3719 4276 4304
4358 4650 3853 3988 4127
4334 4207 4301 3787 4587
4334 3679 3677 3730 5143
4310 4824 3772 3791 3893
4308 3816 3950 3865 5013
4304 4226 4302 3780 4588
4244 4226 4289 4196 3939
4140 4482 4420 3470 3918
4082 3912 4259 4320 3998
5176 4179 3575 3822 3919
5158 4095 3826 3829 4181
5140 3980 3734 4008 4369
5069 4026 4114 3947 4380
5066 3863 3925 4224 4599
5065 4269 3773 3985 3904
5050 4243 4100 3843 4144
5036 4375 3939 3708 3968
5048 3881 3925 4176 4653
5032 4163 3920 4019 4360
5017 4443 3692 3788 3670
5006 4127 3977 4235 4344
5002 3807 3767 4312 4571
4990 4005 4196 3867 4436
5048 4223 4015 3969 4294
4967 4267 3612 3910 4257
4959 4236 4042 3888 4367
4949 4033 4139 3934 4480
4946 4197 4131 4103 4275
4934 4278 3675 4129 4226
4915 3990 3672 4134 4670
4909 4419 3885 3900 4021
4909 3719 3881 3909 4915
4908 4019 3743 3855 4697
4899 4521 3951 3699 4095
4910 4230 4285 3801 3844
4880 3925 3812 4136 4769
4876 4116 3938 4236 4451
4874 4124 3996 4227 4423
4871 4101 4212 4054 4463
4863 4447 4111 3917 3896
4859 4415 3886 3924 4220
4859 4380 4036 3925 4374
4857 3579 3795 4314 4932
4849 4214 3804 4196 4541
4867 4348 4162 4016 4389
4823 4602 4072 3600 4058
4811 3660 3752 4038 4936
4809 3682 3775 4221 4886
4807 4138 3946 4148 4633
4806 3967 3694 4330 4646
4816 4504 3905 3831 4270
4801 4392 3860 3519 4465
4801 3867 4155 3923 4878
4794 4623 3915 3863 3712
4789 4146 3979 3794 4789
4782 4021 4386 4044 4111
4798 4249 3832 4234 4431
4778 4233 3713 4271 4482
4776 3920 4110 4300 4595
4773 4302 4040 4177 4480
4772 4073 4086 4150 4732
4743 4725 3927 3422 3844
4742 3937 4020 4117 4838
4740 3755 3956 4382 4555
4738 4373 4081 3945 4493
4734 4139 3756 4343 4319
4730 4271 4162 4144 4467
4713 4142 3946 4327 4136
4693 4591 4033 3601 4165
4691 4599 4091 3592 4137
4679 4332 4104 4095 4509
4668 4593 4089 3910 4145
4659 4290 4071 4219 4408
4656 3850 3926 4342 4680
4648 4222 3674 4272 4589
4646 4230 3732 4263 4561
4646 3909 4071 4301 4702
4645 4383 3885 4201 4293
4641 4435 3960 3935 4473
4626 3962 4219 4161 4693
4620 4342 3957 4222 4385
4616 4638 4004 3845 4198
4608 4362 4042 3946 4600
4607 4109 4215 4230 4599
4685 4019 3705 4452 4235
4680 4552 4173 4090 4141
4597 4130 4078 3752 4812
4608 4541 4224 3854 4283
4591 4843 3887 3564 3460
4588 4357 4377 3738 4243
4588 3834 4281 4275 4371
4571 4169 4211 4243 4366
4566 4560 4118 3940 4335
4559 4530 4149 4043 4193
4548 4625 4173 3619 4215
4544 4211 4212 3862 4689
4540 4729 3934 3886 3996
4529 4279 4032 4220 4515
4521 4191 4161 4276 4134
4517 4346 4235 4170 4509
4511 4424 3921 3936 4580
4486 4627 3965 3846 4305
4558 4784 4109 3440 3572
4476 4359 4061 3938 4679
4469 4461 3838 4249 4143
4466 4337 3893 4067 4715
4458 3823 4242 4276 4478
4456 4354 4396 3730 4322
4455 4087 4427 3940 3782
4446 4088 4242 4306 4018
4434 4557 4137 3932 4414
4422 4400 4056 4169 4517
4415 4531 4131 4072 4302
4414 4200 4173 3863 4796
4413 4370 3621 4260 4283
4409 4286 3795 4228 4549
4389 4188 4180 4268 4213
4424 4195 3960 3848 4922
4356 4115 4262 4279 4340
4353 4088 3974 4322 4473
4426 4445 3830 4322 4149
4341 3763 4272 4307 4255
4327 4474 4406 3832 4083
4392 4794 4118 3515 3618
4259 4177 4141 4269 4320
4245 4768 3793 3864 3732
4243 4930 3609 3482 3445
4194 4391 4263 4072 4350
4219 4120 4483 3786 3807
4265 3914 4484 3810 3694
3912 3877 4503 3767 3612
5173 4114 3968 3918 4118
5111 4129 3679 3829 4338
5103 4179 4131 3943 3932
5070 3848 3622 4116 4597
5065 4269 3955 3688 4128
5058 4210 3813 3939 4215
5035 4468 3728 3697 3638
5012 4350 4089 3798 4005
5011 3680 3808 4183 4718
5004 4501 3771 3608 3521
5003 4222 3817 3935 4310
4982 4207 3891 4044 4430
4969 3912 3887 3943 4741
4966 4325 4143 3934 4059
4955 4079 3976 4210 4462
4950 4294 4191 3993 4160
4933 4249 4047 4056 4326
4926 4219 4078 4159 4184
4918 4267 3987 4079 4436
4909 4289 4261 3962 3987
4902 3871 4045 3912 4837
4902 3657 3830 4379 4694
4891 4086 4255 4053 4510
4875 4504 3976 3897 4135
4871 4071 3828 4365 4297
4856 3652 3612 3831 4948
4850 4694 3900 3551 3717
4837 3601 3742 4370 4841
4821 4055 3705 4270 4725
4808 4322 4292 3809 4199
4807 3911 3901 3719 4867
4801 3962 4411 3840 4089
4800 4518 3785 3811 4264
4800 3993 4080 4215 4677
4799 4293 3942 4161 4459
4796 4258 3749 4180 4450
4795 4411 3902 4118 4182
4789 4089 3985 4285 4508
4780 4438 4113 3677 4429
4776 3682 4043 4098 4950
4768 4560 4041 3810 4147
4758 4108 3951 4319 4341
4746 4569 4068 3856 4084
4744 4364 4273 3895 4230
4739 4068 3847 4357 4376
4784 4408 4302 3839 4051
4715 3861 3841 4453 4446
4704 4617 4059 3612 4079
4696 4199 4236 3869 4657
4695 4326 4350 3867 4116
4691 4044 3666 4271 4832
4688 4683 3896 3632 3933
4686 4330 4065 4115 4503
4728 3943 4283 3946 4677
4684 4189 4230 3874 4636
4674 4755 3920 3613 3850
4668 4515 3804 3803 4343
4663 4611 3906 3913 3675
4655 4594 4146 3748 4088
4648 4435 4132 3669 4508
4643 4083 3955 4249 4608
4640 4633 4142 3691 4167
4636 4219 4181 3934 4641
4635 4434 4030 4062 4536
4629 3944 3759 4382 4716
4621 4037 4003 4128 4841
4613 4219 4168 3725 4727
4599 4558 3949 4077 4268
4590 3806 4040 4460 4415
4581 4174 3753 4336 4400
4578 4402 3997 4152 4389
4572 4454 4303 3854 4104
4542 4752 3939 3605 3929
4540 4799 3634 3630 3570
4617 4213 4025 3837 4916
4529 4336 4359 3942 4162
4527 4119 3835 4376 4457
4518 4028 4154 4256 4577
4517 4733 4067 3792 3957
4509 4403 4247 3943 4409
4483 4481 4302 3989 4070
4481 4216 4187 3717 4806
4469 4547 3910 4078 4375
4464 4007 4390 3663 4280
4455 4536 4312 3958 3997
4451 4844 3798 3623 3485
4451 4163 3714 4337 4507
4450 4183 3923 4359 4270
4449 3969 4407 3700 4299
4448 4391 3958 4153 4496
4446 4399 4016 4144 4468
4413 4326 4098 4155 4595
4402 4422 4003 4225 4426
4385 4730 4086 3784 4036
4365 4033 4282 4290 4153
4317 3966 4426 3692 4378
4316 4388 3977 4145 4575
4288 4506 3820 3892 4536
4261 4434 4249 4157 4376
4240 4400 4110 3604 4639
4221 4012 4387 3968 4338
4192 4348 3617 4240 4328
4147 4518 4066 3824 4486
4110 3859 4482 3762 4030
5224 3797 3852 3802 4228
5200 3819 3808 4134 4254
5132 4073 4147 3923 4092
5114 3949 3954 4143 4390
5093 4245 4012 4036 4038
5078 4195 3856 3938 4262
5064 4046 4092 4172 4212
5055 4124 3721 4232 4387
5055 3489 3832 3954 4857
5038 4277 4186 3946 3986
5024 4275 4017 3873 4107
5016 4442 3904 3540 3750
5007 4322 4071 3807 4158
5007 4048 4150 4075 4370
4973 4486 3905 3671 3927
4960 4204 4021 3826 4381
4955 4115 4201 3792 4384
4925 3703 3802 4370 4642
4923 4121 3740 4224 4466
4923 3486 3851 3946 4936
4917 3745 3841 4319 4773
4912 4261 3837 4172 4253
4887 4520 4116 3755 3842
4883 3790 3587 3989 4903
4875 4045 4169 4067 4449
4878 4133 3952 3875 4716
4858 4295 3776 3764 4515
4851 4333 4246 4024 4103
4848 4213 4016 3948 4621
4844 4573 3778 3443 4039
4839 4178 3919 4261 4389
4838 4233 4069 3996 4431
4828 4055 3877 4004 4760
4819 4216 4267 3758 4331
4817 4240 4312 3820 4012
4811 3910 4065 4149 4780
4802 4159 4229 4214 4232
4795 3692 3763 4371 4749
4791 4137 4346 4203 4526
4790 4572 3956 3788 3956
4787 3734 3802 4320 4880
4780 4015 4027 4271 4586
4779 4484 4063 3639 4303
4778 4155 4148 4008 4636
4778 3893 3768 4226 4827
4768 4523 4200 3951 4155
4748 3757 3702 4193 4933
4741 4589 4159 3728 3838
4732 4551 4036 3925 4157
4729 4152 4057 4114 4746
4728 4572 4049 3919 3987
4725 4396 4082 3887 4518
4725 3859 3941 3738 4960
4724 3974 3933 4398 4390
4720 4203 4151 4018 4723
4710 3867 4018 4316 4714
4709 4167 3880 4262 4496
4705 4059 4090 4290 4554
4698 3879 3769 3867 5009
4696 3901 3792 4050 4959
4685 4343 4255 4099 4149
4671 4683 4236 3721 4003
4661 4126 4307 4204 4633
4776 3888 4413 4117 4345
4651 3999 4376 4025 4445
4640 4291 4156 3841 4663
4633 4293 4164 3834 4624
4628 4184 3800 4078 4807
4628 4123 4178 4273 4367
4626 3843 3924 4110 4974
4616 4156 4115 4172 4663
4615 4494 4200 3751 4388
4605 4760 3777 3636 3882
4613 4384 4299 4018 4446
4575 4048 4051 4291 4661
4558 4177 4137 3935 4816
4555 3844 4256 3859 4753
4554 4209 4049 3716 4826
4548 4013 3741 4100 4890
4531 4307 3813 4286 4439
4530 4078 3859 4259 4691
4516 4609 4120 4007 4207
4504 4464 4291 3769 4301
4501 4290 4183 3826 4703
4499 4272 4030 3988 4809
4498 4112 4139 4274 4474
4497 4777 3709 3729 3529
4497 3887 3639 3943 5057
4488 4276 3935 4253 4426
4485 4483 4161 3752 4495
4475 4749 3738 3637 3989
4464 3881 4471 3841 3796
4463 4503 4249 4045 3979
4449 4295 4370 3957 4113
4439 4770 3786 3711 3928
4416 4741 3872 3924 3827
4407 4262 3793 4329 4387
4379 4386 4138 4179 4255
4376 4042 3859 4437 4111
4375 3975 4410 4137 4257
4371 4279 4144 3827 4810
4332 3878 4490 3833 3875
4310 4167 3945 4286 4487
4309 4759 3747 3712 4035
4225 4751 3793 3725 4075
4153 3809 4436 3701 4192
4021 3806 4455 3693 4271
3947 3936 4488 3659 3882
5232 4050 3732 3858 3977
5191 3920 3922 4056 4310
5092 4190 3850 4029 4073
5077 3929 4112 3951 4423
5064 4037 3938 4124 4378
5056 3748 3994 4061 4729
5046 4403 3735 3859 3884
5046 4330 4126 3888 3863
5045 4254 3924 4020 4142
5018 4126 4009 4186 4174
4985 3821 3772 3944 4798
4979 4119 4116 3941 4450
4973 4476 3857 3728 3891
4956 4447 3862 3567 4129
4955 4014 3960 4320 4354
4944 3903 4152 3997 4669
4938 4551 4009 3873 3847
4935 3873 3746 4187 4753
4920 4235 4167 3911 4413
4919 4188 3920 3852 4559
4907 3991 3589 3934 4714
4906 3954 3703 4453 4299
4900 3969 4059 4167 4675
4899 3799 3906 4405 4554
4878 4078 4048 4303 4167
4864 4418 4029 3925 4021
4867 4237 4100 3980 4571
4864 3814 3817 3964 4917
4863 4565 3818 3787 3976
4862 4177 4251 4061 4203
4861 4124 4152 4037 4457
4858 4250 3878 3822 4633
4843 4485 4146 3653 4141
4839 4201 4310 3757 4378
4833 3928 4217 4136 4771
4829 3999 3997 4018 4766
4827 4021 4020 4201 4716
4818 4472 4085 3663 4247
4815 3591 3941 4308 4921
4805 4113 3624 4237 4554
4803 4253 3745 3974 4604
4797 4269 3940 4262 4297
4794 4244 4238 3981 4551
4793 3700 3930 4444 4413
4792 4161 3966 4232 4437
4792 3591 3928 4099 5007
4784 4442 3958 4089 4116
4782 4129 4355 4118 4229
4780 4586 4064 3673 4064
4776 3943 3664 4454 4406
4774 3951 3722 4445 4378
4767 3796 3925 4397 4633
4762 4470 3995 3913 4392
4761 3973 4247 4108 4653
4759 3981 4305 4099 4625
4756 4372 3913 4125 4473
4753 4016 4222 3959 4711
4743 4451 4255 4070 4218
4737 4094 3897 4241 4703
4708 4266 4203 3837 4576
4707 4502 4169 3823 4340
4704 4120 4394 3768 4130
4704 4048 4227 4238 4532
4699 3825 3887 4322 4814
4695 4018 4039 4193 4795
4690 4336 4042 4226 4178
4688 4020 4047 4186 4756
4653 4278 4207 3833 4671
4644 3940 3683 4446 4485
4640 4225 4031 4275 4468
4635 4674 4231 3836 4013
4629 3970 4266 4100 4732
4628 4656 3743 3952 3700
4621 4013 4241 3951 4790
4609 3906 3885 4188 4934
4607 4448 4249 4055 4303
4588 4330 4047 4237 4189
4583 4637 4242 3641 3612
4577 4373 4165 4180 4222
4575 3780 3867 4365 4762
4572 4117 4413 3760 4209
4569 4415 4204 4129 4353
4612 4516 4304 3794 4168
4561 4009 3865 4095 4888
4558 4333 4061 4218 4257
4558 3998 3853 4324 4636
4536 4421 4294 3761 4236
4533 4017 4053 3969 4921
4531 3686 3910 4437 4599
4529 4533 4274 3818 4118
4522 4520 4134 4040 4304
4522 4053 4008 3612 4925
4517 4037 4400 4130 4088
4496 4013 3564 4235 4856
4494 4793 3883 3681 3829
4494 4114 4164 4286 4429
4486 4220 3967 4120 4798
4485 4715 4192 3852 3958
4475 4558 4061 4082 4015
4465 4469 4036 4201 4138
4456 3946 4050 4379 4263
4440 4251 4012 4192 4728
4440 3748 4383 3869 4552
4439 4404 4165 4130 4460
4433 4253 3695 4313 4366
4431 4827 3798 3484 3828
4411 4550 3895 3706 4418
4404 4115 4016 4315 4434
4385 4034 4419 4122 4167
4374 4885 3698 3294 3210
4356 4317 3783 4296 4179
4343 4555 4080 4074 4094
4318 4668 3851 3926 4265
4299 4824 3817 3476 3907
4278 4109 4420 3678 4212
4276 4733 4010 3828 3911
4264 4461 4157 3732 4540
4243 3825 4463 3764 4116
4218 4461 4239 3678 4514
4208 4895 3707 3369 3256
4207 4391 3901 4189 4450
4184 3728 4021 3683 5065
4082 4312 4458 3348 3751
3950 4309 4477 3340 3830
3858 3883 4461 3590 4123
5124 4187 3789 3975 3949
5110 4215 3886 3938 4041
5092 4394 3639 3565 3672
5080 4163 4036 3770 4239
5055 4351 3802 3750 3721
5040 4280 4049 3963 3855
5035 4191 3686 4064 4169
5031 3563 3882 4236 4801
5023 4251 4054 3802 4093
5006 3848 3650 4091 4691
5002 4090 3965 4097 4513
4998 4092 3830 3998 4499
4981 4064 3613 3685 4546
4965 3787 4014 4298 4672
4953 4132 4121 4109 4409
4950 4238 4014 3882 4395
4945 4235 3813 3772 4414
4924 4281 3884 4227 4154
4912 4194 4172 3756 4398
4907 4620 3811 3419 3751
4898 3996 3924 4105 4654
4877 3926 3862 4306 4783
4860 3985 4195 4088 4584
4856 4176 4321 4188 4266
4841 4172 3764 4101 4655
4840 4091 3932 4261 4540
4836 4387 3979 3884 4353
4833 3784 4033 4290 4751
4832 4273 4097 3858 4426
4827 3794 3975 3772 4950
4824 4608 3984 3814 3690
4813 4056 3885 4370 4325
4805 4098 3924 4319 4456
4803 4192 4305 3872 4388
4800 3942 3624 4429 4357
4799 4229 3860 4026 4552
4793 4520 4089 3943 4228
4790 4487 4079 3722 4299
4788 4443 4115 3863 4230
4779 4083 3838 4335 4423
4766 4452 4142 3909 4167
4764 4256 4128 3905 4550
4762 3524 3672 4230 4954
4752 4524 4166 3890 4084
4744 4731 3839 3636 3476
4735 4234 4119 3972 4650
4724 4173 4340 4180 4345
4724 3851 4424 3922 3944
4713 4643 3944 3765 4014
4706 4213 4139 4168 4586
4694 3995 4204 4163 4630
4693 4617 3886 3958 4012
4684 4727 3728 3640 3705
4680 4666 4091 3629 4025
4670 3931 3585 4430 4464
4669 4534 3868 4100 3894
4667 4563 3985 3840 4295
4667 4093 3698 4288 4778
4666 4246 3851 4226 4510
4663 4509 4050 3944 4335
4661 4517 4108 3935 4307
4651 4016 3742 4322 4628
4639 4720 4018 3500 3661
4632 4253 4147 3897 4629
4628 4282 4057 4224 4404
4626 4666 4240 3751 3716
4625 4223 4410 3867 4166
4621 4122 4166 3729 4770
4611 4483 4062 4079 4482
4609 4367 4214 4116 4568
4598 4440 4258 3970 4006
4592 3848 4443 3914 4023
4587 4132 4053 4284 4421
4581 3963 4266 4241 4424
4572 4483 4228 3757 4280
4564 3984 4165 4164 4737
4538 4142 4098 3585 4840
4538 4020 3800 4380 4545
4537 4763 3743 3575 3863
4535 4560 4004 3832 4374
4531 4506 4069 3936 4414
4524 4013 4057 4275 4647
4518 3982 4294 3722 4810
4514 3874 4393 4110 4531
4496 4279 4076 4216 4483
4495 4212 4371 3868 4273
4494 4663 4259 3743 3795
4490 4837 3858 3659 3760
4477 4364 4233 4108 4647
4474 4136 4111 4342 4338
4465 4059 4142 4324 4207
4453 4820 3922 3612 3786
4451 3952 4227 4242 4531
4449 3954 4454 4013 4016
4446 4144 4299 4216 4371
4443 3644 3703 3755 5161
4434 4294 3787 4127 4703
4422 4101 3990 4360 4276
4407 4612 4044 4051 4082
4398 4184 4434 3608 4155
4396 4094 3905 4221 4835
4386 3979 4313 3714 4889
4378 4623 3951 4076 4204
4376 4785 3767 3694 3917
4374 4644 3964 4070 4034
4366 4792 3838 3702 3708
4358 4834 3877 3651 3839
4350 4806 4034 3579 3743
4331 4265 4349 3967 4504
4321 4817 3941 3604 3865
4317 3951 4473 4005 4095
4316 4758 3792 3846 3883
4316 4133 4260 4217 4478
4310 4469 4208 3750 4466
4299 4692 4081 3901 4279
4257 4023 4028 3547 4972
4256 4775 3630 3886 3752
4189 4056 4393 3609 4453
4148 4347 4002 4255 4204
4124 4772 3649 3878 3831
4058 4174 4166 4283 3877
5212 4117 3697 3690 3759
5167 3969 3845 4020 4251
5091 4189 4062 3781 4153
5076 4344 3981 3728 3717
5070 4119 4000 3982 4282
5027 4205 4145 3860 4241
5025 4121 4005 3980 4328
5012 4127 3827 3971 4525
5008 4134 3711 3893 4502
5006 4311 4001 3898 4056
5004 4228 3729 4149 3942
5002 4333 3895 3984 4156
4996 3626 3715 4143 4769
4993 4369 3979 3724 4010
4990 4427 3899 3657 3987
4980 4087 4095 3879 4464
4975 4230 4153 3970 4274
4966 4267 4103 3830 4315
4930 3516 3843 3937 4964
4916 3878 3944 4168 4732
4908 4064 4169 3806 4559
4901 4431 3796 3746 4207
4901 3982 4123 3961 4683
4887 4127 3756 3913 4621
4885 3981 3788 3872 4794
4874 4476 4187 3596 3716
4873 4237 3631 4293 4264
4871 3586 3708 4131 4924
4864 4504 4021 3582 4149
4860 3946 4264 3954 4598
4856 4119 3913 4247 4449
4848 4063 4257 4071 4560
4846 4045 4104 4233 4666
4845 3908 3882 4019 4823
4842 4633 4020 3723 3658
4835 3963 3961 4322 4570
4832 4230 3913 4206 4448
4825 4517 4028 3889 4104
4819 4419 3946 4101 4185
4811 4545 4125 3852 4196
4786 4078 3968 3982 4780
4784 4100 3991 4165 4730
4783 4491 4224 3973 4098
4782 4205 4410 3707 3823
4778 3729 3979 4171 4978
4777 4129 4062 3886 4757
4770 4549 4202 3799 4052
4759 4273 3988 4195 4431
4754 4447 4154 4127 3993
4743 4226 3592 4294 4371
4739 3583 3727 4123 5003
4731 4104 4116 4022 4811
4722 4000 4084 4276 4614
4718 4199 3927 4080 4717
4718 4052 4218 4072 4667
4711 4642 3922 3867 3980
4706 4331 4042 3943 4578
4703 3960 3980 4314 4649
4699 4583 4070 3939 3673
4694 4243 4278 3741 4438
4687 4548 4028 3839 4342
4685 4287 4338 4046 4270
4681 4534 4086 3853 4303
4676 4311 4108 4104 4484
4668 4173 4364 3806 4328
4666 4553 4249 3784 4192
4666 4108 3815 4162 4779
4654 4287 4340 3992 4130
4628 4097 3821 4285 4578
4622 4171 3978 4264 4581
4616 4215 4419 3782 3869
4611 4223 3611 4286 4450
4607 4552 4045 4074 4183
4604 4568 3960 3695 4412
4602 4224 4126 4124 4572
4594 4197 4089 4198 4637
4591 4334 3743 4296 4152
4586 4196 3946 4072 4796
4568 4813 3837 3605 3699
4564 4619 4284 3701 4122
4559 4481 3932 3826 4547
4556 4198 3941 3856 4843
4555 4597 3960 4009 4236
4538 4079 4373 3759 4360
4534 3785 4139 4370 4230
4531 4403 3938 4154 4469
4530 4802 3843 3728 3498
4529 3948 3701 4156 4950
4518 4308 4257 3979 4624
4515 4544 4095 3928 4349
4514 4377 3686 4234 4432
4483 4386 4323 4098 4062
4482 4505 4265 3795 4275
4480 4513 4323 3786 4247
4475 4549 4064 4066 4262
4473 3936 3671 3960 5003
4462 4053 4000 4347 4491
4461 4396 4275 4011 4478
4459 4331 3762 4288 4231
4439 4514 3897 4029 4426
4432 4616 4303 3693 4201
4431 4536 4141 3941 4389
4431 4223 4097 4289 4322
4425 4586 3921 4010 4343
4406 4159 4344 3799 4514
4391 4507 3980 3995 4439
4356 4271 4214 4120 4567
4350 4502 4284 3787 4354
4345 4538 4025 4067 4369
4330 4050 4019 4339 4570
4274 3834 4447 3533 4192
4272 3771 4119 4363 4416
4253 4114 4107 4322 4383
4244 4545 3831 3824 4504
4157 4601 3947 4056 4249
4012 4104 4447 3865 4059
5252 3933 3806 3911 4060
5230 4047 3869 3841 4108
5126 4001 3900 4101 4239
5122 3761 3682 4171 4650
5112 4073 3924 4082 4156
5074 3528 3653 3881 4788
5062 4195 3918 4006 4202
5049 3927 4004 4235 4377
5041 4273 3748 3922 4073
5036 4045 4027 3809 4484
5035 4184 4104 4184 4202
5032 4024 4048 4006 4425
5030 4402 3768 3596 3925
5014 3862 4144 4237 4476
5005 4045 4257 3911 4217
4999 3901 4140 4180 4555
4991 4139 3854 4101 4394
4989 4147 3912 4092 4366
4981 3671 3924 3921 4842
4973 4199 3815 4095 4422
4971 4473 3994 3711 4022
4959 4169 3936 4061 4527
4937 3905 3822 4315 4625
4932 4032 4217 3991 4519
4931 4308 4213 3817 4113
4914 4199 3744 4029 4557
4898 4077 3963 3661 4649
4897 3852 4120 4011 4844
4891 4561 3999 3534 3962
4890 3854 4128 4004 4805
4875 3848 3938 4422 4500
4866 4239 4338 3848 4100
4861 4296 3865 4210 4143
4854 4193 3933 4022 4545
4848 3872 4153 4312 4522
4838 4355 4159 3716 4330
4869 3927 3779 4106 4827
4823 4535 4249 3624 3849
4823 4534 3944 3783 4082
4816 4364 4028 3998 4380
4813 3863 3649 4333 4720
4811 4269 4340 3832 3787
4809 4462 3990 3792 4238
4808 4170 3905 4266 4385
4789 4653 3856 3715 3755
4789 4255 4062 4158 4549
4784 4188 3705 4030 4664
4776 4370 3870 3627 4550
4776 4255 3987 4178 4556
4758 3851 4147 3996 4884
4746 4130 3971 3867 4795
4745 3837 3899 4423 4607
4741 4694 3943 3761 3814
4740 4327 4265 4050 4469
4726 4556 4083 3920 4047
4725 3662 3710 4093 5011
4719 4167 4168 3841 4664
4715 3949 4192 4242 4620
4707 4341 4050 4194 4356
4703 4403 3901 4193 4103
4695 4357 4073 4018 4499
4692 4600 4142 3704 4047
4691 4123 3748 4416 4325
4683 4391 3962 4161 4437
4681 4399 4020 4152 4409
4671 4588 4257 3830 3995
4663 4795 3930 3576 3387
4651 4126 3996 4279 4556
4650 4745 3922 3421 3795
4645 3908 3914 4391 4732
4643 4121 4254 4255 4293
4638 4512 4161 3952 4262
4637 4612 4146 3700 4142
4632 4707 4035 3705 3925
4628 4754 3949 3467 3732
4623 4134 4184 4153 4589
4605 3973 4264 3956 4723
4602 4570 3862 4077 3713
4599 4054 4215 3977 4764
4593 4542 3969 3920 4292
4589 4298 4278 4182 4436
4583 3946 4211 4234 4699
4582 4348 4287 4163 4313
4567 3728 3909 4456 4668
4565 4346 4034 4019 4606
4553 4016 3724 4444 4314
4551 4388 3981 4153 4516
4548 3928 4113 3820 4931
4545 4341 4369 3811 4249
4544 3918 4018 3973 5009
4767 4399 4253 4166 4405
4511 4118 4273 4247 4372
4506 4509 4180 3944 4341
4505 4598 4266 3905 4041
4504 4518 4104 4153 4229
4500 4558 3921 3958 4381
4493 4123 4145 4154 4696
4492 3952 3893 4336 4709
4472 4062 3596 4252 4802
4464 4218 3912 4277 4545
4461 4539 3988 3912 4371
4461 4437 3984 3730 4613
4459 4287 4239 4183 4543
4454 4649 3947 4024 3838
4442 4236 3728 4248 4557
4436 4342 4257 4127 4413
4434 4089 4208 3753 4868
4423 4321 3885 4140 4721
4421 4497 4373 3557 3859
4416 4461 4379 3913 4010
4410 4400 4227 4085 4466
4409 4231 4464 3765 3797
4390 4803 3754 3787 3523
4372 4515 4123 4145 4308
4356 4438 4167 4179 4158
4341 4295 4189 4253 4032
4338 4095 3949 3802 4926
4332 4917 3582 3563 3372
4321 4506 3781 4042 4514
4317 3805 4448 4015 4090
4289 4494 4392 3549 3938
4284 4458 4398 3905 4089
4271 4748 3978 3575 4049
4266 4343 4306 4084 4277
4258 4800 3773 3779 3602
4227 4274 3975 4242 4533
4200 4914 3601 3555 3451
4185 3802 4467 4007 4169
4130 4067 4456 3717 4048
5167 4141 3797 3806 4075
5155 3895 3916 4081 4399
5149 3855 3648 4245 4334
5121 3979 3993 4095 4202
5116 4151 3936 3901 4184
5113 4053 3816 4054 4290
5055 4308 3745 3895 4099
5041 3864 3930 3955 4668
5031 3751 3739 3917 4736
5013 4368 3867 3858 3824
5009 4448 4021 3754 3889
5007 4232 4174 3738 4082
5004 4301 4075 3816 4133
4999 4396 3964 3821 3916
4979 4097 3711 4159 4423
4978 3937 3970 3950 4691
4974 3823 4088 3924 4764
4964 4478 3829 3722 3919
4950 4448 3950 3688 4024
4939 4191 3883 4117 4436
4931 4377 4108 3755 4263
4902 3888 3932 4318 4595
4901 3965 3709 4333 4521
4896 4414 3909 3894 4066
4896 3962 4089 4297 4598
4895 4303 4268 3973 4064
4893 4007 3748 4282 4652
4890 3949 4384 3921 4016
4888 4144 4254 3894 4484
4871 4207 4033 4269 4220
4868 4210 3792 4192 4377
4866 4273 4253 4035 3993
4865 3669 4016 4179 4877
4859 3641 3822 4452 4700
4853 4568 4027 3885 3904
4848 4397 4040 3611 4333
4848 4070 4247 4126 4516
4835 4556 4041 3937 4011
4832 4488 3968 3970 4141
4822 3749 3543 4153 4941
4821 3694 3750 3816 4965
4818 4132 3906 4287 4514
4816 4140 3964 4278 4486
4814 4370 4242 3921 4277
4813 4462 3962 4110 4029
4795 4478 4174 3721 4210
4787 4172 3972 4112 4659
4781 4624 3956 3644 3966
4775 4480 3839 3913 4304
4773 4691 3882 3707 3690
4763 3996 3709 4283 4759
4758 3946 4403 3913 4095
4756 4277 3934 4234 4465
4755 4117 4193 4025 4733
4754 4417 4055 3971 4515
4744 4581 4119 3829 4015
4743 4436 4047 3736 4474
4741 4196 3994 4270 4327
4733 3666 4035 4171 4956
4725 4362 3867 4197 3923
4721 4328 3839 3837 4639
4717 4114 4104 4172 4674
4712 4585 4185 3703 4094
4709 3495 3770 4144 5055
4701 4121 3848 3701 4839
4699 4043 3952 4083 4873
4691 4500 4214 3902 4091
4689 4625 4084 3910 4007
4689 4417 3942 4153 3977
4675 4278 3898 4044 4731
4671 4510 3992 4089 4195
4671 3899 3816 4375 4711
4668 4409 3973 3947 4516
4648 3978 4380 4034 4420
4644 4678 3916 3844 3799
4639 4043 3885 4284 4709
4631 4739 3912 3686 3856
4618 4323 4332 4023 4089
4607 4015 4127 4337 4504
4602 4105 3831 4073 4853
4601 4748 3974 3526 3793
4595 4209 3843 4248 4572
4590 4574 3948 4021 4305
4551 3337 3748 3906 5103
4540 4588 4039 4051 4002
4538 4398 3934 3948 4623
4534 4290 4144 3976 4681
4526 4616 4136 4014 4094
4514 4265 4341 4046 4241
4507 4040 3904 4276 4788
4500 3605 4107 4375 4361
4486 4320 4351 4015 4168
4483 3975 3767 4432 4257
4477 4768 4087 3593 3624
4475 4074 4184 4291 4571
4474 4374 4046 4237 4353
4465 4198 3804 4249 4679
4452 4129 4202 4235 4441
4450 3921 3895 4014 4969
4446 4739 3991 3836 3880
4443 3905 4224 3582 4923
4418 4626 4291 3843 4064
4409 4537 3858 3659 4436
4409 3546 3633 4210 5016
4408 4585 4058 4043 4081
4387 3811 4207 4089 4874
4386 3964 4360 4027 4606
4361 4305 3710 3966 4731
4360 4740 4119 3619 3913
4354 4640 4015 3952 4263
4353 3964 3728 4433 4364
4346 4777 3989 3737 3946
4337 3881 4480 3509 3904
4297 4354 4092 4224 4068
4274 4251 3886 3681 4811
4188 4175 4456 3688 4117
