100 3
33460
654 304 746 328
222 555 476 955
799 429 215 960
772 481 409 842
934 169 189 458
819 914 56 809
52 145 946 525
450 317 804 726
980 567 44 644
963 735 10 804
701 249 521 597
493 249 725 894
634 167 697 796
604 528 723 340
607 624 548 591
505 274 550 745
876 543 104 519
405 634 244 384
470 82 939 874
346 738 278 873
931 245 180 701
604 809 201 932
899 12 826 549
905 377 187 441
775 169 761 674
311 179 780 829
910 611 92 456
796 206 411 430
227 872 547 609
888 922 4 947
495 123 753 912
873 160 560 951
226 884 323 882
85 995 194 445
762 475 144 560
326 248 836 922
409 357 719 711
809 329 280 545
304 947 105 371
284 254 922 571
882 48 519 831
570 240 700 762
875 482 68 355
56 646 925 726
175 817 369 413
249 838 586 691
543 838 144 814
364 451 707 929
784 562 233 909
45 576 960 452
276 358 873 490
226 808 299 775
429 84 896 794
557 47 750 688
976 294 86 809
344 505 831 572
240 801 267 688
775 628 189 926
476 976 52 926
910 55 610 576
108 521 738 894
836 154 429 891
136 950 519 416
985 626 17 627
581 204 801 365
550 964 196 736
332 556 568 340
819 600 142 726
740 523 369 800
426 619 434 504
621 72 947 920
344 767 464 619
163 829 473 943
562 966 21 435
636 16 764 988
325 513 562 408
595 605 313 805
317 490 853 374
187 836 347 710
392 779 123 604
893 583 61 1000
416 518 566 943
216 397 653 757
42 968 175 804
126 107 978 424
135 926 587 411
152 456 706 701
143 591 838 385
649 351 523 379
459 637 517 439
123 908 557 743
340 780 779 830
581 303 674 944
695 737 76 360
755 487 266 759
412 657 239 407
988 326 25 448
248 138 925 554
827 701 65 690
336 66 932 608
