20 3
6396
892 819 557 197
636 794 344 456
726 417 638 165
606 21 283 975
532 801 394 600
711 592 832 366
403 387 323 623
843 49 414 830
668 347 424 765
879 513 382 217
730 862 24 663
537 560 493 727
731 587 572 210
488 656 988 100
415 34 203 830
575 121 287 263
572 415 634 624
693 642 380 884
627 783 84 469
528 775 222 570
152
6441 5167 5147
6439 4897 6249
5519 4490 7247
6709 4089 6546
5764 4898 6848
6003 5237 6545
6260 4509 6987
5559 3784 7523
5432 4688 7154
5645 5653 6140
5230 5176 7064
6880 4395 5459
6507 4577 6456
5990 5317 6690
6243 5385 5990
6090 5039 6638
5866 5679 5699
5626 5531 6254
5815 5587 6185
6234 5395 4901
6886 4287 6288
5571 5723 5580
6194 5496 5043
5500 4368 7361
6752 5118 6184
6073 5451 5945
6253 5517 4787
6018 5643 5271
6471 5482 4689
6426 4977 6394
6837 4928 4993
5677 5096 6755
7107 4120 5290
7052 4333 5045
5319 5512 6350
6518 4837 6443
5947 4288 7052
5745 4776 6962
6905 4608 5200
6630 5156 4747
6110 5662 4225
6232 5125 6003
6262 4169 6855
6083 5583 4742
5936 4028 7065
6641 5416 4734
6028 5775 4068
6071 4917 6752
5677 4566 7103
6916 4868 5187
6831 4479 5614
5626 4937 6910
5300 5390 6464
6343 4049 6898
5249 5298 6950
6273 4429 6842
5470 5324 6509
5979 5057 6703
5872 3872 7331
4932 5166 7129
5883 4132 7318
6249 4249 7000
7284 4318 5032
5876 5811 4496
6401 5268 5289
5637 5197 6897
5238 5038 6963
7057 4572 4772
5134 4678 7219
6782 5120 4319
5581 5855 4377
6696 4169 6691
5638 3724 7717
5804 4192 7124
5734 4219 7090
5508 4230 7260
5228 5735 4584
6741 4428 6185
6091 5540 4339
5796 5465 6299
6074 3384 7421
6011 5099 6444
4687 4758 7528
7015 3653 5555
6181 4569 6793
6176 5526 4570
5357 4272 7433
5811 5699 4897
5024 5556 6231
6281 4291 6741
5368 4532 7420
5828 4449 7000
4637 5210 7010
6131 5021 6275
5627 3464 7730
5753 4638 6861
6141 5131 6152
5460 4819 7009
5489 5446 6395
6439 4367 6597
7039 3910 5431
6311 5065 6197
4706 4880 7414
4917 5788 5273
5896 4129 7207
6005 5241 6086
5588 4176 7199
6471 5173 5008
6450 4627 6584
6400 3525 7211
6175 5175 6131
6526 4699 6342
6251 5247 5889
5532 4707 7000
6024 5562 4998
5202 4358 7426
4872 5592 6659
6989 4362 4913
6255 5521 4328
5317 4978 7157
6691 5126 4468
5042 5526 6704
6416 5674 4015
6409 5130 5188
6326 5299 4795
6861 5060 4513
5264 5704 5676
6350 3977 6693
6978 4143 5052
6894 4051 5328
5436 4212 7627
6839 4932 4534
6371 5169 5720
4152 4057 7691
7009 4866 4579
6006 3174 7562
6305 4768 6481
6079 4779 6651
6030 5316 6028
5804 5327 6198
6035 5513 5304
6180 5414 5858
5212 5744 5392
6645 3933 6812
4921 4609 7257
4695 4620 7427
5969 5754 4324
4817 5784 5985
5258 5307 6919
5956 3626 7044
6169 5195 5997
5161 4760 7174
