20 3
6404
662 110 670 337
718 464 838 339
606 258 203 129
646 281 984 369
735 496 539 267
576 883 956 726
561 563 208 819
708 648 36 380
498 209 792 760
633 940 778 177
589 156 235 731
669 290 606 938
721 227 356 762
659 867 594 909
651 804 822 655
701 488 437 814
750 388 490 972
626 105 327 348
506 719 395 43
594 718 393 818
119
6481 5981 6659
6150 6076 7588
6019 6971 6510
6273 7042 5768
6043 6570 6985
6736 6027 6238
6217 6802 6386
6529 6574 5793
6117 6855 6544
6480 6495 6213
6381 6034 6817
5491 6282 7780
6175 7158 5734
6378 6455 6421
6555 6266 6218
6866 5612 6200
5943 6623 7143
6655 6213 6060
6834 5911 6272
6911 5603 5710
6410 5622 6996
6579 5865 6693
6727 6405 5669
5995 7222 5133
5944 7200 6505
6141 6454 7019
5567 7435 5253
6226 6424 6955
6373 6989 5610
5567 6630 7147
6533 6588 5176
6324 6308 6989
6553 6173 6268
6225 6904 5839
6382 6611 6179
5437 5654 8173
5689 7068 6664
6297 6641 6243
6381 7091 5063
6401 6000 6427
5189 6863 6670
6627 6458 5827
5674 6136 7750
5844 7253 6663
6454 6803 5788
5952 7302 5958
4914 5816 7887
6744 6129 5691
6453 6226 6426
5953 7304 5183
6887 6004 5235
6282 6664 6337
5858 5334 7791
6920 5225 6279
5467 6683 7305
6759 6106 5597
5713 6667 7139
6386 6023 6521
6942 5960 5567
6588 6544 5508
6332 6410 6442
5664 7317 6062
6896 5626 5804
6668 5781 6324
6651 6057 6302
6812 6233 5230
6735 6507 5122
5773 7368 4582
5627 6238 7302
6994 5510 5838
6234 6526 6408
6584 5854 6397
6310 5675 7154
5772 7366 5357
6660 5679 6871
5566 7433 6028
5868 6852 7138
6149 6556 6472
7094 5457 5680
6820 5278 6437
6126 6477 7113
6659 6159 5755
6636 6080 6396
4789 5067 8249
6488 6597 5666
6302 6630 5947
5743 6103 7500
7126 5158 5608
6432 6357 6284
6158 6178 7041
6508 5506 7030
5084 6309 7692
6043 7086 5764
7018 5109 6313
5499 6384 7233
7102 5559 5133
4959 6907 6666
6484 5907 6555
5060 6710 7217
5665 6514 7181
6356 6009 6917
5810 6092 7272
5033 6401 7309
6051 7188 5217
5151 6298 7464
7026 5211 5766
5114 7092 6665
6368 4937 7074
6842 6013 5725
6184 5739 7033
6462 6905 5241
4859 6960 6824
5887 6899 6540
5706 5837 7678
5087 7329 6091
4744 6325 7376
6397 6502 5823
6354 6856 5946
4507 5843 7799
