20 3
7972
806 797 461 630
893 133 907 625
651 979 75 474
612 154 225 977
791 531 419 435
818 220 706 870
777 530 879 181
739 924 9 112
695 899 249 272
927 278 845 258
780 277 149 956
767 606 701 90
797 200 603 903
796 71 608 378
708 934 660 295
790 282 344 376
713 883 151 954
940 983 776 164
944 448 643 462
1000 65 145 993
448
5874 3698 6766
5585 6007 5322
5936 5367 6052
7032 4801 5087
6182 4813 6164
5365 5787 6034
5440 6069 5689
5278 5310 6371
5107 4816 6865
5476 4186 6956
6265 5919 5186
5622 5683 5533
6712 4050 5715
5542 5857 5331
7406 4012 4941
6952 4597 5299
6185 6093 4984
5813 5443 6073
7350 4109 5109
4808 6556 4110
6579 4785 5720
5771 5885 5221
6703 4249 5953
6326 4055 6495
5498 6208 5077
7756 4207 4296
7358 4695 4486
7436 3456 4924
5733 5617 5871
5958 4225 6658
6663 5431 4996
6367 5707 4828
6286 5237 5538
5614 6235 4564
5017 6377 4837
7427 3655 5162
5088 6337 5170
5731 5207 6354
5112 5057 6809
6251 5103 5889
7029 4143 5352
6656 4331 5773
6056 6098 4459
5957 4685 6404
7030 3358 5737
7013 4422 5264
4921 6453 5317
4929 6578 3575
5814 4983 6327
7737 3828 4473
6045 4192 6272
4628 6526 5113
7043 3866 5247
4332 6720 3848
7109 4347 5140
7654 4052 4500
3797 6627 4136
4937 6551 4635
6033 4507 6313
6497 4549 6001
5795 4623 6483
7361 3174 5269
7303 4191 4929
5560 4713 6848
7324 3776 5222
6637 3768 6060
6512 5089 5442
5791 3922 6793
7050 3461 5704
7426 4115 4908
6985 4883 4907
6973 3915 5651
6702 4709 5699
7419 4520 4451
5534 6409 4362
6634 5289 5277
6620 4473 5980
6657 3871 6027
6239 4256 6250
5025 4580 7146
7033 4525 5231
7735 4564 4075
6732 4153 5682
7088 4704 4919
6334 4879 5862
7362 5077 4365
6502 3310 6150
6171 3494 6618
6930 4646 5291
5719 3137 6889
6615 4910 5454
7031 5261 4833
6635 5013 5421
7425 4391 4764
7089 4244 5173
7349 4569 4855
6259 4359 6217
6558 5467 5368
6778 4531 5608
6931 4186 5545
5108 4356 7119
7660 4282 4420
6219 5541 5260
5293 5131 6399
6956 4979 5178
6351 3815 6335
4830 5654 6332
5408 3424 7324
4203 6725 3323
8066 4380 3607
5739 3240 6856
5111 5517 6555
6951 4289 5512
7812 4110 4128
5480 4887 6646
7755 4667 4042
5647 4680 6462
7598 4149 4668
6827 4825 5279
7278 3398 5296
7813 3650 4382
5702 3842 6809
6559 5007 5622
6131 5129 5681
7482 3834 4850
7532 3668 4775
7984 4144 3888
7282 4873 4577
7201 3852 5243
7736 4104 4329
5662 4501 6490
5890 4989 6126
5561 5409 6150
5043 4755 6923
7502 3937 4817
7407 3552 5195
5875 4449 6685
5492 3951 7216
7221 3955 5210
7680 4385 4387
7427 4811 4210
5937 4907 6306
6944 5462 4588
6874 4743 5459
4621 4799 7032
7342 4974 4398
6895 2900 5827
6554 3992 6087
7096 3839 5630
6873 5203 5205
5039 4054 7233
5878 4399 6456
6950 4749 5258
7149 3170 5306
7108 4807 4886
4375 4500 7228
6808 4262 5566
5977 4237 6327
3469 6668 3931
6305 4737 6143
6818 3354 5774
6828 4365 5533
5040 3594 7487
4744 3870 7319
6574 4095 6054
7668 4868 3797
4905 5936 5987
6964 5565 4555
4652 5206 6762
6580 5655 5023
4642 4082 7677
6838 3457 5741
4576 5384 6853
4659 5160 6826
6128 5179 5910
7367 4734 4238
7420 5216 3753
5198 5484 6169
4855 4782 6942
5264 4182 6993
6190 5637 5531
7279 5301 4392
6430 4853 5723
7267 4333 5136
6596 5735 4718
6168 4116 6251
5636 3361 6916
7338 4592 4519
6144 5259 5605
7387 4837 4205
7597 4609 4414
6425 3764 6097
4577 4924 7107
5594 3739 6858
7056 5021 4673
5187 5339 6464
7280 4841 4646
4960 3768 7285
4735 6138 5783
7009 4040 5385
7813 4806 3430
6191 3597 6585
6266 5459 5440
5656 3464 6883
7057 4561 4927
6048 5353 5708
5509 5029 6365
5958 5381 5706
7814 4346 3684
5705 4651 6481
7983 4604 3634
6114 4051 6532
7730 3874 4409
6728 4009 5793
5579 3918 6830
4957 3818 7514
7590 5014 3957
7407 4708 4243
4406 5586 6649
6330 6031 4617
6476 5231 5649
6410 4750 5756
6949 5025 5114
6661 5847 4149
6012 5189 5961
7908 4322 3979
7510 4810 4169
5091 6251 5521
6110 5811 5329
4945 4754 6944
7655 3592 4754
4562 4256 7475
7577 4506 4447
4660 5856 6128
6711 4835 5330
6410 4701 5771
5891 5685 5428
7089 5400 4221
5734 5157 6125
4895 4812 6902
5199 5024 6423
4896 4352 7156
7673 4431 4323
7336 4744 4478
5256 5455 6188
4117 5113 7050
7578 4046 4701
5156 4932 6734
7428 4351 4464
6889 5283 4900
5510 5725 5667
7344 3879 5189
7097 4535 4932
7109 5503 4188
7204 5019 4737
7259 5198 4425
5803 3664 6781
4787 4020 7310
7461 5074 2911
5157 4472 6988
4591 4398 7194
5755 5805 5526
4622 4339 7286
4269 4708 7293
4386 6320 5615
6806 5507 4927
7260 4738 4679
6989 5325 4395
6583 5605 4794
7117 5220 4492
6049 4893 5962
7631 4872 3115
5823 3767 6748
4482 5408 6558
4057 5768 6481
7184 4916 4770
7026 4571 5167
6786 5404 4960
5745 4681 6441
6254 5053 5660
7034 5221 4533
5464 5625 5905
7192 5502 4147
6941 3278 5753
5311 6074 5164
4200 6045 6071
6703 5405 5001
4736 5678 6037
4238 4301 7563
4385 5664 6303
6450 4675 5776
6047 4355 6254
5746 4221 6695
5294 5827 5701
4193 4886 7384
5913 6187 4667
6041 5380 5665
5208 6137 5377
5788 4650 6440
5441 5609 5943
4407 5126 6903
6704 4945 5255
5480 6162 5078
6419 3534 6177
6961 3381 5720
5620 6099 4686
4981 5798 5886
6137 5305 5541
4446 5665 6184
6042 4920 5919
7586 4632 4078
6584 4767 5462
5211 4895 6680
7022 5704 3943
4905 5976 5977
4239 3841 7817
5412 4125 7014
6061 5483 5632
4652 5246 6752
4370 5843 6275
5808 4753 6407
6342 3988 6124
3779 4030 7760
6884 3835 5667
6426 5955 4137
6516 5909 4516
4877 3992 7312
6721 5570 4384
6757 5771 3669
5257 4995 6442
4129 6136 5785
3923 6595 5207
7180 4534 4891
6500 5829 4821
6362 4091 6091
5426 5253 6392
6445 5949 4183
5811 5859 5226
4078 5627 6444
3467 5033 7132
5384 5799 5703
6741 5673 4351
4834 6067 5691
5730 5826 5474
7655 4748 3802
5405 4152 6971
5131 5069 6478
4299 5934 5989
7063 5562 3101
6596 5753 4341
4783 5558 6350
6410 5857 4819
5518 6311 5044
4870 4019 7269
6490 4705 5736
6615 5747 4387
5981 5657 5430
3872 6086 5866
7200 4637 4858
6616 5606 4756
6237 3975 6511
5089 3710 7356
3734 4615 7581
5481 5583 5948
4592 5901 6183
4828 4397 7211
5037 5828 5829
3594 6043 6073
4447 5156 6863
4293 4264 7509
6081 5305 5685
4784 5098 6604
4194 4426 7638
6712 5531 4632
5650 5960 5282
4093 6393 5411
3543 5534 6732
7337 5440 3780
6641 5744 4182
5425 4255 6938
4759 5785 6036
6327 4925 5798
5348 4709 6885
4890 4122 7236
4807 5114 6566
4643 4778 6979
6335 5575 5164
5651 5381 6152
4224 5652 6334
6533 4674 5735
5856 5541 5850
4708 5276 6695
4299 5974 5979
6636 5709 4723
6082 4845 5939
4173 5143 6993
3764 5841 6277
5157 5628 6036
6882 5329 4836
6209 5649 5200
3713 5332 6936
5668 6006 5281
4904 4898 6811
6787 4944 5214
5453 6376 4610
5956 4919 5975
6760 5685 4020
4773 6464 4746
7345 4575 4491
5857 5081 6104
4369 4765 7109
5575 5678 5627
4813 4576 7183
6210 6161 3367
5328 4966 6494
6339 6156 3892
6201 6036 4092
5784 6192 4142
6306 5433 5445
5720 3888 6808
5613 6303 3640
5327 5426 6240
5107 6349 4839
4792 6458 4792
4339 4364 7271
7378 5298 2938
5074 4696 7015
6670 5972 3424
4668 5723 6092
4508 4622 7221
6931 5342 4593
6831 5645 4353
4133 5590 6390
5704 6207 4566
4213 4438 7307
5297 5025 6402
5143 4133 7048
3865 4927 7179
5044 4295 7177
6093 6217 3664
7027 5267 4469
4402 6577 4307
5684 6263 3973
5339 5454 6147
6840 5770 3628
5740 3991 6775
5633 6406 3607
4838 5521 6296
