25 3
9186
704 503 589 715
832 920 542 225
644 807 138 627
621 153 413 766
780 638 4 478
973 648 353 763
743 882 776 101
669 167 594 460
535 98 223 988
592 600 10 684
546 523 565 856
618 264 370 379
568 917 418 656
869 106 283 260
745 263 585 606
552 908 256 349
619 628 198 842
820 797 181 163
905 40 741 686
915 247 749 587
778 197 187 941
1000 612 507 611
663 516 315 945
947 723 77 733
733 27 526 843
432
5705 6354 8940
8362 5494 7956
8279 5150 8760
8266 5503 7810
7746 5339 8976
7074 5146 9737
8877 4478 7662
7930 5863 7505
7146 5431 9517
6926 5208 9773
7022 5199 9919
6382 5655 9752
5621 6649 8670
7377 5374 9595
6569 6464 8248
6046 6015 9447
8129 5474 8138
7966 5562 8720
7307 6285 7961
6669 6181 8976
7916 5000 9074
7679 5838 8275
7100 4344 10087
7212 5829 9182
6178 6952 7692
5130 6839 8442
8051 5769 8211
6667 6741 7794
6084 5173 10358
6137 6766 7940
7719 4535 9582
7072 5761 9565
6261 6193 8837
8802 4976 7950
8562 4890 8362
7885 5622 8820
6656 5966 9133
5738 5769 9782
7982 5398 8739
7423 6095 8592
6789 4561 10354
6433 6122 9213
6150 5571 10023
8896 5090 7513
8216 5476 7964
7409 5914 8898
6948 6310 8516
8515 5209 8523
5566 6051 9457
8838 4822 8102
7879 6051 7886
7819 5224 9155
7313 5923 8752
6769 6370 8731
8673 4460 8484
6226 5994 9270
8692 4804 8110
8063 4576 9200
6472 6483 8399
5717 6640 8816
6404 4793 10197
5572 6304 9128
8442 4890 8866
7397 4618 9791
5604 6236 9218
8921 4252 7837
8429 5483 7462
7815 5710 8448
4889 6054 9577
8394 5303 7817
7988 3871 9324
7679 5156 9538
6036 6648 8218
5774 6725 8412
6706 6613 7962
7223 6189 8109
6529 5993 9317
6431 6682 8031
8121 3653 9247
8971 4814 7483
6104 6303 8791
4458 6043 9676
7312 6138 8979
6281 5537 10030
8637 4614 8332
8115 5293 8444
5804 6318 8893
7759 5735 8897
7649 5563 9057
7644 4811 9612
6322 5985 9416
5896 6580 8601
7061 4750 9816
7032 6499 7818
8987 4650 7502
8631 5261 7834
8419 5218 8377
5607 5803 9775
8727 5252 7980
8511 5322 7356
6357 5579 9924
7275 6353 7871
6818 6496 7859
6976 5770 9419
5485 6112 9296
6376 6492 8253
7819 5906 7892
7085 6407 7892
6307 5017 10278
8080 5762 6977
6527 6673 8177
7617 5853 8207
7929 6078 7732
5061 6468 8970
8026 5854 7651
7915 5215 9301
6796 6440 8055
5719 6535 8634
5814 5931 9718
8479 5510 7308
8912 4926 7532
6865 5753 9664
6011 6879 8017
5244 6750 8558
8617 5080 8140
4887 5715 9968
7309 5605 9101
7275 5671 9134
5637 5396 10256
8576 5286 7227
7308 6251 7812
8728 5037 7753
7996 5579 8433
8225 5465 8284
5749 6128 9115
7105 6010 9036
5541 5405 10110
7549 5982 8515
8365 4425 8870
8290 4634 9173
6139 6483 8436
6767 4509 10405
9362 4069 7374
4712 5519 10115
9022 4242 7710
8466 5336 7645
8064 5725 7438
7071 6226 8198
5703 6200 9171
6958 6564 7476
5238 5976 9582
8370 5345 7499
7200 5033 9660
4994 6285 9532
8870 4631 7963
8175 5682 7051
4964 6692 9051
6769 5762 9518
5618 6417 8912
6229 6261 8747
6864 4285 10324
6612 6551 8016
4919 5647 10058
9287 4345 7404
4376 5879 9810
8954 4326 7702
7588 5802 8345
5410 6897 7949
6709 6532 7865
7060 6193 8413
4600 6864 8588
5901 6707 8177
6876 6189 8877
5986 6407 8694
8772 4424 8437
8252 5322 8116
8120 4973 9075
4279 6103 9891
7515 6223 7423
7363 6257 7726
5648 6977 7838
6589 5783 9695
5814 7124 7229
8808 3875 8247
7823 4699 9371
7060 4965 10043
7915 5897 8038
7438 5304 9362
4898 6294 9386
9251 4499 7252
7824 5861 8108
5143 6632 8836
8728 4650 8262
7566 6176 7553
8588 3865 8546
7039 6294 8108
7069 6521 7089
5329 6450 9075
6640 6130 9114
9213 4241 7974
5997 6698 8323
5097 5287 10272
8090 5589 8041
6415 6796 7228
5134 6353 9149
8230 5657 7658
6304 6516 8402
9034 4615 7065
6109 6581 8220
8078 5906 7132
7745 5554 9203
7677 6133 7166
5610 6070 9252
8184 5664 7916
7036 5380 9613
5365 6296 9227
5127 5839 9785
4680 5707 10067
5339 6094 9304
6764 6517 7713
6454 5355 9843
8540 5440 7075
7454 6293 7656
7860 5707 8260
7643 5992 8123
8490 3886 8690
6977 6309 8040
6054 6276 8945
5370 5813 9880
7321 6466 7655
7475 6140 7623
7003 6448 7956
7102 5597 9200
8742 4831 7956
5368 6919 8331
8326 5648 7804
7091 5570 9391
5008 6466 9226
8516 4994 8296
6651 6423 8184
8191 5719 6590
5536 6458 8976
7930 5181 8768
7783 6060 7740
5493 6880 7970
7576 6052 7839
5857 6708 8433
7005 5821 9281
8454 4040 8538
8020 5392 8533
5731 6821 8510
7530 6330 7401
6275 6374 8531
8074 5703 7238
6346 6491 8337
5800 6589 8455
6778 6698 7407
8863 4065 8025
8295 5234 8038
6303 6913 7331
5435 6085 9450
8155 5486 8055
4644 5861 9915
7746 4234 9375
6511 6433 8294
6388 4957 10178
8915 4859 6947
7450 6165 7916
6846 6681 7579
6758 5183 10100
7184 6317 7941
5470 6060 9311
6610 6622 7816
5274 5822 9734
4851 5869 9816
7672 6043 7985
5173 6225 9317
7571 5740 8423
8918 4480 7550
8356 5032 8838
8079 5836 6693
7181 6398 8038
6957 6638 7192
8530 5175 7990
8443 5664 7156
8711 4454 8278
7627 6106 7320
5651 6242 9151
6378 5313 9949
6008 6463 8498
7025 4620 10117
7989 5406 8521
7708 5889 8137
8602 4763 8339
5506 5685 10053
7680 3836 9710
7435 4384 9915
7686 6104 7637
6163 6845 7714
4533 6681 9150
6291 5181 10259
5736 6449 8642
8843 4756 7580
7990 6008 7499
6281 6219 8767
5010 6327 9220
7436 5984 8222
8549 5316 7150
5746 6030 9280
6987 6562 7153
6093 6226 8840
6021 5939 9619
5496 6072 9228
6074 6211 8866
8083 5578 8072
7671 4443 9678
5004 7091 7868
8475 5307 7414
7452 5098 9565
6068 6457 8639
5787 6796 8061
7479 6096 7736
6833 4907 10070
8364 5350 7801
8355 5379 8032
8026 5172 8914
6939 5423 9616
6320 5232 10121
5343 6714 8511
8566 4917 8187
8998 4769 6913
5032 6051 9656
8986 4396 7558
8004 5802 7702
7386 6310 7484
7688 5157 9328
7323 6322 7500
6193 6415 8595
6023 6855 7824
7985 5371 8546
6222 6466 8457
7486 6011 8068
6527 5240 10022
8788 3899 8106
8608 5299 6795
5593 6672 8563
5449 6266 9144
7641 6287 7014
7044 6249 8324
5748 5533 10053
8497 5342 7182
8260 5250 8139
7343 5516 9233
4974 6481 9068
8391 5225 8184
7239 6507 7719
6420 5421 9876
8073 5527 8119
7617 5841 8235
6724 5325 9738
8600 4884 8156
7613 5433 9358
5837 6392 8758
6180 6272 8832
6125 5876 9548
5547 6859 8116
5359 6043 9556
9009 4516 7480
7693 6019 7969
8500 3840 8633
7116 5458 9260
6330 6564 8309
9025 4644 7296
8403 4191 8994
7722 6070 7831
7101 5668 9233
6220 6743 7763
6497 5267 9765
6603 5783 9311
5829 6731 8326
7475 3763 9959
5984 5592 9816
9036 4423 7404
7579 5575 8996
6463 5360 9744
4702 6081 9555
6332 5884 9449
6245 6373 8615
4805 5993 9683
7565 6250 7269
5713 5693 9954
8911 4672 7588
7208 4326 9942
6753 4715 10202
6202 6795 7609
7350 6464 7332
6566 6623 8072
6468 6849 7090
5887 6301 8914
8031 5171 8641
6875 6679 7256
6516 6032 9179
5367 6993 8047
4244 6461 9336
8547 5369 7028
6357 6892 7477
6247 6397 8424
5021 6092 9395
7693 5337 9232
6619 6491 8094
6708 5933 9102
5256 7036 8434
5061 5441 10120
8363 5424 7517
8134 5154 8769
7911 5701 8594
8626 5166 8136
8088 5712 6768
7622 4759 9663
6723 6040 9080
8161 5702 6877
6568 5943 9212
7083 6199 8219
7003 4568 10168
5573 4615 10418
9084 4627 6941
7582 5882 8172
7444 4385 9705
7168 4748 9740
6219 6427 8512
5945 5897 9725
5801 6546 8606
