25 3
9210
658 71 432 272
876 863 41 643
711 55 136 871
762 643 777 416
622 937 483 96
820 484 692 834
534 215 157 740
871 313 95 976
706 416 227 856
824 500 101 822
620 950 258 778
948 130 744 200
634 265 988 234
692 349 870 68
647 299 831 772
873 523 180 918
591 715 974 771
820 43 875 851
882 806 196 975
883 469 724 467
787 810 243 555
664 823 645 172
619 861 321 126
683 723 587 196
694 689 305 270
789
5084 5609 9576
8682 6391 7287
8732 7222 6781
8411 6877 7218
8065 7963 6428
7518 4383 8760
7458 6003 8541
7504 5390 8766
6947 6107 9004
6674 4731 9413
6731 8077 7663
9129 6205 7074
9058 7098 6283
8608 5949 7834
8479 6202 7616
7715 6616 8305
7037 4671 9234
6767 5451 9109
7076 6664 8610
7157 6959 8367
6989 7665 7992
6495 6161 9155
6404 5511 9288
6217 5505 9442
5782 6511 9143
8359 7870 6776
7977 6125 8159
7282 5219 8845
7069 7874 7542
7372 8187 7302
6124 5660 9342
7714 5475 8708
7459 7144 8138
7653 5720 8658
6907 4397 9257
7119 7283 8413
6531 6642 8868
6252 6533 9046
5649 5404 9604
5462 5398 9758
8735 6189 7375
8325 7588 6850
7426 7643 7753
7377 8241 7049
7319 7690 7691
5876 5986 9354
6524 6999 8825
7788 6783 8042
7672 5997 8502
7882 6082 8444
7224 4677 9080
7052 5395 9191
7196 6494 8687
6945 7973 7563
8172 5842 8276
8445 7159 7144
8226 6512 7842
7118 6142 8816
6328 6695 9016
8482 5984 8009
7832 5165 8512
7052 7926 7625
7937 6729 7688
8022 8398 6268
7286 6749 8552
6638 6837 8749
8150 6350 7872
7457 8450 6599
7457 7424 7621
6437 7343 8466
5512 6229 9252
7894 5343 8464
7397 5195 8885
7500 6347 8414
8665 7865 5993
8671 6606 7112
6607 5430 9240
7561 9025 5781
8086 7058 7395
8132 7320 7216
7965 7854 7077
7766 7504 7478
5907 5363 9709
9156 6539 6817
9036 5942 7319
7210 6587 8582
6502 5449 9524
8242 7979 6071
8139 6856 7483
7924 6327 8071
7745 7539 7307
6419 5999 9185
7040 8769 6541
8718 7663 6081
8612 6625 7283
7127 5975 8760
6877 4650 9365
7083 4933 9055
7192 7450 8150
6403 7061 8540
9535 5888 6626
7043 7121 8443
8344 6250 8079
7591 8137 6949
7330 7184 8080
6179 4810 9564
8129 5223 8473
7564 7377 7683
6992 5629 8886
6063 5992 9200
7453 8403 7019
6771 9136 5927
9384 6649 6004
7947 5141 8552
8785 7020 6869
8395 6328 7650
6455 6480 8898
5816 4870 9743
7969 7901 6657
6515 5851 9141
7864 6945 8012
6833 7036 8501
9095 5923 7148
8611 7284 6496
7584 5201 8731
7254 8665 6441
6063 7626 8338
6263 7290 8517
7898 8497 6289
7324 6425 8506
6397 6302 8966
8362 6837 7370
6624 4775 9515
8339 5308 8415
8560 7206 6925
6100 7871 7958
7116 8931 6511
8324 8346 5905
6842 5310 9249
6982 8218 7183
7406 7346 8050
6682 9199 5275
8906 5740 7433
8207 8455 5200
7508 8528 6170
7810 6489 8147
6074 4829 9848
8870 7478 5429
8409 6678 7431
7232 5263 8947
6608 8501 7055
5931 6841 9035
7502 4483 9072
9055 7339 5491
7449 4855 8857
7779 7954 6740
8309 7039 7282
7338 8539 6407
6998 8470 7174
5716 5965 9485
8902 5655 7514
6909 7198 8471
8328 8393 5485
6638 4039 9719
5783 6141 9254
5629 4864 9897
9213 6384 6485
8139 7555 7006
6437 4769 9669
6682 5317 9280
7915 7023 7583
6667 8683 6569
7497 6820 8092
6664 5319 9229
9175 5733 6928
8002 6679 7942
5529 5574 9527
6629 5689 9065
6886 6352 8954
5369 5553 9658
7335 5017 8933
7902 8544 5869
6073 6379 9100
8548 7974 5288
7781 8606 5584
6394 8605 7155
5957 6194 9203
9005 7300 6195
6855 7978 7642
7096 6436 8711
7065 7827 7962
6270 5303 9530
8650 5829 7878
8564 7483 6212
8052 7510 7436
6171 8119 7781
8789 6344 7349
6127 4627 9936
5682 4662 9985
8556 6637 7252
7799 6995 7758
6057 5484 9573
5892 5514 9348
8544 7927 5708
7540 4159 9026
8868 5373 7588
7121 4545 9200
7125 8093 7362
6250 8880 6687
8533 8006 4921
5319 4722 10164
7628 8382 6569
8290 6794 7628
7199 7093 8193
7879 8252 6635
9111 6571 6590
8381 8191 5573
8193 7011 7457
7042 5980 8846
7793 7838 7221
7091 5494 9047
7766 8638 5217
6187 7527 8317
7712 8256 6535
8238 7932 6491
8510 6375 7431
7490 7228 7884
7527 8743 5855
7183 5698 8755
7071 7512 7865
6718 7675 8046
7616 4321 8996
7759 4997 8590
9179 7036 6568
8563 6173 7519
7648 8681 6140
6139 3888 9956
5914 4808 9979
5747 5342 9840
9089 7182 6029
5288 5345 9809
8054 5336 8433
8442 7379 6619
6070 5886 9190
8049 7736 6911
6818 7733 8022
7713 7706 7390
8701 5907 7449
5338 6176 9303
7053 4080 9222
7234 6170 8641
7510 7921 7232
8824 6508 6953
6735 5115 9368
7921 6790 7680
8022 6976 7645
7962 5757 8334
7350 7481 7783
8881 6027 7248
7216 7558 7811
5970 5828 9214
6244 5490 9419
7296 8025 7332
7715 8560 5646
8529 7959 5341
8391 7703 6693
6781 4715 9313
6050 7224 8721
6922 8308 7204
7721 6269 8418
8533 6872 7182
7263 4855 8983
7298 6010 8572
6788 8621 6854
6553 5527 9095
8268 6088 8109
8684 6111 7804
6810 6190 8984
8290 8064 5979
6481 8261 7514
8331 6745 7387
6727 4529 9501
8684 7381 6155
8529 6303 7509
8224 8048 6010
8722 7710 5661
6695 8974 5957
7306 7288 8074
7539 6954 7918
7637 7544 7420
7577 5558 8688
8885 6703 6697
7887 8576 5502
8668 7828 5687
8382 5926 8033
6110 5282 9661
8839 7175 6843
6894 3995 9640
6453 4178 9657
5742 8450 7231
7832 7195 7666
7389 9009 5925
6277 4748 9800
7730 8528 6013
7797 7885 6801
6132 8419 7350
8443 7752 6610
8475 7585 6527
7554 6803 8279
9246 5601 7158
7064 4656 9211
7902 6621 7966
6557 8024 7714
7743 7007 7727
8986 5529 7480
8277 7289 6936
7886 6651 8117
7392 7787 7350
8378 7802 6356
5713 7752 8213
8478 7881 5770
7359 7086 8162
7092 8312 7034
5732 5493 9479
8214 6632 7658
6464 8776 6587
8664 7781 6107
8941 5143 7598
7869 6151 8170
5639 8318 7351
8617 6328 7493
8939 6555 6734
7722 5327 8608
7901 8460 5983
7510 8248 6687
7813 4801 8650
6033 8514 7170
9112 7184 5159
8718 7237 6558
8017 7986 6565
8735 6888 6898
7262 7743 7406
6360 8323 7229
8086 6553 7908
5311 7413 8438
8718 7867 4983
6260 8265 7253
5963 7568 8362
7985 8153 6648
8055 6477 8030
7690 7342 7508
6303 7003 8564
7002 8517 6754
8822 5845 7734
7491 8079 6973
7368 4143 9170
4974 7941 7930
9044 7214 5802
8714 7820 5403
6737 6022 9062
5763 5569 9357
7931 7572 7151
7756 5609 8534
7737 5056 8610
9264 6052 6506
8405 7398 6630
8752 7710 5521
8177 7231 6960
5726 8154 7830
8907 4861 7672
8428 6528 7558
7154 8607 6465
6747 4376 9388
8650 7897 5626
7427 8685 5879
8990 7332 5828
8751 6738 6943
5960 5860 9320
8072 8437 5564
6989 6241 8830
7373 4693 8887
5889 7573 8389
6893 4059 9353
6514 4710 9544
8502 7703 6335
7794 5285 8488
7351 5808 8660
6734 3974 9771
8493 7849 6137
8311 5387 8151
7579 7366 7488
9292 5129 7012
8052 8032 6154
7329 6102 8555
8156 8377 5629
8717 7254 6414
7968 7520 7194
9209 6337 6905
9331 4617 7096
8952 6486 7008
5721 6756 9093
6831 7359 8165
5626 8096 7854
7951 8499 5279
8185 7118 7304
7847 5083 8576
8869 6476 7180
7464 7319 7707
7165 6811 8267
8484 7044 6955
9168 5693 7158
7427 6179 8492
8617 7281 6300
8522 6370 7418
8842 6142 7437
8748 7663 5941
7194 5248 9033
8117 6849 7487
7926 7037 7526
9434 6688 5300
7410 7863 7256
6595 8099 7438
8509 6736 7407
7883 8529 5922
8273 7143 7288
8223 7964 6124
6055 8625 6888
7726 8481 6433
7222 9045 5514
7797 7588 7224
7781 5651 8477
6582 5259 9304
6562 6675 8779
6364 8718 6611
8788 6686 6986
6882 7308 8417
6431 6584 8892
8137 7023 7426
8063 7393 7036
9097 7216 4792
6567 4508 9632
6487 5600 9163
7650 8319 6463
7661 7160 7854
5883 3932 10035
8348 5644 8107
7511 4819 8764
7313 8847 5955
8389 7171 7113
9225 6564 6422
8512 5703 8001
7300 9072 5273
6390 6659 8923
8071 7442 7016
9040 7371 5124
7950 7886 6710
8861 5333 7818
8411 7303 6741
6548 4977 9378
8885 7129 6220
6575 8103 7374
6508 7591 8289
7465 7528 7564
9468 6531 5838
7527 7473 7504
7419 8121 7093
6993 5635 8858
5903 5971 9331
9501 6045 6088
9131 7059 5330
7103 7503 7916
7098 4923 9045
7020 6274 8741
8651 5248 7876
7615 6558 8329
9206 6578 6113
8749 7344 6274
7717 7676 7251
8072 5784 8300
7503 6854 8027
7450 4861 8829
7120 6332 8717
8384 6543 7475
7505 6531 8363
7667 5813 8553
6521 4643 9635
6645 7508 8309
9074 7214 5662
8831 7247 6246
7955 6419 8054
7916 6370 8109
7648 7259 7517
7456 8366 6713
7238 3941 9284
6679 8678 6556
7755 7002 7714
7091 7811 7436
5499 8483 7248
8869 6902 6703
8581 5310 7951
7988 6694 7719
7338 7905 7376
8722 5787 7758
7830 6663 8086
7756 7033 7696
6773 4791 9322
6755 8840 6526
6424 6941 8849
6898 8412 7198
5387 8174 7563
8412 5645 8025
7432 7747 7236
9195 6453 6424
8546 7647 6225
8328 6555 7444
8679 5169 8140
7006 8487 6615
6849 4953 9292
8216 7202 7050
7159 7669 7822
8042 7998 6316
7672 6755 8217
8398 7358 6860
7752 5046 8600
7235 4959 8957
7082 8649 6585
8328 6470 7582
7883 6869 7724
6464 4754 9646
7236 5382 8859
9108 7137 5579
8578 6343 7357
7083 7507 7852
6842 7841 7683
5557 7123 8722
8771 7665 5071
8688 5505 7832
6343 9219 5008
9558 5167 6656
7786 6593 8141
7158 7168 8224
7061 4666 9089
6432 9156 5660
8918 6204 7082
6107 6661 9026
4838 5188 9853
7988 8116 6342
8058 6003 8167
7392 7361 7827
6822 8197 7314
8761 5275 7842
8126 6454 7866
7413 4604 8873
8617 6754 7016
6381 8203 7538
6308 8036 7801
8029 5165 8497
7845 7257 7579
7782 6024 8468
7402 4425 9096
7778 7900 6791
7287 5968 8729
6313 7614 8062
6367 7070 8513
8109 7355 7104
7620 7869 7158
6523 8958 6101
7963 4550 8540
6676 6503 8634
6372 8318 7216
9262 5010 7146
6510 9183 5419
9134 5411 7232
7732 7137 7690
6785 7952 7694
7752 6311 8215
7478 6641 8309
6448 8480 7186
8842 7564 6060
7522 7053 7933
7370 5305 8831
6982 8591 6609
6478 8479 7121
8703 7695 5714
8545 7238 6558
7715 8038 6928
7383 6982 8168
8541 6166 7523
7520 4799 8754
5422 6050 9269
9212 5319 7232
8277 6893 7291
7593 7109 7892
7446 5467 8801
7405 6473 8387
7366 6424 8442
6317 6746 8968
7730 4884 8696
6809 7140 8495
8064 7879 6542
7885 8095 6672
7840 6208 8139
7576 6509 8384
7297 5137 8909
6405 8311 7199
8952 5247 7554
7786 5328 8526
7548 8623 6164
6952 7868 7649
9228 4728 7220
8957 6189 7218
8529 7041 6978
8225 7530 6874
6540 6408 8813
6237 9105 6005
5733 6944 8898
9005 5066 7375
6955 5959 8904
5467 3789 10036
7648 8894 5130
7336 5023 8905
7207 9077 5147
5889 8789 6702
7520 6521 8353
7477 5500 8712
7539 7653 7441
7341 5965 8569
7295 5820 8629
6911 4917 9199
6822 8250 7228
6002 6060 9156
5876 9014 6020
9021 4475 7363
8222 5943 8169
8049 7728 7043
7863 4492 8564
7827 6271 8126
7412 5185 8875
7371 6191 8461
7241 6841 8201
6657 6607 8693
6545 7836 7909
8563 6872 7042
8350 6354 7562
8134 6165 8137
7898 5491 8432
7553 5662 8682
7533 5890 8581
6733 6978 8525
6056 5826 9210
9225 5746 6893
7581 6276 8403
7471 7540 7451
6965 7769 7986
6685 7894 7718
8106 8280 6102
7903 6433 8096
6943 7063 8467
6348 8422 7210
5419 7906 7881
8238 5352 8157
7238 7847 7400
7014 6283 8773
7019 7225 8437
7952 7452 7460
7134 5551 8804
5396 7472 8390
8243 6294 7821
8152 8330 6049
8038 5502 8374
7711 8513 6066
7615 7980 6952
7283 6924 8192
6722 6719 8583
5943 7029 8840
9309 6446 6256
8360 5659 8067
8197 6981 7318
7400 6289 8438
7354 6144 8498
7000 6502 8640
9112 5261 7256
8409 7909 6072
7933 7708 7086
7062 6154 8785
6961 9092 5006
6283 6464 9042
8378 5363 8099
8234 5806 8183
7645 6107 8448
7050 9029 5658
6448 7049 8510
9585 5927 5922
9342 5960 6506
8700 5520 7792
8537 6842 7043
7476 6451 8408
6848 7026 8491
6530 5605 9071
6506 8136 7478
6087 7469 8341
5137 7360 8489
4969 6543 9193
7829 4210 8638
7551 7942 6978
7475 4568 8780
7457 5728 8611
9128 4670 7244
8448 6825 7261
8235 6307 7781
8100 5883 8211
7970 6533 7951
7519 5380 8756
6740 5690 9013
6699 6696 8599
6569 7346 8339
5462 6644 9192
8613 7004 7013
7849 6977 7645
7816 6312 8133
6889 7607 8016
6435 7423 8367
6341 5798 9192
6515 7890 7888
9210 6596 6055
9206 6570 6245
8629 7090 6901
8574 5667 7908
8310 5968 8153
7578 7735 7332
7572 5939 8526
7551 4730 8750
6909 6781 8541
6098 7951 7859
8575 6168 7506
8310 6394 7676
7231 6938 8234
6775 6858 8569
6715 6573 8625
8991 5974 7092
8808 5860 7511
7918 7170 7534
7743 5975 8523
7302 6158 8540
9348 5082 6714
7871 6683 7750
7310 7727 7425
6985 6943 8511
6667 5522 9091
8696 6507 7117
8326 5377 8141
8012 6616 7942
7438 8435 6652
7366 6007 8512
6229 7008 8591
8738 7219 6585
8522 7303 6383
8122 5885 8193
7893 5630 8354
7490 7220 8016
7312 5127 8899
5919 7901 7870
8855 6584 6831
8246 6809 7545
8239 5250 8439
8219 7687 6837
7892 3957 8570
7798 5433 8456
7778 7870 6854
7325 6804 8236
7153 7748 7508
7076 5503 8852
6947 4492 9251
6293 4157 9788
6141 5358 9539
5582 8429 7362
9297 6258 6451
9036 6368 6842
8666 5238 7866
8367 5414 8051
7934 5506 8356
7442 6169 8482
7177 6806 8254
6777 8951 6244
8476 7266 6860
7616 6767 8186
7510 7525 7587
7232 7293 8101
7217 5468 8758
