30 3
10162
435 194 417 909
439 440 327 844
501 616 238 704
948 139 497 895
650 644 648 412
612 484 245 698
510 509 112 844
857 894 329 353
848 82 895 335
619 900 101 533
827 230 379 851
595 148 815 642
922 290 172 976
867 614 725 222
946 574 368 602
823 424 987 47
826 224 786 697
303 280 278 911
411 857 359 127
810 570 742 187
638 377 469 879
545 163 866 390
602 461 490 668
1000 72 994 315
461 360 942 198
532 232 775 491
713 882 636 77
747 808 37 704
747 498 247 813
589 105 865 405
1319
8382 6868 10979
8474 8622 10551
8560 8914 10200
8314 8219 10837
8236 9327 10034
8150 8830 10545
8076 8231 11172
7414 10005 9031
7656 8369 11457
7890 9371 10544
7407 8691 11363
5905 9641 10705
9436 6650 10165
9196 7941 9256
8993 8454 8749
8882 8547 9981
8669 8914 8692
8400 9362 9785
8554 6980 10953
8090 9572 9894
7816 8772 11171
6673 10376 9340
6869 10831 8241
5993 11069 7355
6489 10793 8736
6306 10417 9482
8807 8781 8715
8736 8792 9841
8694 6840 10936
8546 9117 9925
8589 9207 8310
8566 6673 11229
8069 7256 11300
7344 9969 9160
7727 10307 8247
7764 9676 9889
6641 10086 9581
7418 9720 10399
6604 10526 9159
9522 7147 9654
8579 8541 10728
8269 9843 9087
6870 10514 8728
7662 7962 11611
6363 9290 10735
9054 8137 9148
8982 8589 8718
8977 8480 9910
8581 8398 10370
8853 8002 10844
8275 8344 10991
7150 7313 11769
7465 7099 11923
6532 10031 9785
6924 7524 11776
9604 6997 9407
9092 7231 10315
8810 8052 10607
7748 9480 10182
6577 8189 11699
6215 9806 10219
9075 7353 9963
7492 8980 11165
6984 7317 11901
6728 7864 11780
9629 6923 9473
9428 6811 10105
8947 7537 9927
7845 8120 11355
7406 8509 11490
9063 8015 9336
8925 8497 10218
7868 6872 11510
9168 8283 8757
8710 8301 10377
8442 9419 8372
7405 7306 11798
7051 9900 9354
7487 6327 11984
5480 11194 7599
6669 10630 8891
7474 9515 10709
8315 9509 8286
8002 9664 9554
7811 6841 11771
6177 10899 8846
6337 11001 8354
9100 7220 10109
7962 6516 11852
6647 9858 9761
6977 10640 8588
6598 11045 8255
9554 7665 9214
8632 9157 8547
6557 9898 9931
6255 7984 11967
9164 7726 9689
7498 8573 11319
8593 9383 8066
8411 9158 8817
8904 6562 10858
8252 6305 11632
7335 9763 9183
5739 11173 7646
6382 10667 8876
9205 7833 9487
8280 9310 10069
6331 10284 9628
9130 7589 9897
7169 10439 8588
7606 9989 8628
6993 8045 11534
7481 6734 11830
6682 11066 8044
8119 9865 8004
7837 9921 8419
7868 8156 11335
7144 7720 11615
7276 9829 10037
6691 5888 12164
9745 7401 8882
9292 8379 8609
9176 7191 10164
8978 8403 9001
7939 7008 11478
7064 10365 9029
8807 8986 8555
7237 9843 9300
7902 6723 11727
9151 7324 10018
6479 10892 8716
8653 8893 9744
8541 8108 10954
5965 8899 11356
6367 10637 9021
6990 6910 12055
6899 7028 12099
8374 6879 11185
7896 8964 10698
7480 9108 10863
8964 7064 10608
7210 10120 9169
6295 10142 9647
9424 8022 8574
8507 9138 9604
7367 9869 9077
6825 10848 8206
8289 9736 8190
8123 6949 11303
7367 10579 8113
6669 8253 11528
6553 10152 9482
9244 7875 9323
9141 8164 8964
8983 7808 9588
6141 10546 9453
8397 9850 7903
7784 9305 10600
6435 9742 10216
9224 6523 10609
8458 6839 11034
7447 9982 8894
6137 10800 9004
7370 10022 8996
6289 10030 9969
7301 10227 8754
9292 7669 9573
7772 9876 8716
7890 10211 7767
5785 10283 9834
9376 7392 9514
8870 8704 10091
7512 7025 11706
9026 7960 9343
5960 9514 10889
7544 10255 8277
6691 9841 9796
6114 10756 9021
9293 7493 9417
6783 9989 9499
5757 10157 10189
9476 7545 9387
7167 10378 8763
7564 9475 10539
7400 8916 11336
9161 7850 9452
8030 6890 11434
6819 10131 9480
6702 8134 11499
8326 7912 11113
6205 9905 10199
6948 9887 9620
6913 10256 9134
6317 10113 9721
6839 7235 11974
7336 7397 11697
9566 7130 9689
8781 8900 8560
7224 9112 11203
6095 9379 10880
6905 10145 9214
7416 10251 8453
8380 6472 11339
8757 9114 8307
9448 7887 8888
8205 9906 7702
9067 7364 10169
8795 8001 10859
9673 6906 9508
7111 9878 9256
7095 9883 9389
8620 6366 11232
7482 10073 8698
5947 9895 10364
7399 9762 9287
5611 8423 11920
7560 9760 9171
6680 10019 9658
7214 10896 7931
9482 7170 9840
9352 6690 10316
8139 7127 11233
7873 10062 8387
7766 10104 8536
9092 7941 9351
9015 8095 9312
8994 8106 9235
6413 7994 11862
9340 8001 8785
7020 10382 8994
9216 7698 9518
5874 9017 11400
9774 6617 9861
9102 8641 8434
7069 10245 8799
6932 6909 12070
9253 7455 9663
5505 11222 7503
7023 10749 8282
6155 9215 10898
8824 6504 10994
5851 11178 6993
9530 7737 8641
6947 10024 9250
6816 9894 9614
6277 10400 9573
5947 9938 10257
9407 7636 9286
9818 6600 9896
8469 6691 11151
6866 7523 11791
9248 7686 9538
6406 7659 12048
7425 9870 9062
9453 7238 9553
9337 7476 9452
8477 9510 8176
9569 7716 8962
7471 6692 12077
9182 6784 10318
8607 9180 8341
6272 9408 10779
5088 11190 8220
7714 9875 8731
6976 10013 9265
8276 9532 8284
9428 6661 10371
8486 9402 8407
6957 10239 9169
6264 10163 9823
9116 6689 10414
8908 9078 8001
7816 9859 8751
9107 7282 10063
9030 7726 9780
8982 7879 9682
8246 6712 11478
8007 9911 8378
8873 8987 8197
8585 8134 10882
7076 9628 10687
6051 9396 10845
8979 8704 8583
8298 6805 11267
8947 8852 8482
8497 9196 8664
7753 6924 11550
9098 6824 10469
9145 8732 7895
5751 11132 7438
7103 9994 9309
6439 10269 9436
9438 7187 9805
7021 10623 8623
6025 8692 11481
9497 7221 9588
6435 9785 10109
7307 9879 9171
6156 11205 6929
5829 10652 9563
8779 8742 10078
7822 8365 11325
5677 11332 6987
8895 7155 10507
7494 10500 8062
6189 8081 11773
9328 7835 9172
6371 10802 8845
8384 9418 8387
8756 8811 8718
8508 6756 11008
5977 10136 10079
9242 7338 9683
9209 7472 9628
8697 8876 9779
7396 10212 8696
6130 8470 11521
9116 8297 8818
5953 6439 12254
8748 6533 10939
7806 10190 7978
9242 6577 10443
7931 10046 8073
5172 11165 7789
6668 8071 11655
8505 9247 8461
7171 10004 9178
6928 10113 9325
6953 9980 9471
6129 8288 11648
6402 11115 6864
6479 9768 10144
6600 6006 12208
5753 10411 9740
7585 10090 8583
5563 9549 10993
9292 7432 9665
6827 10015 9427
9135 8212 8862
8391 9649 8174
8023 6968 11327
6611 9888 9759
9136 7924 9386
9146 8624 8469
9160 8280 8853
7460 10234 8488
9676 7492 8781
6794 10264 9334
5733 10254 10054
9019 8032 9301
7261 10503 8417
6629 10393 9305
9158 6617 10594
7486 10500 8405
6289 9987 10076
9757 7198 7644
8700 6433 11090
7204 10135 8908
7433 9850 9085
9032 6729 10565
8732 9247 8161
6198 8809 11406
8970 6657 10762
7752 10109 8212
9220 7884 9235
7480 7150 11671
6401 8385 11566
6153 10239 9729
8574 9156 8562
5880 8610 11554
9390 7048 9898
9526 6773 10069
8953 8536 8855
9063 8725 8372
8916 6255 11134
6914 10497 8763
7742 6932 11670
8572 6266 11383
7287 10095 8945
6220 10137 9895
9176 7341 9898
7102 10154 9034
9185 8147 8999
7504 9965 8861
9413 7320 9659
9115 6986 10345
5713 9788 10460
7044 10153 9049
8995 8409 8824
6530 10108 9499
9492 7870 8923
7379 10374 8545
6287 10301 9593
8884 8627 8754
9211 7992 9004
9015 8160 9146
7243 10112 8910
7773 9909 8514
6515 10121 9537
6679 10531 8911
5997 9138 11127
6692 10150 9436
5880 9774 10559
9158 7378 9834
9025 8921 8169
8543 9605 8043
7659 9978 8676
5766 6895 12234
9084 8118 9068
7691 10166 8279
7208 7230 11990
5216 11148 7824
8777 8800 8795
9409 7971 8826
7491 9965 8929
6637 10234 9359
9310 7020 10098
7872 7180 11492
6963 9890 9383
9006 8203 9081
7975 10029 8108
5434 11146 7710
8177 6803 11377
6167 10998 8826
9213 7098 10043
7553 9902 8801
6019 10390 9738
7127 10158 8813
9399 8155 8428
9325 7950 9037
9055 8303 8962
7103 5761 12085
6209 11162 6874
8581 6724 10977
6343 8384 11581
9099 8286 8997
6606 5599 12362
9304 7187 9896
7112 9987 9205
7651 10442 7942
8353 9867 7868
9638 7625 9063
6762 7927 11624
8090 6683 11559
5876 8604 11674
5697 6986 12133
5285 7113 12212
6004 9540 10817
9082 7415 9917
6859 10649 8697
5745 9238 10991
9821 6082 8710
8928 7520 9947
5861 9272 10976
8550 9433 7829
7312 10021 9011
6361 10482 9450
5771 8826 11634
7926 6873 11495
7236 10163 8763
9505 6925 9870
9127 8032 9155
7683 10324 8212
6729 7240 12108
5823 11194 7435
7525 9968 8836
6537 5690 12261
7336 10318 8558
9254 7279 9692
6693 8024 11583
9589 6885 9719
7616 9922 8689
7072 9913 9319
6833 7642 11820
4931 11044 8366
5732 10290 10043
5409 11421 7132
8226 8801 10600
9315 7485 9543
9199 6946 10194
8679 8965 8679
8035 9905 8155
7090 10408 8623
9128 6382 10690
8675 9248 8008
8601 8896 8992
8005 6394 11757
7758 9858 8766
8512 9247 8412
8151 9940 7968
7827 10353 7802
7005 7478 11706
6245 10004 10041
6076 6685 12125
5814 9759 10749
9391 7733 9018
7833 6814 11626
6611 8252 11543
9219 8233 8651
6350 6146 12241
5654 9356 11035
8180 10039 7556
7274 10128 8844
7082 9221 10841
6240 11226 6718
5620 9151 11553
9102 7931 9398
6844 7699 11664
6546 10395 9296
8693 6511 10983
8075 6849 11454
8200 9161 10435
6998 7427 11742
5895 11161 7028
5727 10773 9150
8452 9643 8030
7674 9716 10059
7130 10875 8142
8708 8891 8694
7654 9885 8825
6610 8070 11670
6486 11136 6653
8400 6782 11050
6388 9886 10188
9018 7971 9549
6919 10411 8705
6153 11118 7288
9044 6422 10841
8922 8985 8336
7689 9949 8665
9096 8078 9139
8523 6723 10992
7014 10397 8733
8801 9097 8342
8096 6276 11713
7086 7719 11630
6709 10729 8733
6425 9905 9925
6022 9005 11273
9315 7424 9603
9199 7007 10134
6281 6237 12140
6400 11275 6651
5876 10165 9790
9051 7610 9730
7775 9929 8423
7593 6521 11836
5308 11126 8217
9050 8186 9116
7627 10152 8452
9104 7074 10205
8991 8230 8998
8502 9289 8515
8460 9643 7687
6191 9746 10323
8591 9162 8385
8355 9378 8513
7335 10077 8929
7249 10588 8222
7012 5879 12129
5837 10536 9510
9834 5983 8976
5227 7112 12227
8822 9037 8303
7035 10385 8757
6995 10028 9174
6583 7782 11853
9099 8374 8656
8509 9362 8277
6773 10656 8565
6038 8406 11692
8058 8766 10716
6669 7447 11983
9340 7001 10018
8684 9347 7654
8009 10132 8059
7169 10234 8748
6150 8206 11927
5903 9912 10329
8635 8982 8644
7102 5432 12132
8426 6972 10974
6518 6181 12125
4704 10801 8956
9127 8146 9014
6479 5689 12276
5458 9665 10922
9340 8062 8725
8428 9401 8422
8311 9558 8254
7451 10241 8592
5623 9342 11118
6454 8262 11527
6204 10303 9584
8727 9297 7891
8665 9050 8478
8535 9382 8081
8497 6764 11128
7730 8968 10830
5721 11315 7022
8503 6357 11282
9148 7057 10240
7977 6567 11600
5158 7203 12126
8738 8872 8614
8671 9253 8305
5478 11129 7745
9312 7609 9306
8993 6940 10398
8764 6711 10869
7966 10137 7877
6889 10630 8617
6111 9189 10970
5853 11243 6847
8699 9113 8322
4966 11034 8505
9271 7092 9917
6369 10366 9397
6067 9947 10080
8371 9452 8392
7945 6601 11632
6162 10006 10032
6167 9874 10254
9384 8104 8680
8269 8751 10837
7074 9868 9465
6573 9893 9798
8385 9446 8347
9893 6577 8084
8359 9492 8321
7305 10486 8452
5879 10009 10194
9114 6293 10774
8760 6226 11215
7496 7055 11617
6567 10838 8371
5968 9398 10836
9434 6254 10525
6625 10647 8856
9199 8322 8689
7972 7274 11222
4975 11027 8401
9378 8420 8307
8311 6680 11200
7576 10198 8352
8346 6905 11116
6736 10133 9471
6344 9903 10153
8352 6498 11270
6718 10722 8346
6332 6138 12246
6022 6348 12355
9506 7526 9307
9497 7280 9508
9376 7682 9270
9333 6775 10128
9084 8323 8908
6116 10679 9307
9237 7365 9716
7597 9885 8836
7410 10321 8519
9325 7071 9846
9315 8134 8639
9033 8370 8767
7534 10122 8581
7045 7429 11698
9315 6695 10146
8758 9147 8105
6582 9892 9773
9812 6975 9443
9151 7474 9752
7775 7198 11414
6260 10511 9161
6045 10906 8840
5639 10528 9694
8555 9187 8407
8449 8755 10405
8226 8951 10334
6410 9918 9963
5391 10162 10342
8636 9725 7478
8590 9100 9960
8419 9509 8191
9435 7716 9053
9379 7978 8787
9202 7186 9903
9179 8195 8897
8481 6384 11427
6354 10039 9658
9500 7156 9745
9268 8231 8790
8570 6725 10948
8286 9469 8412
7826 6892 11519
6875 7641 11707
6565 7851 11816
6223 6236 12155
6221 10882 8881
5539 9646 10858
8994 7755 9564
6734 7457 11934
6547 10538 8905
8979 7994 9547
9628 6862 9721
8073 10263 7737
5193 11328 7613
9589 6946 9659
6263 6229 12145
6204 8402 11560
6027 10274 9685
8647 6110 11256
7163 10595 8090
5820 9914 10320
5483 11221 7583
9206 8062 8816
9160 6793 10409
7684 9866 8745
6414 8176 11735
5942 8929 11286
5895 11108 7453
6372 10766 8856
6420 7769 11889
5439 11238 7548
8308 6472 11342
6963 10394 8740
9040 8972 7917
8979 7115 10356
8609 6551 11134
8240 8959 10071
7930 9169 10180
7058 10380 8768
6519 10286 9361
9087 8590 8686
8089 6354 11606
6155 9172 11005
8909 8548 8822
8901 6748 10661
8040 8758 10721
6926 7316 11916
6221 8564 11436
6198 10148 10013
8982 8029 9416
8210 7069 11121
8152 8352 10961
7570 9068 10693
9033 8022 9297
8856 7230 10413
7509 10255 8435
7420 9883 8984
7250 10457 8556
7206 10474 8521
9235 7278 9795
8840 8771 8567
8439 6763 11143
8107 9957 7933
9599 7646 8742
9282 8000 8800
8201 6823 11189
7371 10055 8794
7168 7491 11670
6424 10239 9581
8286 9408 8472
6497 10400 9299
6338 9927 9946
5921 8213 11811
9399 7445 9392
9020 6890 10533
8343 6992 11011
7016 7605 11643
9122 8476 8650
9016 6448 10772
8804 6661 10894
5329 9886 10513
5665 11271 7436
9417 8336 8369
8000 7347 11199
6489 11092 6307
5856 10056 10301
9330 7790 9247
9063 8727 7947
8864 7297 10274
8629 8944 8691
8006 6940 11353
7884 7258 11271
7834 10083 8066
9439 7220 9603
8500 9164 8541
6352 9744 10207
9428 7371 9407
8307 8937 10254
7968 6109 12006
7486 6743 11825
7211 10296 8617
6947 10717 8398
6752 7401 11896
7657 10407 7902
6857 7413 11875
6724 7966 11626
6027 8279 11755
6011 11227 6926
5971 11068 7435
8422 9652 7868
8130 9261 10090
7820 9471 10199
5878 10045 10183
8931 6306 10882
8738 9077 8454
7457 10206 8552
6544 10104 9503
9256 8041 8936
8976 6907 10498
7018 5472 12283
6957 7413 11747
6647 7623 11856
9318 7459 9472
8982 6500 10652
4776 11296 8330
9300 6494 10664
8889 8851 8497
8592 6668 10968
8517 9340 8263
7591 10055 8543
6405 10293 9343
9564 6640 9787
9364 7927 9039
9045 7777 9528
7822 6815 11597
6778 10514 8733
6746 10529 8771
6429 10159 9522
6259 10603 9037
6117 8568 11482
9071 6840 10427
6999 7638 11688
9173 6668 10342
7422 9584 10177
6976 9940 9341
6716 10288 9056
5999 11105 7295
8373 6550 11232
7278 7396 11712
7009 7270 11829
9220 7552 9614
8354 9409 8401
8119 10045 7700
7893 6607 11751
7808 9659 9924
7464 9866 9019
7063 7479 11691
7024 10424 8668
7899 6200 11905
7791 9080 10627
7476 10121 8596
7065 10541 8477
6987 7428 11713
6775 7641 11835
9257 6694 10161
9171 8426 8434
7988 7015 11376
9661 7380 9093
8689 9297 7924
6829 7850 11697
6781 7234 11989
5923 9992 10229
5698 11495 6811
8650 9381 7862
8636 6544 11162
7984 9506 9950
7530 10061 8687
6678 10290 9282
4820 11279 8365
8177 6996 11143
7352 10609 7700
7311 10451 8412
5722 9225 11018
9321 7977 8802
9259 7926 9071
9182 8080 9032
8096 10018 7767
6845 7075 11992
6633 10019 9720
6530 9927 9786
6234 10501 9406
6155 10308 9587
5895 8619 11546
5666 8942 11563
9583 7321 9206
9282 8061 8740
8997 8302 8977
8234 9018 10195
7894 8655 10859
7768 6891 11534
7022 7393 11718
6670 7863 11795
6560 10157 9430
6007 9731 10382
5944 11405 6746
5770 8538 11730
9300 6644 10398
8833 8949 8443
8743 9096 8357
7790 8898 10754
6676 7456 11949
5460 8748 11839
9187 7481 9719
7876 10017 8177
5826 11150 7089
5635 10044 10367
9298 7262 9727
8998 6214 10880
8865 6773 10691
7903 9912 8149
7690 9925 8650
7237 10651 7961
7171 10141 8848
6040 9893 10210
6026 9529 10699
9091 6902 10362
8994 8165 9155
6205 6228 12160
6058 6451 12233
5895 6438 12269
5829 11177 7073
4436 10933 8994
8956 8951 8128
8589 6109 11271
7377 10055 8775
6716 7449 11939
8552 9453 7738
8409 9693 7793
7490 9724 9300
6994 10465 8684
6852 7605 11727
6636 9993 9730
6571 10164 9422
5930 8941 11444
9369 7054 9881
9056 8336 8760
8632 6059 11508
7817 6434 11925
6021 10119 10114
9034 7940 9366
8726 8092 10758
8572 8757 10090
8229 6896 11166
7092 7312 11784
6692 10385 8921
6666 10150 9450
6186 8394 11565
6113 10011 10035
5892 10409 9694
5609 6905 12218
9188 8682 8132
7773 10089 8210
5965 9434 10830
9030 7416 9967
8921 7114 10371
8504 9626 7722
8615 8707 10327
7954 9414 10064
7653 10507 7796
7596 10413 8046
7502 9759 9186
6532 10535 9142
7511 10616 7434
6131 9306 10826
9549 6528 10099
9423 7961 8822
9246 7169 9938
9142 7432 9787
9113 8171 8931
8988 8481 8782
6694 10432 8856
6496 7948 11775
6009 10553 9447
5658 9799 10397
9241 7111 9997
9164 7265 9958
8982 8971 7932
8865 9128 7764
7443 10550 8168
6601 7954 11694
6414 10402 9290
6081 8616 11525
9231 6735 10297
8674 9187 8256
7731 10171 8025
7620 10181 8387
6665 10041 9501
9457 6864 9968
9387 7682 9069
9223 7760 9472
7923 8548 10990
7671 7140 11516
7417 10059 8704
7361 7350 11625
7072 11005 7569
5489 10289 10227
8567 6635 11061
7888 9062 10705
5894 10138 10070
5237 11311 7648
9646 6450 10154
9190 7366 9854
8223 8916 10465
7966 10182 7822
7913 9126 10574
6755 10265 9058
6197 11101 7323
6104 7792 11971
9118 7226 10054
8183 6396 11531
7746 8872 10826
7265 10129 8832
6872 10804 8219
6687 10138 9474
6367 10075 9604
5899 8359 11704
5632 6660 12248
9211 8437 8162
9194 6600 10419
8600 9387 7805
8598 9288 8110
8486 6765 11099
8297 9695 8108
8176 6975 11208
6491 10919 8395
6425 10409 9282
9254 7236 9799
8511 6829 10968
8492 6358 11253
7748 6525 11824
6830 10258 9125
6527 10739 8529
5790 10203 9775
9244 6860 10099
9044 8640 8449
8610 8995 8638
8352 6455 11377
8280 6571 11375
7048 10010 9184
6821 9987 9465
5963 11146 7165
9700 7357 9095
9005 8724 8387
8825 8720 8819
7942 7346 11214
7642 9414 10238
6648 10509 9194
6270 9304 10780
5890 9012 11267
5622 9054 11214
5431 11316 7278
5312 9264 11323
9661 7441 9033
7356 10004 9046
6954 10670 8518
6753 7817 11708
6056 10257 9651
5950 9138 11189
8563 6150 11407
8536 8591 10491
7884 10439 7587
7422 7149 11686
6301 9723 10245
6291 9927 10008
4500 10799 9074
9541 7263 9543
8842 8726 8642
7717 8481 11254
9524 8112 8188
9222 7904 9144
8987 6819 10638
8913 9062 7831
8628 9303 8068
7842 8562 11070
7723 10154 8299
7608 9458 10574
7292 9892 9209
6519 8188 11714
6454 9901 9998
5677 11226 7213
9366 6846 10023
9156 7379 9796
9102 8279 8868
8589 9387 8006
8523 9159 8552
8469 8952 10187
7614 9051 10728
7298 10260 8562
6525 7781 11868
6290 10667 8881
6258 10682 8919
5915 11084 7506
8830 6097 11148
7271 10304 8564
7216 10127 8859
5166 11235 7855
8873 6305 10897
8440 6265 11464
8058 9270 10073
8035 10024 7911
7981 9994 8068
6740 9862 9743
6577 10736 8727
9577 6541 10053
9185 8253 8749
9029 7798 9526
6589 7622 11871
6210 8437 11499
6107 8256 11690
9461 6779 9952
8972 7471 9914
8454 8848 10256
8375 6958 10979
7600 9117 10686
6726 11049 8079
6565 7774 11858
6541 10383 9334
9420 7753 8964
8956 9012 8068
8436 9479 8183
7902 10006 8199
7802 9463 10204
7772 10220 7876
7027 10548 8226
6717 10758 8335
6361 6191 12109
6299 9994 9869
5983 9269 10919
8566 9360 8073
7259 10642 6457
7238 10029 8990
6935 8044 11549
6324 10058 9738
6249 9630 10456
5771 9919 10323
9306 6087 10818
8975 8731 8348
8836 8834 8578
8795 8727 8780
8283 6546 11276
6941 7637 11703
6729 9907 9581
6697 9912 9506
5849 9654 10611
9454 6656 10110
9335 8470 8070
8651 9056 8523
7556 6848 11742
6517 10557 8985
6181 10525 9261
6028 9191 10961
5639 6985 12148
9499 7300 9417
9244 8508 8057
9230 7927 9130
9198 8040 8951
8980 8464 8826
8908 7280 10309
8348 9699 7937
6460 7996 11818
6164 8570 11438
6219 10591 9088
6140 9415 10773
5820 9352 10903
9180 7527 9615
9110 8345 8716
8296 9408 8416
7835 6606 11766
7127 10165 8768
6586 10021 9613
6477 10601 8923
6055 9022 11260
5746 10654 9554
9472 7354 9442
9354 7401 9605
9044 7611 9714
8016 8973 10521
7841 6199 11920
7068 10229 8807
6072 10310 9578
9705 7044 9262
9549 6589 10039
9341 8154 8443
8342 8629 10545
7341 9761 9302
6450 8279 11613
6055 11210 6961
9306 7194 9799
9018 8681 8585
8879 9035 8099
7538 10483 8097
6619 10923 8219
8323 10050 7452
8220 9869 7643
8174 9244 10125
7864 9454 10234
7529 10192 8353
7373 10075 8703
7268 10588 7911
5844 9094 11210
5552 10046 10358
5538 9682 10847
6588 10087 9538
9558 7334 9200
9511 7715 8977
8200 6504 11517
7396 7190 11822
7089 10167 8994
6876 7852 11653
6566 8062 11762
6410 9875 10070
9423 8020 8742
9026 6483 10687
8695 9127 8217
8515 9123 8649
8206 6097 11671
8123 9849 8102
8069 9642 9737
7402 6783 11976
7002 9877 9448
6214 10656 8991
9695 7693 7109
9104 8661 8343
8636 6651 11003
8335 7090 11018
8290 9724 8043
7656 9708 10064
7579 6603 11772
6488 10166 9413
9231 6585 10563
8700 8860 8695
8674 9246 8176
7724 9577 10047
6790 10512 8806
6558 10088 9572
6544 9724 10061
6178 10303 9598
5704 9217 11023
5625 10164 10183
9237 6178 10717
9223 7819 9392
8830 8741 8585
8201 6780 11296
6583 10152 9441
6030 10013 10026
8847 6346 11033
8610 9056 8578
8505 9301 8383
7466 9567 10212
7165 10660 7944
7014 9912 9334
6681 10592 8736
9292 8442 8124
9018 7730 9559
8911 8555 8725
8892 6947 10649
8781 9107 7975
7462 9100 10868
7443 9745 9322
6693 10855 8200
6658 7448 11954
6348 7658 12063
5959 9631 10533
5953 8696 11474
5643 8906 11583
5587 9853 10455
4952 11207 8190
4419 10311 9804
9234 7499 9623
8968 8767 8299
8657 9392 6336
8428 9287 8563
8412 6475 11326
8327 6149 11505
8216 9924 7592
7878 6773 11646
7115 9945 9203
6350 9116 10865
5984 9695 10402
5445 9920 10498
5431 9556 10987
5014 11284 7995
9311 7053 9896
9108 6700 10620
8436 9524 8128
8433 9380 8414
7839 8527 11201
7559 10378 8113
6988 10984 7780
6922 10474 8667
5599 9439 10983
5537 9163 11154
5519 10748 9260
9636 7135 9161
9300 7204 9700
9261 7881 9146
9153 7344 9927
9107 8546 8478
9015 8395 8735
8127 8860 10475
6856 9888 9625
6493 10654 8850
6303 9749 10210
6177 10194 9649
5551 6904 12233
9838 5609 9391
9532 7371 9312
9130 8681 8147
8733 9280 7959
7882 10161 8033
7103 10187 8832
6345 10077 9645
6333 9948 9823
6230 11325 6698
6131 10645 9433
6041 10020 10018
5393 9245 11259
