30 3
10081
799 159 491 698
514 933 66 653
588 93 87 993
917 557 158 861
930 943 14 621
699 259 286 856
425 218 784 173
441 251 977 75
498 319 929 60
619 538 505 409
394 882 25 755
889 205 854 373
889 155 743 700
693 440 62 957
710 160 838 580
865 437 332 701
673 328 885 375
408 17 933 760
518 605 702 239
900 367 542 495
576 833 53 812
872 750 188 287
1000 945 73 616
716 757 562 195
439 819 418 345
777 347 798 226
471 961 161 618
672 921 238 182
682 255 644 603
588 179 558 707
1772
7800 10019 8090
8045 10372 7542
7826 10315 7756
7467 10368 8054
7304 10285 8138
7126 10239 8293
10283 7246 8624
10182 7101 8737
9516 7507 9158
9416 9340 8498
9280 7990 9392
9235 9564 8397
8741 7640 9898
8752 8865 9296
8851 8313 9572
8871 6758 10200
8077 7165 10696
7172 10820 7651
7708 7943 10437
8089 8566 10088
10311 5438 9141
10149 7972 7885
9484 5349 10056
9382 6854 9663
9353 8231 9164
9033 8001 9670
8669 6171 10621
8612 7276 10190
8588 9189 9309
8286 7947 9925
7971 5922 10900
8090 8913 9970
7774 10639 7146
10561 7060 8177
10222 6394 8994
10430 8163 7468
9740 6812 9425
9349 8589 8911
9449 6027 10016
9069 9365 8534
8506 6842 10516
8177 7668 10127
8659 9601 8565
7997 9649 9239
7624 10515 7632
10570 7016 8492
10048 6448 9242
8496 7214 10358
7741 9726 8615
10484 6545 8778
10360 5541 9100
9055 6027 10381
8608 7634 9937
8512 7481 10032
8756 8507 9549
7718 7640 10574
7921 8519 10293
10649 5457 8790
10335 6218 9110
9837 5942 9771
9549 9027 7272
9641 7865 8785
9333 5868 10384
9515 8788 8774
9158 7166 9684
9257 6614 9960
9267 6242 10118
8947 6012 10624
8514 9858 7389
8495 9925 8578
8354 6659 10817
8236 10079 7725
7784 7197 10861
10194 5342 9237
9726 6339 9650
9554 6650 9602
9272 6493 10079
8463 7021 10456
8182 9067 9593
7908 6771 11019
7165 10071 8541
10842 5487 8216
10385 7598 8138
10027 6031 9504
9921 7089 9162
9830 5262 9916
9359 5248 10236
9173 7045 9803
8329 7415 10384
8010 7563 10440
8110 7358 10598
7809 9342 9711
10964 6354 6949
9905 5894 9756
9826 4891 10108
9386 6496 9916
9373 6676 9792
9407 7234 9477
9212 5160 10417
10529 7611 7744
10007 6686 9177
9906 6541 9290
9703 8567 7984
9445 6537 9839
8980 7023 10039
8703 6711 10405
8783 6433 10437
7750 10824 7139
6114 11291 6438
9755 6890 9299
9181 8542 9116
8499 9567 8831
8095 5496 11058
8407 9413 9208
10730 5832 8473
9793 8662 7612
9781 8236 8138
9127 7496 9658
8683 8266 9777
8019 10076 7876
7044 10712 7845
10914 5906 7584
10462 4841 9189
10121 5101 9465
8824 5245 10662
7379 9856 8684
10923 5862 7899
10403 6170 9095
10163 7420 8464
10125 4743 9718
9615 8242 8221
6035 11155 6575
10710 7387 7845
9440 7427 9379
7894 7807 10321
7762 10811 6675
6893 10601 8098
9705 8150 8242
9822 7641 8886
9168 8813 8810
8405 6766 10608
7391 10877 7437
10721 5876 8158
9660 7084 9276
10871 7186 7507
8961 7297 9795
8592 8831 9562
10177 6812 8950
9552 8248 8270
8474 5510 10769
7621 7243 10685
10184 7160 8732
9332 4986 10577
9056 6374 10263
7712 7691 10435
7674 10626 7305
10657 5591 8701
10003 7384 8631
9696 8413 8109
8785 7130 10048
8310 7762 9932
9962 8012 8239
9966 7654 8492
9605 8124 8532
9131 9588 7260
6840 9489 9313
7724 10528 7473
9742 8793 7450
9160 5297 10529
10081 5073 9671
9345 6734 9851
8305 7667 10052
6950 10953 7518
8994 7490 9697
8428 10134 7251
10991 5814 7884
10890 5669 7997
9883 8196 8087
9566 7696 8849
8674 6889 10311
9595 7876 8606
8518 8243 9908
7997 7859 10127
7342 9671 8874
7000 11064 7191
9999 7742 8378
9607 7707 8790
9881 7831 8463
9789 7448 8984
7658 10075 8237
8178 9425 9340
10798 5784 8458
10785 6715 7793
8884 6578 10324
8619 9812 7498
8352 10048 7355
8302 9937 7682
6938 9932 8765
9166 6166 10210
8378 10023 7578
8544 5715 10656
9317 7468 9227
9869 8748 7508
9888 7985 8338
8938 7509 9787
8469 5415 10889
9406 7146 9574
7941 6964 10921
9994 4938 9903
9795 8721 7607
8540 10032 7143
7886 7687 10369
10109 6860 8965
9973 7292 8877
9449 9126 7369
9254 8783 8888
7307 6225 11137
9922 8422 7553
8707 7082 10213
10098 7828 8270
7116 9978 8610
9554 6081 9965
9701 8508 7989
9608 7672 8883
9429 8317 9060
8776 6952 10177
9788 7874 8523
8209 7589 10224
9641 4837 10237
9975 7194 8747
9928 8245 7876
6884 10500 8282
10637 7146 8073
7877 10132 8023
9873 8390 7761
9805 4513 10224
9044 9617 7157
9437 6986 9524
7482 10571 7779
10922 5215 8365
7750 10229 7860
7776 7895 10422
10246 7750 7938
6886 9852 8988
8104 7427 10355
9653 6098 9878
9535 7233 9402
11043 5338 7629
9832 8888 7078
7072 10807 7810
8474 5187 11026
10750 3927 8671
10274 5070 9386
9999 6499 9381
9164 4939 10782
7240 6028 11307
9823 6842 9284
9160 7225 9679
11156 5259 7680
9951 8529 7535
8543 9726 7602
8076 6818 10814
10548 5312 8903
9086 7183 9804
8735 9781 7128
8685 9670 7455
8772 7310 9924
9545 7677 8902
9256 9538 6864
7256 9729 8712
10242 4839 9622
7119 9708 8866
9093 6938 9973
8772 9641 7558
8378 7714 9917
7307 10015 8394
7084 10308 8281
8852 7038 10073
8590 9822 7373
8277 7541 10209
7969 10286 7646
8575 7441 10035
8328 10233 7348
8069 10187 7549
7536 10221 7945
8687 8637 9585
7990 9118 9812
9639 9062 6744
8536 10063 6890
9483 8892 7748
8790 5046 10712
8519 8590 9790
9587 6843 9504
8660 9612 7579
8477 10093 7155
9483 7359 9227
9184 7837 9487
6818 10096 8577
9603 8065 8537
7436 10208 8104
10113 6502 9218
9680 7183 9145
8476 5569 10764
9455 7095 9435
6544 9555 9247
9658 7937 8506
8160 9993 7829
10063 8027 7835
10581 5505 8805
9888 8468 7635
10641 6788 8326
7810 9935 8193
9642 8892 7547
9473 8941 7376
9094 9728 6830
9627 6891 9374
9324 7365 9547
9163 6949 9953
7126 10457 7976
9606 8064 8350
7818 5679 11194
10930 5857 7601
10628 5040 9052
10616 4645 9149
7536 10003 8262
6984 10295 8440
10042 8248 7713
8327 6820 10681
5437 11084 7078
9585 7377 9122
10742 6086 7798
9256 9416 6952
8518 9668 7726
10495 5034 9091
8440 10233 6725
9927 8694 7101
9417 4598 10469
6326 11090 6233
8970 5061 10676
7686 9944 8403
11212 4110 7925
10436 6363 8997
11225 5858 7199
11003 6580 6415
9761 4663 10397
8164 5989 10832
9348 7460 9363
10449 7883 7595
9617 7652 9045
8711 9966 7121
10139 8113 7731
8751 5004 10890
6332 10841 7991
7589 5814 11138
10959 5587 8001
8197 5693 10905
8374 5609 10866
9160 7689 9560
9764 8569 7889
8069 7828 10094
7675 7750 10535
11119 5424 7525
6493 9514 9349
8902 9673 7304
9813 7685 8571
8757 7226 9933
10918 5573 8112
6086 11196 6473
9576 8156 8479
10332 7720 8016
10137 8054 7736
9510 8801 7806
9640 8833 7552
9661 8612 7674
8680 7228 10175
7030 6408 11273
7400 10171 8224
7522 5617 11308
10945 6634 6822
8412 7454 10089
5158 10865 7525
7389 7977 10356
6372 11065 6432
9757 5021 10144
8091 5748 11060
7292 8069 10296
6720 9653 9125
10718 6146 7902
8542 7317 10112
9381 6865 9723
8023 7743 10241
8676 7586 9922
8755 8160 9667
7484 10141 8168
7421 10005 8379
8811 9867 7024
8761 9756 7351
9454 4967 10157
9834 8947 7073
9475 7666 8922
11124 5713 7312
7321 8025 10371
9602 8422 8097
8210 7861 10029
8417 10236 7005
7043 8156 10547
8157 10372 6919
8107 10261 7246
7028 9796 8841
7098 10144 8328
9826 7283 9139
8851 6385 10422
8344 7502 10104
7441 9749 8648
6591 10304 8585
9475 9000 7371
7927 8000 10223
9929 8753 7096
5835 11072 6885
10106 5023 9591
8628 5429 10720
6717 9923 8869
5516 11220 6941
8406 7583 10083
11203 4154 7610
9662 7143 9271
9518 7566 9153
10756 5016 8502
10095 5983 9489
10931 6161 7047
9995 7373 8669
10427 7526 8039
9888 6896 9260
9406 6109 10156
7904 5725 11070
10147 8302 7662
7220 7852 10663
9499 9237 7042
9459 5149 10139
6511 9782 9059
7775 7548 10540
6758 9453 9373
6986 9865 8829
9904 7936 8355
9629 6950 9369
8278 7813 10014
6490 9442 9416
8789 6772 10301
7738 10163 7940
6258 10165 8668
6198 9966 8946
8682 7919 9895
7175 10257 8261
4877 10952 7589
9876 7746 8471
9887 7322 8799
7279 10061 8526
9415 5479 10092
9695 7970 8370
8516 10319 6621
8466 10208 6948
7523 10342 7924
5656 11141 6864
9680 8091 8251
10898 6550 7153
5986 11183 6632
10014 7054 8942
9700 8055 8362
5645 11135 6875
10697 5639 8571
10208 7469 8253
7265 10084 8382
6928 10001 8683
9470 8905 7491
10143 5391 9346
7785 7542 10482
9983 7791 8361
9759 6532 9552
10154 7425 8295
9350 7314 9412
7994 8760 10065
10810 6038 7783
9686 7522 9009
9466 7795 8895
8678 10007 6743
7089 10580 7924
8474 7365 10127
8259 5795 10855
7026 10444 8135
6715 8792 10133
11022 6493 6266
10040 5311 9606
6747 10225 8582
10015 6255 9340
9044 5113 10622
8578 9994 6902
9921 4697 10131
8670 6518 10503
6826 9405 9358
10151 5181 9451
9785 8750 7248
9517 5979 10001
8382 6952 10542
11044 4063 8130
11143 3511 8406
9201 6987 9744
7675 10556 7530
7596 10420 7667
10090 7179 8692
7780 7643 10420
5488 11125 6976
10001 7325 8636
9867 7568 8600
8542 5656 10661
10376 7642 7823
9413 4956 10216
9232 6819 9917
7582 10584 7620
9456 5026 10152
10235 8278 7139
9971 8066 7936
9441 4942 10161
8272 7543 10129
7421 9663 8702
6581 10026 8719
10281 7836 7800
8780 7521 9694
8057 10359 7078
8375 5396 11056
10020 4928 9757
9915 5123 9684
7628 10375 7568
10394 4929 9257
9902 7877 8360
8655 4851 10985
9783 8295 8133
9833 6300 9518
9062 7442 9682
7484 8043 10352
7240 9887 8601
5237 11001 7388
6937 9772 8898
6916 8602 10082
6539 9877 9024
7794 10383 7415
9899 7240 8931
9568 8414 8184
9254 9479 6869
10664 3456 8957
9842 4882 9912
10065 7635 8368
8199 5752 10900
10351 7440 8143
9662 5215 10121
9000 7191 9945
7644 10259 7901
7612 7790 10532
8279 7697 10004
7662 10312 7769
9690 8944 7225
8892 6698 10276
6837 9759 9057
7985 7437 10558
6545 9941 8910
10806 6396 7530
10183 4622 9636
10102 7470 8523
9239 6300 10177
7236 9804 8770
8585 5608 10660
8178 7310 10583
9558 6292 9855
9403 7592 9224
9880 7559 8658
8064 10092 7669
8062 7913 10103
9129 6615 10035
7296 7736 10824
10562 5785 8678
10661 5233 8954
7046 10188 8404
10479 3036 9204
9684 9078 6537
9692 9003 7220
9601 8607 8086
9968 7713 8487
9686 6291 9780
7345 10296 8079
8475 5222 10882
9398 4878 10342
8578 10106 6840
9570 7872 8635
7320 7973 10411
10324 7186 8415
9802 8015 8260
8416 10306 6780
8366 10195 7107
9505 7746 8908
8973 5392 10476
7931 7748 10221
7487 10112 8323
10192 5494 9305
9401 6964 9592
7824 7585 10419
10044 8307 7708
7506 7356 10858
10109 8382 7199
9895 7472 8715
7764 10160 7780
7714 10049 8107
10858 5438 8233
9877 8904 6871
7371 10215 8149
11031 6002 7488
9656 7878 8511
9551 9086 7267
9367 7186 9607
10303 4789 9563
9707 8209 8237
8373 7619 10037
6251 9634 9241
6100 9523 9494
6627 10389 8394
6312 9614 9254
6430 9565 9262
6984 10513 8123
9815 7744 8566
8875 5255 10653
11063 3783 8257
10977 3312 8543
10287 5300 9328
10268 5580 9201
9987 7433 8614
9617 8096 8270
9089 9633 6950
8014 7205 10693
6286 10478 8316
10563 4986 9076
9688 8483 7993
9597 8327 8217
8058 10289 7303
6910 6582 11113
9436 7785 9126
9291 7172 9645
8279 7448 10128
7384 10128 8327
8296 7222 10482
8205 7572 10242
9611 6584 9626
5735 11277 6727
9978 8002 8110
10073 7886 7989
8373 5337 11061
7140 10092 8443
7000 9701 8876
10821 5070 8478
9768 8603 7621
9543 7963 8577
7912 10512 7261
6425 10105 8722
9099 5969 10380
8148 10165 7358
7225 7872 10466
7157 9989 8551
6539 10095 8707
10069 7277 8621
9497 7826 8885
9088 6220 10283
7245 10501 7921
7203 10352 8226
5724 11271 6738
6956 10200 8475
9685 7846 8564
9283 6768 9771
8656 5198 10867
8423 10039 7371
7912 10039 7894
10911 6176 7328
9980 8061 8105
9964 8071 8234
9301 9432 6745
8688 6627 10414
7279 9719 8849
7146 9983 8562
8498 7273 10353
7962 10623 6934
7283 9703 8779
6244 10329 8621
5388 11112 7135
9591 6485 9757
8732 5284 10763
9922 8116 7924
9901 6252 9503
9060 6745 10071
8610 9822 7349
8560 9711 7676
8471 5474 10884
10771 5805 7975
10181 6454 9203
8391 10261 6782
8341 10150 7109
8038 10114 7551
7989 10030 7915
7120 6202 11147
9787 8809 7243
9300 6435 10020
9073 9007 8787
8840 7262 9909
8702 6364 10523
8058 7484 10423
7857 7438 10633
7704 10243 7781
10065 4710 9737
10113 7663 8230
9556 6709 9597
9285 6351 10029
10250 7053 8722
9613 7281 9237
8394 7665 9934
8181 10085 7441
9970 7829 8345
6439 10082 8866
9967 8438 7346
9924 8481 7548
9655 6795 9489
9829 7636 8588
9800 7660 8575
9781 7328 9032
8923 9678 6935
8635 9838 7166
11076 5531 7531
9694 8576 7720
7769 10544 7266
7528 10362 7727
7281 10635 7450
10939 6295 6958
10529 5592 8776
9089 6567 10165
7546 10630 7437
10422 8238 6785
8376 5668 10861
7690 7736 10459
4648 11146 7316
11152 5617 7427
9748 8043 8236
9415 5015 10211
8626 5370 10725
7725 10667 7203
6074 11368 6002
10891 5631 8135
10166 8022 7789
9634 7968 8465
9447 6444 9758
9407 4938 10233
8858 7371 9820
8137 7620 10257
10237 8337 7134
9431 5217 10203
9346 5008 10262
8918 7136 10009
8826 5304 10657
7384 10619 7446
6719 10130 8617
6146 9886 9169
9441 8937 7438
9233 6917 9797
9172 6436 10095
7694 10370 7574
7765 10030 8156
5864 11192 6661
10199 5363 9232
9593 6544 9752
8579 7083 10288
7781 9979 8118
6742 10605 7960
10431 7168 8292
10291 6993 8513
8939 6710 10185
8575 7510 10014
7408 6075 11102
6989 9973 8663
5536 10964 7210
11112 6027 6741
9043 5302 10448
9185 8184 9369
8924 6626 10194
7074 10377 8199
7585 6066 11140
11123 5066 7778
9759 8387 7907
9397 5018 10253
7770 9973 8129
7617 7495 10687
7686 5916 11105
7596 10219 8087
9259 4745 10805
7685 7447 10672
7303 10365 8067
9933 7461 8590
9595 8268 8222
8541 5384 10856
8091 7676 10210
6302 11275 6226
9757 6949 9294
9571 8743 7555
8607 6987 10403
7137 9976 8576
6400 9908 8941
10126 5122 9460
9682 8150 8246
10218 6752 8741
9234 6118 10195
9000 8766 9015
8324 10264 7095
6072 9428 9529
9593 6065 9897
9240 6947 9711
8971 5333 10481
8539 7035 10418
10269 5093 9350
9827 8793 7198
9441 6628 9777
8587 8113 9872
7944 6013 10842
9994 8513 7025
9493 4684 10365
9419 4657 10464
8965 6939 10048
8850 7184 10024
8309 8970 9756
6226 11189 6330
11051 5472 7540
10854 5263 8380
10708 5953 8078
10678 5958 8298
10170 7664 8042
9451 6086 10011
9325 6566 9945
7973 5981 10895
10534 7415 7367
9752 6777 9383
9205 6629 9997
8894 6757 10271
7763 10741 6900
7524 10124 8139
7677 9728 8689
6653 9525 9332
7884 9986 7940
9550 6172 9903
9018 7231 9819
6013 11118 6730
5593 11192 6777
9780 7686 8576
8993 6843 10163
7537 10360 7675
7487 10249 8002
6214 9171 9802
5707 11182 6762
9447 6908 9639
8506 6911 10495
7539 7549 10760
11032 5828 7773
10068 7098 8900
8486 9952 7217
7674 10738 7243
7245 9905 8586
10772 4967 8519
8792 5105 10707
5696 11176 6773
10039 8592 6993
8777 5021 10716
8753 5063 10885
5412 11416 6676
10096 6630 9023
9569 8651 7775
8785 6492 10432
8445 7647 9991
7853 7494 10467
6521 9383 9515
10800 3985 8602
10755 5815 8104
10159 5315 9362
10071 8216 7766
9946 8347 7553
9226 7118 9669
9091 6626 10160
8134 7882 10070
7454 10476 7814
7121 9952 8671
6328 8874 10067
10624 5398 8799
8759 7285 9928
8049 7683 10161
7914 10500 7126
6540 8965 9827
6462 6967 11003
6216 10234 8656
9259 6673 9955
8396 7419 10200
7908 5473 11068
10525 7969 7491
10302 5286 9252
9478 6730 9741
9244 6589 9964
8971 8922 9082
9997 7683 8383
9720 6849 9465
9659 6437 9742
9572 7931 8630
8998 7132 9950
8927 6950 10173
7313 6269 11079
8852 5148 10662
6553 9730 9174
6223 11139 6363
6212 9601 9413
6452 10677 8179
11055 5114 7793
7952 7244 10656
10254 8191 6990
10143 7755 7984
9893 7413 8720
7886 10537 7038
7836 10426 7365
10118 4369 9810
9519 6038 9996
10830 3655 8820
9998 7975 7994
9603 7185 9387
8806 9772 7144
8790 9146 8981
7821 7138 10761
6988 8374 10335
10251 7290 8313
9071 6360 10187
8493 7091 10371
8446 5578 10833
7346 7847 10497
6886 10070 8671
9753 7042 9367
11042 6237 6535
10056 5999 9557
9711 5077 10097
9171 6348 10192
8730 9648 7509
9890 8527 7630
9525 6113 9912
9443 6478 9844
8925 6891 10178
8771 6663 10390
8676 9568 7583
7575 7955 10377
9875 8443 7639
9145 7141 9688
9131 6674 10030
8756 6579 10399
8261 5854 10850
7745 10411 7472
10229 8208 7359
9502 7040 9500
8833 9643 7463
8028 5299 11228
6782 8612 10072
6672 6587 11037
10933 5559 8036
9668 6084 9802
9090 6815 9986
8789 4699 10830
8473 8646 9743
7865 10304 7552
6942 8011 10660
6472 9680 9194
9230 6760 9922
9075 6731 9995
7616 10164 7936
10050 6507 9237
9592 8146 8350
7486 10431 7715
10423 4615 9723
10052 6357 9304
9653 7329 9107
9368 6387 10005
8688 7362 10086
8177 7737 10106
8073 7470 10347
7098 9943 8748
10183 7393 8348
9728 6398 9645
9613 6643 9621
9353 6303 10014
9306 9411 6708
8975 8564 9335
8775 7034 10198
6614 8647 10246
5266 11121 7164
9590 8040 8541
9095 6997 9968
8152 10277 7039
6979 9693 8882
6605 10140 8632
10912 6002 7613
10630 5737 8663
9070 8370 9358
9827 6484 9537
9320 7601 9219
9058 6433 10258
8163 8058 9990
8097 5555 11053
10122 5013 9462
10075 7945 7984
10030 7326 8608
9476 6671 9746
8465 7080 10451
8108 10400 6976
8076 10153 7404
8026 10042 7731
10931 5683 7886
9563 8614 7780
9523 4924 10223
8905 7316 9885
8832 8593 9445
8416 5750 10691
6160 9722 9216
11007 6247 6943
10698 3093 8990
9269 6939 9729
9157 6519 10150
9002 6490 10223
8658 5257 10862
7326 8017 10353
6295 10370 8519
6007 10259 8763
9006 7461 9772
8690 6686 10409
8564 7166 10343
7758 7688 10444
11200 4424 7354
9020 7290 9814
8754 9388 9172
11232 5853 6901
11139 3869 8153
10456 7370 7972
9991 4960 9704
9669 6624 9531
9655 6157 9873
9651 8718 7759
9354 6956 9665
8902 8323 9563
6858 9757 9023
10023 6389 9251
9908 8212 7904
9164 6867 9932
9062 6804 10066
8923 9765 6916
8640 9817 7129
7579 7597 10630
7547 10096 8203
5554 11159 6949
11040 6440 6845
9435 6660 9805
9254 6855 9738
8918 9064 9159
7533 10612 7677
6815 8805 9974
6198 11094 6365
10116 7779 7983
9754 6243 9765
10826 4013 8567
10443 7083 8148
10407 6677 8531
10139 8377 6979
10111 8441 7194
9287 6410 10024
9161 6890 9958
8757 5342 10639
6358 9977 8929
10192 7772 7804
9931 7878 8332
9871 8545 7198
9683 7793 8686
9477 7725 8917
9106 9669 6328
8857 5330 10644
8198 7870 9968
7623 10355 7765
7257 10225 8164
7253 7776 10581
7234 10495 7932
6590 9918 8922
10418 5420 9018
10304 4816 9290
9954 8476 7328
9761 6591 9547
8543 5443 10851
8427 9982 7482
11192 5665 7297
11031 4334 7824
8889 6575 10289
8462 10009 7164
10357 7922 7696
10156 7484 8290
9599 5323 9985
9205 6701 9931
7718 7345 10652
7117 8006 10402
5109 10893 7582
10064 7334 8572
9663 8220 8207
9563 8131 8483
9354 5066 10254
8159 7628 10195
6439 9740 9189
10958 4093 8052
10424 8297 6780
10063 7519 8510
9076 6542 10169
8641 6765 10388
8476 7424 10122
9750 8102 8231
9516 6778 9603
9430 6307 9889
9348 6672 9821
9332 9439 6673
8963 7356 9790
8253 7754 10023
7186 10455 8118
10817 4496 8562
10210 7005 8852
9596 8133 8268
9209 5037 10430
8923 7425 9796
8881 7006 10126
7905 5350 11081
7212 9864 8696
9334 6993 9705
9273 6581 9982
9041 4990 10635
8473 6718 10593
7791 7881 10346
7312 5997 11274
7276 10190 8173
6793 10588 8257
6308 9574 9291
9802 6425 9546
9188 6962 9748
8995 7009 9963
7344 7426 10821
6417 9833 9104
10050 7886 7993
9695 8219 8160
9688 6350 9775
9548 6589 9645
8505 6495 10634
8192 5598 11025
10377 7190 8158
9995 4602 9957
9673 6266 9784
9388 6555 9911
9302 7516 9316
8955 7236 9838
8687 6280 10532
8245 7634 10071
8109 7011 10716
9839 6639 9382
9584 7459 9143
9449 6762 9688
8926 6685 10189
8782 7580 9689
8775 9149 8955
8639 9781 7277
8224 10251 7254
7796 7594 10437
5972 9415 9688
10300 5508 9119
9520 7149 9411
9149 9093 8683
6260 9534 9477
10542 7340 8050
9836 8555 7606
9172 6505 10074
8688 5472 10675
8057 10471 7016
10788 6189 7552
10510 5911 8503
10137 4842 9544
9848 7638 8561
9594 9043 7065
9544 8932 7392
9275 6431 10049
7262 10354 8126
6149 9994 9003
4369 10927 7763
10862 5084 8367
10072 6740 9153
9536 7868 8707
8764 6713 10310
8682 7078 10242
8582 5485 10673
7245 9799 8690
5943 11328 6524
5668 11080 6897
9949 7987 8243
9935 7520 8585
9168 6225 10205
8511 10224 6741
9925 4339 10384
9481 7367 9170
9512 8860 7801
8922 6768 10191
8668 8917 9458
8078 7651 10214
6429 6774 11101
5375 11228 6928
10912 6441 6920
9968 8196 7784
9917 8327 7673
9622 7978 8388
9238 6894 9833
8907 6684 10200
7902 10089 7816
7388 9770 8580
7365 10040 8348
7127 10596 7706
7077 10485 8033
9595 4893 10190
9267 6311 10097
8467 10347 6678
8072 5772 10865
6463 10386 8407
5607 11169 6921
10235 5089 9422
9784 8110 8195
9589 6902 9499
8853 6444 10417
8698 10007 6719
8674 6958 10290
7698 5853 11034
10823 5767 8089
10227 5267 9347
9879 8963 6866
9829 8852 7193
9682 7242 9140
9574 6818 9508
9560 6351 9850
9361 6437 9925
8996 7549 9692
8599 5473 10645
8574 6365 10598
8126 10299 6921
6502 10788 7852
6302 9465 9489
6297 9997 8916
10850 4689 8464
10317 6564 8564
10129 7653 8101
9996 8572 7020
9934 6445 9405
9928 6583 9228
9768 8211 8142
9584 7707 8794
8967 6998 10043
8827 7237 9913
8117 7635 10146
7981 7012 10791
7657 5960 11030
7574 10725 7402
6411 9987 8901
6144 10534 8463
11044 6082 7098
10238 5197 9369
9421 7701 9135
9327 6625 9940
9321 6763 9763
9334 8511 9037
7570 10756 7149
6919 9668 8999
5596 11163 6932
10536 7474 7362
10370 5238 9237
10021 7973 7960
9835 6618 9448
9312 6541 9949
9066 7084 9935
8269 10270 6811
7216 10112 8439
10044 8571 6956
8616 9645 7672
8494 5160 10910
9770 8662 7616
9552 6231 9898
9045 5361 10443
8591 8484 9680
8005 7410 10442
7958 7689 10265
10666 6025 8177
10455 4467 9281
10191 5147 9423
10138 7361 8473
10017 6314 9335
9782 7745 8571
9607 8414 8079
9171 6089 10213
9011 9863 6305
8961 9752 6632
8959 6878 10091
8723 10023 6536
7853 7796 10380
7815 10141 7829
6888 10142 8535
6586 8552 10281
6319 9099 9843
6116 10221 8815
11031 6449 6581
10041 7670 8279
9576 8548 8095
9522 4652 10418
9424 6961 9528
9330 8869 8784
8779 8791 9208
8759 9616 7562
8578 6736 10406
8049 10014 7795
6705 10294 8570
10153 7614 8138
9347 8741 8979
8640 7564 9990
8104 7496 10334
7810 9967 8058
7325 7745 10548
10196 8052 7673
9308 6624 9951
8629 10035 6800
8032 10413 7140
7035 10336 8338
10258 8176 7412
8715 7271 10144
8561 7043 10356
8545 6597 10463
8130 7865 10088
8109 8826 9821
8005 7753 10136
7813 10852 6573
7584 5719 11258
4867 11203 7102
10041 8651 6988
9248 6522 9991
9261 8270 9265
8393 6701 10639
7743 10075 8029
6741 10037 8702
9950 5198 9639
8655 7169 10184
7786 10524 7197
7736 10413 7524
7578 7325 10825
7048 9758 8793
10900 5366 8134
10451 7217 8059
10126 4190 9797
9982 6627 9186
10020 8399 7499
9713 7784 8668
9679 6536 9611
9228 7177 9664
9020 6253 10396
7782 10555 6944
7754 10466 7392
7591 6110 11082
7695 10300 7799
6764 9998 8696
10814 6217 7517
10617 6008 8357
9736 7170 9172
9213 7093 9673
9000 6712 10090
8367 6868 10551
8177 6963 10701
7623 7539 10629
7555 9656 8714
7010 7963 10645
6976 10089 8456
4856 11197 7113
10308 6591 8639
10093 5169 9529
9793 7090 9237
9707 6619 9523
9534 8173 8307
8886 6637 10319
7910 5532 11063
6563 10209 8620
5415 11047 7233
10125 6598 9076
10118 7838 7978
9955 8080 7970
9736 6036 9787
9453 6783 9622
9351 6720 9756
9172 7234 9629
9158 6767 9971
8607 6558 10500
8394 7734 9913
7846 10059 8025
7252 10548 7800
7066 9814 8772
7079 8108 10345
10725 5543 8686
9686 6884 9393
9143 6683 9980
8999 8419 9133
8979 5521 10428
8860 7430 9815
8450 5695 10762
8202 7834 10055
7562 10299 7928
7217 10406 7956
6753 9992 8707
6278 9909 8937
10123 7811 7901
9938 6087 9658
8854 5207 10657
8479 7288 10130
8406 9066 9326
7418 9933 8446
6901 9747 8955
6867 9982 8692
6442 8522 10375
6148 10176 8716
6118 9791 9204
4995 11121 7280
10054 8166 7862
9825 6901 9279
9557 5945 9973
8973 9212 8629
8839 5123 10666
8215 7643 10099
10256 8250 6985
9968 8410 7216
9810 6817 9288
9785 6970 9285
9699 6499 9571
9587 7436 9117
8964 6592 10166
8848 6813 10224
8593 5666 10652
8152 7678 10115
6682 8599 10231
5417 10957 7220
10164 6582 9008
9880 7388 8724
9657 7699 8690
7975 10540 6695
7206 10400 7967
6596 9982 8808
6416 9386 9437
10488 4660 9183
10452 5116 9231
9944 6822 8975
9813 8406 7881
8559 9874 7182
8509 9763 7509
7518 5869 11310
7076 10667 7746
6922 10640 7870
6730 9358 9408
6304 10746 8026
6114 9158 9961
9858 8137 8096
9552 8632 7867
9457 7154 9430
9073 6419 10182
8947 6899 10116
8611 6929 10308
8448 5637 10828
8416 10418 6718
7550 7298 10857
7416 6264 11033
7386 10418 7874
7356 10033 8362
7025 10066 8585
6619 9965 8727
10345 5179 9246
10251 6945 8643
9761 8446 7902
9634 6378 9751
9420 8982 8751
8480 7066 10375
7203 10570 7909
6950 6428 11040
4814 11345 7179
10999 5635 7871
10280 8294 6932
10231 8267 7354
10070 8599 6921
9495 4743 10360
9402 6467 9903
9067 4540 10833
9041 7025 9944
7382 10180 8286
11022 6233 6867
10744 5955 7818
10012 7357 8556
9527 6172 9907
9070 6442 10208
8787 7189 10043
8077 7587 10276
7995 7952 10208
7977 5966 10842
6300 10113 8783
10284 7243 8313
9281 6715 9893
9119 7376 9706
8758 6638 10394
8579 7152 10267
8506 6616 10573
7222 7934 10443
6235 9610 9336
10760 3865 8614
10132 5461 9324
9981 7925 8090
9715 4719 10350
9352 7102 9616
9266 6631 9902
8774 7833 9800
8450 7520 9995
7611 7518 10727
7192 10564 7920
10308 7229 8255
9712 6729 9513
9670 6143 9797
9626 6258 9799
9576 5245 10043
9544 6623 9731
9053 6446 10298
8891 6351 10394
8791 4758 10825
8307 9618 9050
8220 7558 10166
7976 10140 7563
6908 10804 7823
10624 4466 9136
10171 7993 7682
10145 4976 9455
10091 6341 9236
9986 6269 9439
9856 7772 8472
9792 8084 8178
9715 7876 8448
9246 7286 9575
9077 6790 9990
9033 6905 9992
8776 4674 10834
8400 7061 10453
8198 5405 11018
7743 10181 7925
10451 5613 8920
10333 4784 9343
10202 4896 9520
10172 7474 8161
10116 4425 9806
9240 5063 10417
7889 7090 10746
6747 9883 8905
10131 7765 7907
9847 7366 8756
9769 6229 9689
9384 6913 9658
8538 6688 10536
6861 9873 8890
6856 10405 8317
11057 5811 7404
9355 6362 10009
9176 6876 9882
8845 9742 6937
8407 6825 10603
7564 10090 8111
6374 9237 9742
5677 9867 9285
10926 5394 8099
10729 5185 8939
10098 6689 9018
10043 7555 8450
9714 8320 7989
9029 8359 9417
8628 10217 6513
9946 7864 8256
9590 6138 9875
9528 8366 8314
9427 4846 10395
8266 7822 9953
5026 11144 6974
4976 11033 7301
10617 8123 7114
10299 7127 8424
9843 7010 9190
9829 6543 9532
9675 7996 8371
9459 6275 9942
9299 9495 6662
9249 9384 6989
8997 6785 10068
6258 9964 9088
6098 11081 6524
10930 5036 8352
10197 6775 8910
9661 8805 7398
8479 7342 10089
8375 5739 10750
7302 9728 8772
7151 10900 7247
6696 6866 11007
5915 11233 6559
10657 3082 9049
10578 5775 8549
9967 5070 9834
9766 8456 7649
9565 8673 7775
8972 5120 10671
8961 6479 10282
8835 7371 9824
8418 5809 10686
7489 5913 11235
7396 10016 8333
7000 9500 9296
6793 10646 7858
6728 8295 10554
10382 6618 8540
10132 7286 8557
9913 6028 9667
9530 5301 9996
9358 4976 10431
9159 6578 10145
9114 9594 7011
9085 8389 9211
9004 6549 10218
8463 7443 10036
7628 5943 11062
7521 7342 10782
10378 5372 9148
9667 6571 9653
9584 6730 9588
9527 6810 9523
9445 7175 9455
9320 6675 9860
9144 6494 10154
8848 8583 9316
8566 7225 10338
8492 9036 9404
8331 7705 9931
7337 9945 8383
7070 10492 7945
10255 6587 8896
10024 4570 10010
9760 6911 9294
9498 6259 9874
9074 7218 9846
8920 6990 10058
8522 5664 10729
8377 10080 7314
8327 9969 7641
8274 7602 10124
6974 10364 8358
5312 11621 6518
9993 5019 9699
9685 8849 7345
9664 8085 8253
9513 4852 10271
9103 6635 10110
9070 6013 10305
8991 7377 9781
8445 5231 10951
7886 7458 10513
10111 6919 8960
10025 6448 9246
9970 7314 8678
9785 4982 9923
9463 6646 9750
9309 6418 9962
8791 6831 10296
8584 5261 10778
8179 10148 7358
7786 7297 10637
7537 10254 7930
6474 10693 7887
6274 9370 9524
10558 7330 7921
10004 8019 7936
9903 6882 9184
9619 8016 8554
9256 6914 9733
8410 6689 10611
7531 7617 10584
7412 7378 10806
6536 8925 9864
6116 10439 8498
10805 5160 8421
10280 4926 9420
9965 7977 8114
9770 6769 9418
9756 6302 9760
8924 6544 10296
8770 6316 10508
8761 5252 10816
7522 9941 8416
6431 9658 9199
11134 5410 7449
10657 4659 9038
10538 5587 8945
10445 7142 8143
10358 6927 8520
10319 7742 7834
10141 8436 6974
10124 6534 9138
9741 6218 9769
9115 5017 10536
8793 6681 10363
8759 5401 10634
8755 6232 10517
8311 9260 9303
8142 7392 10394
8014 9422 9353
8002 7631 10264
7680 7742 10517
7040 9374 9361
6451 9949 8839
10851 6052 7672
10149 4618 9708
9897 7588 8573
9860 7414 8725
9749 9023 6553
9730 7095 9256
9720 7653 8595
9626 8659 7768
9517 6714 9673
8166 6048 10827
10089 7837 8006
9873 8604 7193
9588 7101 9396
9502 6630 9682
8472 8299 9861
7981 5324 11115
7084 8014 10392
10306 4875 9285
9851 8541 7530
9568 7755 8844
9466 7692 8978
8977 9106 8627
8848 6564 10348
8785 4951 10832
8419 8795 9632
6420 9652 9210
6291 9004 9878
10839 5757 7960
10544 7882 7342
10291 4791 9294
8464 10068 7159
8414 9957 7486
8348 9977 7617
8255 7211 10541
6557 9372 9427
5137 10864 7553
9307 7698 9298
9293 7231 9640
9207 6760 9926
8832 6665 10295
8818 9833 6879
8779 6557 10399
8768 9722 7206
8372 4990 11179
7963 7588 10327
7814 10487 7285
7490 9705 8699
6278 9569 9339
