30 3
10717
1000 989 355 32
485 124 500 891
868 273 630 699
766 381 647 596
906 181 813 567
541 221 868 561
966 804 134 726
375 523 881 237
590 633 593 496
565 989 106 240
844 662 124 825
748 995 190 19
556 985 165 72
393 576 798 79
665 949 199 65
353 605 467 221
878 155 199 929
906 350 331 718
890 495 463 532
792 910 178 749
547 811 445 278
789 758 367 362
836 903 170 372
771 77 203 982
424 874 86 450
1000 555 292 609
408 756 822 39
928 706 271 474
876 108 532 642
768 427 840 293
1082
10027 9206 6830
9370 7740 8830
9627 8656 8008
10776 8552 7773
9941 9270 6962
7990 7590 9246
8503 8744 8857
11790 8782 6347
9400 8295 8636
8792 9262 8325
12351 7162 6938
11694 8539 6810
11261 8289 7436
10064 8582 7912
10068 9008 7317
9972 8765 7780
10122 7652 8441
8130 7439 9255
12087 8256 6826
11498 8112 7093
10957 8807 6580
10018 8815 7548
9137 9241 7950
9818 8555 8186
9343 7365 9120
8647 7763 9036
7536 7787 9238
10988 9136 6240
10880 7517 7840
10480 9027 6333
10060 8641 7744
9714 7945 8601
9646 8322 8362
7741 7748 9129
11502 8335 6983
11236 7457 7596
11109 8618 6967
10184 7042 8539
9364 8752 8178
9987 8073 8337
9065 8010 8804
9091 8624 8442
7507 8118 9096
12324 8079 6483
11698 8965 6215
12420 8322 6020
10905 7930 7527
9569 7813 8787
8920 7878 8990
9019 9060 8035
12655 7606 6552
12179 8276 6473
10371 8633 7391
9024 8488 8575
9533 9563 7122
10833 7715 7633
10472 7810 8000
10158 8160 8035
10002 7454 8562
7294 7988 9162
7810 7566 9286
8834 8271 8926
10277 7678 8211
9360 8811 8010
9110 9666 7225
11974 7442 7172
11829 7639 7162
7979 7084 9437
10156 8884 7281
12025 8066 6879
9746 8991 7779
8883 9728 7402
8456 9077 8570
7483 7709 9322
13185 6581 5461
9129 9468 7646
12781 7097 5511
11406 8092 7446
10799 7201 7987
10803 7816 7821
8364 7069 9288
11025 7649 7654
10872 8795 7310
10345 9046 6755
9724 8318 8309
9441 9261 7753
9329 9656 6847
10016 8912 7429
10235 8669 7610
8285 9337 8429
8625 9601 8032
8751 8360 8839
12857 6225 6121
11030 7614 7531
8116 8813 8967
7303 7685 9362
8238 9670 8142
9772 8788 7822
9437 9320 7585
8704 8693 8552
7737 7285 9361
8311 8945 8756
10780 8978 7178
10456 9125 6377
8323 9881 7371
9023 9001 8203
9106 8912 8290
10499 7372 8207
9648 9583 6912
11737 7619 7515
9774 7774 8678
12808 7287 5028
10179 9087 6939
9420 7874 8695
10391 8168 7813
9704 9165 7583
7696 6790 9514
9054 9330 7863
8054 9694 7803
10683 7618 7942
8731 9917 7015
10973 7553 7766
10142 9475 6412
10213 9322 6448
8766 8648 8687
7087 6304 9612
7755 7943 9047
10258 9194 6500
9750 8932 7947
8937 9750 7084
8480 9469 8218
9327 8014 8711
10865 8990 6448
9775 9337 7030
8142 9427 8605
8719 8981 8400
9282 7864 8866
9945 9211 7130
9374 7681 8998
10333 9307 6115
9451 7382 9017
8358 8612 9043
9700 9224 7415
8050 9753 7635
12701 7799 6249
10398 9169 6471
7101 9680 7862
10606 7917 7923
6531 6855 9571
8639 9615 7646
10031 9396 6790
10073 8973 7194
9991 9240 6823
9101 7566 9044
9768 9492 6960
12902 6497 5903
10141 8283 7931
10395 8109 7981
6612 9095 8806
11017 8801 6835
11085 7478 7731
10182 9034 6787
9859 7418 8661
6700 6373 9722
8159 7108 9397
10213 9073 6656
8447 8340 9036
13139 6814 5097
10001 9111 7031
9146 9632 7232
12713 7474 5272
10167 9044 6963
6851 6728 9540
10176 9199 6800
8189 9094 8892
7437 8163 9076
10250 7977 8167
9977 7849 8431
7179 9676 7809
10160 8825 7449
9596 7514 8831
10357 7547 8282
9845 9499 6394
9919 8450 8098
9926 8998 7416
7961 7921 9104
10358 9262 6296
8887 9669 7570
10259 7511 8341
10685 7385 8051
10056 9290 6752
11302 6906 7559
10657 8995 6295
10395 7780 8177
12719 7309 5259
10608 7049 8257
10037 9231 6777
9497 9597 7115
10298 9334 5718
9616 9681 6573
6949 9869 7475
12527 7810 4799
10303 7963 8045
9501 9090 7830
6744 6985 9505
10987 7087 7955
9744 9371 7064
10447 7276 8319
10259 9064 6610
7126 9754 7674
7152 8182 9253
10437 9190 5787
12783 6845 5757
12858 7337 4868
12904 7530 4565
10253 9229 6623
10932 7013 7982
11371 6686 7615
10199 7682 8264
12948 6758 5804
7374 9808 7598
9751 7401 8764
10341 9105 6587
9296 9129 7939
12000 6754 7107
7410 7428 9397
10027 9455 6622
10054 7550 8450
9652 9069 7695
8515 7048 9153
10410 7490 8206
10540 7912 7991
10899 8167 7550
10617 7613 8010
11226 7471 7729
10407 7555 8075
6077 7052 9563
10607 7389 8104
9415 8583 8484
8335 7400 9146
12757 6694 5893
10045 8123 8157
9050 9389 7695
8304 7240 9211
12954 6593 5791
11344 7902 7499
9317 8720 8232
9479 8661 8069
10334 9300 5725
9261 9652 7022
12012 8615 6180
9151 8453 8519
6773 6654 9647
8005 7698 9075
7230 7404 9437
7356 7763 9278
8852 9399 7742
8688 6879 9230
11212 7183 7814
10624 8741 7386
10064 9067 7149
8856 9340 7910
8482 6901 9173
12496 7823 4725
9968 8824 7612
9642 8381 8194
9245 8834 8036
12357 6498 6634
10621 9029 6288
9427 8683 8128
7888 7640 9179
9554 8505 8230
10751 7720 7933
10555 9140 5948
10231 8728 7442
6346 9701 8042
12942 6915 5199
9622 8128 8469
9422 8802 7998
8998 9748 7192
10804 7166 7864
9537 9504 7290
10037 9077 7038
10721 7205 8040
10066 9476 5938
9827 8633 7966
10081 8459 8016
9101 8997 8150
10279 8816 7259
9935 9153 7253
11449 6682 7562
9932 8879 7680
9864 8748 7883
6201 9569 8228
10576 7073 8226
10278 9123 6585
7027 9865 7422
10249 9288 6455
6924 7009 9465
12787 6932 5498
9868 8155 8195
12707 7631 4667
7917 7309 9321
9849 8968 7593
6541 9833 7831
12040 6607 6945
11032 7159 7854
9150 9573 7400
11397 6586 7674
8836 9409 7974
12759 7465 5226
11780 6735 7283
11281 6960 7563
9612 9740 6405
10127 8652 7713
9846 9175 7484
12502 6295 6603
12713 7272 5529
9723 8023 8381
10288 9309 5771
9985 9135 6889
9710 8004 8433
7222 9997 7211
9446 8488 8333
9243 9007 8051
9637 8416 8317
7434 7837 9171
9687 9604 6228
12033 6352 7098
11836 6656 7292
9388 9431 7308
10460 9096 6397
8869 8963 8344
6979 6632 9704
12847 6761 5575
12417 6327 6711
11099 6571 7903
9748 9312 7232
6283 7030 9620
12879 7088 5294
7123 8513 9111
12972 7153 4804
9392 9372 7476
9477 7996 8655
12805 6129 6233
6737 6833 9628
13299 6593 5132
13040 6778 5451
11584 6308 7566
8168 7251 9208
9925 7753 8543
12805 7494 4919
12731 7243 5406
8946 8492 8628
11254 6992 7687
9097 9056 7982
10183 8573 7722
8695 9951 7008
10381 6941 8437
9592 8615 8077
10102 9057 7116
10055 7845 8378
10483 9181 5741
10199 7353 8460
9946 8151 8142
8392 6392 9598
12904 7104 5232
12852 7434 4677
9064 9637 7532
7779 7250 9408
12751 6518 6038
11433 6400 7622
9334 9429 7537
12213 6376 7058
9229 9750 6683
10083 8998 7141
9014 9095 8158
8112 7441 9110
8916 7937 8822
6219 7062 9464
11887 6142 7196
9991 8978 7494
9678 9366 7132
9125 9527 7478
10123 8711 7545
10015 8693 7635
8418 7006 9236
12568 6306 6576
11888 6752 7180
11263 6669 7718
10753 6852 8267
9225 9809 6515
12823 7263 5053
9285 9509 7198
8893 8370 8740
9905 9304 6955
9682 9307 7300
8970 8071 8759
8908 8658 8588
13016 6509 5574
13183 6961 4746
10799 7875 7653
9979 9300 6902
9165 9011 8104
9330 9488 7369
8720 8044 8961
9664 9258 7408
10118 7711 8273
8973 8193 8672
10781 7034 8117
10577 7368 8154
8223 6874 9447
8067 7291 9265
10908 6739 8200
9764 9551 6792
9323 8830 7983
10264 9278 6279
9970 9145 7065
9184 8908 8237
9292 9188 7771
10917 7632 7757
10819 6857 8199
9579 9330 7486
8800 6428 9242
6730 8359 9217
9432 8524 8219
10386 7216 8424
8961 8780 8476
8327 9822 7539
10463 6917 8443
12950 7297 4929
9842 9234 7316
10004 7221 8671
10268 9219 6447
6906 6351 9779
9514 8619 8130
8738 9596 7588
8337 6769 9359
8043 7507 9088
7561 7724 9169
11403 7015 7517
10449 9320 5515
9803 9572 6108
9014 8766 8354
8212 7423 9079
9987 9037 7326
6746 9794 7722
10495 7431 8039
9840 9062 7548
8275 7571 9069
8150 6593 9522
8454 8855 8580
6910 8383 9177
8542 6730 9250
10540 7426 8018
9814 8614 8018
8930 9395 7689
8732 6656 9201
13281 6824 4998
8816 9433 7735
12851 6894 5329
9823 9548 6347
8735 9858 7183
9815 9244 7205
13114 6372 5826
9733 9595 6182
9192 9399 7596
8934 9336 7857
6619 9829 7778
10503 9065 6306
8586 9785 7201
8916 9169 7987
8674 8831 8555
10051 7904 8210
10654 7069 8173
7861 10021 6525
7427 9958 7102
10668 9178 5457
11630 6299 7520
8014 9787 7628
10495 9146 5693
7147 6133 9689
11335 6913 7526
8742 9537 7756
8038 7622 9123
12403 6489 6588
9677 8651 8022
9593 9392 7199
10077 8518 7848
13087 6718 5209
10555 7293 8216
11253 6579 7754
11016 6756 8097
10305 8628 7459
10157 8986 7086
11335 6720 7608
9597 9333 7367
7051 6483 9593
11145 6238 7948
8308 7100 9217
8139 7582 9066
10287 8579 7567
10120 8918 7274
9983 8596 7764
8977 9657 7259
13064 7309 4600
10181 9496 5728
9874 8902 7528
10603 7982 7792
10029 8789 7461
9352 9465 7301
7688 7806 9150
11094 6752 8044
10008 8178 8091
9029 9085 7982
9760 8138 8298
9791 7646 8620
13062 6702 5271
10024 8899 7327
7959 7274 9368
13032 6982 4881
10926 7710 7537
9915 8509 7930
9917 8591 7832
8945 6231 9252
6670 6961 9510
11485 6502 7551
9565 7872 8619
9098 9477 7512
10101 8038 8075
9833 7936 8411
6972 8158 9293
10443 9274 5566
9168 9146 7799
12851 6390 6134
6710 7013 9475
9951 9295 6909
12796 7087 5335
8635 9674 7478
11285 6584 7747
9242 7978 8766
10108 7831 8256
8877 6129 9261
10843 7740 7580
9960 9047 7215
8184 7045 9328
10333 8570 7521
10043 9091 6966
9488 7497 8934
10981 6140 8133
10447 9215 5734
9615 8006 8484
9438 9139 7840
10403 9329 5561
9710 9249 7362
6067 5488 9796
9708 9405 7057
11319 6590 7727
10819 7142 7889
10633 7289 8163
9485 9408 7402
9403 8699 8054
7118 6464 9547
11340 6370 7737
9174 7847 8969
7170 9901 7323
10091 7665 8367
9014 9423 7688
12873 7117 5158
8859 6292 9135
10246 8036 7999
9061 9090 7975
8932 9774 6665
10531 7019 8434
10514 8100 7791
10275 8390 7854
7234 8003 9142
10213 8811 7327
12850 6895 5552
8880 7971 8815
9642 9400 7125
9807 7322 8773
6988 5937 9763
11321 6404 7736
10172 9258 6632
10108 9097 6809
10087 8745 7538
9838 8134 8245
9557 8657 8016
7706 6969 9483
7537 7451 9332
7375 5868 9653
8944 8309 8649
9973 7234 8597
8951 8207 8650
8782 8689 8499
8441 6770 9307
7769 7071 9439
10195 8762 7435
9478 8291 8583
9249 9543 7191
9297 8152 8714
9033 9308 7872
10268 6785 8654
9779 9401 6698
9656 7343 8908
5753 5838 9831
11093 6142 8060
10296 8170 7864
10019 9120 6891
9401 9354 7578
9340 9276 7588
6471 6870 9551
9957 9254 7106
9618 9229 7715
8586 6902 9121
10084 8863 7434
9946 7533 8553
9777 8015 8402
9849 9563 6062
13160 6565 5523
11480 6716 7536
9745 8274 8261
10128 8399 7774
12810 5928 6212
10196 7707 8220
10132 7546 8397
9793 9386 6922
12450 6199 6715
10669 7109 8152
9196 9340 7764
11176 6272 7922
10082 7745 8266
8128 9749 7582
7886 6993 9443
7717 7475 9292
10206 7192 8464
9169 8620 8389
8862 9424 7689
7166 5598 9725
12002 6568 7116
10076 9501 5885
10194 9077 6763
9892 7263 8606
9853 9504 6230
9828 7102 8783
9225 8903 8100
8132 9690 7750
10351 6995 8474
9062 7888 8891
10228 9312 6272
10153 7981 8101
9937 7258 8585
9156 9657 7179
8881 9414 7722
7224 8033 9142
12968 7066 5063
10464 9037 6565
10398 9032 6633
10146 8267 7864
9859 9391 6854
9082 6090 9152
8865 8176 8775
6899 7877 9368
6651 6894 9511
11352 6188 7718
11256 6915 7605
10689 7050 8054
10200 7648 8388
9256 9222 7764
7293 6282 9669
8599 9708 7471
12799 6518 5836
11542 8728 6423
10536 7971 7823
10303 8292 7849
9306 9757 6117
10614 9137 5503
10088 6761 8694
11440 8145 7036
9896 7204 8774
9806 9268 7309
8552 9320 8107
7678 7627 9181
9752 8789 7805
9583 9271 7654
8864 8784 8410
7061 6218 9688
9033 8022 8749
8970 8923 8287
8599 8987 8394
8301 6948 9340
11358 6740 7526
10302 7473 8309
9999 7848 8235
9022 5932 9271
8911 8451 8697
7553 5529 9615
13084 6925 5100
12829 6526 5810
10362 9203 6464
9233 8634 8343
12725 6878 5700
10573 6828 8307
10226 8262 8026
9023 9014 7985
11857 6436 7302
11236 6430 7803
10592 6399 8294
10488 7486 8153
9279 8827 8040
9543 9588 7069
7124 6764 9518
12055 6485 6958
10455 7938 8058
9855 9052 7372
7286 7808 9258
6824 9790 7669
10118 7037 8607
8847 9762 7395
7079 7901 9328
11532 6212 7678
10450 9145 6105
10380 8983 6741
9832 8617 7899
9575 8560 8120
8272 7252 9156
7241 7910 9246
10825 7815 7625
10618 7422 7965
9552 9340 7375
7084 6012 9741
11292 6735 7594
10236 7468 8377
9693 9688 6007
9377 9620 6902
13018 6920 5168
10504 7460 8011
8894 9429 7682
8537 6524 9412
10222 8321 7858
9447 8673 8014
8234 7076 9222
8065 7558 9071
11585 7948 7046
10850 7176 7863
10660 6501 8285
9956 9050 7252
9251 8715 8300
7740 7402 9297
11381 6711 7562
10081 9224 6687
13345 6786 4829
11305 8436 7085
10422 7481 8221
11066 6770 7820
10305 9139 6580
12711 6665 6200
9779 9278 7198
9545 8948 7790
9410 8945 7875
10828 7750 7756
10404 7314 8351
10217 9071 6650
9088 8502 8529
8451 6585 9295
12777 6874 5621
10913 7691 7589
9697 9629 6175
8947 9498 7647
10227 9487 5682
10124 8411 7989
10028 9101 7142
9914 8798 7723
9060 8308 8564
10958 7686 7568
10340 8565 7445
10166 8909 7228
10108 8729 7561
10026 8020 8213
9225 9686 7015
7466 7832 9218
7297 8314 9067
9960 8991 7420
9192 8756 8120
8550 9819 7194
6445 9434 8513
10451 7997 7890
10379 9298 6069
9603 7024 9031
9333 8761 8044
7471 5943 9631
9399 5652 9037
8388 6451 9430
12421 6530 6573
11010 7009 7929
10283 6893 8483
9917 9202 7141
8702 9630 7581
6488 6991 9511
11168 6611 7862
10091 7336 8563
8619 6431 9269
7857 7324 9301
12993 6904 5230
12896 6886 5506
11081 7537 7563
7617 7335 9327
10428 6696 8493
9334 7774 8823
8794 9119 8183
7920 7426 9257
12867 7410 4702
9106 8583 8486
8937 9065 8335
10448 8095 7859
10329 6845 8549
10128 8837 7394
10004 9194 6864
9182 9618 7150
9076 7984 8717
11341 6665 7665
10277 7349 8407
8345 6725 9311
12367 6523 6581
10346 9073 6583
9991 9489 6615
9557 9426 7192
12897 6381 6088
12463 6318 6665
11867 8483 6366
11227 6703 7711
9405 8010 8658
8508 6855 9270
9656 8629 8031
9593 8244 8446
8463 8998 8391
7453 9985 6881
7019 9922 7458
12752 6858 5683
8590 6441 9254
6148 9491 8312
12930 5903 6099
11517 7846 7055
11331 6575 7701
9973 6905 8793
9769 8666 7909
8383 6534 9324
12910 7099 5006
10024 8675 7737
9794 9079 7596
9608 9676 6737
11413 6716 7555
11217 6613 7747
10120 8470 7821
9918 9592 5898
9788 8000 8380
8846 9937 6805
8484 6732 9275
6300 9302 8699
12956 7292 4703
9796 8890 7677
9089 9561 7471
8988 8152 8716
7157 6293 9666
7032 6549 9546
11094 8628 7143
10573 9011 6406
9674 8038 8426
9619 9419 6978
9221 9745 6847
8914 6244 9178
8244 7255 9191
11027 6131 8087
9792 7941 8548
8993 6263 9129
12827 6992 5406
12800 6857 5668
11935 8585 6357
8614 6225 9431
7797 7359 9287
7628 7841 9136
11109 6272 7941
9754 9396 7011
7504 6090 9611
7201 6465 9537
10772 7500 7943
10233 6564 8704
8906 9759 6950
11259 7198 7525
10797 7913 7630
9951 9071 7319
10881 7656 7745
8803 9262 7994
10141 9271 6558
9166 8741 8367
8810 9160 7995
8744 8790 8404
7050 8232 9186
6881 8714 9035
6488 9755 7915
11503 6543 7536
10509 9142 5660
10262 9019 6759
9904 9496 5949
8412 7101 9165
13229 6728 5110
11849 6775 7242
10507 9006 6474
9623 9360 7146
10784 6241 8235
9268 8592 8404
8770 6465 9214
6640 9566 8302
10737 6202 8304
10167 8858 7194
9652 7402 8740
9462 8523 8242
8445 6309 9440
11245 6994 7556
10239 7116 8512
9820 7967 8375
9688 9391 7079
9314 8785 8101
7353 7680 9376
11981 5910 7258
11367 6395 7690
9879 8543 7923
9710 9025 7772
6425 7040 9521
10485 7551 8022
9474 8350 8415
6418 8566 9110
12223 8423 6122
11390 8095 7196
11177 6567 7850
10309 9117 6532
8748 6332 9354
8445 6707 9280
12482 6050 6678
11545 6331 7628
10949 8496 7329
10763 7225 7975
10145 9212 6726
9529 7906 8612
8769 6112 9364
7930 7605 9226
12988 6682 5563
12733 6283 6273
11124 7499 7531
10241 8753 7389
10006 7980 8219
9295 9534 7145
11381 6910 7521
10355 8202 7806
9293 9690 6840
13132 6932 4839
10937 9166 5066
10413 6588 8664
9996 7607 8511
9934 8203 8081
9170 7906 8801
8797 8977 8347
11576 8108 7040
10714 9169 5411
10171 8799 7362
9447 9345 7532
7375 7207 9447
6437 6898 9521
13178 7125 4536
12178 5606 7064
9600 8142 8447
9431 8624 8296
8383 9473 8152
11089 8977 5453
12266 8112 6426
11211 6573 7830
10128 9010 7083
9647 7809 8734
9612 9617 6905
9477 8817 7993
8599 8658 8590
8430 9140 8439
12157 8418 6190
11783 7812 7212
10579 7380 8115
10313 9058 6700
9708 9412 6989
13204 6712 5172
12981 6381 5575
12312 8305 6123
11222 6263 7876
11017 8598 7320
9524 8484 8280
10994 7333 7776
9983 8132 8169
9296 7698 8833
9127 8180 8682
8702 9302 8051
8625 6333 9400
7990 9616 8218
7740 7611 9266
12965 7273 4954
10610 6284 8470
10584 6936 8276
10228 8119 7884
8363 6723 9456
7533 7704 9336
11465 6405 7615
11103 7489 7578
9860 8807 7715
9481 8695 8001
9088 9736 6881
7381 7759 9255
7321 9730 7682
7212 8241 9104
12937 7079 4989
11548 8326 6937
11418 6366 7684
10346 8244 7822
10143 8687 7622
10128 7736 8220
6598 8590 9070
6127 5317 9873
11768 6053 7307
11283 6624 7720
10169 7661 8314
9367 8733 8047
12917 6473 5928
12662 6074 6638
12048 6559 7070
12034 5827 7100
10285 9002 6806
9240 9547 7268
8300 6575 9466
8060 9778 7582
11916 8372 6643
12963 6666 5625
12708 6267 6335
12148 7681 6656
12071 8259 6576
11283 6817 7638
10151 7494 8444
8801 6249 9196
8681 8405 8819
8194 7205 9305
7684 7207 9445
12933 6946 5235
8787 8604 8639
7593 7620 9186
11640 8122 6994
11566 7735 7332
10065 9111 6845
8770 9404 8042
7386 7713 9256
13012 7213 4712
12358 5630 7024
11721 7622 7265
10404 9253 6250
10028 8653 7689
13033 6993 4722
12864 7475 4571
11761 6212 7309
11612 7928 7029
11399 6400 7683
11307 8280 7390
10466 6505 8506
10273 8640 7404
10033 8266 8034
9517 7085 8914
8970 6165 9187
5910 7253 9457
10337 7507 8288
8991 5945 9197
8455 7063 9133
8316 9147 8399
12752 6051 6317
11564 6063 7641
10980 6790 8090
10136 9292 6625
9209 9556 7134
8539 6806 9248
