30 3
11394
975 204 74 986
586 725 712 90
849 455 612 207
765 362 533 284
887 305 799 241
599 169 715 175
923 729 88 433
504 71 556 482
626 264 289 376
677 504 16 906
833 828 156 328
844 393 71 998
688 494 76 986
527 196 755 886
784 617 251 991
501 564 634 861
903 945 672 166
906 778 578 385
885 547 494 491
740 455 15 272
626 353 248 743
816 497 289 713
852 628 112 805
846 958 684 43
551 837 153 841
969 715 405 520
522 97 603 928
919 661 311 673
900 807 922 443
785 145 655 484
1339
9639 6635 9332
9413 7894 8200
9402 7128 9884
9244 8067 8991
9157 8333 8595
8989 8422 8566
8846 8878 8053
8472 9137 8293
8440 6403 11538
8417 8525 9177
7831 7701 10431
7743 6787 11323
7561 7101 11231
10157 6303 8655
10089 6526 8895
9782 6529 9339
9289 7377 10076
9419 7669 9263
9071 7261 10269
8806 7920 9755
8222 6287 11731
8022 9549 7966
7870 8752 9106
7913 7131 11087
7929 9470 8043
7933 9590 7599
7660 8091 10232
7764 8640 9375
7578 6935 11508
10107 6098 8877
9850 7024 8946
9682 7113 8917
9628 7578 8389
9579 7302 9029
9285 6861 10172
8850 6776 10842
8683 6682 11061
8670 6670 11184
8187 7213 10863
7756 6836 11320
7534 5966 12150
7480 7985 10574
9369 7464 9485
9158 7554 9984
9005 7016 10583
8911 8749 8276
8631 8763 8781
8622 8950 8259
8272 5865 11674
8389 8587 9283
8066 7669 10488
7388 5355 12380
9321 7510 9570
9050 6820 10365
9172 7110 10364
9019 8378 8651
8932 8344 8910
8774 6888 10899
8641 7881 10000
8105 8226 9790
8255 9259 8493
7767 9831 7259
7533 8556 9481
8470 8943 8682
7648 5783 12332
9435 7327 9752
9024 8226 9194
8606 8465 9083
7543 7861 10640
9154 8120 8868
9105 6755 10514
8501 7780 10113
8582 7398 10427
8506 6648 11224
7929 6072 12004
7508 6746 11516
9478 6594 10066
9088 8573 8303
8692 8389 9239
8177 7614 10396
8108 6470 11549
7625 7013 11228
9751 6956 9051
9595 6861 9778
9173 8345 8329
8995 8494 8380
8836 7220 10462
8693 7270 10585
7390 7147 11165
10039 6321 9117
9537 7651 8302
9153 8444 8526
8736 8168 9419
8819 8364 9184
8499 9220 8079
8422 7254 10670
8577 8669 8934
7924 6747 11349
7935 7919 10146
7475 6547 11648
7067 8684 9311
7157 8019 10396
9105 7844 9508
8303 8708 8995
8395 7730 10203
8111 7369 10710
7884 9164 8604
9526 6884 9524
9546 6371 9826
8832 8538 8794
8715 8989 7268
8589 7052 10870
8099 7941 10106
7908 8681 9345
7690 8646 9448
7647 8079 10355
9098 8513 8223
8712 7900 9847
8762 8105 9625
8425 7030 10910
8463 8852 8752
8205 9054 8715
8070 9298 8286
8180 7486 10670
10140 6297 8745
9704 6019 9508
9632 6908 9139
9489 7421 9599
8620 6509 11196
8451 7575 10335
8291 7431 10578
7974 6871 11217
8166 8479 9382
7710 8296 10010
9601 7263 9205
8904 6870 10689
9022 8577 8166
8770 6975 10776
8331 9309 8050
8540 8355 9446
7791 7914 10324
7226 7301 11279
7978 8397 9731
7468 8601 9760
9305 7888 9031
8522 7559 10262
7073 5543 12436
9693 6729 9179
9683 6377 9381
9138 8043 9376
9000 7242 10422
7410 8174 10024
7589 6364 11830
9771 6081 9442
8415 6020 11625
8239 9427 7766
7556 7873 10517
7650 8823 9193
8741 8915 8329
8272 8320 9571
8108 8474 9685
7716 5560 12092
8061 9013 8745
7282 6593 11723
9758 6659 9280
9527 7711 8382
9254 8007 8911
9208 7759 9762
7952 9792 7466
7330 7519 10994
7411 6146 12231
8154 7014 10995
8347 7921 10040
7926 7670 10753
7957 6946 11217
8023 7191 10903
9949 6374 8994
9895 6280 9147
8631 8282 9533
8079 7681 10365
7956 8130 9847
8359 6785 11224
7691 7629 10946
7942 7748 10333
7749 7109 11127
8474 8832 8751
8157 8103 9788
7794 8864 9163
7753 8170 10155
9658 6330 9634
8797 8932 8094
8571 8506 9067
8336 8877 8807
8192 6987 11024
8733 6260 11004
8782 8531 8944
8312 8993 8536
8212 8781 8908
8112 7953 9983
8990 7643 9955
8879 7698 10047
8341 7636 10356
7817 8475 9507
9769 7406 8632
8816 7709 9854
8552 6859 10969
8264 9244 8216
8344 7266 10710
9918 6801 8706
7706 6631 11542
9251 7794 9184
9324 7723 9297
8886 7425 10240
8580 8882 8661
8415 7527 10477
7941 8380 9904
8358 7969 9854
7974 8970 8821
9837 7183 8392
9231 8146 7720
8966 8064 9512
7701 7763 10431
9961 6940 8494
8193 7498 10547
7807 8876 9040
9563 7707 8166
9494 7512 8514
9338 6204 10221
8745 8099 9715
7752 9187 8657
7765 9199 8534
7782 7308 10995
9500 7287 9577
8873 8458 9031
8655 7482 10148
7861 8130 10019
9219 7625 9740
7653 9036 8920
7765 6050 12044
9721 5951 9617
7618 8414 9726
9406 7802 8431
8705 9050 7810
8616 9091 7443
7824 7974 10238
8114 9431 8250
9584 7445 8425
8168 8102 9856
6671 5704 12429
9169 8191 8617
8337 7758 10153
7605 8402 9849
8638 8009 9726
8306 8921 8722
8335 9429 7606
10286 5754 7565
7661 7837 10370
8073 7396 10681
8309 6580 11446
7678 9872 6892
7830 8929 8851
9982 6573 8862
7991 6203 11837
7055 6634 11799
9311 6500 10285
9116 7877 9478
8822 8577 8911
8149 7948 9956
10296 5694 7485
8806 8110 9387
8747 7364 10432
8539 6847 11092
7383 7318 10978
8484 7586 10233
7707 7707 10526
9147 6727 10451
7095 7478 11187
7361 7057 11708
9202 8350 7571
8396 8314 9476
9280 8023 7861
9043 6509 10736
8174 8246 9654
7817 9058 8880
9352 8163 7537
10093 6415 8964
7893 7253 10903
7785 7157 10985
8308 7437 10488
7207 8224 10174
9339 6955 10019
9779 7346 8552
9533 7486 9445
8466 9065 8479
8926 5993 10898
8211 8197 9635
7863 6926 11309
7249 7901 10680
9888 6553 8954
8553 6154 11346
8009 8548 9352
7975 8787 9069
8283 9487 7448
8450 9332 7103
6978 5969 12235
9270 8131 7796
7053 7801 10681
8615 8660 8994
8285 8369 9568
7841 5516 12226
7818 8734 9222
8454 8476 9158
7215 6531 11789
8720 6248 11127
8142 8177 9771
7528 6413 11943
8974 8021 9416
8102 8154 9833
9804 6280 9310
8527 8064 9818
9864 6707 8859
8352 5847 11760
7611 9359 8414
7985 8124 9924
7423 8769 9274
7051 6509 11829
9938 6758 8732
9360 6820 9971
8752 7826 9908
8030 7020 11090
8850 7985 9601
9438 7539 9017
8920 7927 9569
7975 7742 10401
9505 6298 10002
8660 7071 10717
9958 6703 8803
8987 8275 9213
9444 8045 7821
8116 8274 9604
9832 6107 9282
7870 6653 11502
10065 6696 6844
9235 7283 10229
8649 9033 8045
10184 6386 8441
7739 6830 11410
9935 6103 9402
9501 7603 8444
9160 6776 10448
8059 8015 10045
9605 7384 8672
8514 8015 9821
8568 8293 9340
9642 6848 9059
7837 7986 10115
10116 6609 8681
8996 8651 7105
9154 7665 9915
8759 9049 6950
8024 7076 10995
8595 7633 10135
8367 7319 10521
8037 6747 11283
8924 7398 10269
8339 9076 8322
8823 8253 9253
9618 6507 9379
7695 6507 11724
8490 5981 11481
8301 7109 10755
8471 8619 9024
8239 8121 9703
8477 7859 10040
9422 7879 7923
7514 7141 11070
9729 7141 8774
8200 7225 10740
9281 8351 7498
9121 7466 10047
8896 8312 9176
8153 8035 9953
7070 8897 9038
7981 8697 9014
7956 7129 10969
9686 7002 8986
8276 6381 11578
8066 7742 10238
7401 6949 11302
10208 6349 6978
8063 8642 9199
9719 7201 8854
8664 8627 8765
7926 6591 11618
7632 6842 11415
9262 6010 10333
8798 8153 9483
7208 4594 12503
9604 6236 9787
8656 7454 10175
8520 7413 10363
8143 7548 10553
9272 8066 7957
7949 7179 10945
7007 8206 10430
9189 8469 7214
8520 8410 9375
8824 7093 10677
7869 7674 10460
7998 8840 8880
8197 6891 11040
7659 9108 8734
9512 7826 8046
8967 6621 10793
8628 7627 10203
8256 7163 10856
7187 5360 12618
8030 6797 11259
8066 8621 9105
9989 6197 9249
9104 7460 10137
8491 7415 10420
8139 6896 11144
7510 8503 9670
10012 6797 8650
7974 7787 10204
7789 7035 11188
8418 7376 10467
6430 5519 12458
8564 8415 9137
8354 7648 10233
7866 6775 11299
9330 7795 9111
7296 6149 12103
8641 8222 9453
8748 7948 9705
8509 7547 10385
9667 5857 9770
7801 8591 9356
7028 9220 8532
8769 8159 9406
8460 9271 6561
7211 8725 9281
8774 6342 10974
8399 8527 9203
7911 6698 11352
7446 6615 11683
9860 6964 8866
9115 5256 10602
8786 8165 9316
8970 8132 9347
7807 6480 11637
10215 6076 7171
8556 6853 11002
8464 7587 10212
8443 6475 11359
7369 8675 9427
6495 6512 11914
7406 6689 11622
9651 6706 9247
9008 7088 10404
8898 7761 9671
8561 8566 9147
7932 9293 8315
7609 8903 8956
8159 6114 11866
7316 7256 11044
7363 7718 10862
9195 8244 8277
7163 8976 8961
9088 7802 9648
7921 8693 9222
9975 6846 8669
8980 6633 10670
8912 7970 9665
8544 6621 11253
10205 6136 7251
7949 7402 10776
8158 8503 9389
8947 8745 8060
8691 8710 8551
8228 7258 10713
8405 9072 8459
8908 8807 7377
8828 6982 10746
8218 6891 10984
6525 5093 12659
8746 5887 11240
8706 7282 10462
8403 8143 9663
7145 7683 10965
7676 6657 11545
8181 6788 11253
8141 6669 11417
7868 7857 10212
8241 7307 10710
8147 7287 10802
8014 6694 11472
9627 6860 9152
9362 8013 8080
8521 7742 10014
8607 6497 11319
8787 6900 10776
7165 6326 12011
6726 6596 11808
8861 7181 10614
9545 7981 7646
8301 7710 10295
9587 7658 8152
8875 6488 10868
8191 7170 10776
7800 9750 7613
8246 7775 10146
7884 6406 11623
8593 6941 10939
8347 7357 10620
9169 7420 9962
7666 6290 11816
8967 7043 10554
8080 7225 10868
7484 7167 11073
8231 7994 9909
8088 8787 9003
6609 6329 12096
7518 9280 8491
8602 7064 10747
8527 7463 10278
8173 5797 11779
6626 6335 12006
8877 6301 10974
9464 7038 9686
8843 7049 10649
8183 7335 10660
6384 6640 11756
8017 7349 10802
9401 6080 10287
8163 8388 9472
7830 9070 8757
9261 8073 8901
6909 8225 10013
9925 6504 8935
8967 6075 10868
8355 7314 10524
7289 6422 11910
8762 7504 10085
7413 6416 11815
6965 8529 9924
8219 8610 9095
8298 7055 10965
9773 5778 9579
8962 7977 9515
8608 7682 10132
7917 7020 11156
9643 7649 8138
8045 6297 11684
9854 6485 9088
8505 7669 10182
8376 6710 11224
9687 7464 8268
8509 7737 10017
9746 7147 8684
8117 7090 10974
8789 6198 11120
8641 8703 8701
8259 6644 11242
8563 5842 11476
8643 7146 10717
9736 7207 8764
9365 6594 10132
7899 6974 11167
7996 7953 10102
6769 5948 12337
8913 5981 11021
8782 8050 9696
8543 6804 11005
8724 6764 11031
9529 7510 8494
9419 7747 8123
8879 7771 9797
9130 8250 8809
9282 8406 7037
8926 8894 6605
8134 7015 10974
8254 8831 8854
9474 5708 10072
8676 6955 10868
8012 8056 9889
7234 8919 8998
9040 8711 6787
7997 9164 8538
7343 6452 11736
7585 6672 11502
9783 7089 8545
9314 7783 9377
9210 6354 10391
7821 8947 8949
10289 5967 7292
8124 7040 10998
7960 9008 8757
9861 7029 8487
8644 7730 9990
8505 5837 11627
8074 8597 9098
7925 8687 9255
8849 7797 9800
8687 8821 8482
8476 7348 10517
7800 6753 11444
8645 7838 9913
8189 8654 9010
6740 6152 12188
8760 7376 10309
7791 9465 8072
9072 8088 9127
8314 7158 10752
7862 4750 12111
7624 9371 8291
7882 8136 9920
8601 7388 10301
8233 7540 10438
8489 6686 11104
8324 7321 10639
8447 8749 8965
8757 8706 8688
8100 7170 10939
7226 6185 12024
10339 6172 7070
9234 5986 10506
8293 8326 9472
9324 8225 7643
8424 8149 9564
8272 6492 11509
8101 8836 9000
8800 8801 8208
9494 7991 7170
9784 6335 9239
9677 7524 8348
9619 6940 9052
9700 7690 7636
7720 6384 11663
7500 6709 11530
9282 5350 10383
7983 6850 11177
9808 6237 9223
9625 6923 9059
8360 7369 10497
8076 8654 9076
7988 7754 10278
7726 6862 11323
7169 6451 11981
8636 7492 10274
8439 6586 11290
8202 8703 9007
8528 8367 9279
8227 5891 11626
8278 7463 10491
8004 8080 9896
9411 5535 10207
9004 7199 10335
8870 6714 10707
8239 7825 10122
8784 8789 8474
9615 6983 9139
9198 8180 8550
8616 8878 8445
7916 7203 10908
7658 7182 11040
7786 5533 12055
7603 6117 11951
9721 6162 9374
8934 7379 10155
8595 7410 10304
7961 6903 11130
6534 7106 11336
9656 7557 7672
9607 7767 7848
9503 7104 9512
9423 7834 8120
9377 8070 7617
8217 8482 9319
7944 8677 9129
9163 8405 8409
8876 6415 10955
9431 8164 7464
8999 7928 9496
7092 5786 12417
9473 7841 7970
8604 6807 10917
9821 6286 9220
9201 6821 10298
8737 6776 10908
8362 6857 11045
9132 8593 7071
8157 7227 10722
9070 6213 10672
9055 6594 10526
8927 7470 10090
8759 7450 10295
8883 8398 8951
8722 7840 9767
8491 7204 10663
8195 6763 11264
7720 7719 10403
9102 5244 10725
8523 7189 10603
7971 8898 9000
7460 7297 11014
6659 6534 11874
10133 6473 6604
8494 8473 9169
8119 9465 7488
8169 9670 7266
7953 7068 11014
8697 5397 11288
8311 7067 10842
7979 5650 11947
8389 7590 10271
7549 8818 9205
9555 5746 9835
8539 8400 9249
7350 6243 11950
8828 8649 8725
8457 8689 8885
8424 9388 7973
7684 6432 11730
7741 6718 11469
9877 7041 8221
9424 5547 10084
7859 9713 7543
9847 7123 8312
9718 7481 8244
8738 6447 10944
8359 7081 10805
8215 8994 8635
8230 7449 10528
8036 7768 10241
8212 8165 9611
7536 8769 9208
9568 5705 9812
9311 7128 10047
9091 5447 10557
9071 6293 10583
7356 9641 7707
9541 6063 9922
6927 4932 12666
8805 8699 8366
8480 8904 8565
8320 6446 11424
8344 7849 10083
7902 9587 7688
9635 7819 7413
9396 7862 8511
8981 6556 10809
8468 7581 10245
8078 6496 11552
9350 8183 6797
8937 7069 10557
8728 8437 9097
8610 8343 9286
7900 6877 11290
9825 6380 9089
9227 8257 7651
9791 7313 8101
8360 7592 10328
8194 6800 11130
9344 8178 7204
8114 6673 11269
7681 6656 11490
9812 6753 9127
9672 6013 9547
9425 5218 10120
8640 7560 10109
8377 7598 10238
6794 6246 12035
9858 6374 9157
9412 6816 10014
8317 8247 9545
7567 6165 12018
7383 6442 11818
9990 5831 9165
9883 6505 8967
9922 7136 8193
8582 6114 11406
7702 5877 12179
9569 7362 9109
9222 7901 9093
8886 7862 9727
8636 6208 11253
8374 9183 8195
8313 6537 11359
7325 6470 11768
8789 8378 9043
8008 5361 11881
8027 9624 7572
9836 5951 9444
8838 8589 8645
8699 6381 11118
7968 7809 10207
7834 8959 8826
6623 8602 9468
9951 7000 8574
8848 8160 9333
8756 8191 9319
8594 8685 8797
8469 6114 11472
9264 6994 10163
8045 7730 10241
7875 8482 9477
7188 9215 8513
6963 9883 6900
8807 5086 11064
8351 7314 10533
8073 9511 8013
8823 7252 10375
7802 6206 11825
9271 8013 8821
8410 7797 10106
6685 9143 8677
8184 7220 10752
10264 5591 8734
9645 7759 7333
9244 5821 10375
8977 6731 10684
10196 5814 8974
9801 7253 8021
8476 6674 11227
8076 7609 10408
7828 7931 10151
7686 6936 11262
7598 7775 10427
9862 6331 9070
9211 7868 9123
8380 9255 8009
7011 6168 12103
9819 7352 7981
9077 5727 10594
9041 7287 10272
8846 8107 9398
8493 6680 11137
8439 7795 10049
7908 9659 7502
7834 7914 10158
9514 7243 9464
9221 5937 10509
8105 8793 8913
6769 6473 11853
10003 5880 9162
9916 7026 8297
9058 7293 10182
8373 5081 11645
10247 6290 6786
9093 8670 6432
9003 5092 10767
8874 7193 10491
8906 8825 7823
8586 8954 8475
8435 8182 9534
8326 6586 11356
8111 8776 8920
8621 9074 5925
8554 9191 7594
7965 6343 11693
7938 8699 9132
7602 8506 9474
8711 6715 11034
8519 8889 8641
8311 7650 10215
8230 8153 9607
8067 6971 11071
7982 6349 11603
7833 7816 10234
9811 5307 9587
8649 7504 10151
8106 6697 11276
7798 6249 11912
9333 7442 9922
8888 8555 8559
8632 7584 10116
8173 9317 8129
8069 7955 9965
7836 7402 10842
8651 7593 10079
8589 8605 9027
8526 6879 11005
7815 6255 11822
9872 5930 9537
9644 5213 9806
9401 7954 7888
8937 8332 8698
8406 7919 9903
7939 6603 11495
9808 7319 8011
9604 7664 8062
9078 5398 10630
8670 8223 9341
8647 8294 9267
7487 6660 11533
9685 7326 8644
9091 7492 10050
8524 9037 8529
8239 6828 11110
7327 8998 8921
7146 5880 12264
9643 6011 9675
9287 8137 7706
7194 9967 6794
9443 7631 8394
9243 6553 10259
9202 7619 9830
9052 5083 10737
8977 7930 9490
8804 7441 10155
8128 8210 9697
7804 8804 9083
7792 7248 10915
7783 6610 11578
9886 5613 9450
9485 8006 7447
9405 7341 9611
9353 7724 9185
9161 6662 10467
9054 7336 10269
8033 6290 11719
9453 8071 6933
8729 7232 10467
8209 6319 11644
7886 8515 9447
9933 7169 8163
9372 7154 9887
9177 7974 9013
7600 7038 11176
9719 5519 9669
8994 6568 10686
8682 7703 10019
9566 7920 7893
8560 9074 7678
8163 9377 8209
9768 7467 7396
8578 8572 9057
8177 9437 7538
7242 6252 11997
9140 8190 8729
8478 7744 10132
9620 7133 8959
8542 9214 7387
8453 9255 7020
8027 7289 10722
7698 5988 12110
7556 5266 12409
7319 6264 11947
9306 7996 8315
9042 6582 10649
8930 8206 9286
8898 8495 8479
8659 7516 10081
8366 5530 11673
7822 6336 11783
7792 9282 8320
9829 7292 7901
9637 7139 8869
8902 8373 8682
8482 9077 8213
7385 7206 11037
9741 6107 9445
9214 8114 8031
9053 4754 10773
8268 7096 10762
8223 9324 7979
8116 8826 8883
10120 6352 8674
9647 7538 8207
9395 7401 9691
8970 7256 10281
7833 8590 9368
7724 7713 10436
9758 6113 9355
9618 5367 9818
9631 5201 9929
9231 8120 7941
8979 7983 9425
7984 8569 9288
7175 6605 11728
9214 8286 7664
8537 8004 9738
8289 8326 9481
8142 8881 8850
7949 8732 9102
8972 8603 7875
8637 7006 10785
8295 8309 9488
8184 7443 10583
9759 7576 7515
9046 8125 9142
8940 5685 10957
8122 8232 9700
6688 6330 12023
9855 7201 7792
9651 7546 7843
8217 7437 10651
8046 9110 8497
9976 6148 9252
9649 7444 8354
9464 5487 10097
8414 7686 10175
8248 6894 10977
8199 8153 9734
8449 8732 8981
6446 6635 11773
9244 5441 10426
8787 7816 9763
8786 5852 11179
8511 7360 10491
8370 8614 9036
8284 7184 10755
9851 7458 7799
9449 8182 6864
8892 8433 8762
8856 8818 7973
7879 9016 8716
7863 6209 11737
10166 6672 6472
9991 6858 8403
9809 6054 9471
8294 8211 9564
8247 7592 10394
7621 6259 11865
10044 5925 9012
9685 6267 9344
9563 5639 10055
9358 7804 8955
9207 8487 6614
9128 6455 10521
8960 7316 10361
8861 8518 8719
8601 9100 7266
8585 9088 7532
8349 8798 8767
10001 6946 7923
9992 6852 8579
8872 7047 10592
8080 9711 6899
8052 8516 9314
7677 8597 9451
7226 7311 11080
8630 7097 10720
8435 7917 9846
8432 9155 8245
8361 7272 10620
7887 5133 12024
10106 6669 8761
10051 6738 8458
8452 7478 10458
8096 6166 11785
6619 6608 11813
8708 8973 7727
8665 7783 9984
9749 7636 7595
9631 5416 9815
9293 7844 9130
9022 7857 9570
8746 7401 10298
8713 6906 10849
8656 8670 8861
8463 7003 10939
8197 8100 9799
10208 5634 8380
9314 7199 9941
8695 8165 9479
8309 8271 9552
7858 6985 11181
7323 8971 8942
7241 5454 12465
7110 8720 9293
9336 7259 9857
8664 8437 9133
8482 7633 10201
8265 9199 8413
8221 7308 10689
7492 6942 11258
9437 7114 9712
8579 7307 10517
8453 8470 9229
8197 7492 10580
7675 9333 8338
8347 8910 8777
6820 8899 9106
9761 6896 8971
8903 6119 10891
8670 7549 10051
8656 5324 11464
7955 7797 10330
9347 7853 8762
8591 9160 7346
8260 7120 10769
8242 8027 9879
7970 8048 9955
7918 8621 9265
7172 9261 8502
9990 6913 7953
9444 7527 9078
9182 8539 6420
8365 7593 10241
8130 7325 10682
8243 7703 10325
7286 9849 7078
7175 9203 8636
9867 6920 8586
9654 6441 9565
9415 4997 10145
9208 8120 8470
9006 6687 10619
8794 5074 11187
7923 7071 11007
7188 7557 11110
9875 6585 8867
8904 8079 9448
8666 8610 8781
8529 9071 7767
9705 6212 9415
9584 7894 7025
8362 8847 8764
8210 7783 10208
8126 7714 10276
9881 6568 8874
8858 7759 9800
8688 8511 9036
8334 8390 9411
7847 7268 10820
6903 7988 10715
9882 7284 7578
9303 8258 6967
9297 7193 10031
9228 8426 6861
8750 6472 10915
8257 7964 9866
7997 8686 9017
7871 8070 9939
7101 6629 11756
9775 6802 9146
9617 7707 7768
9578 7456 8453
9514 5149 10103
8652 8956 7962
7717 8729 9234
9315 7085 9960
9119 7800 9395
8069 8714 9013
7458 6697 11557
9064 5715 10717
8732 6580 10986
8625 8600 8914
8574 7507 10210
8365 7366 10489
8352 8990 8547
8150 8376 9595
8001 8008 10075
7852 6343 11759
7704 7976 10158
7026 9576 7729
9943 7109 8083
9790 7207 8366
9602 7013 9200
9347 5055 10322
9156 5338 10572
9034 6727 10517
8920 8300 9009
8622 6104 11339
8596 8894 8395
8189 8102 9800
7863 9833 7099
7827 9019 8763
7796 7142 11038
9682 6225 9412
9629 6328 9762
9606 5684 9798
9368 7744 8875
8889 7638 9967
8680 6109 11188
8230 8643 9065
7640 8485 9460
7380 7724 10772
7313 6478 11739
9940 6253 9222
9611 7816 7484
8597 8888 8571
8206 8108 9710
8132 6815 11183
7981 8838 8920
7909 7253 10884
7880 5582 12052
9345 7937 8123
9245 6722 10233
9093 7800 9607
9065 8618 6867
8647 7943 9717
8573 7430 10331
8315 9206 8263
8169 8109 9736
7541 9567 7785
7138 8029 10522
10011 6886 7843
9739 7420 8491
9633 7715 7432
9328 8103 7846
9294 8289 7128
9112 8462 7326
8878 7187 10524
8651 7821 9920
8063 8549 9284
7958 5783 11938
7381 9092 8768
7237 5565 12396
7095 4843 12695
9697 6105 9522
7859 6108 11925
7537 8586 9456
9871 6628 8954
9705 5836 9756
9497 7725 8241
9297 6647 10106
8879 7781 9750
7976 6759 11276
7218 9077 8781
9940 5707 9297
9806 7215 8030
9160 7942 9324
8722 8248 9265
8575 8018 9733
8559 7066 10729
8279 7978 9860
8236 8049 9882
8087 6384 11566
7858 8520 9357
7306 4838 12411
6802 6147 12205
9895 6530 8938
8350 6850 11080
8050 8047 9949
7570 9439 8177
7235 5571 12381
9329 8220 6586
9206 7820 9136
9185 8304 8357
9174 6916 10264
9124 7679 9774
8880 7000 10630
8378 7415 10486
8122 7558 10410
6819 6153 12115
9537 7094 9281
9365 8072 7598
8860 8938 7382
8771 8979 7015
8138 8992 8781
7694 8036 10238
9780 7267 8446
9609 7763 7549
8957 8612 7698
8882 7984 9524
8808 7471 10138
8545 7509 10267
8404 8150 9543
7884 8119 9936
9607 5355 9834
9194 6243 10432
9007 6822 10483
8895 7710 9781
8637 8559 8942
8525 9182 7698
8436 9223 7331
7735 6076 12047
10219 6210 6792
9919 7235 7559
9039 5071 10860
8958 8606 7874
8881 8463 8790
8791 7429 10278
8245 7446 10495
8205 8053 9837
8112 8588 9158
10172 5968 8879
9681 6524 9351
9532 6688 9913
8810 6637 10903
8637 8003 9797
8471 7211 10599
8194 9528 7081
8003 7496 10623
7837 6704 11425
7752 6082 11957
7376 7767 10859
9848 7044 8206
9669 7539 8015
9604 5684 9905
9581 5040 9941
9299 8369 6898
8973 8301 8806
8957 8289 9072
8898 8469 8700
8810 8059 9540
8800 5981 11087
8677 8970 7816
8549 7734 10028
8475 7089 10802
8376 7626 10211
8015 6548 11471
7876 6430 11630
7792 6986 11172
7037 6188 12012
10016 6859 6506
9261 8079 8115
9063 6447 10601
9054 7963 9388
9015 5225 10765
8956 8467 8529
8872 4977 11079
8643 5587 11350
8568 8109 9668
8434 9229 7316
8285 8088 9756
8038 7959 10056
7946 8660 9145
7761 7801 10373
7468 8826 9164
7357 7134 11172
6733 6425 11995
6716 8681 9391
9706 5507 9792
9107 4848 10620
9016 8071 9362
8941 8239 9256
8761 6920 10812
8617 8833 8642
8605 7277 10474
8539 8403 9149
8465 6225 11403
8357 7599 10217
8197 6901 10993
8134 7931 9961
