35 3
11804
912 195 334 886
611 910 559 57
389 118 992 149
488 530 931 62
954 961 254 183
504 268 147 946
953 374 857 379
1000 271 654 606
747 400 73 964
430 522 595 294
862 902 156 480
437 147 816 267
733 178 859 613
695 437 757 293
572 169 755 717
946 405 99 889
738 407 688 792
406 13 554 971
382 590 647 263
937 370 559 482
677 849 686 136
629 781 103 509
943 938 293 230
387 798 437 394
382 831 324 477
944 408 881 221
373 912 69 492
444 920 373 94
669 250 450 766
876 198 857 406
908 507 437 229
610 898 923 15
492 990 231 106
782 892 699 49
797 928 309 164
1853
10727 13402 6762
10770 10220 10378
10702 10028 10661
10834 12595 8733
10186 9191 10903
10668 11455 9856
8612 9726 11382
9265 9715 11067
14217 10089 6595
14240 10050 6548
14174 10601 6448
14048 9479 7248
12950 10392 8733
12976 10545 8417
12733 8721 9095
12094 11891 8140
12080 9687 9848
10915 13280 7867
10342 11969 9648
10422 11641 9697
10426 12060 9435
9691 12140 9918
13665 10935 7460
13701 11072 7210
13544 11604 6781
11918 11969 9377
11739 10495 9706
11138 10212 10331
11185 11384 9487
11009 12820 8329
11039 12334 8811
10402 10619 10335
10274 11386 10021
10345 12492 9168
9974 11613 10213
13406 11037 7780
13283 9828 8542
13285 11706 7101
12581 10470 9125
11768 10319 9824
11300 10963 9689
11008 11603 9528
10423 11278 10103
10322 10400 10666
10350 12777 8905
10242 10728 10617
9562 11684 10370
9557 13334 7944
14602 9045 6639
13350 8887 8402
13137 10699 8260
12951 11622 7659
12820 12307 6914
12503 11022 8553
12289 12654 7171
11856 12533 8065
11632 12999 7613
11132 11248 9659
10433 12972 8474
9574 11320 10412
8849 10553 10759
13799 9295 7673
12413 11402 8393
12545 10860 9010
11093 13081 7765
10390 10983 10293
10815 11105 9928
9771 11812 9967
13965 10697 6575
13013 11951 7038
12923 11941 7413
12090 12855 7156
11756 9970 9979
11541 12417 8327
11197 12765 8266
10980 9985 10381
10819 10457 10257
10259 13480 7189
10517 12194 9244
10797 11911 9404
8339 11104 10856
13062 11691 7564
13015 9826 8966
12986 10002 8848
12519 12676 6779
12442 11226 8511
11558 10554 9821
11046 9697 10533
10568 10056 10538
10547 8809 10817
10213 11513 10100
9654 10992 10461
9589 13557 7861
12603 9897 9123
12671 10614 8728
12006 12156 8263
11146 10625 9978
10805 13564 6376
10698 12848 8668
10601 12164 9190
8962 12214 9596
9497 9467 11059
8923 12441 9238
14720 9892 5418
14137 9917 7119
13321 11843 6851
13230 8778 8686
13031 11258 7753
12416 12010 7926
11075 13384 7585
10399 12948 8632
10353 13300 8425
10273 10163 10787
13799 11197 6756
12897 11788 7729
9774 9252 10990
10324 12109 9640
10011 12297 9542
13694 10759 7578
11924 11384 8841
10959 8748 10730
11010 12458 8739
10334 10036 10708
9645 9343 11062
8959 8133 11420
8715 9929 11155
14551 9282 6071
13867 8868 7652
13628 10251 8131
11559 13202 7413
10772 11664 9588
9861 10234 10944
9243 9228 11256
13724 11033 7163
11853 10447 9572
11787 12923 7408
11117 10801 9860
8715 11108 10476
14339 9442 6777
13664 10388 7881
13367 11281 7320
12263 11779 8195
10057 13479 7434
12941 11638 7593
11170 12047 8999
10686 11315 9864
8683 10450 11072
14480 10017 5705
13173 10309 8375
12439 12277 7369
11373 9855 10184
11163 12741 8424
10552 11734 9651
10104 13556 7394
13929 10560 6825
13906 10599 6872
11409 9850 10255
11140 12373 8528
10800 12434 8924
10209 13560 7092
9099 12441 9211
13137 11636 7359
13073 11096 8210
12560 11608 8048
12226 11095 8866
10708 12662 8705
8579 8720 11392
14767 9205 4911
13679 11133 6760
10207 11188 10210
13478 10628 7933
11921 11967 8298
11235 11451 9432
11059 13057 7923
13916 9765 7124
12024 11879 8308
8786 12214 9623
14736 9307 5935
13163 10852 7944
12236 10552 9297
11529 10730 9703
9565 13638 7546
11993 8728 9975
11753 12330 8292
10678 10912 10287
8889 12417 9396
14316 9481 6824
12421 12210 7650
12384 11832 8166
11375 12214 8549
14098 11170 6172
11792 9965 10050
11504 12670 8097
10739 10785 10208
10609 12972 8447
9950 12335 9460
13580 11741 6531
12292 11603 8313
11619 9511 10056
10910 11521 9657
9957 8767 11103
9073 9892 11104
13005 10369 8535
11763 10750 9533
12489 9945 9257
11395 11149 9490
8782 10355 10948
13202 10133 8493
13049 11747 7205
12126 11500 8626
11900 12014 8338
11552 12290 8374
11029 10222 10260
9314 9952 10946
14580 9106 6189
12607 11847 7703
12282 9851 9688
11680 12533 8092
11152 8934 10258
12410 10568 9107
10837 13118 8253
10103 12069 9761
8853 9786 11224
14421 9919 6002
12281 12198 7667
12255 10919 8984
11921 11030 9199
12037 11398 8773
9704 9394 10978
13687 10349 7834
10319 13276 8583
13050 12329 6522
11199 10085 10252
9034 10863 10550
11019 10408 10223
12273 11236 8626
9978 11054 10450
11093 12790 8275
10726 10283 10488
12640 12007 7458
11677 12010 8572
10224 12844 8877
12669 10466 8787
12391 10201 9420
11622 12148 8386
12171 12085 7963
12387 12186 7808
8794 9991 10990
13657 10075 8249
13271 11898 6655
12054 12373 7890
10140 12753 9090
14381 10625 5476
12240 12010 7953
10359 11741 9783
9580 10247 10746
13835 11334 6506
13058 9839 8879
11582 10200 10047
11955 10626 9351
10206 12222 9583
9981 11836 9782
12218 12298 7753
11056 10928 9939
11727 12077 8517
11247 8460 10458
10903 13402 6735
12907 10625 8698
11903 12548 7629
8925 10873 10479
13067 11785 6968
11402 12147 8742
13625 11299 6830
12581 12407 7027
12175 11704 8569
9655 9167 11169
14827 8424 5743
11753 12899 7566
9929 10817 10571
8783 11691 10103
14707 9483 5817
14075 11209 6219
13351 11912 6352
11507 12087 8640
12097 12245 7782
10581 10298 10346
13075 11900 6889
12265 10376 9415
11614 12629 7981
10949 10550 10211
11890 12557 7907
11286 8906 10381
12522 12009 7702
12073 11205 8896
10208 8641 10982
8157 8752 11475
12783 11155 8184
11624 12606 7846
12754 11331 8066
12413 12124 7685
12143 10378 9528
10498 11961 9417
14052 8883 7446
13603 11702 6484
12477 12196 7433
10963 11348 9607
14857 8493 5244
11870 9922 9845
10035 11486 10134
12977 12497 6635
11365 8529 10409
10593 11141 10095
13697 11344 5427
12635 8977 9258
9168 10308 10833
13023 11935 7104
12133 10921 9097
12970 11462 7711
8149 10487 11150
13192 10676 8062
10972 12136 9000
10266 10983 10444
9633 9707 11020
9313 9086 11268
12463 9792 9573
10920 11335 9694
8832 10749 10661
9539 13474 7936
12043 12194 7998
14472 9682 6570
11558 8984 10100
10355 13415 7107
8929 10408 10946
10065 13783 7036
11769 13226 7228
11007 11676 9407
10705 12139 9185
11709 12357 8210
12300 11539 8383
8361 10554 10935
11830 12156 8290
14197 10562 6401
12794 12154 7230
11683 11078 9484
11471 12405 8495
11056 12106 8946
12518 9769 9375
10910 12915 8453
14167 10493 6900
11566 12592 8039
12009 12170 8156
14276 10187 6298
12439 11809 7968
11181 12464 8469
10105 11344 10146
11691 12040 8525
11551 12077 8544
10418 12289 9368
12915 11485 7909
10873 12231 9124
10315 12978 8686
12358 12392 7490
10116 9333 10891
8634 10213 11193
14351 10351 5891
12124 12231 7902
12072 12070 8070
13768 9839 7799
12229 11703 8399
13073 11564 7611
11305 12871 8082
11214 11208 9605
10900 12064 9226
10203 11699 10063
13739 10015 7681
12263 12501 7487
12344 9999 9443
11771 12649 7673
12728 11178 8382
11375 11277 9450
11194 11983 8934
13025 9810 9032
12338 12446 7282
11041 13360 7743
13442 11174 7530
14152 10796 5297
13194 11965 5272
11023 12575 8657
13507 10452 8051
11926 10802 9233
11885 12357 8183
13357 11297 7254
13170 11419 7467
12878 10801 8580
10311 13641 7021
13747 11338 5234
11806 10763 9446
10771 13540 6534
12606 11046 8517
12253 10027 9570
11686 12701 7755
11631 12377 8236
11264 11275 9550
12540 11706 7882
9352 8277 11219
9058 8038 11296
14144 10532 6947
8894 12702 9133
10671 11978 9376
9269 13817 6555
12420 11969 7916
14820 7809 5915
11972 11369 8810
8812 10906 10620
12990 12152 6996
14071 9440 7201
12904 10954 8264
8751 11033 10699
12395 11705 8213
8745 12551 9239
12300 12879 6971
11109 12192 8823
11058 9333 10575
10412 11827 9660
8937 8683 11341
13465 11135 7483
11567 12570 8011
10976 11256 9890
10287 13722 6706
9551 10423 10628
9180 10507 10663
8887 12907 8961
12347 11148 8837
10902 12522 8686
14758 9101 5015
13420 11235 7080
10984 12218 8931
13888 10902 6692
7453 9453 11401
14100 10788 5346
12211 12186 7835
8321 10189 11226
13196 11953 6860
13944 9446 7370
13463 8679 8394
12821 12500 6343
12193 10997 9042
12447 13085 6626
10488 12147 9380
11866 11990 8496
12757 11002 8500
8610 10653 10872
11650 12696 7793
11307 10153 10102
8781 9489 11270
13762 10513 7427
11302 12517 8440
13934 9462 7304
12606 11983 7616
10388 11738 9696
14117 9034 7382
11691 8448 10174
11424 10973 9608
13166 10523 8378
11151 11481 9486
12968 11748 7304
12635 10870 8635
12272 10689 9047
11132 12854 8123
12589 11432 8166
12309 12652 6964
11132 12129 8804
11560 13395 6842
10086 8643 11095
12459 12499 7253
9348 7979 11322
14996 9034 5090
13824 8855 7739
13488 10612 7999
11264 12290 8673
11052 12145 8884
10233 13479 7407
12193 12489 7655
11824 10623 9454
13104 8354 8871
11159 12443 8527
10499 13395 7006
12379 11326 8597
11368 12771 7996
10115 8467 11213
11835 10587 9564
8757 12475 9518
12503 12349 7117
11356 10390 9981
13090 11746 6921
11712 10902 9602
8609 13708 7264
10576 8633 10935
10981 13564 6349
9725 9025 11181
9945 9131 11061
9000 8167 11314
8932 12430 9309
8970 10606 10730
9389 13347 8083
9358 13866 6172
8784 12704 9188
14442 7973 6670
14129 9174 7297
11357 12464 8442
11017 11133 9838
11085 10752 10057
14322 10527 5773
13239 8882 8582
11540 10694 9813
13068 8744 8756
12707 8568 9411
10555 12516 8983
9412 8106 11227
8684 12678 9318
8476 11331 10471
13794 9823 7172
13134 11282 7717
12521 12448 7104
13768 8998 7952
11455 11986 8689
10467 9137 10768
9984 12359 9302
8860 12541 9324
12563 11279 8482
12764 11315 8132
12563 11622 7941
8941 10044 10988
12247 10516 9407
10742 13664 6462
12488 12069 7480
10807 11368 9835
10484 11151 10024
12542 11911 7868
11885 12825 7584
10895 10777 9977
7625 9155 11477
12643 11984 7453
12638 11224 8277
12113 12572 7444
12078 11747 8416
11438 11162 9403
10279 13418 7104
10923 13400 6528
10584 8969 10703
8476 11208 10589
12409 12763 6887
12383 11285 8587
12283 12499 7280
12050 11180 8906
11269 13081 7738
12204 11996 8088
11896 10450 9415
10453 11909 9514
10316 12753 9063
12234 11903 8123
10289 11833 9820
13709 9946 8180
11834 12594 7615
12630 12529 5421
13217 11926 5225
12079 12548 7602
12727 11956 7419
8438 11009 10732
11391 12488 8284
8464 10757 10708
8037 9094 11390
13517 9607 8286
9847 12132 9687
10870 12292 8936
12255 11376 8618
10990 12587 8502
10023 13455 7592
13107 11185 7778
12526 8922 9316
11544 12771 7969
10501 10923 10159
12555 12254 7343
11801 8713 10079
8854 11236 10472
13811 9206 7577
12252 12322 7595
11928 11343 8831
11709 12825 7611
11481 12754 8038
14450 9743 6120
12299 12638 7237
12172 10202 9646
8897 13225 8653
13890 8829 7605
12624 10473 8968
11266 10693 9942
12941 12360 6885
12488 11601 8079
10987 12741 8451
10415 12350 9180
11277 12600 8143
11060 12538 8651
13307 8669 8588
12830 12291 6980
11259 8096 10500
9029 7991 11432
8678 11236 10499
12549 8883 9269
11745 12659 7817
10990 11193 9706
10472 12745 8832
13023 11213 7812
8966 13402 8176
13016 12305 6680
11919 12849 7426
10291 11158 10156
8647 11994 9989
14452 9890 5842
10715 11596 9616
9413 13557 7888
12650 10099 9100
10521 12492 9141
13847 8816 7692
9802 7548 11259
12497 8803 9408
11562 12684 7904
10979 11779 9410
10971 8384 10772
8476 8517 11619
12266 12855 7129
12021 11356 8788
11792 10574 9651
10321 13455 7058
12853 12252 6933
12200 11879 8281
11581 8799 10132
10664 13502 6848
12459 11777 7961
12412 10582 9070
11964 11043 9112
11587 12796 7879
12534 11455 8364
11235 12332 8577
11057 12599 8499
14279 8797 7495
12930 8485 9053
12548 12162 7386
12533 8413 9523
11243 12576 8301
9661 8003 11289
9485 9831 11017
8403 8720 11419
12635 11004 8613
12347 12550 7178
8786 10653 10845
14180 9405 7266
11259 12740 8135
13091 11515 7682
13040 11752 7114
12979 10216 8851
12027 12955 7242
11611 12275 8339
12405 11162 8644
8866 10650 10621
12933 10778 8382
12642 10656 8632
11243 12413 8473
10562 13412 6937
9599 13371 7898
13048 9771 8985
11104 12306 8716
10501 10626 10297
12243 10570 9139
12032 11969 8198
11088 11275 9577
9014 10536 10694
11645 12732 7625
8575 8422 11495
14444 9880 5955
12040 12180 8105
11013 13118 8226
12350 11502 8479
11327 10566 9863
10744 11775 9576
8447 8693 11501
13171 11660 7201
12513 12333 7183
8970 13022 8853
12279 10565 9210
11099 10941 9852
10843 11680 9452
8266 11307 10656
13049 12088 6788
12141 11257 8865
12080 12526 7574
12036 8741 9888
11489 12824 7967
9986 11249 10255
8711 9631 11258
14285 9843 6444
13896 8682 7700
10907 12976 8265
9777 13311 7846
13163 11574 7236
12944 11309 8027
11731 12904 7489
10503 12632 9133
14130 10857 4847
12687 11912 7537
8826 11704 10016
10813 9104 10617
8720 11791 10189
13393 11434 7004
11328 12670 8124
9928 13556 7421
14345 10488 5726
13247 10218 8427
12308 10389 9328
10420 11564 9753
7281 9809 11261
14359 10686 5026
13240 8762 8752
11317 12779 8006
14586 10152 5138
14338 8895 7198
12514 11673 7934
12424 11529 8331
12031 10813 9219
11057 12084 8918
10883 10578 10147
13955 9305 7479
12381 12574 7020
11047 13142 8068
8970 12518 9198
13919 8643 7653
12754 12053 7358
8894 12443 9321
13540 11299 7076
10392 12036 9593
8942 10348 10752
12914 10938 8330
13757 9139 7843
12829 11998 7153
12002 11858 8366
11755 10905 9445
10810 11722 9477
14374 10312 5844
13878 8985 7520
13416 11395 6957
12715 8904 9179
10663 12622 8799
14809 8727 5563
12451 10917 8750
11735 13202 7386
11630 8575 10253
13263 8723 8705
12322 12599 7190
11642 8211 10295
12787 11276 8085
12522 11625 7921
12060 10637 9337
11577 12554 8077
10493 11136 10115
10283 11371 10112
10128 8969 10933
10138 13580 7236
13775 10454 7627
12914 10411 8695
10963 11360 9604
10295 11007 10154
8758 12451 9413
12301 10513 9165
14989 8419 5262
13276 8372 8867
12986 10529 8483
11044 12360 8736
12466 10872 8737
10588 8269 10977
12518 12094 7462
12163 12652 7356
11671 13248 5484
11560 13098 7631
11511 12476 8159
14481 9714 5960
12743 8178 9526
12461 10374 9181
11811 10332 9737
11673 8588 10166
14734 8250 5974
13029 10015 8761
11640 12770 7680
10660 12099 9279
10420 11614 9704
12640 10642 8669
11871 10197 9679
10894 12119 9109
8581 12475 9545
12012 12407 7781
11648 12653 7823
10976 12434 8897
10031 13759 7194
13119 11002 8080
12814 12152 7023
12542 10024 9202
11436 10556 9934
12089 12005 8033
11957 12416 7737
11526 13074 7789
11338 11021 9578
12422 11093 8632
12324 10474 9118
11826 8976 9885
11541 12111 8482
10847 12575 8684
14081 9424 7267
13299 8333 8820
13009 10490 8436
12570 11592 8114
11473 12418 8270
10681 11149 9912
10625 12374 8995
14384 9235 6673
13532 11184 7155
8231 11767 10249
13806 9253 7480
11606 12746 7838
11237 8646 10421
11140 12210 8700
11097 10805 9887
10622 11592 9663
12751 8514 9294
11441 12568 8196
11398 11163 9383
10904 12453 8745
9872 9334 10861
14057 9583 7144
13374 11873 6305
13022 10139 8598
12985 10649 8313
11796 12614 7647
11448 12098 8529
10038 9272 10894
10918 12686 8520
10849 9843 10406
10358 10291 10535
8884 12384 9441
12272 10394 9257
11326 8083 10486
11858 10473 9497
14473 9704 6073
14285 9375 7043
14199 10271 6046
12860 11104 8400
12413 11656 8284
12115 12095 7980
11935 11219 8994
10498 8582 11008
8269 12089 9988
14074 8809 7439
12050 12754 7284
11136 13094 7678
10591 12350 9153
8794 13022 8880
13746 8603 8154
13577 11549 6800
12492 9616 9691
11166 12878 7965
10458 11596 9708
14407 9196 6626
12974 11583 7612
11520 8926 10211
8820 10677 10687
12926 11612 7847
12273 10669 9091
11097 10388 10099
13273 10371 8111
12766 8666 9114
11862 8586 10000
11572 10743 9616
10884 12662 8678
10841 10964 9987
10322 13528 7024
14308 9804 6397
13817 9784 7125
13173 10836 8010
13045 10100 8551
12669 11493 8065
11958 11408 8683
9141 10475 10731
13796 9701 7128
13567 8335 8396
12987 11232 7774
12541 8749 9291
10393 11506 9813
12996 11180 7958
12225 11405 8502
11620 10377 9734
11302 12231 8545
10718 12119 9136
9058 10864 10494
8235 12065 10146
12613 9881 9189
11102 13070 7836
10496 11918 9447
8760 12998 9038
8544 11791 10216
8132 11862 10373
13975 10154 7006
8723 12314 9709
12294 12221 7520
11329 8919 10294
10803 10906 10098
10216 13073 8810
10805 11648 9497
8784 12187 9630
14116 10659 5547
12793 11139 8250
12024 12601 7600
11445 11135 9462
10989 12128 8953
10772 13436 6752
14110 8419 7554
13792 10582 6928
12276 12312 7560
12263 11727 8241
11860 10465 9414
11619 12579 7941
10772 13733 5963
9592 13464 7714
8822 12219 9585
14828 8617 5172
12609 11400 8159
10596 11664 9615
9221 9778 11177
8834 12301 9516
13486 8640 8347
13196 10797 7963
12284 11200 8736
12376 10972 8955
9600 13347 7857
14825 7835 5840
13670 8493 8231
13249 8866 8648
12460 10976 8618
10462 11894 9605
10367 11478 9876
8828 10451 10764
11295 10517 10060
10955 11992 9030
8791 12240 9548
14302 8758 7448
13097 12000 6729
11753 12015 8394
11128 10755 9900
11001 13562 6142
13209 10446 8125
13174 10979 7882
13100 11730 6987
12218 10692 9289
13756 11442 5130
13218 10394 8309
12911 11986 7029
14203 9366 7219
13085 11884 6955
13146 10803 8156
12201 11857 8253
10599 12654 8755
10191 13700 7084
10040 9547 10790
14015 9157 7353
13918 8621 8150
12676 10252 8784
12555 12472 6946
12219 12276 7725
8857 11759 9992
8609 9787 11194
14212 10737 5421
13145 11155 7764
13076 11889 6864
12210 11336 8712
12162 10745 9215
10198 8827 10945
14727 7635 6146
13791 8959 7905
12943 10235 8813
12546 12477 6855
12237 13061 6811
11117 13000 8080
10398 10720 10386
9184 10431 10645
11938 11573 8636
11554 12228 8400
13335 8470 8570
13015 10353 8601
12791 12431 6842
12748 11176 8175
12671 10480 8750
11114 12218 8748
10569 11506 9786
13168 9171 8599
12450 12034 7768
11724 13023 7494
11511 10870 9695
11299 11994 8920
9627 13613 7415
13514 10765 7683
11302 8109 10413
8405 10484 10899
9539 13637 7764
13051 9963 8716
13003 11407 7730
12536 12294 7136
12482 10159 9260
10704 11065 9971
10395 11439 9992
9635 13496 7558
14690 9823 5917
14242 10806 4922
13253 10472 8104
13203 12069 5168
13002 11772 7146
12518 10050 9129
13097 10598 8388
12036 8356 9932
8479 11854 9991
8410 12290 9742
13108 11845 6908
12449 11793 8034
12284 11983 8035
12072 8351 10003
10355 11443 9886
10256 11526 10013
10101 13617 7206
12512 12453 7013
11558 12189 8462
11350 13074 7816
11083 12976 8238
9127 9858 10998
8648 13772 7112
11977 10844 9115
11878 10248 9543
13254 10004 8424
12757 12407 7000
12423 11071 8604
12283 10126 9522
13344 11804 6804
13284 8708 8635
12803 11845 7469
11370 12215 8497
10237 13485 7112
10327 12632 9160
14749 9716 5536
13390 11242 7273
13038 10314 8554
12485 12652 6937
11561 12415 8120
10613 11097 9943
10596 8605 10745
14413 9059 6791
13191 9132 8552
13072 12049 6741
12980 11446 7777
12950 11329 7832
12650 11298 8188
12069 12347 7682
11570 8620 10142
11515 12778 7880
10595 12695 8846
8448 12612 9481
13537 10726 7636
10850 12929 8326
10560 12207 9157
8905 13529 8255
13555 11145 7108
13057 12203 6709
11818 12710 7628
11511 12426 8208
10867 11769 9416
8445 11830 10149
14400 10337 4760
13366 11401 7150
13014 10473 8431
12449 12261 7435
12443 11930 7869
11980 10533 9378
11720 12725 7597
11167 8788 10409
10108 9130 10906
10067 9096 11012
8862 10973 10565
8727 12691 9231
13204 8781 8714
12570 11065 8479
11036 10240 10102
8850 10938 10575
8826 9953 11122
13114 8338 8937
11957 11167 8949
11338 7719 10528
11286 12589 8214
8949 8319 11383
13858 11295 6459
12642 11183 8267
11779 12683 7659
9379 13533 8046
12671 8587 9373
12554 9660 9244
12405 10999 8816
11841 10098 9727
11043 11286 9522
10527 8396 11056
9211 10321 10746
14742 8586 5742
10598 12529 8896
9047 12848 8851
8987 8351 11338
12743 8705 9161
12288 12459 7345
12241 10578 9222
12170 11081 8983
11305 12190 8589
10823 13409 6477
10292 11136 10128
9698 9170 11012
9108 10592 10632
8937 12456 9234
13948 8690 7651
12081 11761 8309
11370 10821 9701
11150 9848 10373
14436 9020 6744
12151 10714 9296
11881 12059 8286
11782 12622 7811
11761 12101 8359
11125 12787 8124
10506 12769 8674
8819 11696 10065
13978 9266 7432
10781 12459 8905
14959 8350 5761
13175 8662 8806
12875 11384 8037
11601 10567 9734
10954 12520 8690
8791 12499 9360
14423 10298 4713
13554 11588 6847
13202 10660 8128
13074 9924 8669
12935 11483 7702
12640 12513 5487
12576 8426 9436
12472 12222 7388
11818 10118 9734
11222 10945 9698
11012 12044 9012
10241 13783 7009
13024 12176 6838
12937 10899 8283
8788 11717 10028
13137 8299 8890
11919 12381 8025
8589 12779 9147
8304 11564 10449
13299 8860 8455
13281 10273 8086
11606 8600 10103
11260 10977 9653
10847 11978 9349
10564 12505 9054
10537 8995 10780
13780 9100 7796
13031 12050 7025
12546 12641 6634
12254 12435 7503
10937 10810 9967
10913 10555 10140
10476 12985 8387
8990 10281 10867
12952 11765 7531
12950 10548 8445
12545 11925 7761
10534 11874 9643
8342 11627 10376
13776 9334 7720
13348 11720 6621
12996 9986 8914
12959 10496 8629
12312 12449 7310
11308 11299 9457
11169 8409 10531
10681 11435 9807
10398 11962 9512
8695 10086 11114
13971 8651 7604
13816 8710 7911
13435 10861 7898
13326 9831 8385
12803 8570 9103
12857 10218 8964
12552 11731 7823
12200 10803 9104
11975 11723 8452
10612 8770 10685
9696 9201 11063
8866 10872 10514
13793 8749 7958
12234 12538 7291
10932 13504 6424
13163 11106 7835
12886 11257 8084
12699 11215 8186
11928 11048 9041
11828 10711 9401
11813 8349 10121
11042 13460 6171
10733 12480 8811
8859 8622 11344
8733 10118 11069
12779 8315 9276
12745 10653 8655
11768 10599 9501
11141 10735 9851
10738 11313 9868
10666 11522 9627
9734 8780 11127
13661 11436 6580
13225 10621 8081
12815 8206 9145
12452 11620 8041
12469 11470 8200
11969 10815 9146
11173 12061 8892
10914 10830 9974
10980 12773 8465
10527 11176 9934
10359 11691 9832
8445 12089 9961
12498 11058 8510
12480 12110 7417
11091 13280 7840
8652 11208 10562
13900 8803 7601
12790 12190 7108
12270 8376 9762
11829 10649 9379
11042 11994 9012
10442 12961 8545
13169 12045 5326
12282 8012 9804
11921 12435 7699
11637 10177 9849
11068 12472 8546
11046 12292 8909
10466 11291 10016
9947 11812 9940
14697 7566 6645
13590 11198 6962
13553 11708 6677
13238 10270 8243
13201 10780 7958
12639 12633 5317
12329 10347 9290
12413 13061 6784
12277 12396 7456
10363 13402 7160
10248 12170 9436
8757 12338 9551
8407 11767 10222
13226 12030 5121
13086 8494 8863
12432 10550 9063
12281 12251 7594
12259 10152 9449
11929 11323 8875
10020 13580 7302
9916 9307 10943
9501 13315 8025
8345 12409 9708
13019 9947 8867
12271 11715 8265
12230 11681 8371
11524 12456 8110
11347 12551 8296
10918 11308 9701
10261 13558 7096
10048 9334 10834
13746 10630 7509
11200 12018 8767
11008 13436 6329
10926 10591 10060
10496 11934 9424
9036 12417 9301
12431 11667 8081
11990 12795 7361
11161 11072 9777
10878 10901 9973
13385 8427 8809
12647 8852 9210
12731 12254 7316
11949 11291 8868
11512 12454 8131
11276 11031 9518
11080 12316 8751
10604 12000 9383
8015 11042 10867
13935 9451 7279
13131 12024 6571
12995 10106 8744
12893 9828 9079
12802 8276 9229
12164 11173 8924
12226 12754 7257
11624 12086 8412
11041 13197 7915
10435 12049 9506
8992 9902 10989
8186 11828 10267
14023 9059 7328
13011 8180 9102
12268 12068 7836
12081 7678 9872
11077 11534 9419
10928 12143 8951
10546 12048 9310
10330 13735 6619
11312 13094 7651
11034 12448 8704
8221 10559 10924
13712 11078 6779
13543 10589 7801
12813 12151 7061
12547 10567 8786
11136 11091 9668
10925 11361 9619
10809 10643 10220
10360 13519 6906
10269 11506 9964
10245 11251 10137
8442 11307 10629
14301 10781 4752
13939 10544 6891
13857 8800 7758
13192 12006 5279
13026 11762 7111
12781 10263 8770
12068 12106 7948
10527 12112 9219
10054 13473 7469
9411 9168 11139
8737 10416 10966
8311 12385 9866
14562 9409 6009
14509 9841 5823
13613 11159 6915
13261 10231 8196
11199 12351 8539
10148 12490 9183
8307 12087 9969
7871 9123 11421
13034 10650 8287
13126 10422 8506
12051 9863 9730
11799 10592 9493
11685 8224 10208
8729 10546 10888
14454 9864 6021
13941 8582 8103
13963 9641 7247
13606 11505 6327
13324 8606 8417
13185 10420 8135
11559 12167 8434
11267 10668 9879
10326 11384 10025
9024 9655 11225
8902 10607 10673
13915 10703 6768
13793 9509 7397
13775 10922 7028
13076 12093 6318
11913 9925 9688
11420 12932 7828
10813 10233 10291
10336 11745 9682
13967 9407 7323
13145 8940 8685
12077 11349 8652
10410 10356 10428
8858 10675 10668
13069 11745 6998
12804 11823 7441
12493 10929 8616
12452 10895 8722
8870 10757 10599
13183 10293 8441
12375 11028 8700
11585 12835 7663
10784 11409 9684
12185 8428 9844
11126 12348 8589
10448 10388 10383
8932 12700 9114
14267 10757 4910
14162 9119 7316
13980 9056 7485
13508 8764 8328
13305 11922 6497
12786 8191 9439
12520 8698 9350
11847 10223 9606
10747 12726 8553
10690 10548 10329
9608 13651 7459
8802 13326 8482
8359 10511 10965
8072 8914 11474
14854 10154 4714
13614 11120 6938
13566 10550 7754
13305 11704 6894
13032 11317 7708
12434 10986 8762
11205 12912 7938
10920 12787 8338
10499 12334 9236
8975 13387 8267
14324 10742 4705
13050 11736 7180
11975 8868 9967
11401 8420 10278
9638 13435 7746
8637 10736 10713
8624 12488 9458
12933 11398 7844
12520 12324 7171
12472 11754 7987
12211 12908 7127
11987 8504 10009
10137 8954 11024
13295 11690 7167
12943 10762 8448
12676 11585 8022
11478 12094 8551
11147 10575 9970
10557 11896 9506
9224 10301 10697
13806 8995 7731
13629 11466 6280
13284 10905 7915
12765 12278 7158
12413 11350 8439
12181 10436 9417
11173 10708 9819
10813 12245 8997
10392 13386 7036
9276 13330 8273
7988 13663 7821
13938 10664 6721
13818 8631 7773
12404 11830 7959
11550 8903 10204
10397 12490 9172
8781 12181 9668
12543 8397 9589
12493 12523 7095
12406 11246 8540
11709 8198 10281
10890 12588 8597
7743 9394 11427
14461 9994 5738
12958 11200 7990
12444 12303 7294
11721 7834 10323
11655 12716 7691
11522 12776 7892
11378 12551 8265
11241 8236 10492
10751 12687 8615
14393 10229 5212
13684 11397 6533
13206 10254 8394
12270 10402 9340
12138 10813 9044
11782 13037 7301
11721 10635 9698
11413 12702 8069
11172 13025 7855
11125 13304 7682
10362 10994 10140
10360 11719 9755
10256 11538 10010
8968 12475 9228
8768 13302 8640
8737 13821 6729
8325 10487 11123
13911 10863 6645
13829 9119 7512
13580 11096 7096
13162 11162 7580
12955 10418 8658
12531 9023 9261
12320 11337 8486
12010 8203 10248
11140 10818 9800
10910 8511 10851
14290 10718 4863
14349 9426 6843
14003 9017 7438
13531 8725 8281
12544 8672 9423
11687 12679 7727
11534 10756 9628
11158 12148 8712
10496 8961 10886
10190 12820 9035
8721 13830 6927
13131 10194 8540
12486 12300 7329
12023 12657 7345
11983 12613 7463
10851 12317 8917
10663 10999 10107
10290 12376 9288
9792 7734 11222
13182 10413 8271
13073 11697 7133
12904 11208 8155
12583 11620 7734
12351 11480 8451
12247 11299 8706
11753 10936 9496
11444 12070 8709
11131 11288 9490
10207 11289 10134
8785 9787 11167
12964 11307 7820
12569 10515 8741
12457 10076 9284
12397 10918 8920
12254 10829 9039
12090 12510 7640
11847 9942 9852
11563 8939 10124
9077 10876 10463
7368 9615 11400
14150 10855 4640
13880 10892 6805
13544 8374 8443
13354 9185 8299
13318 11651 7120
13254 10531 8059
12966 10723 8401
12566 8358 9542
12211 11314 8684
12107 11133 8939
11975 11544 8643
10458 11935 9439
13829 8956 7684
13730 10896 7328
13635 7959 8309
13000 12458 6588
12573 11606 8007
12320 8070 9693
12239 11160 8830
11267 12623 8278
10461 12302 9281
9098 10044 10950
8910 12621 9236
8688 13943 6844
14403 10222 5822
13200 11484 7319
13155 10612 8195
13046 11896 7057
12924 11176 8148
12692 9494 9147
12433 12122 7478
12213 10783 9055
12011 8478 10082
11816 13025 7097
11635 8424 10221
11557 12316 8299
10743 13642 6434
10634 12363 9066
10535 8732 10824
9670 13302 7876
8754 11815 10031
13675 10919 7526
13511 10573 7952
12898 10799 8373
12591 12391 7093
12355 11869 7970
12247 12518 7242
12023 8114 10124
11931 11705 8539
11725 13001 7466
11621 12820 7721
11127 12457 8511
10983 10413 10152
10427 9151 10732
13827 9096 7655
13373 8472 8425
13331 11300 7282
13199 11711 6986
13197 10702 7987
13193 11380 7420
12979 10372 8563
12061 12979 7084
12040 11412 8666
12020 12398 7675
11343 10976 9602
8399 12375 9602
14308 9336 6996
14160 9878 7072
12988 10320 8747
12319 12636 7030
11378 11157 9469
11204 11075 9620
10795 12268 8972
9344 9338 11095
8763 10669 10741
8225 10807 10870
13178 11534 7388
13022 12055 6934
11789 13224 7021
11096 12626 8468
10920 12062 9019
14683 9208 6089
13986 9602 7200
13487 10732 7829
12873 12006 7061
12595 12433 6745
12497 12173 7376
12446 10178 9222
10601 11477 9863
8655 11854 9964
12887 11949 7223
12848 12041 7087
11277 7846 10607
11225 12716 8293
9211 10333 10743
8888 8446 11462
8456 12916 9083
14490 9474 6136
14191 8114 7603
13873 10277 6977
12774 10477 8773
12318 12629 7078
11301 12573 8185
10436 11519 9726
9804 8638 11139
8856 10836 10584
13161 12134 4859
13038 11909 6896
12991 10028 8773
12567 8633 9376
12197 8510 9775
11780 10225 9806
11526 13371 7000
11500 12697 8014
11233 12599 8436
11067 12068 8984
10935 8773 10580
10385 12836 8698
13748 11531 4663
13545 11797 6210
13277 10492 8012
13166 11460 7477
12810 7846 9170
12722 9926 9061
12579 8269 9418
11061 10777 9907
10709 13618 6592
10537 12656 8975
10434 10913 10257
13929 8627 7719
13753 10857 7281
13658 7920 8262
13158 11989 6426
11942 11212 8972
11691 12977 7624
11524 10850 9646
11284 12246 8521
11093 12433 8669
11049 11637 9422
10446 13456 6887
10446 10549 10299
10278 10619 10486
8894 10868 10539
8877 12477 9257
14426 10183 5775
11986 12374 7833
11737 12415 8093
11598 8274 10405
11477 10433 9882
10938 13157 7970
10709 13419 6821
10536 11149 10028
10145 11967 9663
8998 10617 10635
8930 12920 8874
14428 9039 6801
13816 9232 7502
13755 10564 7057
12767 11864 7431
12614 12352 7046
12433 10528 9035
12123 9690 9691
11122 10827 9785
10546 11510 9685
10406 9264 10847
10278 12294 9357
9240 10390 10677
8958 8537 11290
8599 10673 10786
14243 9853 6391
13290 10141 8174
12356 10661 9013
10418 8900 10889
14278 9894 6074
12839 11982 7219
12775 10752 8607
12342 12597 6983
11468 10903 9572
11339 12895 7924
11298 12314 8515
11061 12132 8871
10988 11166 9713
10780 11385 9691
10738 9919 10530
9186 10238 10770
13858 8925 7560
13717 11342 5220
13426 11379 7023
13207 11826 6907
13183 8998 8574
12960 10786 8263
12718 8622 9185
12515 8553 9515
12309 12570 7210
12074 10826 9132
11552 10330 9855
10994 11174 9687
10706 12635 8712
10423 13158 8437
8417 8722 11385
13516 11024 7348
13253 11264 7376
12593 11553 8067
12460 11491 8199
12327 12751 6951
12087 11547 8573
11247 13086 7661
11127 12890 7955
11067 13140 7861
10378 11924 9659
10211 11486 10107
9418 7837 11334
14298 9784 6644
14271 10712 5251
13409 8082 8540
13255 10120 8402
13145 11507 7517
12502 12069 7478
12441 11299 8394
11978 11115 8986
11440 9254 10162
11138 12167 8730
10536 11948 9414
10332 11846 9733
9995 8799 11058
8500 10712 10719
8083 11625 10494
14342 8811 7015
13714 11507 4821
13591 11282 6858
13511 11773 6368
13024 9930 8862
12565 10512 8790
12520 12488 6950
12234 11031 8936
11309 10706 9855
11085 8736 10447
10505 11907 9518
8342 11886 10188
13402 11538 6900
13184 12095 4812
13142 10725 8185
12924 10395 8761
12492 12654 6786
12123 12551 7484
10962 12824 8292
10931 12245 8931
10569 11209 9924
10515 12268 9175
10031 9485 10820
9436 13434 7991
13576 11436 6826
13302 11181 7374
12833 7807 9123
10804 13287 7840
8184 9147 11388
14421 8424 6973
13721 9158 7805
13046 12024 6817
12652 10640 8698
12615 11150 8413
12196 12303 7676
12190 11966 8135
11761 10723 9540
11301 10264 10031
10337 12089 9591
10315 11109 10149
10313 11834 9764
10253 13477 7200
10221 12321 9357
8351 10740 10898
8140 12166 9975
14705 7902 6413
14595 10256 5034
13469 11051 7300
13371 11910 6145
13005 11225 7805
12653 10297 9086
12208 12385 7607
11458 12503 8159
11421 10871 9631
11247 12923 7833
10689 11417 9663
8903 12554 9237
8313 12227 9760
12841 12498 6136
12673 11062 8502
12644 10383 8811
12441 11136 8566
12231 11384 8507
11269 12209 8551
10608 11986 9327
10416 12246 9398
10218 11539 10025
9043 8058 11307
14385 9036 6958
13813 10425 7103
12753 8162 9592
12716 8672 9307
11653 8470 10195
11491 12211 8469
10389 13134 8595
9233 9414 11219
8817 10423 10812
8389 10772 10853
