35 3
13787
636 153 835 404
797 872 896 484
542 335 792 722
617 703 601 426
874 486 305 573
829 266 924 325
837 8 274 902
911 153 502 491
774 768 657 504
967 946 312 143
532 409 167 856
577 311 895 694
687 104 685 724
915 76 560 393
834 478 229 986
994 936 412 60
745 206 497 448
795 311 998 82
994 756 468 908
736 303 625 211
651 192 227 980
989 694 513 626
992 766 661 496
867 961 21 282
1000 899 570 178
917 640 16 983
529 202 740 841
979 543 512 137
807 821 541 778
535 236 420 650
544 125 774 242
601 460 689 495
867 875 36 446
770 831 528 632
933 883 161 174
1243
8788 11729 12147
8988 11172 12700
8779 11641 12347
11845 9507 10161
11302 9915 10345
11074 10156 10439
10697 10644 11035
10367 11210 11071
10104 11184 11466
10047 11621 10835
9724 11312 12080
9923 11661 11646
9664 11107 12451
9564 11329 12285
9190 12237 11627
11189 9146 11506
11145 8953 11836
11008 10262 10989
10825 10308 10825
10395 11074 10945
10190 11169 11302
10257 10622 12040
9657 11762 11453
9408 11609 12120
9123 12784 10889
9154 9696 13415
11629 9223 10521
11127 9695 11402
10794 11289 10120
10697 10651 10761
10609 11109 10505
10307 10785 11653
9357 11468 12531
8973 10173 13595
9246 11822 12123
11536 9738 10192
10230 11693 10130
10165 11560 11080
10011 11203 11902
9564 12623 9810
9079 12591 11219
8974 11953 11987
12047 8363 9653
11791 9010 10518
11539 9211 11001
11362 9715 10865
11350 9010 11388
10147 11351 11351
10052 10565 12488
9980 12120 10447
9702 11933 11099
8599 11081 12937
11421 9820 10021
11380 8973 11299
11239 10975 8617
11082 11063 9198
10974 10940 9767
10589 11232 10568
10395 9875 12305
10449 10372 11948
10232 11919 9964
10091 11819 10292
9966 10580 12652
10009 10795 12187
9799 11898 11241
9497 12328 11151
9335 12089 11550
9290 12015 11793
11281 10469 9797
10582 10281 11630
10501 11341 10059
9970 11403 11611
9657 11859 11342
9731 10560 13189
9231 10823 13018
8690 12560 11373
8576 12264 12067
11546 9638 10275
11377 9424 11004
11198 10884 9551
10798 10677 10501
10702 9966 11829
10587 10976 10762
9962 11053 12222
9840 9935 13139
9451 10204 13266
11271 10569 9714
11030 9963 10769
10905 10586 10357
10051 11697 10758
10581 9668 12279
10491 11441 9976
10197 12269 9663
10335 11527 10378
9506 12692 10410
8660 12637 11171
11503 8578 11008
11210 10193 10100
11374 9896 10175
11059 9819 11295
10654 10429 11500
10653 9816 12149
9229 12547 10905
8751 11571 12558
11392 10309 9638
10667 9688 11832
8791 12159 11709
11461 10413 8949
10973 9834 11459
10722 11141 10250
10444 11224 10625
10266 10971 11463
10266 11423 11067
9707 12725 9080
8906 12844 11013
10660 10809 10879
10531 10837 11080
10194 9494 12826
11771 9703 9635
10841 11031 10085
10796 10957 10328
10453 11195 10907
10362 10638 11447
10100 10758 12091
8646 12884 11532
10403 10000 12033
12289 8262 9087
11594 9078 10694
11098 10697 9897
10682 10327 11047
9453 11683 11877
9574 12523 9893
10732 11334 9838
10503 11787 9594
10352 10105 12004
11294 9839 10758
10936 10114 11119
10753 10151 11140
10741 9358 12405
10323 9727 12435
10147 10899 11747
10214 10852 11739
9936 12374 9894
8801 12958 10604
8636 12691 11944
10576 11472 9757
10331 11648 9910
10440 10498 11555
8920 13114 10481
8531 12190 12310
10673 11538 9158
9754 12467 9045
9017 13242 10244
11316 8576 11573
9395 12294 11179
9540 12146 11102
11782 9356 10192
11039 10764 9796
10736 10894 10632
8898 12412 11449
8710 10406 13212
11037 10321 10283
10880 10423 10661
8907 12500 11249
8863 12307 11579
11142 9404 11541
10768 10312 10883
10220 9532 12716
10354 10513 11719
8560 11583 12399
11241 10169 10374
10745 11686 9028
10440 11636 9625
11007 11254 8566
11056 9419 11705
11150 10410 10204
9508 12785 9593
10987 11051 9489
9998 10068 12845
9402 11542 12288
10263 11002 11419
11327 10154 10210
9807 12417 9047
10724 9667 11609
9899 11127 11914
8273 11540 12887
11579 9953 9727
10669 9210 12535
9769 11386 11837
10233 10088 12308
10096 11771 10515
9298 12918 10239
10882 9617 11476
10008 12229 10259
11479 8609 11327
9138 12349 11376
11898 8610 10113
10192 11425 11108
11478 10294 9474
10434 11324 10542
10679 9403 12123
10185 12177 9999
9711 12356 10985
8545 10584 13294
9204 12507 11095
11370 8669 11326
10256 12236 8862
9890 12405 9442
10541 10737 11163
10161 9940 12438
10135 12314 9381
10489 9063 12644
9844 11972 10998
11235 10726 9433
10099 12192 10163
9901 10311 12753
9752 10649 12707
9562 11525 12083
8887 11513 12447
10455 10752 11327
9816 12594 8974
9452 11802 11790
11324 10433 9531
9998 12329 10176
9872 10713 12298
10828 11271 9274
9348 11045 12645
11379 10407 9371
11740 9862 9012
11803 10013 8981
11914 9805 8905
11074 8677 12139
8716 11303 12564
9803 12172 10707
12024 9255 9626
11961 8761 10082
8776 11867 12039
11828 8852 10400
10587 11326 9895
10583 11447 9427
10183 11769 10284
9303 10971 12888
10814 11304 9283
10222 12019 9881
9436 10880 12570
9756 12430 10742
9222 13299 9796
11671 9710 9784
9697 12532 9492
11923 9509 9301
10715 11092 10255
9019 11578 12274
11121 10092 10552
8671 11229 12807
9527 12781 9928
10041 11797 10675
12136 9332 8715
11734 9861 9753
11333 9231 11334
7967 10757 13110
12290 8508 8844
10586 11372 9840
10704 9530 11714
12087 9406 9595
10365 11828 9646
12214 9099 8861
8471 10440 13416
11064 9544 11433
9957 10706 12259
9960 11503 11528
11781 9110 10435
12204 8906 9273
9490 11377 12213
10572 11939 8822
11040 10576 9935
9700 10778 12348
11586 8953 10966
9396 10645 12936
10850 8408 12294
10405 11558 10247
9577 10849 12779
9926 9920 12975
9321 12490 10653
10045 9992 12691
9434 12544 10540
11278 8862 11518
10991 10571 10193
11103 9161 11670
9758 12098 10950
9099 10818 13108
9519 11255 12528
10493 11887 9511
9912 10083 13009
10945 10111 11020
10701 10171 11465
11318 10311 9679
10835 9875 11511
11448 9700 10701
12470 8452 7996
12351 8104 8555
11750 9762 9095
12460 8259 8408
11913 9609 9218
11559 10351 8523
11049 10547 10217
12088 8454 9348
11087 10259 10235
9543 12534 10292
8337 13334 9729
12532 8407 8278
11976 9760 9187
12399 8355 8397
12103 9453 8453
10754 10484 10831
12423 8252 8425
12263 9025 7981
11399 9557 10747
11093 9261 11587
12015 9258 9725
11236 10395 10040
10294 10464 11922
9795 11822 11318
9513 11940 11519
12034 9155 9709
11370 9073 11216
9073 12075 11917
11461 9351 10893
11093 11239 8402
9869 11164 12003
10219 12394 8980
11194 10901 8860
9717 12625 9163
11352 9815 10782
8725 11144 12704
11053 9891 10876
10253 11102 11336
11544 9814 9779
11619 9323 10438
10658 11252 10459
9818 12606 8482
11561 10114 9547
10960 10464 10498
11493 9968 9891
8415 11738 12385
10408 11010 11362
11394 9203 11058
12234 8604 8877
11462 9992 9617
11337 10054 10293
10209 12494 8897
10895 10686 10274
10100 10306 12487
10492 10587 11483
9495 12072 11345
11485 9542 10583
11064 10256 10356
9710 12461 10290
8574 12736 11662
10316 11685 9692
12164 7863 9331
10777 11492 8196
11627 9448 10166
11549 10158 8935
10760 11395 9167
12217 8114 9217
10432 11511 9897
10365 12121 9151
10938 10901 9809
10397 11482 10660
12108 7959 9364
11719 8862 10648
10792 10401 10737
9607 11599 11840
10518 11496 9733
11709 10141 8330
9373 12369 10839
12580 7233 7488
10981 10671 10110
9497 11876 11547
12127 7856 9348
9828 12506 8565
9160 13344 9514
12297 7607 8912
10375 12021 9234
10682 11535 9059
10305 10363 12039
11095 11014 8757
10872 11379 8294
12406 7762 8765
12351 8884 8458
8605 11657 12156
10355 11928 9563
10023 11938 10398
11523 10368 9231
10753 10603 10744
11345 10130 9880
10131 9977 12527
9756 12651 8200
9120 11177 12610
11079 10216 10389
11369 10507 9288
11127 10608 9854
10540 11629 9476
9045 10321 13465
11160 10923 9306
10683 11731 8746
10984 11133 9355
8302 13004 11124
8364 12959 11406
10092 9734 12656
12236 8011 9201
11315 8704 11400
11279 8734 11691
11112 10899 9715
10499 10105 11739
10241 9875 12313
8653 10996 12834
10175 11460 11163
9328 12841 10441
9301 12635 10858
11650 10061 8497
9532 11914 11227
9256 12693 10571
10986 9135 11883
11195 10484 9961
8374 13152 10994
11207 8586 11821
9937 11953 10562
10674 11410 9331
9920 10208 12737
12343 8759 8730
11572 10294 8351
10171 10637 12204
11108 8357 11948
11459 8385 11338
11299 9564 10896
10648 10501 11081
10611 10659 11199
10185 10474 12170
9994 11762 10805
11412 10722 8823
10921 9009 12052
9978 11864 10641
12226 8111 9118
11496 8227 11220
10177 11804 10128
10160 9105 12839
11187 10252 10086
9871 11420 11809
9085 12351 11218
10106 11440 11272
10874 9267 12087
11407 10018 9777
11741 10058 8699
10218 10379 12169
10978 10271 10520
11709 8962 10565
10724 10119 11213
9892 11879 10805
11367 10648 9066
10352 10859 11410
10181 10954 11466
10004 11406 11300
8048 10480 13316
9297 11041 12654
9190 12989 10450
11564 10076 8661
11567 10476 8251
9291 11896 11880
10483 10616 11201
10152 11646 10413
9465 12826 9646
10146 11934 10128
10058 10945 11867
9686 12636 9562
9111 12901 10565
9284 12648 10771
11326 8476 11656
10788 10777 10418
11020 10063 10686
7893 10613 13232
11396 8234 11369
11378 10828 8703
10749 9434 11992
10666 11846 7788
10450 9924 11879
10249 11542 10542
10283 11656 10019
11285 10183 9934
10316 11678 9966
9836 10408 12709
9504 9866 13310
9207 9358 13459
11908 8510 10196
10099 10489 12334
8120 11387 13076
12142 8951 8991
10640 10011 11547
10847 10514 10634
10286 11574 10153
9910 11747 10979
8761 10868 12934
8542 13391 9281
12192 7596 9410
9793 12272 10624
10987 11176 9100
10838 11196 9611
8507 13061 10676
9135 10412 13196
8833 11016 12804
11085 11114 8674
11584 9178 10611
10734 10486 10917
9448 12178 11471
10280 9479 12662
9922 11766 10951
12325 8980 8263
12145 7396 9839
10061 10914 11911
11406 10146 9604
10673 11598 9075
9754 11275 11991
11557 10283 8663
11004 10674 9989
10782 11387 8914
11254 8328 11786
10691 10271 11382
10118 11021 11432
10048 11045 11784
10476 12002 8553
12359 8660 8072
10195 9782 12498
9585 12890 9237
9402 12950 9443
11137 10089 10473
10592 10474 11218
9022 11553 12278
9333 13091 9720
10892 10588 10391
12093 9260 8865
11481 10491 8415
10950 10564 10415
10580 11861 7952
8262 11589 12596
10279 11843 9810
7791 12369 12175
11728 8859 10549
11360 8156 11465
11363 9991 9986
11031 11284 8120
10743 10251 11057
11690 9599 10135
11708 9425 10272
11079 10113 10449
11530 7907 11029
11033 10384 10417
11601 10156 8060
9395 13046 10002
8157 11088 12962
11628 9644 9853
10986 10396 10248
10145 10832 11848
10629 10023 11595
9750 11748 11561
11188 9918 10488
11121 9926 10673
10766 11316 8992
10208 10479 12086
11656 8711 10679
11273 10237 9922
11236 9070 11352
10630 9818 11959
11179 9246 11423
10425 10789 11416
12362 7347 8974
10929 10866 10010
11016 10049 10994
9496 11953 11432
8414 13276 9827
12280 8608 8761
11240 9342 11115
9442 12788 9967
11576 9053 10883
9983 10359 12706
12135 7496 9756
10831 11131 10002
10540 11488 9480
9996 11732 10815
10304 10364 12005
12325 7340 8991
10788 8957 12190
9855 10934 12244
11437 10383 9395
10972 10700 9828
12472 6128 8466
11244 8428 11703
11245 9689 11078
10510 11984 8540
11125 10749 9632
10461 12293 8414
10398 12142 8445
10168 9819 12409
10148 9858 12652
9599 11367 11965
12544 6276 8336
10650 10909 10796
8932 11587 12204
11425 10043 9588
8063 11804 12429
10000 11997 10384
9644 11441 11722
11598 9956 9429
10577 11426 9812
10390 12017 8717
10186 10291 12323
11551 9363 10413
11201 8874 11583
10204 10952 11656
9659 12115 11148
12073 7248 9969
10800 10087 11253
8658 12131 11719
11153 10990 8781
10633 11385 9379
11264 9025 11552
10443 11295 10824
9118 12149 11674
10498 11994 8300
10498 10879 10814
9755 12641 8801
11251 10069 10457
8587 9582 13684
11756 8704 10530
11659 8260 10974
11275 10958 7909
10532 11352 10055
10440 10401 11666
9881 11814 10880
9840 11260 11827
9451 11879 11675
9432 12888 9884
8399 13289 10011
11982 7592 9864
9782 10906 12331
11384 9303 10975
11298 9318 11139
10915 10390 10741
12297 8387 8815
12211 8402 8979
11450 8731 11012
11962 9007 9839
10146 10976 11632
10027 12044 10293
9357 12220 11354
11185 10584 9878
10011 9032 12973
9075 9985 13319
8543 10588 13286
11445 10508 9123
10824 10180 11064
10338 10726 11540
9412 13143 9031
8302 13161 10248
12182 7403 9822
10746 10794 10715
10086 11871 10432
8480 10717 13158
11415 10143 9505
11330 10257 9691
10886 8919 12245
9536 9316 13264
8748 12244 11652
11862 9827 7269
10997 11076 9183
10823 10758 10131
10758 10108 11150
10692 11435 9142
10309 11089 11109
10352 9627 12532
11334 10862 8715
10974 11233 9272
8679 12354 11501
11541 9463 10330
10695 11094 10341
10519 11688 8936
9931 11970 10767
9323 12898 10132
11281 10663 9230
9901 12014 10582
9026 9835 13639
11604 9614 10299
11177 11020 8335
11161 11115 8509
10953 9898 11025
10317 10015 12197
9267 9785 13336
8757 11244 12615
11334 10333 9614
11326 10737 8987
10873 9963 11150
10406 10602 11647
9080 9552 13537
11203 10609 9689
11135 9053 11753
10823 9567 11713
12595 6798 7975
10445 10852 11244
9648 12506 10008
12025 9451 9313
11430 9817 9922
11191 9192 11435
10588 11986 7680
10408 12042 8528
9581 12087 11153
12413 7739 8564
10529 10053 11744
10578 11793 8092
10232 10216 12135
9933 11527 11187
8106 12309 11983
10806 11443 8007
10485 11514 9640
9953 12255 10419
10984 9503 11596
10197 10008 12332
10111 10023 12496
10383 9878 12115
9934 11671 10971
9536 11720 11727
8816 12635 11096
11092 10963 9281
9836 11740 11123
9422 11742 11990
10858 9515 11625
10716 9476 11726
10289 12036 9398
11622 8872 10733
9389 10986 12696
11434 8776 11116
11164 9537 11284
10062 9873 12816
9942 9747 12863
9893 9597 13183
10280 10808 11429
12144 9457 8443
10220 10732 11864
10106 9952 12570
10014 9895 12733
9553 12434 10375
11585 9030 10851
10286 9750 12352
10231 10817 11684
7966 11676 12666
10748 10208 11067
9166 9537 13373
8283 11733 12475
11082 10534 10097
7541 12705 11676
11940 7339 10287
11320 10161 9768
11074 10938 9470
7730 12001 12347
10509 11788 8853
10128 11654 10448
9311 12096 11582
9152 9700 13407
12110 7090 9851
11082 8802 11867
10996 8817 12031
9718 11997 11071
9696 12536 9645
8789 12163 11701
12146 7697 9345
11542 9659 10017
11318 8491 11451
10770 9316 11827
10319 10103 12116
9546 12116 11045
11952 9107 9756
11474 9783 9910
12533 6843 7693
12295 7611 8904
11618 9451 10265
11532 9466 10429
11513 8289 11136
11103 11139 8485
10783 10636 10597
9990 9725 12946
9622 12732 9119
9123 9963 13402
8691 9821 13664
11464 9590 10322
11387 10532 9099
10494 10995 11198
9894 12135 10611
9891 12007 10632
9832 11664 11200
12049 7494 10140
10674 10646 10845
10588 10661 11009
10150 11871 10011
10064 11886 10175
10033 9299 12917
9575 12990 9154
9195 10111 13272
12214 9120 7544
11301 10547 9263
10319 10200 12005
10233 10215 12169
9963 12155 10502
9979 9582 13019
11981 9506 8008
10964 11040 9684
9157 12385 11172
10136 12034 10045
11431 10013 9609
11394 10729 8045
11214 10785 8893
10626 11792 8360
10222 10316 12052
10136 10331 12216
10123 12222 9717
10037 12237 9881
8493 10846 12949
12598 6773 7979
12219 7245 9704
11731 8408 10844
11301 8867 11434
10830 10560 10443
10509 11116 10654
10068 11104 11490
9575 12697 9649
8984 12638 10966
12276 9075 7826
11523 8548 11003
11507 9805 9857
11498 9963 9578
10806 10603 10555
10330 12040 9388
10113 12029 10129
9992 11647 10995
9962 8882 13293
9717 10769 12495
12291 7393 9574
11901 8159 10408
11164 10307 10087
11078 10322 10251
11078 10020 10702
11078 10458 10174
10352 11408 10903
10186 10743 11927
10061 11366 11515
9582 12894 8595
11080 10126 10382
10816 11636 7595
10628 10624 11144
10279 12136 9315
10037 11721 10752
9098 9983 13509
10674 10939 10350
10457 9905 11874
10391 10251 11986
10244 12011 9628
10227 10250 12120
12389 7842 8536
12265 8899 8622
11765 8088 10653
10913 10711 10085
10542 11345 10049
10269 11943 9727
9558 9583 13208
8211 11585 12605
8061 12235 12226
12315 7147 9403
11406 10206 9521
10812 9312 11805
12044 8261 9678
11935 7839 10217
11864 8317 10526
11320 10357 9608
11283 11083 7637
11197 11098 7801
11020 9576 11424
11017 11154 8649
9573 9151 13420
9487 9166 13584
11554 9763 10003
11292 9431 11043
11021 10975 9237
10709 9958 11470
10311 11497 10824
8674 12292 11580
11273 10890 8049
10849 10818 10090
10341 10388 11768
9570 11601 11670
11575 9130 10768
11490 10510 7652
11306 9443 10867
11193 10709 9606
10387 12113 8898
10377 11920 9310
10207 12169 9746
9444 12737 10128
8565 11687 12162
11226 10495 9957
11140 10510 10121
9877 11692 11194
9748 12198 10867
8508 10435 13332
12349 6827 9212
11641 9002 10540
11547 9336 10729
10851 11340 8968
10548 10508 11230
10323 10179 12039
10162 11614 10293
9999 10895 12104
8751 10347 13263
10911 9109 11969
8806 10867 12910
8580 10583 13202
7633 11873 12584
12058 9472 8607
11282 9531 10960
10834 10080 11147
10596 11297 10177
10510 11312 10341
10399 12338 8132
9360 12740 10014
12332 7618 8887
11882 9349 10043
11799 9135 10246
11713 9150 10410
11438 9800 10618
11383 10553 8841
10866 10715 10041
10845 9995 11131
10060 10991 11796
8641 11306 12605
11645 9274 10303
11149 10741 9597
11049 10748 9746
11969 8886 9810
11883 8901 9974
10884 9460 11675
10500 11791 8952
10224 11569 10575
10138 11584 10739
9468 11866 11762
11497 9488 10595
11088 10213 10290
11062 10979 9227
10266 9642 12696
9771 11054 12045
8476 10069 13617
10245 9867 12327
9652 11164 12210
12178 9137 8252
11138 9871 10606
10664 10746 10762
10595 11402 9482
10578 10761 10926
10097 11784 10448
10076 9710 12782
9911 10211 12836
9653 12235 11023
9503 12842 9284
9337 12416 10777
9259 13141 9678
8597 11085 12929
11662 7579 10883
11377 10632 9016
11291 10647 9180
11059 8968 12000
10401 9521 12388
10103 11605 10798
10029 11908 10341
9093 12861 10687
8548 10217 13487
11649 8360 10891
11566 10039 9060
10957 10991 9689
10856 11117 9507
10833 9467 11796
10436 10874 11236
10350 10889 11400
7391 12393 11960
11141 9846 10610
11072 9942 10872
10908 9275 11775
10670 11018 10498
9589 12508 9799
9552 11332 12095
9409 12564 10647
9330 13095 9078
9150 13151 9926
7556 11931 12486
11272 10907 8433
11204 10885 8810
10912 9355 11726
10886 9221 11794
10384 11893 8926
10319 11573 10411
7995 10485 13359
11721 8508 10761
9565 12797 9566
11387 8852 11270
10399 9551 12378
10389 12145 8544
10280 11260 11033
9402 13243 8948
9335 12760 10121
12063 7348 9886
11916 7442 10259
11154 10407 10004
11099 11160 8227
9229 12381 11026
8651 11000 12826
11612 8518 11009
11529 10197 9178
11522 10402 8494
11456 9776 10288
11342 10458 9342
10945 11299 8284
10765 11355 9132
10133 10233 12333
10047 10248 12497
9978 11479 11198
9621 11869 11308
9392 13050 9360
12067 9491 7844
11192 8877 11682
11095 10237 10228
11070 10226 10299
10586 11104 10589
10500 11119 10753
10431 11699 9641
10173 11869 10201
9132 12419 11142
10619 10123 11512
7816 11881 12465
11755 8188 10570
11684 8666 10879
10870 10523 10578
10759 10983 10132
10601 11450 9205
10378 8958 12682
10281 9767 12334
10205 10381 12203
10119 10396 12367
10116 10268 12388
9955 12370 10229
9832 12496 8445
9614 12548 9609
9434 12604 10457
7718 11923 12434
11904 9612 9317
10572 11267 10623
10231 11117 11079
10051 9730 12889
9965 9745 13053
9478 12862 9391
9053 13023 10163
12162 7867 9323
11854 8417 10443
11612 9690 9886
11468 9778 10167
11054 10504 10227
10791 11446 7871
10528 10983 10627
12434 7495 8844
11643 8866 10588
11199 9317 11163
10761 10529 10798
10742 11018 10187
10450 9106 12552
9655 9028 13202
7753 12010 12337
12603 6874 7562
12011 7639 9761
11731 9865 9111
11177 9263 11182
10795 9359 11804
10357 11310 10988
9974 10656 12239
9305 13115 9185
9125 13171 10033
11416 10024 9592
11381 10016 9797
10881 10757 10021
10710 10042 11416
10440 8913 12964
10200 11501 10695
9996 12538 8126
10902 11085 9402
10069 11039 11639
9555 11651 11672
9254 12697 10563
9167 11104 12599
12606 6849 7566
12404 7766 8757
12301 7443 8963
12121 7499 9811
11180 9238 11186
11157 10289 10175
10662 10338 11047
10194 11275 11197
9814 10897 12258
9730 10665 12494
9434 12438 10578
11631 9102 10457
11503 9368 10720
11003 10428 10232
10252 10305 12049
10183 11536 10750
9718 11382 11846
9244 11046 12697
8574 12893 10786
12254 7551 9692
11425 10748 7716
11297 9446 10966
11275 10283 9851
11238 11009 7880
11058 11065 8728
10524 10160 11668
10462 10631 11298
10340 9958 12093
10254 9973 12257
10098 9654 12735
9858 12242 10466
9337 12476 10694
10946 10307 10707
10526 9828 11876
10446 11367 10219
10442 11400 10129
10297 12161 9126
9180 9312 13493
7667 11568 12728
11789 9235 10163
11703 9250 10327
11587 10029 9314
11415 10555 8128
10804 10744 10333
10591 9861 11867
10441 10511 11488
10343 11603 9965
10320 12140 9305
10257 11618 10129
9845 11985 10931
11996 7589 9809
11632 10175 7731
11410 7780 11366
11381 9850 9918
11369 9594 10836
10966 10708 9892
10362 9356 12444
10353 10641 11546
10287 11968 9538
9240 9348 13338
9154 9363 13502
11215 9733 10893
10705 11192 10172
10625 10496 11165
10539 10511 11329
10202 10118 12211
10101 11721 10331
9461 11134 12566
9141 12324 11380
8761 11764 12146
11975 7976 9807
11487 9588 10512
11338 10382 9419
10645 11757 8270
10471 10635 11222
10329 9267 12556
8676 12096 11782
12325 6930 9184
12106 7963 9356
11482 7928 11236
11188 10206 10141
10584 10103 11586
10509 11466 9787
10504 10303 11526
10434 9504 12314
10238 11631 10249
7663 11728 12654
11636 9277 10402
11178 10013 10553
10939 11059 9598
10856 9958 11205
10770 9973 11369
10619 11418 9388
10585 11502 9399
10532 11445 9966
10143 11275 11428
10087 11884 10365
10057 11290 11592
12118 7646 9368
12047 8124 9677
11835 9607 10078
11593 9155 10579
11314 9841 10306
11049 9068 11917
10543 10783 11092
10274 11096 11191
10235 10637 11783
9261 10605 13105
9117 9547 13453
8273 10729 13111
11755 10046 7373
11445 10529 7806
11158 10535 9932
10886 9906 11210
10800 9921 11374
10781 10410 10763
10407 10419 11573
10129 11641 10497
10019 10954 11810
9953 11962 10514
9792 12024 10830
9131 10336 13273
8104 12781 11578
12217 7875 9241
11292 10843 8867
10843 10302 10788
10724 9895 11396
10724 9770 11549
10428 10642 11361
10342 10657 11525
10064 11879 10449
9978 11894 10613
9973 10459 12623
9601 11775 11444
8738 12051 12064
12065 7236 10060
10843 10438 10711
10757 10453 10875
10411 9203 12536
10236 11661 10239
10192 9937 12406
9874 10662 12459
9371 11738 11999
