40 3
14524
569 512 387 35
788 443 697 521
889 901 104 199
731 112 786 150
908 501 264 374
573 20 846 857
832 407 468 522
573 918 147 765
507 277 842 176
907 319 406 962
816 844 726 280
729 365 952 448
934 694 760 334
512 23 570 718
738 128 753 823
479 350 685 497
944 223 922 462
612 850 373 88
551 681 39 572
572 263 613 727
574 611 481 167
482 843 688 157
641 427 354 243
737 533 822 43
934 749 288 92
871 248 715 271
549 321 209 849
543 949 315 870
965 182 822 790
849 492 735 119
513 563 303 820
983 706 219 717
805 866 189 608
947 345 88 428
889 692 678 461
756 807 236 655
741 867 56 681
580 605 386 409
543 164 876 345
983 451 296 765
1982
10638 13544 11145
10947 12960 11761
10696 13327 11410
10851 12982 12226
10321 14006 10848
10220 13053 12340
10429 14121 10446
10486 11338 13820
10064 14461 9388
9941 14057 10879
9751 13297 12341
9126 14716 9710
9625 13874 11823
9056 13847 11836
13663 11117 10159
13538 10164 11520
13347 11270 10892
13454 11484 9789
12845 10142 12589
12652 12424 10732
12469 10654 12562
12077 11388 12995
12013 13130 10258
12027 11641 12649
11933 13150 10553
11602 11818 12770
10994 10488 13958
10470 14221 10118
10166 12339 13097
10132 14235 10065
9552 14523 9844
9721 13358 12323
9429 14119 11335
9808 14317 10628
9467 14490 10052
9400 12819 12853
14584 8900 9049
14402 9195 10297
14222 9866 10319
13832 9387 11313
13696 10485 10909
13516 10705 11012
13161 10109 11985
12968 9216 12624
12266 11533 12570
12117 12293 11929
12328 12631 10794
11698 13186 10560
11569 12643 12210
11184 13391 10977
11197 11376 13295
10999 12199 12755
10875 11908 13196
10765 13903 10490
10646 11308 13711
10386 13239 12112
10338 14232 10543
9958 14283 10574
9695 12501 13225
9970 12973 12785
9554 14605 9717
14140 9282 10924
13733 10049 11002
13453 11415 10286
13160 10086 12287
13069 9767 12370
12373 12215 11352
12308 12471 11115
11742 12972 11367
10629 12073 13068
10280 13906 11176
9960 14365 10447
10177 13135 12424
14324 9450 10224
13898 10195 10736
13506 11073 10473
13388 10366 11556
13323 11797 9170
13125 10786 11595
13205 11710 10481
13148 10627 11904
12869 11270 11970
12757 9677 12764
12737 12390 9545
12608 12192 11119
12377 12669 10392
12591 9870 13131
11739 11402 12942
11967 12327 11983
11649 13148 10962
11648 12537 11930
11018 12899 11799
10805 12350 12791
10164 12257 13224
10096 13712 11695
10457 12936 12405
14570 9469 8381
14065 10533 9815
13820 10450 10663
13085 11357 11519
13046 11907 10900
12855 11729 11714
12464 11201 12750
11642 10851 13192
11923 13301 9597
11592 11973 12611
11422 11691 12842
11326 12591 12238
11170 10705 13638
10920 13728 10492
10167 13706 11273
10270 14278 9776
14312 9991 9841
13854 10584 10163
13314 9874 11995
13313 11617 10447
13000 11324 11727
12657 10156 12821
12685 11205 12353
12542 11867 11889
12092 12953 10134
12119 12375 11802
11607 12437 12258
11657 12705 11770
11452 12724 11702
11565 11891 12795
11573 13320 10830
10697 12695 12399
10467 13122 11892
10476 12628 12854
10624 11845 13383
10036 13886 11328
14077 7967 11061
13964 10480 10151
12857 12268 10275
12398 10537 12767
12328 10348 12935
12144 10265 13309
12196 11975 12165
11948 12641 11392
12116 12426 11856
11863 12608 11600
11381 10976 13461
10929 12641 12350
10798 12407 12584
9724 13801 11707
9565 14048 11456
9431 14201 11208
9144 14012 11563
14636 8625 9582
14556 8500 9728
14042 8455 11039
13968 9594 10861
13097 10816 11902
12966 10224 12503
12720 10717 12375
12732 10176 12758
12450 11660 12494
12234 12833 9846
11143 12097 12684
10958 11484 13374
10660 10849 13967
10519 13798 11097
10405 10926 14015
10094 12699 12819
10159 13310 12048
9078 14538 10363
8904 13799 12017
14390 9736 9914
14147 9969 10044
13730 10325 11141
12969 10433 12148
12717 10243 12563
12307 12604 11042
12262 13003 9570
11502 9854 13854
11185 12534 12292
11170 12179 12500
10512 14184 10034
10887 11367 13579
10194 13127 12245
13631 10588 10759
13355 9971 11769
13253 11227 11114
12662 12604 9455
12752 11990 10954
12579 10411 12748
12291 11804 12076
11991 11939 12408
11522 12183 12409
11379 12706 11991
10554 12287 12978
10363 13461 11761
10524 11785 13480
9052 14847 9275
14643 9312 8702
14307 8726 10420
13874 10355 10629
13511 8656 12094
13374 10502 11368
13265 10686 11497
12481 12275 11225
12434 12776 10188
11905 10373 13388
11041 10948 13707
11052 13177 11626
10806 10955 13774
10040 12531 13190
10155 12089 13384
13597 9842 11454
13488 9512 12066
13343 9570 11996
13276 9111 12235
13101 9699 12311
12077 12980 10027
11925 11340 13176
11606 13011 11529
10478 9898 14087
10427 14084 10685
10048 13960 11225
9706 13297 12552
10124 13569 11840
14069 10224 9971
13470 10950 10951
12856 10467 12317
11950 12723 11265
11664 9991 13692
11362 13023 11398
11437 12918 11648
11137 13210 11418
10623 11978 13310
10458 12803 12478
10626 11927 13256
14089 9383 10632
13036 12058 9944
13048 11989 10773
12312 10933 12854
11654 11369 13150
11061 10878 13726
11021 11662 13083
13415 10381 11443
13362 11043 10985
12830 12389 9919
12672 12453 10411
12139 11756 12257
11838 13268 9805
10942 12868 12031
10655 13227 11738
10023 14361 9716
13910 9654 11119
13832 9909 11046
13035 10661 12073
13029 11602 11333
12751 12123 10881
12257 10231 13140
12112 11674 12441
11434 13484 10280
10793 12179 12899
10184 13389 11866
9351 13529 12208
14498 8904 9606
14590 8859 9685
13816 10743 10367
13682 9875 11246
12902 10837 11962
12595 10671 12458
12605 12243 11173
12281 12008 11957
11613 13388 10268
11429 13373 10903
11211 12812 11949
11165 13671 10623
11364 13105 11271
11124 13571 10951
13976 9939 10534
13625 10565 11181
12199 12704 11205
10794 12394 12699
10595 13407 11712
13249 11077 11154
12342 9889 13191
12231 12789 10684
11743 10236 13550
10517 12728 12526
10084 12664 12906
9285 13261 12659
13769 10595 10669
13425 10198 11689
12966 11041 11779
12030 11929 12345
11850 12965 10829
10630 11940 13141
10670 9427 14211
10444 14410 9357
10539 12611 12596
8276 14993 8790
13210 10073 11997
9864 14518 9046
10186 11720 13552
13790 10900 9830
13095 11945 10498
12368 12356 11742
12222 10010 13382
11053 11432 13228
11065 12358 12449
10636 13507 11384
10107 13577 12019
9361 14345 10658
9215 13703 12254
13985 9667 10694
13285 10413 11665
11634 10409 13638
11395 10517 13717
11066 12225 12522
11136 11783 12927
11095 13359 11171
10874 12041 13123
10883 13525 11089
13651 9465 11607
12661 11998 11359
12521 12077 11454
9990 9797 14179
9817 10104 14252
10035 13019 12489
9131 14586 9872
13697 11251 9659
13553 11221 10171
12606 12110 11246
12395 12141 11555
11928 12863 10661
11698 10613 13455
11228 13851 9092
10553 12420 12905
14233 10403 9410
13670 8459 11675
11703 13526 9538
11654 13488 9940
11494 10942 13292
11149 9201 14043
13765 8928 11552
12662 11865 11432
12540 11785 12016
12245 11258 12590
11947 12774 11319
10834 13299 11633
10892 13082 11898
12076 12206 12005
11054 13259 11499
10527 12494 12810
10229 9917 14147
9786 13038 12549
9211 14379 10712
13203 11240 11404
13085 12096 9542
12731 11963 11202
11785 9752 13624
11897 12518 11870
11010 11791 13065
10919 9408 14151
10375 13632 11653
10441 12811 12657
9202 14614 9556
12576 11965 11567
11696 12257 12036
11422 13210 11082
10510 13153 11863
10566 13993 10527
11350 12127 12476
10809 14070 10415
9631 13969 11581
8327 14909 9575
14234 9325 10702
14054 9684 10607
12798 11171 12184
12713 11138 12392
11744 12021 12430
11132 10995 13521
11188 12949 11771
11240 13782 9921
10885 13723 10578
10721 12615 12533
10959 14038 9435
8813 14955 9354
14445 8447 10396
12956 9801 12539
11225 13491 10649
11214 13709 10221
10148 13677 11691
9338 14202 10834
13960 10773 9855
14015 8565 11266
10935 13789 10263
10451 12549 13036
10187 11587 13625
14181 8372 10899
11135 11916 12854
13344 11546 11031
12618 11530 12089
11523 13700 9712
10928 12774 12277
10232 9997 14095
14476 9732 9357
13886 9010 11466
11263 9962 13933
11231 12657 12157
10875 13399 11305
14284 9312 10412
13745 9508 11385
11529 13653 9919
11235 13229 11028
10911 13120 11680
11455 12389 12439
11397 11586 13126
10998 12332 12682
13573 10992 10637
12018 10339 13219
11983 10118 13461
11173 11710 12902
10681 13836 10571
10424 13128 12064
12387 12584 10747
12559 12534 10928
11273 13216 11368
11072 13672 10249
14213 10254 9459
13035 8729 12539
10850 14170 10087
13503 11522 9387
11147 12849 12099
10897 12057 12979
9726 13883 11580
13436 10703 11277
13254 11748 10079
11327 12028 12721
10154 12222 13311
13178 11900 9609
12176 12246 11882
10808 11518 13428
13302 10415 11612
13134 10094 12098
11186 12401 12365
10653 13733 11079
10377 14222 9744
10410 12165 13082
13632 9542 11554
11733 10834 13213
11444 13501 10231
10511 12369 13062
9660 13615 12031
14471 8467 9936
10512 13216 11825
9794 13359 12112
9010 14764 9686
14155 10658 9337
13569 9909 11415
12939 11477 11811
11257 12791 11720
11173 12761 11956
14531 9260 9115
14418 10136 9235
13440 11255 10340
9622 14379 10394
9025 14441 10478
13526 10828 10799
12119 12832 10490
10556 9643 14160
10126 13651 11713
13979 10099 10449
11025 12493 12373
13861 10992 9175
12994 9876 12389
9676 14188 10887
14613 8317 9991
13156 11774 10479
11571 10734 13397
11047 11337 13470
10924 13891 9970
10926 11748 13254
10741 14204 9040
10381 12991 12631
10445 13190 12058
14728 8599 9104
13919 9381 11004
13652 8962 11721
13617 10359 11310
10879 13628 10820
9839 13462 12068
13369 11451 9997
13251 9313 12441
12653 9272 12926
10459 13018 12278
9192 13776 11957
14123 10129 9937
12172 12920 10065
11606 12570 12185
10739 10565 14006
13611 10817 10293
13349 11352 10765
13203 10531 11668
12118 12508 11729
10201 11128 13881
13476 10053 11683
12890 12209 9945
13123 10723 11633
11398 9182 13983
11434 11150 13225
10987 12967 11717
9669 12807 12927
11493 13437 10233
11838 12529 11782
11666 12831 11555
10779 12424 12696
13912 10891 9467
12759 9740 12726
11154 12893 12011
11940 11804 12823
9421 13087 12613
11564 13115 11170
12894 10355 12446
11071 9456 13970
13980 9053 11244
11209 11547 13187
8834 14518 10515
11640 11130 13237
11160 13028 11482
11923 12562 11574
11714 13308 9966
10700 13119 11908
10422 13091 12303
11234 13804 9299
9680 14182 11148
11907 13334 8924
10652 11403 13469
9977 10074 14143
14042 10225 10224
12494 12596 10214
10786 13585 10898
9363 14427 10531
14011 10628 9849
12864 9500 12686
11038 12352 12531
11139 10623 13799
10555 10438 14082
10403 14310 9685
13746 11289 9257
10683 11798 13336
10415 12885 12562
9867 14366 10073
13550 8914 11861
10554 13320 11788
13144 11603 10689
12358 10472 12833
14109 9900 10488
11195 12993 11683
10965 13728 10281
10474 11879 13437
9603 14643 9315
8765 14777 10007
10785 12519 12454
9727 13453 12081
12572 10175 12838
14199 10025 10010
12483 10195 12818
12452 11742 12367
11949 12856 11192
12392 12924 9725
11802 12792 11393
13597 10588 10844
13223 10220 11822
12210 10551 12999
8974 13357 12422
13558 9584 11687
11286 13537 10357
12398 12090 11501
12071 12029 12017
11659 9057 13714
11508 10483 13548
14445 9264 9672
13835 9111 11174
10857 13077 11984
9809 14068 11304
10337 11680 13556
11993 12002 12370
11023 12411 12500
10447 10442 14089
10055 12592 12961
8592 14448 10850
14662 8645 9122
13348 10835 11417
10757 14171 9713
10081 13651 11924
14541 8973 8981
13933 9962 10710
11811 10579 13286
10648 13090 11938
8686 14605 10168
14294 7890 10656
14507 7849 10191
13578 9637 11588
10772 12481 12489
13804 9186 11319
10957 11617 13301
12560 10716 12455
10196 13209 12118
11458 12805 11589
13357 10984 11120
11195 11736 12880
11148 11242 13310
12459 10209 13007
11618 11667 12909
11125 11082 13543
13164 11623 10557
12268 10556 12868
10594 12520 12577
10177 11552 13712
12860 10617 12277
12442 12829 9396
11629 11900 12586
11364 13780 9213
10193 9688 14148
12473 10804 12522
10087 13746 11682
8481 14600 10447
10982 9365 13995
10310 13300 11940
14039 8731 11178
11013 12919 11859
10529 12576 12683
12069 10555 13077
12011 8861 13471
10555 12502 12778
12577 12571 9663
12132 10806 12926
11982 13254 9550
10709 12866 12291
10600 12627 12511
10471 13116 12153
10213 13495 11815
10369 10697 14016
8771 14872 9765
13741 10862 10232
11196 11509 13222
13785 10229 10905
9712 13392 12310
13886 9814 11012
11907 10455 13261
11818 10492 13264
10610 11079 13712
11743 12154 12357
11000 13837 9974
10875 13963 9896
10982 11029 13575
10648 11390 13584
10469 13053 12191
9755 12321 13251
11413 12706 11903
11503 11546 13065
13163 9810 12148
11649 10479 13470
11459 10721 13534
9763 10241 14096
9508 10318 14144
11703 11934 12506
9685 13694 11849
12661 12737 9382
13239 11758 9999
10240 9596 14339
9620 14498 9198
13163 11102 11592
10696 12828 12326
8108 14328 10948
13707 10484 10832
12786 9755 12613
12309 12686 10915
10664 12078 12982
10519 12838 12304
10588 11616 13384
10560 13898 10769
10253 13965 10946
10102 13807 11453
10492 12649 12708
10026 14258 9928
10224 12077 13250
9000 13051 12720
13154 11794 9696
13220 10496 11961
12890 9471 12551
12833 10683 12206
11099 13944 9395
10601 12494 12584
10236 13739 11251
10398 13202 11969
9946 11205 13929
11072 11693 12964
10460 12885 12351
11216 11671 12986
11219 10839 13623
11408 10097 13774
10951 11853 12970
11207 11195 13263
11184 12418 12413
10910 12952 11796
9980 12711 13164
9058 14942 9033
12721 12557 9408
11070 11583 13132
8308 14271 11290
14694 8221 9704
13633 9924 11355
12688 12159 11050
13468 11232 10677
12013 11402 12736
13859 10812 9742
13612 11218 9867
13427 7995 12106
11620 10868 13382
13938 7908 11330
13538 9499 11776
11395 13463 10633
10634 9198 14212
13427 9840 11826
13179 11767 9682
12951 12025 10152
11848 12883 10956
11803 11974 12383
10006 14102 10601
14143 9006 10785
13381 10831 11016
13207 10668 11592
11212 11756 12832
11049 11419 13343
9932 14472 9813
11348 12054 12566
11170 12070 12645
10222 13135 12213
11763 13346 9564
10382 11596 13614
9049 10597 14058
12114 11756 12314
12811 11943 10907
11182 13354 11216
9718 11831 13626
10556 12369 12851
13802 8349 11478
11148 13809 10218
8037 14637 10257
13511 11301 10052
11695 12390 11963
11097 12305 12484
11039 12432 12354
10733 13713 10784
11623 8828 13715
11179 12125 12581
11013 12139 12765
10087 9887 14161
13443 11566 9330
10613 12240 12931
10578 11581 13471
10202 13304 11876
9998 13215 12319
12185 12971 9869
10735 13462 11376
13362 11655 10045
13822 10766 9945
11058 12152 12708
11011 11658 13138
13238 11078 11231
11993 12970 10579
10874 13193 11705
9991 9615 14399
13602 11259 9769
13200 11799 9460
13173 9568 12368
12406 11874 11687
12054 12786 10786
10840 13394 11391
12858 12135 10348
11940 12245 12167
11463 12175 12410
11212 13057 11452
9124 14835 8514
13382 11750 9123
12901 12198 10040
12724 10544 12403
11694 12274 12084
11200 13224 11114
10834 14203 9414
10599 12431 12622
13139 11983 9253
12857 11811 11587
12151 12906 10087
12103 13083 9071
8940 14408 10686
13660 10735 10500
13261 10536 11537
12007 12594 11345
10744 13635 10730
10271 9433 14221
10000 13297 12192
9291 13356 12417
8906 13881 11890
12632 10585 12512
11755 13293 10356
9925 14169 10827
13239 9854 12058
11348 13813 8540
11349 11921 12639
10487 13904 10711
12007 10681 13137
11482 10881 13301
11006 12434 12492
11082 12117 12940
10470 9389 14231
8527 14852 9917
13827 10858 9675
13717 11006 9985
12611 12481 9933
11546 9860 13703
10713 13553 11105
10587 12314 12836
10353 9562 14170
14349 7418 10414
13428 9603 11788
13099 10898 11775
12041 13037 9349
9671 12889 12800
10173 10719 14025
9279 14153 11389
10322 13374 11837
11698 12339 11909
11167 12666 12198
12947 10529 12210
11782 13040 10805
9779 14485 9254
13237 10801 11528
11966 13287 8877
11110 11294 13314
10909 10830 13907
13070 12106 9462
12621 9604 12890
12067 10473 13204
10647 11569 13337
8634 14575 10173
13742 9784 11524
11799 12271 12015
10685 11880 13209
10638 11386 13639
10383 11463 13687
9497 14274 10779
13579 11483 9070
13322 11930 9097
12135 12159 11958
10852 13167 11727
10654 13360 11665
10440 13626 11258
9979 14428 9596
9820 13285 12207
13204 9978 12007
13079 12163 9227
10893 13267 11399
10479 12107 13122
14296 8727 10497
13792 9771 11234
12131 11834 12185
11768 10789 13216
11143 13818 9300
11024 13681 10234
10625 12060 13183
10519 14259 9716
11863 12874 10809
10226 12159 13123
10231 11415 13868
13656 11164 9735
11438 12785 11721
11148 12607 12317
8938 14326 10813
14818 8724 8626
13492 11604 8928
11716 8435 13633
11123 12217 12612
10836 12458 12577
10878 13870 10325
10528 13006 12144
10003 12041 13565
14537 8421 9918
13805 10677 10570
13494 11465 9622
11744 13054 11240
10912 12987 11753
10650 12139 13001
9669 14536 8796
14569 8950 9318
13288 11796 9597
10897 11371 13524
10643 12213 12953
10486 13481 11436
12367 12424 11068
11195 13453 10734
11034 11641 13151
10214 12042 13337
10077 13986 11000
9532 9894 14313
9270 14428 10157
13921 10503 10327
11594 12055 12484
11635 13222 10729
10710 13008 12074
10392 9644 14158
10183 13522 11793
8369 14992 9164
10953 13454 11083
14756 7623 9499
13824 11034 9330
11224 13624 10576
8237 14580 10599
13928 10244 10455
13587 11269 9689
13237 11897 9305
10655 13815 10952
13034 11408 11067
10517 12756 12431
10328 13644 11564
9079 14210 11047
14459 8676 9845
13370 10446 11457
11013 11740 13011
10880 12136 12881
10371 13638 11392
10054 14055 10983
12733 12045 11075
10688 13474 11287
10564 12690 12414
8720 14956 8980
11180 13392 10963
10960 11566 13247
10934 13352 11258
10547 12729 12453
9636 13739 12147
11981 11904 12495
10140 12645 12799
12323 10517 12830
12335 9976 13213
11190 11852 12894
10846 12450 12463
10724 13615 10862
9613 14652 7831
13611 11429 9353
13238 10752 11426
12333 10283 12917
12310 12553 10988
12202 13016 9296
12064 12513 11283
11478 13018 11320
11017 11437 13327
13910 11030 8773
11139 13292 11291
10742 13652 10778
10615 12322 12804
10683 13515 11190
10549 13192 11861
9664 14568 8616
9248 12771 13034
12775 11330 11875
12087 13042 9113
11638 13588 8824
11509 9091 13768
11275 10594 13610
10712 8943 14285
10717 11102 13678
9129 14504 9999
13791 11119 9203
13661 11256 9465
11211 10917 13551
10113 14499 8986
9777 11784 13579
13562 11391 9755
13437 11556 9734
11280 11681 12856
11127 11164 13416
10727 13760 10577
10317 13829 10899
9955 9386 14400
10137 13812 11367
12643 11920 11553
11451 13167 10873
10976 11649 13140
10195 13639 11579
10009 12136 13323
13317 9598 11856
12507 11038 12413
11721 10773 13222
11218 11753 12859
9810 13250 12294
9535 14264 10729
9118 14740 8756
14291 9999 9532
11935 10812 13080
10924 13625 10761
9917 14196 10650
12526 10603 12545
11982 12515 11527
11696 12356 11957
11070 11611 13091
10792 12312 12826
9706 14651 8205
13898 10662 10018
13834 9991 10919
11788 13364 9281
11064 12219 12561
14117 10106 10359
13650 9926 11302
12800 9296 12869
11717 12525 11796
11152 12142 12549
10899 13347 11344
10624 10620 13968
9955 13372 12065
7864 14308 11100
13806 8018 11527
13808 10537 10496
13304 9312 12229
13233 9589 12114
12788 10748 12220
12721 11818 11385
12220 10317 13086
12117 8464 13392
11416 12716 11760
10068 12773 12724
13548 11162 10306
13163 11841 9615
11383 11058 13334
10434 13531 11500
8788 14360 10867
14698 8027 9377
11859 12875 10795
10614 13140 11814
11454 12806 11575
10697 11339 13592
10589 12396 12709
10404 12070 13324
9612 14408 10471
13834 7503 11492
13781 11204 8848
13743 8854 11619
13436 11110 10719
12483 12357 11098
11750 11950 12398
8930 13493 12315
14003 10842 9230
12223 12438 11323
11804 13331 9954
10893 13252 11586
10183 13230 12182
13760 11075 9360
12150 10360 13067
9686 13541 12126
13731 11299 9177
12636 12457 10059
11423 13058 11224
10742 13468 11143
13488 11532 9307
13289 11663 9670
13012 10783 12110
12904 11767 11312
12686 12077 11177
12482 11457 12215
11897 13154 10201
14167 10117 9720
14128 10221 9667
12939 12163 9958
11987 12607 11257
10595 13420 11460
10810 10361 14034
10130 12656 12712
10702 10365 14041
9480 14239 10806
12029 11723 12522
11183 10610 13624
10701 13552 11106
9811 14150 11177
9083 14735 8842
14160 10175 9734
12641 11838 11680
12393 12791 9798
11399 11141 13227
11231 11010 13515
11093 13277 11298
10554 12655 12501
10537 13666 11191
10552 12281 13017
9634 12990 12730
9159 14288 10726
12865 12304 9510
11072 11665 13005
10541 12674 12558
10223 12210 13177
9822 13367 12080
8521 14757 10159
13248 10148 11847
12735 9900 12619
10918 13938 9763
9591 9847 14266
13144 11965 9910
13000 12063 9750
9916 14505 9140
9598 14675 9135
13477 11476 9600
11862 13007 10736
10668 13454 11419
10600 11438 13643
10422 13414 11714
9020 10804 14020
14319 10399 8853
12140 12017 11883
11693 12407 12011
11680 8206 13634
10941 13884 10021
8976 13439 12295
13371 10293 11723
12396 12008 11628
12178 12328 11755
10911 13561 11024
10426 11533 13652
10050 13256 12057
9537 14346 10602
14009 10767 9155
11997 9364 13513
11054 11336 13397
10637 11519 13566
10322 14265 9870
11865 12690 11473
11722 12551 11654
11113 8972 14044
10756 12648 12352
10224 13330 11854
10260 11081 13834
9728 14569 8469
8836 14444 10392
13990 10636 9540
11591 12106 12538
11377 11678 12899
9536 12748 12974
8529 14778 9794
13774 10920 9405
13665 9109 11546
13546 11491 8639
12728 12077 10895
12259 10313 13013
12025 12509 11355
11284 11184 13279
11186 13248 11016
11161 11147 13296
10988 12566 12398
10760 11172 13643
10715 13635 10978
10598 12564 12549
14469 8428 9958
14260 8498 10498
13517 11226 9977
12345 11873 12043
12209 11278 12798
10973 11710 13142
10185 13604 11666
10009 14403 10045
14298 8809 10370
13304 10116 11775
12961 11874 11108
11299 13516 10255
10044 13161 12299
9601 14561 9442
8461 14246 11016
14413 8871 9814
13297 11717 9331
12764 11812 11213
12519 10619 12681
12384 9405 13265
11512 10895 13298
10926 13823 10250
10070 12836 12686
14650 8854 9031
12222 12571 11250
11438 10838 13547
11254 13406 10687
10880 13952 10198
10562 13816 10578
10096 14240 9871
13482 10409 11334
13120 12011 9133
12168 10378 13044
12390 11819 12070
11707 12490 11883
11583 13520 9738
11256 11329 13248
11238 13700 10048
10471 14084 10362
10175 13689 11311
9986 12806 12922
8523 14683 10036
14236 7900 10657
13834 9348 11212
13400 10608 11350
12826 9303 12801
12779 12473 9134
12722 11982 11137
12061 13013 9354
11695 13287 10479
10953 12319 12739
10440 13723 11152
10007 14321 10172
9353 14688 9456
12922 10857 11830
12237 10390 12919
11707 10007 13551
11613 13086 11211
11332 11971 12673
10951 13372 11210
13973 9686 10591
13070 11850 10577
12665 12063 11199
12168 12413 11400
11917 13183 9880
11747 10375 13469
11666 8742 13645
10959 13389 11008
9671 14417 9992
10002 12174 13492
14137 9833 10527
14126 10182 9689
13997 9126 11077
13754 9642 11240
13242 10005 11938
12386 11973 11715
11183 13524 10904
11233 10380 13879
8148 14485 10660
14209 7857 10864
14030 9040 10954
14018 10369 9977
13514 8685 11862
12015 11465 12698
11444 10933 13305
10096 12781 12692
10005 11158 13882
9236 14219 10958
14070 10625 9545
14055 9995 10522
13552 8996 11734
13169 11587 10959
12646 11930 11410
11777 9957 13523
11690 13059 10794
11284 12433 12271
11301 13598 10128
11381 12788 11864
10728 11620 13296
8841 13298 12469
14754 8752 8095
12130 13028 8393
11019 11519 13200
10972 11025 13630
10514 12112 13036
10157 14285 9793
10057 13168 12272
9781 13178 12349
9118 14265 10883
7871 14013 11532
12819 11500 11715
12554 11326 12272
12120 10647 12968
12074 12946 10465
11320 12135 12512
10921 9490 14024
10377 13682 11162
9069 14600 10170
13364 10526 11449
13110 10254 11991
12414 11431 12495
12009 12676 11218
10153 12652 12772
9486 11624 13636
9250 12853 12907
13492 10865 10905
13486 11671 8613
13417 11665 8714
12666 12090 11089
12561 12576 10262
11386 12411 12264
10800 12489 12457
10530 13069 12106
14186 9637 10320
13639 11303 9096
13537 11281 9768
13250 10211 11809
12369 12506 10941
12261 12021 11869
14227 9958 10049
12590 10219 12637
11469 12407 12295
11036 11723 13024
10498 12744 12466
13128 11998 9237
13050 9844 12317
11622 10950 13255
10533 11832 13390
10606 14150 10239
9909 13020 12473
9307 12724 12987
14488 9191 9740
14264 8339 10574
13683 8619 11621
12994 12130 9435
12885 12231 9367
12029 12707 10968
11245 13476 10359
10712 13686 11032
9756 13099 12531
13694 10096 11142
12917 12088 10301
12620 11612 11962
10840 13407 11139
10000 14246 10490
9625 12943 12820
9260 14689 9082
8905 14209 11206
8598 14543 10608
13128 12065 8794
13031 11684 11206
12996 9939 12351
11647 12670 11857
11003 9248 13982
10428 14443 8684
8286 14618 10197
14070 8093 11024
13571 11131 9943
12885 12298 8924
12768 12010 10826
12729 11375 12193
12336 9947 13179
12225 12520 11196
11897 13221 9758
11778 13427 9227
11571 12208 12259
11329 13300 10982
11169 11954 12766
11165 12180 12514
11083 13977 8722
11035 11602 13093
10970 13689 10373
10525 13893 10855
10200 14390 9509
8569 14935 9506
12487 10345 12778
11767 9822 13527
11719 12607 11669
10517 12464 12820
10450 9652 14152
10372 9714 14139
9967 11812 13566
8766 14744 9838
14326 9532 10097
12293 12719 10242
11910 9120 13527
10451 13285 11816
10005 12123 13438
14491 9122 9303
12636 12524 9616
11278 12838 11716
10975 11773 13104
10482 12723 12612
13553 10972 10769
13396 11308 10490
13316 10497 11499
11999 12761 10863
11076 11678 12944
10563 12823 12341
10498 12091 13182
10428 10642 13977
10421 12980 12320
10254 9093 14297
10000 13278 12281
14016 9555 10613
13629 11388 8741
12911 10428 12279
12786 12038 10472
12293 12786 9799
12165 12464 11454
12043 13263 9045
11666 12390 12211
10997 9153 14224
10959 11699 13174
10143 13907 11125
9412 14465 10129
8279 14663 10188
14172 10167 9535
14089 10373 9922
13135 10182 12016
12932 8987 12625
12412 8890 13230
12359 12591 10586
11990 12072 12335
11342 13711 9265
11151 11112 13383
10127 12726 12677
10062 11994 13518
13901 10973 9008
13386 11621 8871
12970 9298 12497
11140 10594 13765
11120 11895 12875
10660 11002 13713
10508 13507 11414
10316 13878 10921
9120 14621 9952
7956 14280 11129
14238 7963 10619
14211 9484 10393
14183 8435 10861
13965 9870 11000
13739 11001 9538
13610 10748 10790
13357 11845 8688
13068 10228 12065
11049 13604 10735
13923 10393 10227
13806 9415 11173
13778 8366 11641
13205 11322 11277
13119 12144 9060
13090 11274 11573
12828 9271 12687
12499 11698 12092
10926 13707 10634
10724 13803 10818
10482 12911 12329
10468 14343 8931
10033 9131 14473
13840 11157 8801
13336 11716 9200
12866 9582 12559
12807 9720 12697
12543 10732 12416
12041 11159 12996
11008 14076 9033
10744 12647 12353
14169 10199 9593
13825 10819 9697
13747 9590 11258
13661 11128 10137
13409 11432 9830
12283 12090 11830
11444 13434 10674
11217 11111 13392
10751 13108 11746
10473 12012 13364
10430 13591 11345
10046 12626 12948
13719 9943 11215
13511 11011 10408
13420 10298 11497
13295 10397 11650
12398 12152 11274
12282 12391 11276
12017 13169 9141
11135 13173 11657
10275 13778 11249
8771 13740 12064
9307 13910 11649
13590 9516 11628
13107 11347 11406
12576 12704 9590
11737 12353 11879
11589 13473 9945
10927 12635 12389
10654 10907 13955
13442 10213 11451
13068 12245 8768
12713 10481 12465
12671 11602 11790
12436 12622 10345
12146 10347 13182
11057 11229 13317
10178 11798 13480
9838 13141 12443
13262 11237 11100
12825 12478 8898
12275 12357 11368
12053 12932 10487
11512 13348 10352
10993 11791 13081
10898 13177 11656
10014 12291 13278
9710 13210 12417
14457 9805 8441
13991 9558 10832
13103 12022 9111
11848 11899 12510
11659 12787 11643
11414 11220 13206
10975 11116 13597
10457 12644 12794
10435 13452 11679
9928 14512 8811
7932 15064 8329
14091 10263 9822
13167 11011 11405
12710 10330 12585
11872 13178 10075
11461 10803 13407
11210 13054 11454
10799 13307 11467
10661 12081 13047
10424 13496 11587
10156 13532 11721
14681 8909 7774
14277 9770 10083
13955 10860 8719
12792 12235 10345
12762 10942 12185
12395 10284 12824
12055 13019 9549
11804 12874 11266
11695 12489 11884
10983 13967 9610
10915 12141 12795
10638 11539 13385
10428 11615 13525
10237 13107 12240
10172 12375 13081
13926 10595 10057
13666 8459 11679
13172 11970 8593
13053 12117 9440
12800 11253 12057
12352 12389 11069
11613 13153 10768
11063 12352 12488
10161 11857 13463
14439 9774 9512
13484 9876 11623
13301 9965 11895
11996 12812 10917
11993 12021 12281
11716 12658 11723
11651 11926 12564
9756 14226 10642
14307 8747 10301
13706 11086 9411
12809 10973 12040
11126 11951 12817
10874 14005 9643
10184 14423 8836
10028 14466 9194
9601 13331 12395
13429 9922 11699
12923 12196 9285
12860 11897 10920
12732 12415 10319
12356 12642 10640
11651 13055 10866
11195 11648 13064
10571 13169 11778
10281 13873 11007
9526 13010 12595
8614 14979 8843
14067 9454 10905
12770 12511 9421
12476 10282 12840
12455 11961 11581
12174 10322 13000
11713 13441 9893
11497 12738 11674
11034 12353 12546
10958 10259 13959
10456 12797 12517
9154 14712 8945
8882 14696 9862
8848 13003 12901
14058 8973 10993
13606 10758 10428
12050 11892 12361
12021 13194 9097
11481 13163 11035
11123 13893 9189
10975 11792 13015
10934 11861 13149
10632 11444 13627
10406 12152 13197
9181 13911 11633
8576 14890 9515
13780 11337 8775
13359 11372 10508
11885 10443 13369
11749 12083 12325
11208 12427 12343
11066 11705 13040
11058 13844 9723
11035 11766 12989
10793 13212 11709
10590 14183 9566
10339 13855 10877
10171 13980 10900
8874 14245 11035
14705 8758 8795
14354 9507 9915
13537 11570 8905
13188 11937 9266
12944 11569 11541
12452 12744 9751
12222 10399 12959
12016 9849 13444
11841 12993 10758
11728 13087 10567
11683 10825 13226
11142 13248 11339
10716 13103 11832
10689 11538 13308
10298 13755 11205
10273 13315 11841
9884 9806 14171
9603 12273 13432
14447 9346 9545
13487 9861 11572
13440 9824 11684
13175 9650 12241
13114 10787 11672
12711 10301 12551
12593 9952 13004
12126 11426 12593
11477 10886 13300
11273 13662 10174
10678 11020 13690
10090 9967 14109
9959 13108 12461
9876 10057 14205
9715 14203 10799
9168 14445 10281
14363 9766 9526
13746 10846 9911
13127 10873 11593
12968 12195 9026
12862 10699 12150
12488 11386 12183
11687 13559 8865
11333 13036 11394
10627 9637 14091
10467 13407 11742
9666 13710 11789
14669 7551 9729
14114 10571 9413
13165 9892 12021
12813 9645 12692
12759 9759 12637
12712 12255 10640
12703 10715 12428
12690 11876 11278
12466 12755 9132
11124 13584 10699
10592 12514 12616
9968 14112 10651
9803 13324 12246
9269 13039 12794
8876 14601 10104
13945 10945 8364
13871 10804 9543
13862 9966 10737
13474 11303 9858
13137 10245 11978
12696 12652 8973
11689 13130 10705
11430 13701 9338
10805 13584 10887
10431 9307 14243
10245 14233 10169
14167 10583 8746
13779 10363 10739
12918 12290 9355
12667 12145 11072
12636 11376 11819
12477 10253 12806
11629 12463 12236
11178 10304 13882
10967 13976 9361
10873 12445 12554
10554 12363 12890
9714 10998 13939
9540 14438 10042
8553 14218 11045
14862 8091 9299
14159 9428 10427
13483 9693 11706
13179 11964 9086
13111 10636 11792
12996 9390 12489
12382 10417 12902
12227 10331 12997
11459 11914 12658
11207 12669 12125
11161 12968 11693
11145 12160 12646
10899 12120 12941
10801 12641 12380
10021 14324 9955
14457 8022 10079
13900 7814 11379
13895 11040 8693
13622 11030 10235
13570 8653 11790
13384 9987 11713
13175 10561 11975
12770 12160 10484
11607 8608 13721
11279 11085 13296
11047 12519 12351
10971 9839 14016
10737 12636 12387
10545 11291 13773
9673 13045 12566
9076 14238 10886
13918 10809 9438
12648 12012 11283
11947 9889 13462
11862 12741 11527
11548 13373 10273
11490 13135 11106
11163 13793 9436
10953 11653 13269
10714 13137 11764
10463 12023 13277
10456 13542 11418
9781 9875 14253
9519 14409 10097
8376 15027 8519
14331 9858 9236
14271 9904 9917
13434 10721 10952
13269 11656 9671
13215 11727 10432
13190 9539 12138
13118 11207 11612
13025 8594 12543
13018 10123 12133
12227 12366 11353
12056 12868 10659
11985 10200 13334
11100 12025 12722
10611 12234 12970
10422 13122 12103
10159 14367 9666
10021 14391 9512
9819 10186 14125
9665 14551 8533
9382 14361 10526
8357 14309 10888
8356 14449 10637
14208 8248 10771
14148 8923 10839
13646 11266 9385
13595 11462 8680
13513 8738 11967
13505 9585 11899
13203 9625 12059
12480 10803 12449
12413 11873 11614
12299 9747 13214
11804 13264 10397
11426 12644 11863
11223 11670 12913
11055 13810 9844
11044 12242 12712
11041 13380 11064
10613 13273 11741
10598 13482 11398
10577 14207 8880
10430 12946 12333
10399 13623 11480
10245 13265 11960
9469 14572 9925
9019 10937 13947
14533 9342 8988
14324 9916 9250
14282 10441 9008
13757 10943 9520
13361 10811 11148
13066 11649 10957
12789 12002 10486
12601 12044 11385
12337 10058 13086
11801 12925 11320
11618 12598 11912
11156 13548 10703
11117 13940 8982
10762 13460 11106
10434 9160 14232
10393 13664 11370
9466 13190 12569
9307 14716 8341
8994 13086 12705
8837 14435 10529
14039 10674 9138
13309 8532 12165
13221 10916 11371
12215 12822 10011
11995 13052 10452
11772 13474 9020
11217 12907 11707
10975 11946 12963
10687 9201 14161
9804 13940 11377
8240 14457 10689
14711 8683 8720
13662 9385 11685
13346 11688 9372
13119 11888 10175
12777 12115 10493
12134 10766 12914
12113 12739 10739
12034 13005 9571
12006 9714 13448
11440 10920 13420
11031 10978 13583
10776 11055 13631
10756 12356 12741
10753 13494 11093
10705 13541 11168
10519 12810 12399
10427 14151 10242
9365 14608 9631
9146 14094 11436
8532 14262 10971
14075 10142 9942
13980 10500 10023
13956 10009 10515
12754 12544 8748
12556 11805 11888
12540 12228 11178
12530 10427 12570
12183 12804 10089
12133 12899 10418
11347 12153 12497
11132 13842 9545
10690 13177 11737
10480 8736 14295
10450 11109 13821
10195 11186 13869
9360 13401 12149
9269 14723 7370
8897 14239 10889
8778 13445 12496
13262 11701 9662
13246 9494 12081
13088 10835 11837
12798 10462 12448
12623 10316 12589
12511 12777 8878
12145 10218 13277
11589 11436 12996
11499 10513 13524
11227 9733 13934
10845 12583 12390
10488 11420 13693
10233 11497 13741
9774 13985 11326
9262 12312 13290
9007 12389 13338
8350 14354 10879
13976 10407 10091
13888 9896 10885
13885 10274 10328
13679 10470 11147
13594 10889 10238
13367 10981 10920
13205 10679 11570
12938 10801 11931
12543 12634 9812
12379 11904 11754
11771 12152 12286
11677 11620 12862
11156 10841 13554
10714 13768 10905
10576 12681 12479
10446 13804 11039
10239 13170 12202
10202 14316 9386
9919 14074 11069
14494 9302 9270
13214 11042 11260
12657 12230 10717
11755 12577 11647
11376 11811 12826
11198 11591 13095
11150 13453 10945
11103 10394 13800
10387 13569 11612
10382 13799 11046
10002 14328 10363
9415 13122 12598
9318 14208 11225
14479 8825 9796
14239 9417 10432
13392 11443 9808
12924 12215 9280
12775 11917 11004
12834 10563 12379
12637 10502 12566
12131 11982 12009
11995 12084 12243
11691 13056 10582
11672 13341 10221
11569 13455 10148
11356 10435 13729
11048 11182 13407
11019 13297 11234
10973 13596 10802
10843 13787 10347
10583 13421 11627
10557 12697 12419
10482 11815 13397
10130 12378 13051
9965 13775 11501
9817 13154 12385
14397 10144 8926
14038 10757 8821
13562 10910 10700
13228 10137 11876
13212 11140 11190
12771 12020 10735
12493 12729 10141
12338 10029 13052
12276 10155 13112
12001 10283 13227
12000 13180 9119
11952 13145 10006
11498 13321 10385
11171 12036 12639
11102 13879 9211
10747 13399 11335
10290 11368 13821
10044 14377 9584
10023 11677 13579
9951 13284 12231
9768 11754 13627
9567 14130 11329
9348 10348 14253
9312 13422 12350
9194 14713 8661
9095 14026 11465
14464 8593 9899
14409 9065 10141
14041 8813 11051
13607 8781 11745
13389 10786 10966
13262 7935 12321
13221 10209 11848
13135 11747 10727
12922 10564 12130
12607 12325 11046
12179 12876 10111
11919 13265 9753
11878 11881 12526
11757 13413 9249
11382 11989 12605
11353 12752 11929
10938 13362 11256
10608 14076 10116
10604 12631 12402
10573 12404 12840
10142 13435 11869
9318 14275 10782
9293 13438 12290
8943 14233 10901
14096 10114 10050
13947 10233 10334
12026 12280 11936
11911 12818 11234
11192 12205 12478
11101 13148 11667
10864 12303 12744
10741 12821 12354
9749 12356 13236
9592 14580 9377
9428 12425 13231
9359 14623 9467
