40 3
13186
727 658 144 892
407 285 533 653
1000 787 52 720
559 645 825 26
862 929 398 48
864 688 581 102
420 83 665 724
651 353 603 351
470 974 67 397
320 958 736 8
871 645 540 150
787 459 659 255
437 657 462 408
332 519 398 687
525 555 55 962
909 564 663 274
925 933 597 242
582 449 255 703
360 518 629 525
925 374 146 896
942 948 601 58
860 559 157 792
479 893 665 35
936 896 8 868
467 724 345 431
420 296 533 377
436 930 481 233
848 845 137 666
455 140 439 773
778 834 235 155
918 586 442 550
481 876 503 205
984 269 908 375
983 78 734 825
521 799 145 570
852 369 719 479
391 366 418 579
453 798 508 131
338 419 879 422
898 231 600 566
1486
11430 13905 9342
12527 11475 12547
12451 9085 13870
12869 8418 14111
16229 11161 9602
16268 10010 11207
15721 12000 10568
15611 12403 9822
15042 11741 11479
15051 12724 10253
14691 12893 10193
14315 9828 13073
13966 13432 9096
13751 9950 13310
14393 11432 12503
13775 13258 9546
14203 12636 11296
13906 11325 12605
14065 11875 12277
13906 12404 11670
13566 9939 13414
13202 13365 10122
13232 10570 13114
16409 10569 10254
15778 11550 11164
15637 11739 11186
15715 12288 9992
15211 10706 12546
14965 12880 9471
14644 9494 13039
14731 12938 9152
14372 13031 10570
13552 13511 9634
13479 12860 11344
13828 12372 11842
13297 10121 13370
16449 11027 9707
16190 11505 9122
15881 11975 9703
15585 11146 11996
15340 12149 10666
15343 12640 8585
15331 12350 10208
15082 12868 8540
15155 12609 10423
13901 11898 12188
13422 10708 12939
14187 11878 12062
14243 11176 12681
12640 11925 12207
12353 9521 13678
11904 13843 9329
12699 13332 10704
12952 10402 13314
16186 11516 10244
15904 11008 11619
15480 12183 10622
14714 11167 12451
13511 13181 10052
13573 12341 11962
13535 13151 10020
12808 11171 12839
16527 11075 9021
16347 11176 9583
16090 11864 9892
16050 10662 11672
15401 12730 8163
15474 12471 10046
14876 13001 8532
14316 13322 8963
15026 10695 12650
14421 12781 10772
13428 13759 8600
13485 10537 13052
13976 13042 10897
13611 12649 11771
13446 13455 9730
13416 10280 13249
12943 8581 13811
12403 11658 12452
16775 10159 10233
16220 10874 10249
16102 11255 10862
15299 11166 12122
14740 10715 12776
14275 12338 11638
13954 13163 9455
13043 11448 12455
13773 9539 13557
15996 11978 8457
15735 12321 9650
15811 11940 10344
14791 12704 10297
14169 9283 13551
13375 10116 13444
12605 11470 12621
16525 10796 9558
16263 10915 10201
16223 11258 9755
15775 10584 12309
15631 12359 9299
15370 12586 9876
13517 10865 12843
13806 12593 11566
15945 11699 10298
14125 13148 9413
13248 8778 13769
13412 13164 11134
13756 9377 13727
13473 12530 11858
12694 13380 10587
12447 13705 10049
16295 10843 9958
16299 11432 8892
15626 11837 10675
14398 11938 11985
14588 11376 12298
13670 10548 12948
13898 13093 10583
13781 13247 9701
13025 11331 12528
14661 12456 10983
14635 13184 8586
14072 13232 9355
16808 10549 9413
15175 12642 10081
14562 12782 10450
13778 10235 13068
13137 10413 13210
12534 11149 12876
13985 9835 13211
13661 10096 13318
13280 9959 13540
12588 13580 10328
10794 8468 14195
15024 12778 8962
13830 13393 9514
13111 10160 13307
16202 11824 8763
14492 12061 11709
15141 12664 10029
13791 13510 9269
13598 10267 13205
13096 13565 9863
16370 11257 9092
15238 10991 12304
15216 10133 12963
13873 10392 12972
13468 13234 10006
13025 13528 10206
14624 11454 12204
14611 9240 13144
13302 13568 9466
14397 10622 12899
12621 13844 8821
16595 10681 9760
12984 10730 13105
12132 13902 9018
16296 11305 9381
15672 11494 11260
14701 11831 11587
14751 11756 11825
13607 13108 10929
16492 10406 10378
14683 12235 11259
15446 12205 10570
15150 12867 8524
13342 10991 12722
13779 11895 12403
13027 13443 10295
16273 10516 10689
15251 12261 10775
14905 11341 12001
14783 12046 11363
13231 13255 10206
13317 13572 9282
14181 12857 11020
12668 8808 13941
15290 11584 11494
14470 12282 11433
14348 10082 12968
13846 10107 13214
13897 13310 9528
12925 11520 12424
15901 12080 8709
13651 13305 9831
14410 9985 12977
13697 10833 12706
12921 13643 10036
15377 11719 11230
14661 12043 11578
14142 9519 13285
14846 12909 10130
14624 11867 11609
14867 12323 10991
14429 11923 11814
14465 11776 11951
14353 9509 13385
13056 11011 12848
12223 12357 11914
16562 10291 10580
12706 10188 13484
16052 9450 11593
15275 11580 11678
14897 12199 10959
14039 12968 10862
12615 10551 13238
13801 12087 12084
12424 12879 11354
15574 11244 11485
13570 10737 12844
13586 13303 9906
13175 10721 13019
15850 11263 11063
14477 12975 10162
14088 9881 13189
16493 10830 9636
16959 9769 9201
16348 10638 10543
15145 12205 10871
13142 9840 13627
15103 12016 11233
14689 12565 10745
14302 13206 9087
16889 9884 8999
13237 10697 13043
15248 11295 11920
14993 11801 11577
14163 10071 13072
13583 12745 11514
12147 13906 8834
12677 13553 10428
12465 11078 12962
16160 10829 11381
14857 11812 11729
14100 10242 12959
15096 12245 10838
11837 9548 13770
12597 11963 12198
14989 11600 11804
13159 10002 13457
15253 11801 11402
11629 13753 9601
14338 13101 9239
13706 13136 9978
16472 11396 8644
16283 11701 8639
14540 13056 9059
12871 11000 12952
15428 11590 11432
14820 11223 12355
13887 10271 13019
13383 13753 8984
14178 13288 9259
12816 11484 12473
15987 12031 9607
15443 11239 11715
15764 10682 11798
14110 13372 8892
13768 10112 13140
14737 12766 10344
12572 11457 12685
15904 10117 12150
15787 12208 8574
14967 11821 11528
13616 12076 12188
12735 12082 12111
15048 12885 8686
15849 12047 9946
13094 11151 12713
14749 13056 8721
15093 11612 11681
14123 12127 11741
13587 10412 13098
12714 11529 12479
12869 13302 10414
16153 11126 11064
15494 12517 8755
14948 12260 10861
13274 13045 11221
12010 13899 9233
14947 12762 9902
12530 12935 11258
12903 11328 12743
15897 12223 8228
15816 12346 8352
14802 11627 12027
14729 13023 9063
13920 10270 12914
16343 11033 9737
14419 13072 9185
13615 10429 13035
13379 10746 12930
15311 12790 8387
16272 11799 8128
14012 12460 11574
12344 13490 10720
15050 12800 8775
14175 12527 11534
13797 13693 8568
12360 11923 12226
15870 12145 8540
14428 11187 12577
15681 10728 11704
16386 9715 10967
15726 12406 8576
15611 12510 8235
13200 13450 10033
16567 10732 9467
16504 10732 10147
15256 12667 8783
14592 13143 8634
14681 13057 8737
14433 11693 12059
12653 10859 13047
12369 8852 14067
13014 13819 9016
14345 13085 9279
12308 11501 12548
16283 10014 11023
15821 11781 10470
15584 12457 8531
15027 12932 8489
14466 12512 11188
12028 13761 9157
12303 11471 12697
16191 11922 8252
14901 11140 12228
14879 11361 11952
13501 13321 9855
12403 12737 11517
15118 12024 11114
14761 12267 11087
12288 13781 9113
13094 11319 12657
13377 8126 13836
14137 12219 11725
12313 8966 13957
14190 13150 9338
12968 10879 12999
16276 11417 8949
16348 11478 8816
15362 11928 10942
14639 12264 11302
13600 13336 9719
12394 13837 9017
14070 13317 9266
13108 13320 10171
15428 10429 12617
13320 13283 10105
12174 11757 12455
12215 9402 13765
13411 13381 10079
14555 9425 13109
13511 13457 9655
15216 11212 12028
15351 11759 11312
15185 12817 8462
15045 12394 10767
14942 11930 11375
13064 13246 10209
12286 12760 11441
13030 10758 12945
16398 10932 9888
14200 13067 9535
11155 13815 9614
15727 11679 10962
13715 11732 12417
16006 11603 10510
14440 13240 8791
12727 13900 8725
14231 13204 9317
12097 11917 12256
13237 9997 13531
15406 10650 12341
14771 12671 10639
15620 12125 10099
14930 11232 12154
14262 13045 9302
16119 11553 9168
14994 12106 11286
12219 13646 10360
14422 13378 8867
14381 13048 9285
12852 11457 12541
16651 10993 8849
15084 12046 11062
14841 13051 8594
14793 12450 10915
12429 11911 12355
15163 12443 10305
12398 12231 12035
15391 12684 8470
15327 12545 9924
15206 12697 9417
16481 9878 10860
13011 13583 9812
12678 11365 12560
12498 11605 12521
15675 11086 11772
14625 13138 8893
12069 13037 11370
12934 13304 10339
12839 11165 12757
16096 11708 8865
14138 11938 12160
12795 11608 12446
16523 11267 8846
15199 11668 11585
14064 9524 13211
15892 11877 10214
16145 10825 11565
15394 11612 11380
13076 13193 10497
12740 11509 12528
15024 9146 12968
14462 12971 10346
12175 11912 12330
16248 10020 10916
15291 12617 8721
15442 12548 8678
12295 9436 13732
13917 13526 8640
13061 10438 13265
14420 11717 12261
14225 9974 13081
14087 12067 11958
15827 11177 11499
13238 13177 10211
13851 9534 13631
16197 11418 10755
14293 12576 11072
13429 13351 9761
15073 12503 10529
14779 11863 11415
16159 11783 8811
15497 12484 8729
15253 12700 8809
16302 10271 10624
14469 13044 9289
13926 13045 9866
16177 11901 8380
16662 10895 9360
14025 13337 9309
13277 13165 10261
15594 11442 11301
14787 13113 8641
12118 12063 12235
15310 11335 11752
13928 12183 11946
12995 11003 12871
15268 12749 8435
14920 11738 11694
13547 13420 9661
12704 12117 12015
13924 12642 11104
13220 13483 9691
15777 9372 12230
14616 11916 11588
12260 12112 12122
16529 11170 8693
16173 9847 11314
12889 13324 10382
12054 9271 13841
11911 11751 12485
16302 11280 9536
14238 11749 12264
11975 13556 10752
16337 11321 9161
14665 12871 10380
16337 10736 10032
16220 11105 9860
15956 11601 10809
15157 12149 11050
15587 12611 8058
15328 10931 12080
11992 12679 11735
16438 11125 9196
15522 11884 10824
14852 11513 11893
14706 9397 13048
11975 12517 11905
15475 11549 11250
14952 11011 12430
15859 11487 11034
14130 9817 13177
13570 13443 9423
15991 12020 8485
15527 12142 10440
16276 10311 10706
14999 12131 11063
15048 11986 11279
13570 13373 9558
12213 12220 12139
11739 9984 13578
15769 11188 11280
14063 9830 13285
16970 9769 8925
13968 9673 13381
12281 11968 12234
15491 10211 12326
14381 12394 11542
16191 10265 10940
14572 12568 11092
12667 11446 12645
16240 9170 11445
14576 12338 11337
12144 12837 11509
16308 10162 10824
12168 12238 12001
15423 10485 12346
15943 11748 10416
14689 10844 12574
14522 11856 11813
13987 13114 9709
11210 10448 13277
15115 11054 12194
15570 12123 10398
14739 12912 9042
14090 13350 8924
16379 11142 9505
14956 11073 12245
14021 13228 9356
12330 12359 11889
14546 13296 8695
14444 13157 9143
14417 9306 13196
14183 9683 13090
12825 11333 12669
16859 10420 9615
16224 11603 9039
15621 9278 12626
14484 12750 10622
14389 13179 8889
16240 11507 8823
16230 9621 11363
13981 13196 9448
12135 12225 12065
16109 9224 11642
12070 12674 11809
16730 10684 7826
16395 10776 9999
15416 11391 11656
13687 13548 8918
12710 10708 13142
15867 12102 8657
13439 10870 12769
12203 13615 10441
15497 11328 11526
14861 9217 13110
14264 9085 13452
12319 9112 13768
16817 9423 9873
16085 12122 7993
14798 13010 8642
16712 10897 9061
14476 13386 8251
13925 9697 13331
15324 12787 8053
14968 12834 8889
15838 12125 8628
15651 12060 10268
13774 12919 11064
13613 9831 13397
12365 13741 9217
15951 12082 8410
14460 9268 13205
12287 12397 11880
16083 11951 8259
14789 12789 10208
14162 13358 8911
13117 13383 10071
12434 13430 10496
14813 12483 10573
12211 12720 11532
16429 11355 8692
15358 12689 8211
14462 12331 11412
13607 13109 10007
13518 10550 12988
12176 12730 11713
16387 11030 9377
14786 12516 10546
12294 11622 12501
16218 10550 10698
15117 12872 8265
13848 12794 11312
14438 12608 10931
12495 13191 10774
16399 11349 9018
13692 13274 9601
13240 13505 9659
16040 11910 8307
15332 12198 10645
14657 12275 11207
13226 10842 12936
13049 13222 10571
12893 8936 13785
15527 12082 10446
14589 12112 11535
14100 11630 12351
14112 11958 12111
12239 13821 9080
16555 11341 8497
16619 10065 10629
14394 12810 10846
12123 9528 13644
16499 11029 9408
15280 11605 11455
14338 9603 13155
13877 10091 13198
13480 13503 9647
16148 11691 8946
14602 11675 11928
13199 10557 13178
13001 10892 12935
12652 12766 11436
14359 9242 13356
11334 7804 14221
16278 10753 10341
13881 13450 9045
15549 11921 10716
13933 11610 12363
13440 10555 12914
12397 9107 13842
11898 13198 11117
16241 11376 9324
15385 11549 11480
13495 13205 9932
15171 12410 10138
13583 10101 13244
12467 13880 8769
12114 12260 11973
17000 10206 8135
15314 11170 11938
14895 12589 10467
13151 13361 10123
12789 13272 10480
12079 11600 12551
15392 12667 8263
16397 10434 10517
15473 12009 10623
14229 12183 11645
16887 10067 8859
15990 11908 8606
14344 11805 12168
13714 10134 13112
16305 9794 10965
15893 11106 11108
12192 12240 11976
16738 10738 7693
15631 12027 10610
15359 11841 11060
14767 12512 10887
14062 13446 8667
14506 9375 13126
14455 11472 12335
12971 13778 9064
12434 13283 10906
15746 12214 9661
15468 11984 10846
14646 11646 11885
14101 13122 9439
13708 13158 9758
12081 12247 12037
11490 13793 9365
16652 10455 9809
16357 11354 8819
16147 9613 11486
15111 11850 11115
14882 12327 10807
13794 13102 9781
12656 13594 10238
11997 12106 12152
15954 11010 11320
14901 12959 8564
14715 13078 8669
13879 13143 9716
12079 13441 10922
14384 9293 13260
12570 9244 13749
11980 11944 12322
16606 10681 9484
16561 10506 10196
16271 10976 10062
15383 12069 10847
14854 12220 11217
13946 13060 9730
13919 13089 9804
16304 11135 9631
15238 12026 10926
12323 13531 10530
16610 9411 10701
13991 13047 9791
13755 13271 9660
13022 8284 13852
13915 13428 9097
15567 11157 11543
13356 13246 10111
13175 10971 12734
12175 13093 11274
13946 9894 13105
16749 10738 7417
13988 13211 9372
11705 9575 13668
13076 10405 13233
14982 13057 8436
13692 12813 11170
16365 9936 10873
14074 13087 9511
14107 12982 10772
13243 10143 13342
16608 10952 8897
16421 11128 9294
15073 10587 12633
14092 13448 8467
13895 13395 9439
13395 13521 9596
16244 10489 10729
16041 12022 8186
14906 11646 11710
14852 12548 10515
14081 13551 8466
15959 12033 8431
11871 13189 11172
15913 11560 10857
14503 13255 8743
12692 13557 10244
11663 13744 9541
12156 11503 12588
12950 11021 12733
16621 8853 10550
15337 8905 12643
15090 11712 11437
16449 11125 8920
15300 12599 8633
15335 12689 8564
11644 13757 9417
11687 10075 13494
15850 11065 11156
16882 9674 9305
16417 10197 10700
15065 12785 8690
16366 11596 8385
16291 11378 9025
15518 11530 11208
14817 11631 11843
14246 13408 8529
12286 11309 12867
16320 10689 10250
15690 11090 11588
15008 11805 11393
13708 9988 13301
12330 10895 13031
15431 12430 10094
14760 13244 8149
12462 10868 13133
14777 11304 12150
14505 12966 9113
13219 11007 12721
12693 8859 13845
14565 9805 13039
16915 10064 8485
14596 12946 9503
13938 12734 11088
13679 12397 11866
13270 10878 12923
12456 12196 12113
16343 10183 10809
15678 11703 10683
14129 12908 10638
12075 12101 12226
16346 11563 8727
16105 11650 8994
15200 12869 8225
14355 13122 9145
13905 13165 9529
13520 10272 13131
15884 12466 7622
12752 13246 10590
12592 12125 11986
16178 10353 10796
15991 9519 11882
15515 12602 8298
14395 13509 8375
13870 12571 11416
13273 13262 10166
12351 9274 13766
12593 11762 12425
16413 10000 10725
15213 12626 8831
14559 12984 9065
13675 9975 13365
12532 9007 13754
11739 13216 11070
15894 12256 8254
15135 13092 8048
14114 13033 9599
12259 8988 13929
16359 10638 10267
16352 10913 9932
15710 12546 8093
15165 11983 10932
14883 11149 12320
14677 8991 13276
12249 14004 8430
13888 12582 11321
16680 10823 9410
16245 11037 10031
15841 12425 7670
14534 11243 12481
14611 11891 11811
11783 9570 13742
16663 10455 9533
14824 12086 11342
16007 11880 8968
15600 12608 7724
14482 8857 13452
13888 10123 13005
12384 10873 13059
16200 10132 11072
16094 11853 8770
15106 12975 8264
14305 12775 10848
13449 10293 13185
13717 12705 11675
12025 13903 9049
16204 11405 9223
14551 10725 12661
14465 8695 13622
14496 12949 10398
14259 13165 9135
13862 13470 8745
12709 13384 10403
15773 12305 8400
15521 12591 8453
15223 9376 12618
12573 13186 10848
12412 13504 10630
14653 12505 10962
13763 10435 12941
15618 12435 8583
15576 12506 8510
14961 12912 8884
14719 11381 12068
13026 13587 9628
16405 11252 8865
16233 11436 8991
16189 12007 8163
14741 13240 8490
14666 12068 11355
14634 11758 11820
12641 10637 13228
16305 11247 9510
14510 11657 12037
13704 13221 9889
13121 13180 10558
12663 13944 8014
12346 13754 9093
11777 10292 13387
15063 12934 8312
14034 12239 11850
13812 13468 9044
13045 13561 9864
11939 12359 11918
15519 12731 7848
15247 12089 10826
14946 12345 10772
14756 11970 11442
12430 11943 12210
14822 13117 8366
14679 12054 11483
14693 11671 11879
13042 13288 10202
16609 11064 8776
16396 11196 9123
15419 12950 7946
14453 12612 10747
13984 13163 9422
13533 13236 9931
13118 13344 10139
13021 8576 13885
10750 8882 14031
16314 11207 9368
15795 12084 8676
14225 12413 11400
14060 13219 9359
13569 13199 9937
12801 13471 10256
12788 9016 13749
11112 10884 13085
14702 12255 11164
13982 9291 13408
13042 13447 10111
16703 10326 10011
16447 10436 10218
14634 9015 13226
14425 11742 12038
14201 13384 8538
13668 10301 13036
13503 13586 9056
13180 13198 10227
12771 8854 13919
16400 10583 10333
15791 12423 7969
15798 10670 11873
14584 11606 12053
13822 11943 12196
12988 11329 12542
12233 12761 11466
15049 11810 11283
14763 11673 11759
13816 13129 9751
13651 10139 13206
12927 11131 12725
16989 10206 8411
15021 11910 11339
14597 11169 12446
14593 12962 9117
14546 12592 10794
11956 9707 13649
16860 9782 9101
16215 10136 10888
16027 9302 11792
15945 11228 11049
15269 11868 11102
13289 12343 11966
16291 10440 10547
15071 12680 9730
13916 12808 11222
13802 10142 13041
13702 13552 8734
13111 13569 9679
12758 13430 10304
12536 13422 10458
16397 9543 11048
14370 9414 13213
13622 13115 9995
13529 10123 13216
12706 13227 10634
12441 13213 10746
16480 11226 8894
15265 12207 10395
15063 11284 12024
15137 11461 11765
14772 9148 13180
13813 13289 9545
13445 9982 13331
12222 11146 12881
16471 11080 9115
16076 11880 8427
15422 11878 10856
15268 11805 11218
13911 12302 11740
13765 13125 9752
13091 13197 10313
13064 13226 10387
15807 12283 8452
13428 9820 13501
16236 11479 8874
15997 11821 10239
15835 11259 11247
15221 12485 10030
13898 13141 9609
13136 13184 10374
12891 11450 12495
12098 12735 11639
14479 11815 11861
14089 13315 9159
13531 13708 7570
12969 10564 13144
15941 12240 7671
15813 12379 8378
15274 9123 12934
15011 11397 11905
14603 12142 11390
14571 11832 11855
14262 12734 10896
14040 12726 11050
14012 11381 12509
13477 10310 13122
12493 13381 10506
12275 12591 11811
16452 11508 8212
16235 10127 10845
16198 11335 9372
15281 12067 10878
14797 12954 8767
14762 12006 11405
14453 12908 10446
14535 11979 11718
14231 12900 10600
13992 9580 13354
13724 13127 9779
15053 12204 10886
14577 12974 9100
14560 8852 13526
14490 11744 11963
13915 13301 9329
13719 9561 13529
13460 10148 13292
16946 10165 8459
16302 10811 10080
16240 10061 10914
15514 12325 9840
15253 10722 12337
14545 12699 10600
13845 13225 9551
10980 10911 12983
15458 11243 11531
14786 12675 10455
14700 12256 11165
14552 13065 8939
14255 11313 12590
13917 13246 9408
13047 13882 7798
12971 11167 12712
16610 10302 10170
15873 12120 8401
15102 10750 12398
14891 12430 10715
14884 11845 11429
14872 11816 11545
14190 12531 11350
14067 13331 8940
13323 8148 13808
12946 11376 12536
15035 13012 8162
14746 12748 10256
14655 12735 10580
13676 13429 9462
13661 13103 10045
13347 10418 13139
13103 10905 12826
12748 11016 12951
11925 12280 12007
16737 10597 9459
16565 10781 9585
16524 10729 9806
16510 11029 9132
15898 12199 7719
15579 11434 11420
15365 12328 10260
14756 11861 11541
14669 11253 12174
14632 13097 8704
14001 11712 12291
13997 12685 11098
12863 11030 12769
12330 13398 10736
12005 9543 13651
16417 11467 8587
15262 12495 9975
15112 12312 10538
14982 11825 11344
14505 12959 9346
14368 13101 9206
14188 12859 10648
14142 9702 13113
13247 13850 7672
12858 11437 12559
14396 12398 11358
13746 10296 13110
12670 11021 12877
12431 12798 11347
12250 12893 11413
16342 11473 8844
16151 11627 8819
15760 12548 7794
15086 12684 9546
14647 12917 9169
14587 12572 10908
14502 12658 10648
14550 13066 8940
13827 13472 8860
13461 10701 12893
13432 13339 9854
12291 8857 13993
16901 9684 9255
15530 12185 10323
14511 12953 10214
14193 11835 11987
12226 9306 13737
16573 10291 10304
16354 10393 10565
14725 11417 12031
14145 13117 9405
13460 13131 10281
12398 10705 13147
16646 10552 9962
16242 10838 10284
15841 11746 10447
15322 11252 11686
15236 11904 10950
14944 13000 8516
14808 12454 10731
12678 13948 7830
11997 13335 11028
11875 9856 13579
16400 9957 10858
16187 10089 11205
14047 13116 9585
13046 13762 8348
12906 10735 13031
16618 10603 9669
16405 10735 10016
16249 11430 9191
15073 11298 11779
15069 12271 10586
14751 13154 8264
14656 11082 12505
14609 10918 12553
14265 13261 9061
13800 9824 13315
13730 13243 9702
15633 12182 10098
14847 11256 12055
14196 13406 8828
13631 13788 7456
13215 13454 9849
11508 10306 13399
16512 11300 8545
16280 11032 9804
15421 10612 12021
13783 9662 13485
12679 8980 13798
16619 10854 9408
16496 9882 10676
16406 10986 9755
15969 11014 11136
15392 12365 10152
14701 8898 13249
14636 13326 8321
14287 13040 9337
13385 10892 12741
12563 10642 13154
11894 11589 12655
16789 10609 7895
16315 11088 9636
15476 12690 7896
15409 11616 11196
15374 11845 10876
15252 9344 12658
15210 12659 8857
14455 13074 9008
14428 8879 13424
13936 13110 9710
13301 10751 12856
12748 10848 13007
16239 10682 10395
15798 11705 10495
15669 11407 11378
15646 12363 9115
15296 12071 10694
15268 10726 12153
14523 13077 8915
14127 13284 9260
13192 10883 12849
13284 10589 13026
13095 13191 10390
11785 13039 11374
11165 10213 13522
11156 10470 13249
16198 10715 10404
15512 10690 11999
14214 13257 9062
13957 8096 13664
13307 10244 13298
12317 11303 12785
12193 9293 13801
16484 10844 9715
16412 10438 10333
16327 8572 11177
15293 11454 11546
15038 11394 11788
14906 12434 10531
14303 12132 11661
14038 13510 8514
16580 11041 8895
16429 11144 9206
16408 11225 9021
16367 11173 9242
16353 11473 8568
15600 11150 11812
14878 12786 9531
14907 11446 11910
13702 10260 13123
13691 13433 9278
13637 13546 9217
13523 9977 13405
12920 10567 13119
11910 12446 11932
16460 11027 9431
15663 11695 10802
15322 12287 10308
15107 12826 8572
14738 12967 8828
14585 13322 8322
16919 10321 8209
16042 12081 8041
15861 10967 11667
15835 12158 8654
15115 11682 11489
13970 13167 9454
13262 13854 7488
13224 11006 12729
12241 12281 11969
16657 10552 9686
16270 11944 8033
15036 10709 12405
14497 13150 8882
13979 9845 13238
12833 13910 8088
12455 11629 12471
16084 9076 11841
14872 9389 12967
14352 13468 8423
14256 12049 11827
14084 13243 9308
13514 9844 13441
13447 13343 9670
13047 10559 13218
13000 8175 13888
12938 10286 13320
12482 11240 12792
12224 12119 12139
16506 10801 9756
16127 11607 9035
15859 10845 11691
15470 11524 11473
15243 10561 12376
13878 9819 13389
13654 10399 12990
13315 10583 12944
13287 10872 12809
11859 13727 9333
16574 11023 9151
16556 10803 9457
16454 9317 11097
15005 12844 8734
14698 13199 8538
13952 9982 13089
13497 9682 13611
13389 10885 12700
12479 11030 12963
12393 9000 13924
15856 11750 10263
15806 12006 9994
15794 12526 7846
14955 13188 7944
13270 10710 12979
12206 13963 8478
12307 12901 11346
10696 8904 14003
16333 11206 9205
16202 10093 11021
15790 10588 12125
15529 12521 8480
14763 13019 8766
14364 9509 13109
13834 12702 11328
13163 11013 12823
16876 10280 8257
16800 10609 7619
15988 11269 11001
15292 12648 8612
14766 13158 8080
14509 9142 13210
14096 13555 8282
14025 12876 10878
13927 13126 9502
13915 13646 7354
13723 13095 9884
13402 10401 13202
12020 12437 11911
16632 8853 10274
16227 11903 8081
15383 10864 12097
15379 11837 10904
15202 12729 8830
14919 10484 12871
14613 9377 13101
14454 13109 8930
14301 13464 8424
14153 13365 8876
13476 10564 12902
13449 10993 12697
13224 10434 13138
17123 9491 9251
16462 11298 8844
15911 11438 10881
15667 12505 8141
15289 12702 8632
14492 8980 13380
14108 13065 9563
13342 13167 10186
13007 13607 9328
13005 13276 10400
12936 13647 9852
12641 11151 12851
12587 13178 10763
16282 10976 9786
16181 11562 9087
15986 12086 8135
15919 11012 11435
15895 12368 8133
15834 9146 12279
15437 12142 10670
15289 10725 12127
15275 8695 12933
15062 8827 13280
14848 12449 10757
14446 11487 12140
14299 13239 9113
13561 10451 13007
16325 9784 11256
16229 10642 10419
15896 12167 8353
15426 12688 8195
13844 9837 13303
13798 12642 11545
13556 10858 12797
13244 13166 10366
12943 13422 10312
12857 10884 12958
12386 9014 13897
16204 9387 11535
16092 11893 8388
15751 12485 7894
15684 11411 11194
14912 13147 7992
14088 12718 11064
13525 9699 13548
13161 13567 9788
12977 11491 12443
12509 12793 11421
11033 10240 13420
16199 11447 9251
16040 11862 10191
15858 12039 8757
14750 10729 12531
13811 12205 11938
13693 9865 13364
12000 9293 13813
16272 11588 8642
15510 12668 7948
15443 11594 11248
15054 12316 10765
14671 13330 8046
14586 9409 13093
13970 12069 11953
13872 13605 7402
13189 11308 12617
11149 8310 14179
15141 12289 10567
15016 13035 8488
14149 12136 11659
13219 13448 9926
12957 13605 9627
12381 11466 12771
12264 14008 8246
11656 13923 8823
11520 10055 13506
11215 10447 13285
16865 10288 8583
15285 9123 12658
14810 11994 11358
13812 13697 8384
13666 10002 13215
13641 13207 9924
13639 10431 13010
13629 12887 11205
13608 10732 12707
13049 10281 13361
12084 11027 12968
15852 12327 8181
15683 12365 8624
14655 12331 11002
14282 12656 10905
14256 13198 9161
13908 12319 11713
13728 13180 9726
13400 10565 12995
12790 13869 8136
12737 8445 14009
12537 11598 12475
12317 12776 11436
12196 13780 9128
15770 12338 8426
15479 10163 12440
15175 12860 8338
14861 13143 7993
14420 12357 11195
12215 11472 12552
12044 12757 11611
11475 14018 8889
15748 12185 8852
14870 12228 11033
14772 12945 8880
14193 12123 11862
13889 10153 12976
13518 13590 8872
13097 13202 10302
13036 13598 9292
12975 13358 10318
12915 10586 13116
12658 10799 13058
15100 10872 12391
14859 12918 8682
14620 11686 11833
14538 10433 12877
14369 9043 13270
14073 13055 9616
13847 12392 11747
13686 9879 13337
12535 11473 12543
12092 13939 8495
16215 11307 9734
15376 12909 7994
14811 11860 11383
14778 10746 12468
14206 9000 13506
14038 12566 11297
13926 13073 9844
13612 10463 13002
13519 13155 9942
13444 10297 13186
13197 13464 9707
13161 13591 9011
11848 11922 12372
16630 10065 10353
16260 11430 8915
15756 12004 10293
15384 11765 10911
14973 12994 8536
14283 9624 13183
13644 12185 11950
13427 10135 13356
12837 11082 12776
12833 13230 10443
12288 9450 13705
16146 11966 8211
15632 9278 12350
15507 12441 9471
15073 8827 13004
14194 11947 11866
13642 10714 12793
12920 13774 9065
11963 9300 13767
16655 10946 7728
16336 9784 10980
16070 12347 7517
16003 11273 10817
15838 12079 8776
14732 13177 8590
14144 12268 11646
13865 12278 11761
13624 13570 8930
12499 11539 12503
12325 11302 12821
17042 9606 9325
16966 9935 8687
16519 11124 9000
16306 11256 9347
15905 12149 8265
15266 12624 9525
14500 12719 10643
14335 12442 11196
13882 12903 10927
13625 10552 12963
13537 13695 8671
13376 13541 9296
13234 13573 9065
13192 13579 9434
12430 13622 10199
12114 12233 12039
12070 11148 12921
12053 11992 12262
11883 12871 11599
16606 11097 8802
16393 11229 9149
14672 12279 11023
14482 12199 11367
12817 10710 13117
11547 10299 13353
10967 8605 14102
