40 3
14752
689 32 198 337
790 354 764 390
714 102 83 498
704 441 99 928
679 801 687 700
755 448 726 882
574 200 718 67
852 963 94 442
735 557 536 564
594 679 850 265
798 768 286 986
853 601 711 95
631 155 237 626
812 786 257 108
868 139 833 505
842 953 553 587
875 37 147 952
863 123 970 554
770 553 699 524
602 702 85 984
645 717 447 755
825 681 796 80
837 160 128 981
878 140 982 576
835 390 514 632
607 610 823 176
782 441 576 552
582 148 48 981
857 278 279 949
800 809 712 370
822 460 834 461
696 473 562 826
593 735 945 389
856 161 750 157
622 456 279 889
719 194 579 478
619 420 336 718
736 786 22 705
591 880 575 453
601 793 646 15
1658
11885 14142 8727
12135 14104 9648
12190 13761 10835
12121 11320 13737
11817 10182 14501
11734 14111 9620
11407 14401 9186
11632 12653 12707
11891 10934 14086
11925 11385 13583
11857 11968 13213
12281 9812 14549
11471 11735 13630
11500 13772 11059
11590 11543 13674
11269 12696 12621
11531 9809 14839
11258 10908 14207
11089 14052 10699
10962 12774 12842
10873 9919 14910
10619 12998 12491
11107 11436 13852
10133 7871 15663
9995 9571 15212
10043 9106 15382
14225 11235 11862
13887 11675 11274
13722 11975 11881
13377 12052 12104
13049 12859 11081
13181 11684 12753
12786 11095 13399
12862 13240 10776
12573 13377 10856
12460 9798 14348
12222 13916 9810
12536 11086 13719
12424 10963 13747
12632 13305 11093
11950 13541 11307
12191 11640 13566
12009 11085 14054
12236 10380 14239
12225 12581 12655
12104 11828 13404
11899 9945 14657
11827 13804 10749
11703 13544 11233
11828 11683 13480
11592 11851 13369
11516 12216 13071
11944 11643 13492
11455 10724 14326
11044 14124 10280
11463 9735 14897
11550 10638 14423
11100 13574 11573
10989 14698 9127
10644 10433 14769
11266 10490 14453
11439 12265 13154
10977 10460 14636
10921 11044 14300
10158 9756 15104
13519 11726 12083
13296 12806 10786
13379 12602 10897
13326 11990 12184
13034 13156 10744
12881 10978 13273
12517 10828 13810
12441 11172 13622
12333 11314 13545
12005 12963 12004
11896 14037 10143
11673 14226 10058
11516 11366 13928
11772 11442 13828
11811 13059 12059
12005 10653 14298
11914 13294 11655
11935 10333 14469
11361 12057 13533
11850 11344 13903
11346 14516 9624
11233 9349 15246
10907 10140 14807
11285 13841 11174
10784 8569 15558
10635 8549 15609
14225 10758 12238
13580 10160 13204
13732 10985 12506
13732 10508 12882
13606 11538 12245
13290 12240 11942
12909 11873 12640
13043 12720 11492
12787 9886 14102
12835 13077 11267
12790 12596 11826
12767 10360 13866
12882 13284 10190
12564 11950 12863
12381 12290 12620
12421 13555 10671
12161 12814 12105
11735 13813 10855
11723 10746 14128
11843 9356 14902
11325 14276 9790
11105 14658 9139
11074 10162 14739
11591 13972 10638
10843 14246 10604
11244 13415 11790
10958 10202 14727
13412 10656 12997
13315 11256 12797
13177 13008 10350
12655 10125 14183
12783 12407 12181
12616 12620 11949
12589 12718 12150
12206 11846 13122
12392 13085 11565
11863 13729 11145
11567 14536 8729
12022 12809 12481
11264 13596 11525
11214 10215 14573
11026 12576 12850
11500 8893 15324
10738 9384 15233
11013 14084 10667
10462 14306 10228
13985 10538 12710
13482 11278 12729
12668 13502 10376
12446 12543 12274
11975 13969 10105
12199 11222 13812
11654 12196 13039
12006 9541 14794
11662 13118 11849
11490 8989 15222
11570 9213 15153
11149 11239 13995
14314 11355 10596
13636 10660 12801
13247 10075 13613
12798 13391 9202
12498 13213 11360
12456 12375 12491
12165 13128 11769
12354 10531 14207
11607 10786 14116
11705 10059 14529
11587 12172 13266
11857 12445 12837
11274 12245 13371
11394 10952 14162
11239 11643 13767
10717 14341 10024
12909 11396 13016
13057 12200 12219
12453 13710 9646
12543 12187 12653
12277 9975 14509
11808 14394 9214
11705 9947 14818
11546 13158 11837
11326 12915 12457
10062 9364 15291
13988 11932 10949
13450 11687 12144
13077 10900 13223
13309 11781 12309
12950 10183 13705
13157 12434 11453
12750 10868 13533
12374 9677 14612
11838 13919 10343
10819 6979 15466
11264 12517 12889
11219 11559 13824
10919 10853 14344
10983 14559 9538
10787 9096 15308
10053 10076 14943
14151 11363 10633
13635 12163 11719
12536 11563 13343
12109 12144 13019
11986 10395 14389
11610 12448 12763
11080 14298 10110
11177 12705 12727
12074 13479 11567
11747 13769 11133
11258 11901 13676
13799 12066 10767
13917 11461 12081
13658 12189 11133
14004 11273 12243
13210 10990 12992
13319 11458 12750
13136 12671 11243
12595 12857 11739
11551 8955 15244
11494 12488 12751
11374 10868 14219
11452 13705 11304
10615 9403 15204
10659 12112 13479
13822 10241 13107
13412 10958 12900
12486 9912 14295
12786 10618 13775
12813 11548 12935
11760 14038 10220
11513 14041 10146
11919 9091 15062
11405 14394 9492
11352 14605 8844
11642 10696 14212
11186 14331 9712
13626 12549 10602
13502 12357 11230
12485 12894 11966
12354 10643 13918
11191 13243 11922
10878 9462 15052
11076 11346 14164
10944 11139 14249
10244 10579 14706
13359 10198 13585
13340 9940 13676
12159 13855 10260
12466 10766 13890
12244 10654 14122
11362 9596 14951
10450 12797 12807
12844 10869 13340
13064 12563 11408
12168 10950 13901
12340 12415 12479
11898 12871 12221
11651 12874 12147
10830 13893 11194
12240 13887 8932
12078 13316 11607
10874 10819 14420
10658 9918 15041
12969 10441 13614
12604 10063 14263
12277 13251 11741
12171 13503 10926
11887 10502 14330
11909 13115 11923
11193 13850 11280
11037 8628 15364
11706 13343 11749
11218 13131 12111
13702 12364 10664
13162 11426 12844
12255 10185 14354
11550 10067 14748
11372 13856 10769
11167 14110 10272
10814 14376 9691
12005 13494 11234
12287 11651 13243
12354 11360 13460
11463 13531 11659
10474 10965 14357
13050 12020 12414
12508 13045 11577
12543 11710 13029
12026 12646 12521
11125 13995 10870
10401 14746 9184
13722 11498 12257
13431 11693 12433
13289 9878 13756
13020 10503 13534
12278 10875 14019
10859 14299 10022
12674 10860 13716
10711 13259 12189
10266 14371 10074
14138 11423 11700
12857 10206 13931
13703 11240 12348
12556 10232 14124
11287 11305 13948
11099 14519 9550
13729 10376 13044
13415 12545 11068
13058 10642 13314
12874 12731 11564
13018 12429 11829
10846 12337 13206
13491 12614 10242
12305 13595 10659
11745 11845 13241
11049 14009 11063
10746 11924 13641
10601 10527 14556
13026 10930 13179
12805 11322 13085
13711 10745 12672
13784 11655 11592
11400 13035 12218
10654 8807 15518
12310 13559 10739
11209 14316 9778
10506 14591 9602
11459 13346 11675
13708 12315 9230
11289 11180 14118
13934 10476 12790
13177 9643 14073
11607 11779 13585
12887 11723 12811
12836 12238 12600
12206 12323 12746
10061 9658 15189
12681 11007 13402
11285 12280 13099
10508 10662 14493
13475 11978 11807
10940 11302 14209
14112 11526 10646
11008 13583 11679
10245 14423 9736
14350 11298 10767
12934 12164 12303
11787 14154 9380
11741 12008 13201
11429 12881 12533
11114 12537 13083
12895 10345 13711
12258 12993 11832
10931 7102 15438
13130 12532 11654
12405 13348 11297
10659 12589 13103
11910 12209 12885
12448 13718 10180
12262 9554 14640
11826 9226 14999
11064 14208 10223
10698 14416 9679
10686 14052 10977
13684 10944 12734
10225 8367 15643
14058 9931 12529
11770 12633 12675
11114 12060 13459
10616 14388 9830
14067 11656 11437
13827 10959 12285
13084 9778 14010
11376 14041 10753
13164 12149 12355
13047 11170 13013
12910 10493 13543
10558 14136 10687
14024 11875 11120
13850 12026 9226
12758 9445 14335
12506 12737 11882
13047 10693 13389
12970 12388 12057
10599 12817 12756
12295 13441 11186
13542 10021 13424
12888 11633 12806
10742 14701 9053
10473 10065 14847
13720 12100 10383
13138 11165 12862
10666 14659 9238
11106 9520 15051
10825 13122 12270
13431 11216 12809
12557 9500 14451
12444 10489 13983
11913 9676 14731
10709 14872 8732
13156 10796 13234
13063 11080 12991
12991 10062 13767
12809 9507 14255
10911 12288 13285
11103 11599 13812
10865 10337 14664
12837 10680 13695
11822 13303 11761
10938 14636 9207
13466 12414 11059
14004 10796 12619
12405 11422 13380
12674 10383 14092
12667 12447 12169
11458 14240 9417
10732 14348 9842
9950 14898 8623
10615 13161 12451
13156 10426 13411
10753 14588 9676
10466 14830 8850
12883 11211 13192
12185 8708 14817
9710 7528 15674
12306 10247 14274
11416 14084 10389
10874 9625 15012
12246 13667 10422
11411 12861 12573
13175 12325 11540
13472 9701 13595
13184 10267 13383
13395 11466 12567
12471 13681 8768
13662 12492 10773
11149 14833 8670
12380 11890 13050
11310 14269 9972
13014 9458 14181
13300 10723 13217
12999 11129 13241
11233 14807 8408
11583 14399 8680
10917 13705 11356
9365 10070 15048
10291 8850 15432
13529 10190 13160
11501 13302 11805
11248 13252 11830
11003 13200 12226
12674 10495 13803
11502 14415 8948
9992 9044 15462
12719 10909 13558
11335 13084 12139
10818 12933 12625
14330 10696 11890
12137 10034 14386
10544 11762 13810
14062 10573 12346
14053 11761 9383
13620 10385 12910
10593 14403 9764
10151 10714 14643
12432 11739 13159
13413 9753 13524
13059 9492 14105
12374 13778 9684
14330 10219 12266
12856 12840 11477
12211 9492 14720
11451 14576 8717
10773 12452 13184
13407 12721 9254
12329 10937 13939
10146 9941 15006
12750 11345 13157
11680 10353 14550
12025 9799 14703
11040 14537 9358
10272 8592 15523
9276 7962 15664
10850 12995 12293
10620 10785 14465
13069 11561 12781
12264 11453 13414
10390 14631 9590
11061 12745 12715
9684 7246 15721
12681 11484 13026
13523 11563 12123
14167 10034 12374
12620 13584 9779
11413 11210 14071
12543 11275 13364
12838 9948 14022
10962 10039 14767
10405 11839 13742
10670 9310 15291
13319 11093 12837
10042 9796 15092
10978 9770 14926
10582 14790 8862
14243 10884 11728
12113 12458 12683
11305 12943 12273
11025 14573 9154
12664 11183 13275
13952 11972 10249
13105 11764 12367
12454 12067 12796
13892 10673 12647
11561 10106 14601
10138 14455 9784
13876 10880 12329
13319 10981 13126
11495 13593 11327
10932 11505 13947
10197 14895 8697
12904 11215 13144
11587 13584 11221
10548 13252 12246
12427 11750 13017
12412 11602 13185
11944 12120 13116
12702 11247 13236
10583 11627 14038
10829 14787 8936
10517 14259 10155
13111 11364 12924
12416 8936 14712
13525 12292 10927
13184 12751 11232
12823 13102 10841
12630 11422 13106
11762 11088 13980
13085 12609 11323
10455 12976 12539
9714 14788 9172
10165 10199 14915
13097 12871 10652
9975 8835 15587
11802 13191 11830
10988 8916 15289
10158 12319 13292
11690 11946 13281
13093 13034 10612
13395 11943 12191
12374 11463 13405
11955 9479 14874
10788 8406 15598
12933 12899 11069
12113 11981 13059
13523 9763 13515
11113 10504 14591
10981 12995 12282
11514 11914 13522
10645 13626 11593
11401 14262 9597
11153 14670 8710
9267 7692 15733
12969 12774 11096
12232 12770 12300
13279 11506 12555
13352 12397 11277
10981 10297 14676
11052 11537 13892
11862 14260 8889
11166 13207 12169
13028 10435 13480
13308 12453 11285
12732 11697 12874
10696 7910 15618
11338 11367 13868
11550 12307 13017
11602 9112 15194
10564 11369 14129
9971 14433 9852
11535 12914 12135
10099 14349 10142
13249 10661 13297
13659 11350 12466
12803 12500 11964
11535 14550 8455
11095 13395 11841
14343 10671 10813
14458 10316 11822
11694 12148 13234
10549 14961 8541
12793 12668 11747
11079 13395 12007
11925 11875 13175
12029 10231 14459
10185 13295 12160
13014 10752 13432
11563 14355 9266
11280 11238 14037
10425 11923 13685
14237 10866 11817
12999 11958 12494
12940 10000 13847
12551 11769 12899
12528 9059 14684
11193 9970 14783
12282 13288 11337
11493 10676 14263
13366 10387 13230
13414 11744 11973
11772 14147 9562
11037 11004 14312
13184 11696 12359
10626 14965 8393
8788 9331 15322
12844 11820 12846
12396 12922 11605
14048 10921 11904
12951 10845 13308
12303 8859 14785
11516 12693 12695
13643 12234 10864
13572 10821 12762
12289 11566 13269
11890 10003 14576
11444 14557 8830
11073 14672 8865
9618 14409 9861
12033 8887 14812
10681 13873 11245
13201 10830 13158
10186 15004 8455
10036 13275 12211
10000 13028 12559
12974 11535 12973
12672 12892 11375
12570 11983 12617
10146 14833 8777
12699 11283 13237
11305 10832 14305
10754 12607 12895
14022 10986 12064
11878 14123 8840
10215 14309 10154
14132 10893 12175
11475 12049 13294
11426 9372 14936
13841 10611 12727
13473 10363 13198
12739 10055 13963
12544 12795 11819
12090 11886 13110
10404 13411 12029
12749 12426 12438
11646 11128 13968
11593 10541 14388
11291 14665 8526
11295 11059 14103
12793 10807 13420
9961 14785 9246
13868 9444 13071
11628 13869 10615
8805 9144 15356
12965 10777 13251
11880 14231 8011
13299 12839 10168
12264 11930 13038
9434 7714 15665
12492 12125 12733
11491 12935 12240
11736 11692 13586
10363 12985 12645
9383 7652 15745
13863 11852 11515
13177 9755 13784
11458 9271 14977
10154 14749 9110
11280 13662 11442
9796 13467 11782
13685 9621 13232
12651 11185 13316
12636 13142 11133
11433 10356 14476
13086 11770 12656
12882 12837 11149
13706 12201 10704
12828 9765 14164
12604 8906 14555
11831 11086 13994
13335 12782 10339
12242 11125 13777
11033 13665 11368
13801 11024 12445
12788 13350 10649
11236 14645 8832
11345 12331 12919
11388 8770 15352
10465 10483 14601
11269 11369 13854
10911 9977 14847
13344 11881 12271
9903 14791 8895
9742 14669 9377
12977 10373 13560
12496 13392 10407
10956 12913 12593
10037 14984 8506
13070 12622 11291
12723 12954 11295
10777 13721 11326
13757 11276 12169
13573 9498 13260
13070 13099 10915
12114 13066 11849
11862 12624 12569
11633 12981 12103
10558 9610 15167
11791 14111 9277
11759 12658 12493
10465 11476 14070
13610 11375 12285
12716 13279 10831
12125 12007 12970
12207 12931 11912
10958 11195 14196
11207 10846 14287
13430 9898 13452
11910 10739 14201
11443 12923 12241
11369 14451 9321
10838 14351 9684
10318 13916 11159
11874 11323 13663
11345 13136 11897
9673 13318 12125
12910 12914 11003
12589 12241 12526
11330 10175 14585
13242 9315 13944
11452 11477 13721
10399 12735 12887
11295 12424 12937
12745 10083 13959
12471 13590 8941
12513 11888 12943
11475 11572 13670
10731 14383 9732
11061 11418 13948
10432 11162 14214
12155 12261 12826
10554 14713 9194
10405 12316 13366
13202 12844 10294
10814 11354 13979
11561 14397 9140
11037 14710 8698
11140 9463 14988
10676 11604 13812
10266 14748 8981
10288 13451 12017
10444 12181 13594
13468 10037 13232
12222 12186 12697
11706 11503 13686
11550 13546 11254
11409 14231 9532
11469 12468 12815
11259 13264 11806
10087 12840 12721
10081 10394 14814
12839 12250 12206
11069 12614 12752
10357 15030 8240
13550 9953 13370
13146 10513 13351
12562 10260 14120
11448 13102 11973
11562 13502 11532
10394 9685 15056
10635 13064 12408
10147 10877 14603
13203 11021 13114
11329 14233 9687
10701 10226 14806
10361 9942 14875
10139 14204 10619
13432 10488 13057
13360 9578 13623
12963 10690 13512
12732 11454 13070
10281 10476 14683
10190 14549 9721
9674 15027 8420
13642 11413 12272
13160 10263 13451
10998 12100 13447
14218 10096 12294
11991 13826 10701
10568 14321 10075
10041 13454 11943
13616 10548 12870
12031 9326 14745
13847 12038 10786
12624 10995 13461
11556 12886 12319
11216 10660 14448
12946 10481 13637
12640 9294 14367
12341 13470 10686
12237 12449 12403
11568 11914 13357
11057 10919 14297
10969 10663 14374
10477 10919 14397
8553 8069 15712
13542 12229 11121
12475 10448 13958
11065 12582 12755
10989 14922 8479
10105 11133 14262
13180 12846 10774
12445 9377 14479
11003 8685 15427
10377 11263 14254
10132 10456 14734
10233 14542 9753
9627 14859 8734
13540 10943 12745
12645 11642 12908
11510 12832 12446
10927 12288 13119
11211 10683 14327
13360 9466 13912
12117 10888 13981
11925 12978 11874
11619 13853 10843
11255 14724 8060
10130 11419 14167
12670 10658 13763
12609 11376 13191
12492 9940 14291
12043 12026 13143
10898 11558 13868
8088 9126 15377
13500 10075 13219
13251 12325 11345
12961 12543 11726
11525 11044 14155
11212 10228 14692
10925 10881 14340
14370 10920 10174
12755 12992 11282
12766 11918 12771
12507 10361 14160
11154 10367 14481
10906 12109 13553
10695 11862 13721
9372 9666 15119
13455 12417 10959
13196 10013 13693
11963 8575 14854
11953 12824 12148
11695 14143 9710
11668 11618 13644
11320 14619 8570
11311 12652 12751
11301 11087 14099
14113 10635 12266
13704 10090 13139
12975 13228 9536
12837 12582 11568
11806 12383 12917
10732 13438 11755
11714 13212 11786
11520 12530 12735
10087 14393 9864
13454 10105 13289
13207 10858 13154
12925 12600 11555
12815 10260 13726
12719 13117 11255
12528 12007 12692
11559 11453 13689
9680 13507 11770
13569 9661 13220
12896 9307 14213
12710 9614 14196
11873 12308 12788
11695 13099 12047
11429 11554 13766
11251 11555 13706
10887 9404 15182
10381 11100 14294
8651 9165 15332
12511 10198 14200
12149 13335 11451
11955 13578 10903
14055 9799 12691
13805 10861 12485
13039 10346 13700
12529 12808 11787
11879 13592 11096
11456 14263 9483
11433 12718 12573
10197 15119 8049
13542 10498 13048
12793 11436 13004
11883 9560 14765
12073 8473 15134
11475 14012 10626
10384 11692 13904
13426 10061 13412
13248 9343 13940
12615 11435 13074
12268 11767 13078
11525 11445 13754
11376 10500 14444
13592 9756 13169
13224 12623 11123
12421 10436 13997
12310 11570 13221
11059 11966 13542
10796 11461 13992
10492 14420 9810
9827 14592 9635
13477 10795 12954
13079 12470 11734
11662 12542 12700
10958 10624 14521
14237 10354 12203
13822 10353 12818
13487 10295 13141
13120 11046 12992
12223 11654 13200
11038 10661 14388
10500 10592 14552
12370 9952 14283
11807 8968 15090
11511 13887 10653
11010 9669 14967
10583 11739 13749
10223 11284 14230
10318 12504 13204
13592 9967 13167
13451 12295 11310
12741 10246 13919
12784 9072 14530
12634 10976 13441
12369 13100 11499
11751 13606 11173
10803 10893 14332
10428 11325 14174
13243 10238 13573
13065 9520 14101
12681 11392 13150
12477 12138 12701
12293 13114 11692
11909 12978 12040
11185 14583 8912
14028 11787 10311
12927 10940 13270
12572 11532 13109
12160 10724 14051
12097 12665 12365
11161 14249 10023
10514 10077 14824
13705 9259 13179
13453 10251 13267
13256 11521 12489
13137 10538 13325
12243 12310 12652
12227 12086 12956
11741 11871 13318
11293 11017 14158
10778 14725 9016
14145 10673 12253
13148 12808 11061
12514 13076 11311
11924 13907 10185
11639 12842 12352
10702 12973 12613
14040 11660 10487
13475 8873 13528
13085 10870 13146
13077 11377 12847
12656 13527 9950
12493 12865 11616
11146 11778 13704
10251 12862 12673
10752 13685 11573
9271 7529 15773
13811 12095 10615
12603 10949 13546
12558 10423 14080
12441 9540 14439
12143 10062 14382
11889 13003 11992
11742 11481 13661
11658 12510 12703
10128 10619 14694
12927 10223 13728
12193 12118 12757
12124 10257 14267
11307 10502 14430
11239 13152 11875
11228 12992 12356
10350 10084 14818
10292 13288 12057
13585 10598 12881
12376 12165 12721
12341 13023 11645
12317 12430 12413
12037 9354 14741
11929 8632 14917
11699 12936 12087
11631 12211 12973
11229 13176 11885
10757 9642 15142
13460 10858 12760
12999 11241 12952
12632 11574 13020
12241 12444 12606
11673 13829 10637
10498 13412 11836
10441 15004 7978
9771 14068 10801
14214 10259 12254
13683 12106 10755
12556 13379 10404
12520 13182 11121
11592 13133 11971
11156 10812 14356
11142 9908 14863
13169 11709 12327
12850 13298 9916
12386 13090 11388
11213 12455 12969
10927 8950 15267
10289 11879 13730
10111 11161 14258
13178 12117 11970
12420 11126 13707
12258 9717 14600
12242 10408 14235
11043 12725 12755
9955 12547 13118
13379 9836 13532
12900 10783 13388
11781 11458 13600
10550 10465 14636
10358 11005 14345
10283 10921 14558
13643 12009 11172
13173 9918 13744
12707 13396 9941
12471 10611 13918
12473 12281 12514
11048 12904 12487
10038 14789 9098
9976 11764 13780
13335 12460 11083
13281 12626 10825
13289 10355 13380
13066 11034 13031
12859 12852 11083
11445 14437 9128
11399 11828 13679
10706 12810 12653
13600 9798 13151
12943 9532 14093
12631 10993 13423
12289 12353 12559
11495 11656 13613
11406 10797 14206
10908 9450 15097
14137 11597 9993
12556 10709 13748
12087 13351 11233
11316 13881 10787
11317 10396 14464
11212 12926 12439
9986 14922 8586
9598 14828 9160
13317 12569 10996
13007 11057 13018
12694 10021 14039
12469 13567 10242
12259 10617 14110
11862 9614 14811
11343 10890 14242
11310 12571 12762
10761 10712 14468
13740 11624 11747
13264 12820 10512
12762 11486 13015
12488 10103 14251
12386 12469 12352
11788 12143 13063
10921 14093 10773
8084 9289 15337
13888 10836 12607
13710 10118 13135
13182 12505 11345
12967 8895 14369
12464 9635 14388
12609 13320 11027
10276 13495 11739
10135 13455 11750
14366 11083 10134
13740 11946 11003
13572 11538 12304
13129 10304 13476
12857 10683 13555
12494 11630 13034
12389 13569 10397
11675 11890 13325
11438 11232 13993
10543 12152 13467
10195 9653 15081
8425 9374 15236
13880 11312 12085
13397 12652 9750
12191 12143 12785
12116 12333 12664
10583 10075 14838
10247 13025 12633
10044 10042 14979
9985 13213 12291
14109 10798 12226
13457 10088 13307
12716 9642 14192
12252 12377 12619
11735 14174 9325
11085 14348 9758
13836 9458 12797
11299 13141 11968
10988 13471 11748
10661 13761 11314
13593 9024 13496
13245 12472 11185
12820 12897 11306
12752 12438 12044
12732 12736 11672
12610 8934 14551
12350 10806 13878
12000 13539 11071
11188 11581 13847
9950 9241 15319
11941 14108 8333
11629 13540 11351
11524 10948 14174
11574 9645 14909
11340 13567 11352
11143 13304 11794
11175 11070 14265
10937 13886 11091
10043 13464 11856
10042 12359 13280
13195 11497 12592
12931 12597 11520
12910 10878 13291
12418 13128 11375
12282 13610 10593
12248 12633 12251
11610 8208 15174
11603 11824 13453
11309 10669 14345
10334 14390 9938
9511 14899 8722
13210 12155 11957
12206 13624 10786
11299 12327 13060
11257 13768 11200
10690 13017 12335
10048 13643 11588
13899 11570 11994
13811 12174 10346
13015 10020 13759
12796 11399 13030
12803 13091 10993
12569 11157 13467
11857 12308 12954
11109 9393 15068
11100 10105 14720
10958 12779 12639
10402 9954 14852
10630 13811 11325
14342 10327 11845
13937 9648 12723
13244 9506 13900
12373 10901 13827
12195 13798 10431
12103 9837 14530
11578 11711 13598
11247 10076 14635
11110 14187 10103
11070 9989 14754
10410 9932 14910
13410 9201 13657
13263 12642 10885
13065 11724 12741
12887 11006 13269
11992 11705 13432
11858 13053 12003
11777 12822 12320
10963 12958 12371
10820 11382 13975
10782 11598 13856
10822 11151 14241
10555 9083 15417
10457 11950 13648
8716 9762 15101
7972 9166 15365
13589 11030 12637
13432 12432 10893
13472 10178 13219
13359 10675 13209
12690 10468 13791
12221 11191 13573
11536 12444 12881
11001 10381 14619
10844 12790 12621
10835 10221 14698
10891 8562 15455
14563 10289 11464
13818 10516 12778
13116 11209 12952
12668 13055 11335
12574 13540 9884
12394 9315 14559
12087 11099 13840
11503 13574 11295
11170 13956 11038
10496 10755 14512
10259 11112 14286
10022 10971 14417
13412 11830 12016
13379 12837 10300
13299 12585 11056
12813 10891 13363
12461 13590 9846
12425 13393 10563
11909 9839 14691
11893 10530 14326
11577 12870 12265
11542 13728 11189
11463 9269 14913
11351 13408 11687
11119 9697 14929
11117 14847 8396
10395 11156 14241
13588 10130 13127
13580 10637 12828
13267 9601 13849
12993 13199 8658
12373 9179 14614
12078 13638 10863
11532 13361 11624
11393 13211 11830
11199 12529 12779
11117 10314 14595
10795 10017 14835
9767 11462 14081
13565 10486 12950
13387 9768 13478
13201 11307 12782
13061 9683 14061
12646 9322 14363
11824 14257 9165
11803 9131 15050
11598 13252 11774
11539 13517 11466
11554 11137 14074
10915 10680 14359
10805 11693 13805
10384 10632 14540
10082 13329 12084
9116 8108 15667
13767 11953 10801
13652 11655 12052
12719 11386 13182
11956 12326 12692
11489 12977 12114
11459 12770 12526
11011 9606 14954
10700 13015 12487
10395 10585 14566
10095 9879 15086
13706 10281 13095
13271 12409 11288
13133 10701 13285
12982 12486 11658
12273 12199 12645
12238 11400 13448
12177 12118 12876
13540 11420 12369
13212 13027 10006
12978 11912 12579
12389 10210 14192
11413 12727 12619
10987 10028 14793
10783 14477 9669
10496 11927 13587
10411 13600 11674
13502 11218 12475
13327 10212 13311
12895 10822 13335
12073 8585 14845
11453 14425 9059
11449 12632 12719
11371 9278 15019
10865 13035 12270
10752 10831 14412
10169 12349 13236
12650 11251 13332
12552 13220 11108
12279 12756 12042
12139 10225 14342
11654 12673 12663
11544 11880 13372
11540 10811 14125
10631 14717 9046
10933 14049 11051
10244 11056 14330
8441 7946 15740
13288 12842 10068
13248 12970 10177
12923 10386 13688
12268 13818 8767
12120 10420 14227
11956 13250 11785
11804 10031 14560
11490 13058 12103
11445 10146 14589
11299 12738 12601
11187 10681 14337
11030 9785 14891
10474 14605 9328
10370 13174 12290
12963 12635 11507
12710 12511 11841
12682 13431 9190
12161 13291 11729
12181 11817 13189
12033 9517 14701
11489 14368 9230
11442 10775 14181
11341 12541 12744
10890 10682 14371
10502 14161 10705
9874 14856 8808
9670 14503 9798
13829 12145 9468
13523 12040 11747
13483 10458 13101
13356 12180 11371
13228 12368 11300
13052 13127 9866
12995 11404 12912
12974 9871 13899
12787 10363 13726
12238 13779 9761
12059 11889 13094
12000 13861 10327
11511 13440 11612
11487 12847 12380
11481 13190 11874
11305 14090 10240
11080 11156 14168
10898 9546 14995
10496 12851 12680
10191 14756 9108
10030 12659 12998
9834 15162 7963
9351 9370 15277
13642 11890 11896
12909 12404 11870
12817 11403 12982
12674 12636 11814
12642 10397 13818
12587 11048 13554
12552 13542 10364
11903 12499 12710
11068 14104 10361
10993 14369 9672
10660 10296 14720
14378 10231 11837
13555 11476 12325
13496 11741 12017
13000 12779 11086
12483 12530 12180
12382 13253 11348
11944 12925 12094
11745 12185 12982
11433 13952 10658
11290 12459 12831
10994 9397 15079
10599 11490 13989
10537 13277 12064
10107 11324 14218
14318 10835 10869
13210 12477 11213
13174 12280 11930
13088 13070 10037
13059 9969 13729
12238 10571 14195
12034 11508 13575
11839 9519 14862
11823 10210 14497
11517 11852 13437
11335 13615 11369
10928 14164 10268
10673 14503 9691
10504 10825 14453
10293 14349 9941
14316 10769 11014
13375 9999 13492
13197 9281 14020
12597 11671 12911
12344 12166 12667
12056 9612 14650
11905 11261 13870
11517 13021 12091
11412 10825 14202
11097 9578 14970
10778 13223 12108
10610 14249 10241
10426 14381 9832
9004 7985 15695
14298 10233 11992
14200 11370 10556
13550 10430 12994
13001 11487 12839
12192 12944 11880
11804 11122 13924
11576 9812 14824
11451 12498 12765
11287 11466 13786
11216 10461 14460
10441 14358 9890
10387 11630 13819
10045 14453 9798
14233 10517 12163
13250 10427 13218
12620 12291 12444
12604 10540 13887
12456 11572 13097
11904 12580 12699
11669 11223 13917
11203 10357 14516
11177 11057 14146
10961 14136 10409
10862 9810 14914
10859 14109 10555
10836 11789 13724
10287 12612 12915
14238 11175 10795
14029 10713 12241
13386 10471 13173
13335 11066 12825
12697 12789 11618
12295 11583 13189
12153 14075 8770
12140 9988 14426
12110 13676 10850
12109 12621 12643
11931 11903 13171
11822 10027 14529
11659 13118 11869
11492 12924 12149
11491 11819 13573
11233 9461 14957
11076 11458 13875
11037 11481 13936
10987 10599 14468
10505 10987 14325
9840 10262 14817
9209 9481 15227
13466 12649 10462
12735 11165 13196
12374 10154 14236
12151 13967 9599
11643 13913 10477
11377 11920 13484
11337 12509 12747
11198 12468 12937
10606 11403 14073
10011 14288 10329
14454 10479 11782
12841 12253 12063
12805 12580 11686
12690 10184 13999
11700 13544 11253
11541 10907 14106
10628 9507 15148
10471 11504 14066
10180 10086 14934
10005 10638 14665
13192 10176 13653
12750 12627 11759
12414 11848 13072
12331 13638 10469
12330 12583 12262
12243 11949 12907
12240 13516 10882
11844 13127 11813
11529 14411 8866
11446 11046 14099
11403 14444 9075
11404 12007 13411
11342 9311 14965
10785 9469 15068
10513 11307 14209
10485 12607 12978
10020 11512 14056
9849 14637 9329
8174 9693 15109
13502 12592 10633
12771 11108 13367
12643 11334 13213
12539 12920 11341
12479 11667 13046
11738 11221 13931
11610 10033 14721
11283 12945 12283
11072 10235 14641
10606 10832 14398
10289 10114 14896
14068 11549 10501
14052 10808 12190
13731 12078 10774
13205 11459 12569
12962 9790 14002
12706 12856 11585
12449 11231 13492
12448 11602 13110
12286 13789 7889
12091 12971 11900
12090 13342 11518
11780 11024 14074
11551 12707 12587
11340 13582 11332
11297 12360 12922
11262 13218 11846
11192 12745 12704
11055 14234 10176
10529 9783 15047
10325 15044 7966
10299 13477 11702
9682 14802 8898
14255 10837 10939
13413 10138 13272
13316 12454 11106
12883 11998 12482
12824 12263 12174
12696 12489 12020
12187 8269 14884
12140 12274 12794
11853 11627 13588
11559 13986 10364
11301 12965 12243
10994 14674 9132
10966 9527 15000
10888 10304 14692
10850 12651 12870
10706 13722 11482
10017 7911 15651
13034 10808 13226
13026 11315 12927
12712 9805 14152
12501 12757 11917
12464 13581 10131
12306 11389 13463
12096 13799 10343
11447 9232 15124
11328 14123 10156
11233 13171 12088
11090 11245 13984
10973 10511 14540
10403 10301 14772
10028 10733 14614
14273 10770 11809
13972 10810 12345
12966 13221 9911
12555 11337 13235
12353 12678 12211
12135 9736 14571
12023 13981 9676
11922 11385 13603
11921 11124 13821
11906 12446 12745
11838 12941 12072
11617 12473 12746
11607 12448 12783
11440 12254 13063
11414 13812 10899
11365 9406 14914
11085 13759 11305
11038 12760 12649
10989 11646 13713
10950 11669 13774
10892 13623 11667
10891 13077 12254
10855 12830 12602
10662 9728 15045
14450 11057 9872
14006 11903 10071
13589 9187 13456
13555 12078 11734
13371 12210 11325
13322 11486 12559
12859 10149 13786
12796 10929 13276
12606 9097 14511
12357 13430 10700
12191 8736 14813
12161 11964 12962
12154 11679 13209
12073 10195 14347
12048 10489 14368
11834 11724 13444
11439 10221 14553
11291 11737 13704
11290 12108 13322
11193 11426 13875
11132 13292 11818
11082 10539 14502
11069 10362 14624
10460 10094 14809
10417 10493 14602
9290 7787 15682
14483 10204 11479
13912 11752 11148
13644 12520 9724
13551 10972 12700
13487 12177 11269
13360 9943 13536
13344 12203 11527
13175 13033 10378
12990 13014 10930
11648 12874 12167
11264 13918 10781
11240 12330 13020
11205 13098 12114
10299 10784 14509
9881 14700 9261
9880 8921 15490
9860 11804 13768
14193 10772 11964
13550 12369 10801
12927 12760 11480
12742 11374 13084
12546 11347 13285
12495 11942 12937
12243 12771 12100
11961 8350 15162
11792 12457 12727
11757 13315 11651
11653 12416 12917
11359 11234 13937
11340 13861 10868
11061 11351 14053
10757 12993 12307
10206 12381 13232
10109 8407 15631
10025 10206 14864
9818 14446 9811
