45 3
15434
487 333 851 518
653 442 214 308
602 596 440 70
584 352 68 851
701 570 97 219
474 557 598 146
871 480 657 881
482 706 304 745
604 293 709 929
521 934 411 239
568 981 32 706
925 362 438 678
701 277 910 637
504 677 925 19
483 555 285 889
784 933 39 33
704 374 400 390
642 607 77 528
549 450 207 687
494 89 212 557
527 666 287 816
853 71 652 949
589 780 97 119
497 656 962 83
920 981 80 337
774 724 494 458
654 301 718 630
860 750 842 91
846 147 730 441
585 141 624 836
927 681 157 875
662 173 401 340
495 535 412 653
677 556 533 498
739 309 920 217
931 211 621 362
718 463 658 413
781 864 317 284
687 131 539 968
634 750 227 679
696 611 482 380
827 887 480 326
925 312 266 685
852 828 498 811
880 549 619 215
1874
11857 10953 16314
11595 11701 16353
11573 14947 12859
12463 13625 14964
16150 11130 11364
15949 11256 12155
15813 10923 12664
15738 11812 12140
15519 10977 13151
15473 12439 12070
15483 11803 12463
15404 12240 12397
15164 12273 13030
15134 12055 13187
15000 10761 14175
14637 11848 14064
14650 13284 12669
14493 12429 13949
14371 13478 12471
14013 12486 14537
13917 13506 13353
13731 11467 15293
13266 13311 14689
13521 12131 15417
13260 11697 15639
13363 10869 15739
13016 11486 15713
12793 12957 15276
13013 13001 15111
12557 14534 12321
12619 11096 16246
12650 12192 15713
12463 12436 16015
12306 14209 13660
12611 12260 15982
12080 14556 12985
11781 14167 14012
12004 14478 13493
16691 9697 11141
16229 9945 12182
15833 9668 13077
15831 11600 11931
15468 11627 12930
15164 12689 11950
15052 11623 13751
15007 12986 12378
14890 11683 13968
14692 10977 14389
14592 10828 14483
14349 10646 14817
14228 12531 14201
14277 13395 12947
14161 12310 14504
13988 12290 14913
13435 10924 15623
13667 12970 14560
13003 13455 14395
13054 11439 15951
11854 11043 16371
16604 8823 11680
16161 10767 11822
16159 11176 11238
15987 11669 11059
15880 10571 12939
15925 11448 12162
15656 11380 12704
15577 12382 10772
15012 13042 11481
14820 12520 13199
14675 12867 12933
14838 11348 14058
14744 11312 14299
14465 11689 14438
14320 12409 14358
14137 11330 14977
14065 13080 13975
14012 13569 13101
13838 14062 11868
13564 12468 15000
13829 12829 14488
13423 11683 15507
13360 12644 15028
13197 12658 15160
12607 11855 16130
12471 11272 16279
12378 13383 15035
12380 14576 12977
11540 14111 14142
11626 11073 16597
16362 10267 11816
16320 11079 10848
16243 11043 11659
16180 10494 12401
16020 10400 12607
15923 11549 11722
15789 11162 12361
15634 12070 11570
15425 10755 13705
15254 11604 13081
15158 12446 12662
15224 11255 13711
14853 13248 12182
14656 12560 13469
14579 12957 13110
14594 11511 14481
14489 10469 14643
14127 13511 13035
13951 11582 15201
13623 11019 15438
13290 13639 14073
12506 12773 15598
12611 13449 14931
12428 13912 14053
11953 11407 16308
12065 13466 15136
16673 10187 11011
16307 11000 11205
16286 9050 12229
16001 11641 11307
15960 11834 10846
15900 11752 11923
15634 10300 13280
15213 11618 13253
15076 11431 13744
14980 12616 12981
14705 13424 12215
14894 12088 13820
14633 12252 13775
14006 11531 15083
13840 13015 14220
13690 11746 15156
13581 13015 14504
12764 12179 15632
11401 14366 13843
11904 10522 16753
15615 11684 12412
15566 12180 12180
15286 11975 12879
15229 12067 12851
14680 13228 12591
14114 11568 15069
14084 12838 14165
13682 13729 13282
13699 13482 13767
12782 11082 16114
12782 14465 12751
12535 14303 13512
12092 13705 14423
12091 13199 15357
11867 13882 14414
11427 14714 13476
11587 13732 14609
11168 14300 13947
16111 11196 11938
15686 10828 12864
15408 12645 12249
14763 12614 13159
14706 12026 13919
13840 12466 14946
13694 13340 13957
13345 12482 15127
12793 11603 15906
12917 11619 15880
12674 14048 13811
12611 14381 13004
12389 14775 12236
12313 14697 12744
12352 13035 15402
11805 11618 16134
16341 8999 12111
16351 10630 11358
15679 11071 12945
15494 11440 12921
15613 12262 11896
15245 10735 13755
15121 12461 12571
14393 13492 12056
13943 13854 12986
13780 13868 13118
13429 13297 14557
13172 12462 15536
12143 14223 13792
12226 14789 12368
15619 12089 12264
14666 11189 14432
14363 13772 11669
14362 11810 14498
13585 14227 11964
13120 14326 12862
12004 10951 16338
12025 12756 15718
15238 12224 12624
15147 12809 12204
14448 11140 14812
14405 12682 13723
14460 12232 14184
14257 12858 13756
14223 13654 12504
13613 11699 15390
13098 13870 13724
11643 13993 14311
11080 13916 14526
11566 14459 13775
16508 10500 11199
16301 9627 12181
16057 11295 11883
15846 10922 12658
15690 11233 12716
15725 10678 13167
15349 11904 13054
14854 10917 14172
14945 10812 14293
14174 12038 14689
14335 13265 13185
13591 11644 15467
12765 13187 15127
12436 11925 16107
16134 11331 11072
15798 11894 11063
15200 11447 13718
15184 10110 13926
14993 13071 12008
14472 12903 13420
13816 14032 11991
13955 11987 15053
13536 13496 13899
13351 14131 12889
13175 14036 13411
12097 10826 16423
12150 14711 12876
15099 11705 13467
14895 13256 11039
14888 12261 13452
14024 12672 14269
12822 13872 13778
12698 14289 13380
12374 14028 13819
12304 14498 13485
11287 12118 16031
12097 14284 13794
14683 13069 12520
14564 12060 14102
14007 13210 13737
13821 12708 14756
12776 13493 14450
11817 14784 12436
16527 10636 10899
15705 12019 10978
15194 10195 13794
15091 11183 13962
14172 13134 13665
13490 13876 13188
15947 11357 11715
14358 11405 14646
12733 13810 14174
10958 13768 14754
16917 9880 10115
16545 9464 11758
15517 12460 11130
13697 10441 15482
13435 12866 14866
13392 14286 12070
16308 10790 11076
13546 14073 12679
13262 12906 14837
12503 13532 14536
12265 14245 13754
14900 13196 11923
13029 13803 14028
12813 12178 15581
13870 11267 15328
13692 13191 14253
12881 13719 14053
12179 10509 16407
16483 10324 11475
16135 11493 11026
16108 10645 12104
15390 11310 13254
12959 14125 13425
12857 13306 14757
15756 11772 11419
15577 10854 13200
15160 11868 13178
15039 12996 11958
14837 12807 12716
13970 13819 12600
15218 12430 12393
14737 12801 13168
14587 10917 14553
13483 11196 15612
12999 11861 15594
12067 10508 16621
15459 11995 12470
15054 11076 14049
12372 10908 16342
12496 13846 14269
16470 10730 10859
15665 12112 11406
14084 13909 12205
13738 13149 13949
12179 12439 15887
11968 14348 13549
10313 10244 16891
10574 10080 16936
16294 10393 11880
12966 14539 12253
11782 13857 14594
13279 13453 14341
12567 13657 14352
15806 12096 10650
14733 13419 11620
16877 9738 10526
13604 13966 12793
13315 11646 15521
12859 13263 14915
15673 12314 10993
14799 11788 13847
14449 12595 13726
14435 13239 13005
13024 12638 15569
15509 10892 13283
14155 13034 13704
11965 14021 14250
16538 10273 11357
14613 10425 14490
13121 10009 16001
16430 11215 10466
13834 13188 13852
12887 14379 12950
12744 13656 14278
15765 10585 12739
14809 13295 11237
11721 13649 15031
14247 11868 14564
16472 10687 11017
14765 12571 13317
13767 11925 15152
12851 11692 15707
12704 12076 15947
15327 12717 11161
15196 12699 11530
14834 12966 12787
13945 13276 13502
16627 10600 10700
14564 12781 13577
13260 13810 13507
12837 14034 13679
12499 14173 13568
11040 13881 14661
15481 12455 11357
15456 11108 12980
14720 11504 14306
13161 12825 15078
12130 13698 14524
12144 12717 15818
11623 14730 13115
11014 15006 11447
15459 12189 12279
15172 12891 11537
14318 13165 13224
12782 13084 14919
12788 14138 13416
10856 14987 12223
14309 12772 13900
15888 9617 12959
13444 14099 12246
11380 11993 16116
16321 9990 12079
12543 14562 12845
11735 10770 16643
11178 14055 14362
11712 14692 13158
14467 11669 14402
12710 13502 14480
13185 12963 14740
15305 12673 11194
14945 11632 13850
14429 13426 12269
13444 13377 14269
15018 12623 12836
12653 13376 14752
12118 10789 16359
12272 13957 14166
12094 11459 16186
15969 11050 12386
14693 13512 12048
14170 13341 13257
11827 14295 13820
12459 13682 14571
16159 9630 12582
13510 13683 13908
13005 13995 13639
11422 14135 14105
15973 11428 11462
16039 11402 11612
14425 13635 11834
11179 14731 13424
14278 13603 12386
14217 13691 11862
12557 12317 15628
12305 10181 16624
16848 9195 10899
14189 11790 14907
13538 13453 14057
13167 11822 15554
12805 10844 16022
12259 13160 15317
14268 13044 13488
13632 13958 12489
16786 10055 10616
15664 10053 13338
11475 10582 16703
16760 10382 10357
12853 13436 14547
14539 13725 11439
16175 11400 10598
13153 13819 13606
12942 14126 12957
11971 14571 13045
14992 12089 13370
12729 13997 13693
11205 14464 13645
16017 11348 11707
11475 11374 16480
14011 13974 11781
13703 12828 14711
15538 9434 13398
14285 11154 14944
15470 9835 13511
15489 12657 10944
14583 10069 14654
12532 13121 15231
15714 11041 12709
12514 11980 16045
11682 13396 15300
16348 10977 10839
13382 13709 13290
13367 13763 13469
15494 10477 13454
10457 9663 17006
16264 10128 11980
15802 11286 12206
15417 9694 13767
12008 11356 16190
12320 11573 16162
12051 14099 13960
14373 13305 12770
13112 13524 14080
12292 12541 15785
11527 10709 16660
14120 13220 13521
16841 10004 10498
12012 13972 14039
16006 9362 12720
15927 9459 12883
13688 10759 15527
15080 11836 13596
14092 9582 15072
16214 11125 11120
15300 11211 13303
15999 10671 12440
16808 9053 11310
15713 12221 10565
15241 12853 10871
14268 12495 14214
13718 10404 15418
16092 10082 12606
13817 10768 15355
14414 12145 14408
13908 13956 12435
14319 11845 14435
16257 11195 10875
14684 9916 14451
13964 13525 13167
12999 13086 14741
14583 13063 12972
15180 12900 11238
13857 13326 13825
15313 12345 12276
15655 11263 12952
13694 12151 15008
12512 13858 14035
11632 14929 12374
10863 14987 11591
16441 10852 10924
13432 14027 13188
16585 9371 11330
15057 13196 10822
14085 10210 15089
13754 14169 11826
13673 13669 13776
12791 14664 12010
15391 11106 13424
14124 13816 11777
13287 11100 15656
13119 10658 15813
15969 11474 11672
10984 14116 14387
16535 10645 10600
11217 14182 14283
10625 9624 16966
14205 10537 14962
13410 14352 11721
11947 14910 11772
15612 12353 11304
12933 11418 15955
10819 14023 14455
16454 11023 10459
15350 12021 12806
14934 11995 13392
14682 9767 14489
11119 12157 16071
16633 9366 11307
16571 9812 11391
12190 12845 15626
14029 13581 12963
11974 11370 16244
16363 9181 12097
15602 11479 12649
16784 10098 10458
13977 12653 14455
11613 14080 14242
15777 11624 12195
15444 11819 12937
13264 12102 15491
16070 11603 10641
14877 12624 12994
13247 14366 11853
12683 10718 16177
15820 11818 11346
15513 12465 10937
15215 11817 13060
14501 9710 14759
11361 13929 14480
16429 9815 11792
15519 12527 10384
14091 12893 13966
15641 9441 13395
15714 12004 12147
13194 11262 15777
15836 11917 10925
12401 10080 16364
16931 9444 9836
16218 10635 11744
14191 9946 15009
13526 10855 15607
11334 11865 16308
10985 14739 12954
14988 13234 11488
14826 13294 11705
12910 10882 15975
12469 13906 13869
12116 11393 16176
11591 11351 16528
16447 9325 11922
15081 13004 10815
12922 13321 14572
15511 12374 11210
11908 10927 16605
15079 12913 11088
13757 13560 13424
12539 13703 14456
15345 11499 13202
15189 11810 13260
13384 10832 15675
10695 14527 13872
12868 10174 16097
16038 10772 12135
14786 10577 14400
13594 13992 12311
12343 10132 16449
16389 10039 11976
14003 13001 14088
13504 12581 14981
11177 14992 11315
14765 9489 14432
14655 10124 14538
12965 11942 15683
16824 10005 10030
15934 10223 12742
15722 12018 11446
13035 14501 11587
11764 12865 15646
15682 12179 10729
14710 12431 13771
15018 11902 13361
14431 11525 14613
16340 8934 12463
15560 12383 10304
14748 12438 13626
13578 13813 13136
15976 12045 10134
15297 9367 13894
15154 9774 13995
13559 10059 15659
15472 9643 13649
15138 12460 13039
14992 9700 14237
13699 14317 11569
10721 14260 14093
16331 10716 11306
14590 12594 13568
13176 14256 12646
11637 11479 16336
15016 12449 13063
13675 13091 14292
11775 13271 15385
15455 11104 13075
14510 12272 13894
12052 10346 16720
15788 11227 12425
13276 14202 12560
11303 14227 14007
16616 10963 10242
15369 11890 12677
16431 9989 11565
16042 9213 12652
10979 9933 16829
16210 9174 12612
15386 11195 13494
12215 10332 16588
16207 11410 10178
15051 13007 11438
14872 9373 14364
12520 10732 16309
12609 13064 15328
12358 14120 13839
11852 11187 16573
15551 12385 10435
14443 10246 14828
16930 10331 9841
15977 11833 11314
13960 13734 12732
15740 9793 12992
15233 12651 11284
12851 14208 13030
15212 12798 11109
14280 13430 12685
13705 13646 13280
12675 13844 13903
12704 12106 15638
11214 11538 16435
16401 10045 11643
14778 12262 13318
10596 13712 14974
13219 14374 12157
12899 14164 13150
12561 12722 15480
12351 14119 13952
13348 12949 14608
13114 14049 12899
12738 12786 15348
15544 12584 10012
14416 12319 14181
14153 13871 11539
13121 14475 12025
13659 13915 12675
14157 10868 15036
13966 13482 13325
15281 12760 10443
11932 14191 13862
15058 12530 12408
14976 12211 13129
14802 13381 10954
14395 9974 14839
12797 12008 15758
11384 13698 14766
16936 9097 10448
16564 8681 12091
13149 13688 13778
16643 8665 11604
11767 14396 13503
11871 14832 12280
11745 12763 15699
16734 9720 10706
16724 9731 11041
15998 11754 10344
15544 11583 12522
13876 12848 14302
12745 14188 13166
11685 10598 16650
15016 11790 13669
12467 14484 13353
16773 10461 10000
10481 10205 16851
14627 11763 14196
14543 13516 11874
10780 13896 14534
13155 12998 14710
12376 11313 16194
11958 14539 13495
16543 9873 11174
16481 10759 10496
16128 11653 10303
14261 11346 14951
13900 13972 11854
12628 14678 12142
15670 11633 12294
15566 10251 13383
14043 10294 15206
16063 9258 12635
16115 11540 10786
13206 10503 15893
16478 10739 10560
14185 13589 12692
14748 11717 14151
14560 11655 14250
14128 12113 14739
14018 13396 13469
14917 13076 11669
14582 13327 12269
11987 13810 14416
11929 13009 15581
10831 10109 16862
11148 14835 12880
15992 11844 10426
14909 12847 12542
14264 13809 11685
15796 12010 11353
14600 13163 12933
13081 14073 13131
15542 11433 12710
11630 11478 16449
16321 11241 10802
12873 11691 15686
11974 13786 14597
16552 10286 10809
16249 10216 12150
11984 12958 15463
16862 8759 10620
16750 9056 11063
16184 11502 10120
15801 11432 12188
15082 10424 14133
14169 13740 12065
13686 12728 14750
12298 14221 13522
11235 11501 16371
16584 9306 11682
16220 9163 12277
15712 11355 12303
14556 12142 14007
13766 12873 14256
13575 14142 12096
11767 14641 13040
13819 13367 13517
11734 14420 13735
14668 11169 14396
12831 9531 16148
12309 13838 14355
11474 14335 13943
16667 10507 10272
15865 11972 10687
15568 12392 10005
12687 13531 14407
16624 10972 9943
14061 10402 15096
13733 11447 15257
15968 11843 10547
14704 12604 13403
14340 12577 13787
13928 13143 13811
16891 9537 10264
14948 12245 13183
14353 13619 11972
12787 14399 12422
12213 13290 15103
14709 11867 13848
14483 12540 13878
11906 14339 13657
16376 10962 10539
10880 9439 16834
10018 15003 11648
15731 12120 10968
14350 11210 14740
12988 14028 13497
13045 14397 12533
12522 13607 14479
14230 12488 14359
12669 12759 15466
12441 14136 13720
11829 14603 13250
16380 9024 12042
15375 11558 13036
15240 11354 13290
15051 13106 10935
16768 10391 10058
14479 11939 14229
11144 13823 14692
10284 15117 10920
15748 10793 12694
15545 12372 11192
13271 11301 15581
12707 12273 15592
11680 13874 14500
10133 15098 11064
16137 11584 10753
15915 8940 12933
15545 11325 12784
14839 9951 14341
14446 13425 12737
16787 9495 10815
16715 9413 11242
15568 11633 12478
15189 12004 13069
11820 14294 13933
16733 10319 10411
16403 10002 11801
15239 10059 13808
14796 10341 14319
14354 13023 13375
13209 14400 11675
10856 14187 14153
16484 9764 11674
16167 11503 10606
15043 12160 13066
14209 9345 15125
13494 12777 14730
13279 12264 15392
11981 14033 14016
15446 11055 13306
15311 12171 12503
14502 12847 13342
14022 10331 15270
10676 15008 11594
16035 11778 10218
13923 9967 15333
12931 13664 14192
16372 10591 11023
15120 13068 10269
13182 13722 13678
11494 14949 10859
10333 13856 14680
16744 10583 10065
16161 11147 11008
15931 8806 12776
13425 12892 14705
13426 12236 15083
15945 12003 10298
14905 12394 13143
13817 13088 13891
14747 13432 11072
13582 13216 14207
13510 12494 14959
13521 13320 14366
16317 10836 10950
14068 12435 14419
13366 14390 11129
12773 10567 16213
12019 13643 14604
16553 9473 11459
16183 10401 12013
15814 12105 10351
14167 10138 15016
12938 13350 14459
11990 13893 14335
16293 11028 10957
15289 12769 10144
14903 11960 13427
10875 10396 16807
16950 8661 10169
16867 8412 11232
16210 11186 10882
15690 12236 9863
15203 11533 13385
14692 9369 14465
14522 9673 14695
14600 11893 14184
12744 14499 12573
12310 14777 10236
16126 11177 11244
15524 11789 12291
15166 10876 13818
15041 11986 13293
14615 12131 13798
14515 10301 14712
10582 13941 14465
14495 11017 14486
16582 10016 11086
15555 12426 9943
12533 13793 14211
15813 11978 10623
16811 9215 10590
15994 9943 12770
15356 12664 10120
15082 11720 13277
11913 14629 12886
14110 13758 12550
12859 12775 15349
11753 10823 16636
10449 14842 12897
17037 9770 9647
16607 9553 11316
16529 9665 11466
15111 10335 13869
13730 13040 14174
13356 13457 14146
12892 13480 14245
12620 14403 13003
14533 13418 12254
14166 12671 14162
12769 11795 15913
11701 14386 13835
15839 9511 13007
15203 10164 13764
11616 14074 14080
16193 11064 11156
14959 11882 13641
14153 13807 11758
14149 13207 13336
13373 14161 12766
12182 10354 16464
12130 14533 13088
10965 11974 16118
15318 9330 13830
14509 10740 14611
13598 12317 15031
12640 11059 16182
12883 13654 14390
16030 9170 12713
15252 11624 13117
14195 9697 14984
14080 13936 11115
13907 14024 11202
13553 14084 12186
13281 14284 12143
13189 14288 12196
16424 10356 11374
15203 12254 12860
13435 14071 12752
11658 11442 16272
11768 13270 15498
16660 9229 11343
15506 8912 13469
14283 11701 14646
13902 13993 11793
13538 11145 15494
12393 14572 12298
16282 11391 10499
16070 11363 11056
16000 11853 10127
15751 12141 10063
14251 11505 14663
12930 14409 12309
10794 12489 15852
14284 13682 11921
13730 13575 13186
12979 14116 12980
11087 12252 16027
16783 9090 10963
15988 11034 11982
15697 12122 10986
14609 12876 12963
13238 13693 13550
13101 13678 13976
11937 10883 16432
11329 14575 13640
16329 9297 12005
15519 12375 10855
14356 12791 13714
12509 13465 14827
11871 14058 13970
11215 11904 16208
16480 9359 11822
16253 10491 11522
15872 10576 12640
15740 8664 13178
13884 12778 14370
16192 11511 9821
15239 11966 12886
13674 12050 15067
13363 14187 12284
12757 12888 15295
12662 11804 16012
11668 14029 14124
16346 10778 11032
15752 9183 13128
15527 8957 13452
14893 9336 14300
14799 11261 14181
14723 12886 12798
13759 13396 13753
13407 14229 11934
13330 11808 15422
12801 9996 16123
12792 13721 14038
16704 9776 10784
14740 12986 12759
13893 14011 11750
13721 12838 14330
13324 12811 14946
12423 10009 16325
12100 13886 14209
15868 11927 10505
15352 9316 13776
15126 12918 10571
14850 12302 13144
14601 11059 14462
13398 10281 15674
13003 13539 14140
16376 10722 10954
15799 11062 12253
15645 11743 12246
14759 12744 12949
14535 9797 14665
13107 10139 15956
11190 14632 13486
11039 14310 14063
10484 14376 13958
16541 10649 10351
16360 8986 12103
16258 10755 11273
16314 11401 10079
15666 12428 9870
15380 11469 12966
15002 9133 14215
14662 11733 13960
14213 13569 12636
13188 13655 13969
13029 13229 14699
11692 11428 16218
11236 11867 16144
16302 10402 11581
15813 8784 13145
15636 12161 11297
13138 13872 13713
12554 14122 13450
16158 10801 11730
15489 11775 12427
15414 11118 13247
14808 10992 14222
14767 11586 14022
13436 13078 14437
12753 13837 14046
10235 13717 14844
11088 15030 11272
16220 8607 12590
15278 12331 12412
15174 9270 13948
14339 12691 13753
14864 12885 12640
12713 13890 13735
10048 9860 16949
16717 10045 10774
14892 12204 13186
14826 12327 13217
14689 9288 14537
11484 13567 15041
16779 9599 10690
16462 11225 10046
15860 8991 13051
15453 10609 13323
15306 12101 12561
15216 9447 13865
15057 12956 11237
14646 12879 12817
14247 13396 12785
12841 14447 12266
11389 11814 16190
16874 9543 10532
15759 12150 9764
15741 10777 12746
12474 14170 13620
12479 14624 12272
12069 14325 13525
10845 14371 14088
15733 9775 13087
15684 11406 12348
15324 11261 13259
14489 11713 14369
13760 13595 13162
13431 12461 15014
12492 11235 16215
11646 11300 16410
11180 12127 16112
11130 11955 16119
10084 13900 14528
16359 10639 11059
16337 11340 10381
15675 12126 11254
15531 11677 12469
15473 11718 12595
15049 12670 12368
13367 14198 12124
16899 9117 10139
16443 10943 10651
16241 8570 12526
15726 12140 10823
15686 12301 10106
15311 12365 12312
14312 12807 13638
13483 12876 14668
12312 13992 14031
11571 13706 14680
16542 9683 11397
16111 10719 12014
16084 8738 12679
15493 11703 12355
15531 11247 12978
15200 12675 11692
15058 12865 11829
14639 12662 13332
11612 11314 16464
11515 13941 14406
11069 14955 11329
16178 10610 11767
15486 9416 13516
15225 12717 11367
15262 12274 12580
12939 11974 15575
12067 14416 13495
11958 10846 16368
10516 13730 14798
16096 9257 12629
15888 10616 12520
15667 12069 11564
15405 11502 12958
15418 11822 12600
13914 12697 14223
12872 12067 15598
12631 13711 14228
15927 10525 12522
15721 12230 10266
14502 11633 14324
14461 13052 12996
13275 11706 15433
12962 9774 16108
11959 10471 16635
12175 13388 15140
11225 13676 14829
15696 9390 13277
14519 12922 13234
14323 12250 14287
14285 9546 15020
14214 11986 14531
13589 10395 15590
12924 12768 15143
12870 13448 14409
12639 9753 16367
12323 13212 15107
16038 11773 9625
15985 10810 12029
15418 12499 11125
14961 11201 13964
13743 10708 15409
13741 8959 15536
12252 13474 15050
12114 14581 12932
12136 13223 15272
16598 9822 11056
15095 13075 9963
14490 11033 14566
14232 12662 14132
13441 13030 14379
10728 14748 13177
16604 9358 11322
16438 11224 10167
15207 12696 11380
15071 11930 13215
14805 11100 14148
13252 12607 15042
11721 14457 13505
16171 10667 11714
15087 11617 13476
13957 10591 15181
13412 14159 12306
12729 12272 15571
12713 14278 13088
12552 9908 16287
12422 13146 15185
10967 11925 16154
17026 9243 9905
16822 8852 11048
15518 9344 13449
15294 9597 13821
14758 12992 12221
14178 12153 14449
14148 13826 11618
13068 12950 14993
12526 11221 16161
12522 10373 16262
12385 13916 13847
12237 10303 16346
16885 9747 10227
16353 9237 12076
16265 10453 11493
16214 10443 11849
14357 13583 12285
14056 13780 12402
13329 14175 12296
13274 14323 12039
16345 11010 10500
15786 10723 12708
15736 12031 10898
15509 11410 12755
15470 11632 12928
14469 12094 14290
13275 10109 15744
12644 14211 13392
16454 9546 11831
15908 10425 12557
14617 11273 14389
14431 13030 13356
14357 10099 14831
14295 12857 13530
14146 11354 14909
13430 10160 15697
12905 13010 14953
12413 14069 13721
11887 14365 13530
11748 14007 14302
10950 10945 16643
10212 14760 12907
15266 11294 13280
15205 12844 11131
15032 9467 14158
14567 12622 13506
14548 11558 14274
13377 14131 12416
12103 14275 13609
16230 9109 12348
16165 11387 10939
15779 11077 12493
15099 12143 13060
14813 11511 13972
14196 11747 14576
14191 12867 13786
13931 12797 14184
12594 14524 12344
11853 10559 16610
11803 14750 12638
16374 10548 11181
16099 11741 10494
15872 9510 13001
15717 11425 12245
15202 11538 13445
15000 11288 13841
14602 12067 13957
14306 9509 14956
14249 12737 14024
13195 13945 13198
13089 13007 14740
11842 14288 13717
16732 9546 10933
16163 11104 11166
15400 11448 13084
14906 11252 14082
14181 10729 14969
13747 13140 14135
12458 14737 11570
12124 13873 14191
10911 14753 12890
15640 11673 12304
15563 12435 9644
15544 10862 13047
14583 11929 13973
14314 11861 14515
14139 12593 14238
13727 13248 13887
13561 14016 12543
13193 14221 12500
12811 10518 16038
12729 13867 13781
12524 13211 15157
16454 10931 10567
16253 10685 11331
15821 11987 10324
15701 9461 13180
15234 12842 11076
14983 12651 12719
14689 9524 14408
14372 12485 13958
14089 12728 14065
13823 11296 15293
12622 13755 14254
16630 10408 10379
16597 9632 11279
16183 11602 10185
16166 10668 11896
15853 11817 11340
14761 11155 14244
13809 14118 11708
13596 13201 14121
13455 9581 15744
13299 11539 15563
13270 9995 15766
12687 13527 14423
11667 11263 16346
15541 9365 13398
15383 11853 12502
15234 12061 12735
14994 11852 13405
13628 11570 15223
13174 12967 14730
11390 13679 14749
16567 9859 11121
16379 10812 10932
16318 10721 11264
16258 9322 12193
15949 10293 12688
15327 12068 12401
15301 10135 13750
15086 10308 13971
15046 12937 11496
14953 11334 13798
14870 11419 14000
14797 11808 13883
14608 13687 10773
13775 10143 15366
13241 14267 12214
13112 13315 14434
13035 14203 12917
12048 10750 16431
12025 14619 12889
11924 10694 16539
11874 13916 14287
11727 14672 13146
16350 10482 11465
15951 11836 10977
15557 12447 9882
15493 10634 13300
15274 12806 10465
15210 11290 13304
15154 10357 13868
15071 12979 11171
14974 12789 12613
14856 13261 10235
14724 8903 14475
14661 9804 14553
14462 10769 14576
13768 13197 13882
13546 11982 15121
12874 12646 15182
16776 10593 9645
15437 11142 13055
15179 12819 11784
14694 9368 14450
13669 10944 15388
13018 14549 11199
11800 11465 16204
11092 14493 13650
16384 10539 11337
15244 10939 13585
14312 12957 13491
14323 12444 14096
14010 11090 15154
13860 10427 15350
13773 8745 15376
13762 13917 12620
13631 14072 11880
13600 12491 14804
13582 11731 15216
13485 13938 13051
11651 11441 16385
16357 10415 11490
15755 11027 12537
14202 13053 13518
14018 11803 14898
13709 10722 15463
13371 12287 15201
13312 12285 15362
12770 13030 14947
12678 12949 15353
12667 13048 15291
12034 14818 12148
11393 11396 16459
10372 14756 12987
15298 11448 13268
14536 11847 14257
14240 13509 12504
14187 12658 14137
13852 13401 13417
13851 12652 14678
13141 9295 15898
12027 10732 16468
11144 10209 16775
11094 10037 16782
10974 14989 11518
11119 14043 14447
16855 10017 9950
16299 10667 11426
16166 11341 10652
15522 11809 12327
15482 12286 11608
15454 11655 12682
14748 11063 14274
14694 11929 13943
14511 13596 11636
14496 8946 14833
14340 9495 14902
14303 11239 14705
14181 13527 12989
13862 13113 13846
13858 11707 15116
13853 13157 13872
13387 13730 13210
12768 14227 12970
11973 14528 13203
11790 13264 15282
11087 13502 15128
10749 13796 14694
10244 15100 10991
16531 10758 10276
16257 10413 11571
16046 11555 11063
15964 11226 11989
15370 11488 13094
15307 11218 13264
14649 10563 14437
13791 13505 13576
13098 12869 14846
12914 13212 14797
12803 11045 16050
12760 14419 12851
10717 14993 12004
9997 10316 16919
16290 11400 10200
16045 11767 9883
15753 11782 11974
14707 12445 13332
13307 13892 13223
13103 11367 15656
12869 12665 15243
12270 11401 16169
11583 14212 13943
16480 10696 10718
15896 10483 12686
15681 12315 10638
15504 10313 13406
14595 9310 14770
13840 13573 13340
13521 13985 12733
13367 11274 15591
13201 13797 13621
16881 7976 10953
16416 8857 12124
16324 11049 10481
16270 11274 10518
16168 11703 9828
15742 12036 10742
15725 11102 12453
15217 12919 9821
15140 12941 10505
14964 11876 13525
14406 12912 13450
14279 12681 13946
14252 12859 13585
14030 12329 14482
14016 11638 14997
13881 10390 15286
13584 12626 14766
12807 9723 16155
12556 14558 12166
12418 14190 13549
16335 10831 11066
15795 11030 12393
15148 12714 11865
15076 13047 10454
14928 12702 12837
14775 11453 14188
14374 12764 13584
14175 13169 13403
14162 9374 15090
14083 12327 14368
13468 13971 12909
13432 14080 12298
13087 14511 10533
12777 10188 16130
12678 13354 14614
11864 14372 13703
11683 14028 14176
11545 11529 16360
17040 8807 9626
16578 8245 11812
16285 9058 12230
15967 11543 11377
15244 11660 13060
15036 11916 13351
14818 9988 14405
14589 10636 14490
14338 13790 10852
14255 11910 14515
13937 13155 13770
13345 13708 13546
13262 12714 14956
12478 14374 13018
10735 9294 16868
10730 11590 16383
15815 11014 12391
14755 13109 12346
14652 10232 14464
14613 12151 13834
14498 11746 14310
13895 12415 14828
13412 13544 14072
13374 10473 15681
12373 14113 13736
12097 13732 14420
12002 13747 14373
11993 13791 14399
11688 14550 13521
11213 14957 10375
16473 10862 10504
16315 11009 10906
16218 11053 11048
15740 9693 13001
15447 10506 13419
15340 12661 10581
15203 12800 11240
15007 11295 13802
14611 10492 14440
14452 11005 14657
14401 11169 14777
14332 13344 12829
14287 11684 14524
13777 13059 13988
13529 10524 15634
13362 12325 15072
13202 12412 15220
13334 13888 13352
13191 14245 12354
12696 11336 15965
12672 13451 14695
12655 13698 14210
12367 13941 13913
12110 14896 11640
11237 14253 13953
11049 11309 16580
11026 14973 11459
10915 13431 15171
10825 10224 16814
16944 9895 9562
16651 10708 9980
16626 9592 11205
16369 11350 9961
16185 11590 9709
15440 9968 13490
14951 12319 13093
14760 13373 12097
14342 13056 13258
14338 11650 14528
14333 13100 13284
13925 11216 15210
13547 10818 15543
13358 12210 15312
13055 13466 14113
12381 14026 13851
11301 13717 14706
15676 11285 12429
15643 10744 13002
15541 11021 13118
15457 9461 13688
15472 11723 12655
15129 10506 13849
14823 9267 14412
14802 12793 12852
14269 11935 14413
13517 11283 15518
13462 14235 11579
13390 11321 15527
12529 9928 16252
12158 10546 16471
12108 10374 16478
11581 14620 13198
11245 13952 14432
16370 10276 11517
16134 10993 11737
15882 11859 10568
15756 9951 12984
15465 11841 12414
15432 11300 12987
15249 12862 10572
15232 12685 11272
14365 13184 13038
14349 9168 14951
13899 13219 13579
13768 14279 10903
12650 13489 14486
11595 14744 12756
11476 11740 16253
10882 14535 13786
16910 8754 10597
16502 9694 11412
15948 10450 12534
15743 12195 9658
15492 11849 12337
15257 12727 10947
15188 10515 13778
15041 12180 13102
14239 13056 13372
13997 11880 14807
13601 11077 15445
13334 12213 15274
13045 13011 14691
12561 14303 13039
11976 13658 14708
11735 11524 16179
11501 13734 14669
11439 13891 14407
15775 9796 12958
15699 12079 11144
15526 9183 13437
15504 11340 12813
14673 11723 14059
14276 12524 13990
14260 13846 10843
13941 12904 14098
13703 11685 15171
13566 13946 12915
13566 13901 12981
13208 12932 14796
13096 10678 15778
12860 10710 15982
12764 13474 14504
12245 12794 15508
12042 11332 16229
11786 14716 12983
16547 10278 11026
16143 11646 10200
16110 10546 12064
15754 11758 11574
15459 11032 13003
15361 12050 12443
14894 11434 13943
14775 12225 13592
14594 12700 13430
14532 9456 14690
14139 12787 14047
14035 12238 14654
13699 9882 15485
13593 13402 13939
13334 13402 14223
13307 9757 15777
13190 14437 11359
13125 12526 15196
13053 13557 14083
12836 14497 12343
11619 14071 14057
11531 13188 15508
11336 14865 12869
15752 10753 12705
15724 10985 12701
15455 10917 13243
15207 11449 13375
15059 13016 11139
14996 13243 11189
14605 13006 12753
14477 10426 14704
14407 13752 10186
14064 13933 11576
14010 13245 13475
13982 12674 14375
13550 10487 15570
13483 13962 12905
13175 13462 14082
13050 14479 12116
12999 12672 15116
12898 11641 15859
11982 13485 15076
11642 14909 12193
9861 15078 11190
16390 9712 11828
15834 8747 13081
15513 11541 12686
14658 12517 13627
14393 9994 14875
14200 13285 13179
14037 12400 14454
13353 12322 15167
12964 11487 15805
12908 13385 14429
12837 12720 15426
12634 11258 16147
11657 14935 10727
11382 11499 16395
9710 15059 11334
16928 9104 10069
16577 10222 10948
16541 10081 11036
16218 9183 12313
16214 9579 12464
15909 11471 11916
15803 12012 11010
15658 11580 12340
15589 11491 12465
15478 9424 13624
15477 12367 11998
15272 12762 10574
15241 11098 13656
15103 11633 13395
14932 10948 14069
14095 13024 13897
14095 11810 14879
13874 10507 15303
13671 14188 11766
13398 12158 15154
13273 12900 14688
13240 12359 15261
12960 13118 14812
12722 14043 13435
12475 11677 16131
12419 13760 14359
12208 14189 13808
12094 12545 15825
11828 13788 14479
11451 14468 13531
16470 11234 9747
16255 9098 12240
16202 10245 12115
15720 11048 12579
15642 12272 11157
15452 12497 11107
15378 12047 12450
14938 12301 13162
14825 12136 13480
14630 11837 14106
14485 12924 13136
14369 12933 13366
14158 13219 13295
13572 11886 15277
13284 12049 15427
13164 14046 12915
12210 12563 15764
12196 12627 15621
11637 12022 16042
11497 11703 16189
16354 8498 12184
16238 10350 11895
16081 11240 11099
15991 10801 12100
15527 12536 10085
15509 11604 12564
15004 12708 12466
14134 12523 14296
14062 13159 13619
13899 10159 15340
13622 11040 15381
13452 12667 14837
13383 12266 15089
13213 13753 13586
13068 11114 15783
12844 11899 15773
12546 14072 13556
12521 14106 13707
16449 10861 10625
16356 9407 11995
16325 10287 11507
16021 10067 12617
15635 11478 12643
15243 12810 11029
14929 11964 13398
14264 11483 14763
14054 13229 13551
14028 8560 15244
12959 10315 15989
12807 12871 15117
12219 14293 13519
11358 14029 14260
10465 15086 10661
16579 9821 11092
16345 11349 10082
16180 10918 11687
15876 10981 12492
15189 12734 11482
15150 11624 13301
14915 12048 13418
14861 12728 12684
14217 11512 14728
14202 11386 14773
14074 13376 13194
14039 12834 14170
14022 13081 13685
13793 10960 15362
13746 14048 12094
13581 10804 15489
13357 13829 13388
13014 11798 15591
12959 14567 11684
12114 14037 13962
11896 14130 13877
11636 13526 15086
16952 9565 9681
15864 10808 12527
15694 12310 9807
15681 11514 12274
15669 11127 12924
15595 10740 13069
15559 10262 13288
15502 11642 12508
15230 11269 13422
15195 11656 13204
15171 12563 12259
15151 10146 13882
14907 11526 13913
14629 11536 14195
13987 13424 13255
12991 13479 14265
12954 13874 13699
12828 10516 16095
12756 11173 15960
12728 14271 12985
12661 13675 14218
12136 14309 13509
11951 10531 16573
11802 11015 16580
11671 10845 16615
11243 10573 16712
11062 10231 16754
16933 9368 9820
16530 9535 11654
16471 8806 12006
16374 10742 10990
16136 11662 10004
16042 11618 10941
15222 11664 13127
14779 12153 13520
14699 13022 12420
14504 11928 14121
14248 11729 14529
13516 12910 14568
13044 10599 15973
12950 13045 14879
12655 11221 16083
11993 12900 15502
11904 13829 14356
11816 14808 12281
11226 14352 13891
11030 10500 16776
10882 13961 14457
16732 9740 10742
15906 10925 12414
15617 12190 11824
15237 12854 10711
15203 12663 11747
15065 13205 10523
14848 12444 13174
14490 13188 12887
13963 13905 12317
13895 10470 15239
13745 9807 15435
13416 14171 11973
13176 14424 11907
13098 13950 13501
12890 13484 14400
12655 13848 13850
12211 13699 14519
12012 13642 14717
11650 11650 16235
10937 15011 11416
10888 14493 13747
10608 14289 14098
16354 10616 11308
16238 10315 11989
16178 10595 11961
16015 10631 12181
16014 11965 9632
15902 10322 12653
15833 11931 10863
15816 10997 12574
15748 10659 12719
15738 10849 12673
15091 11865 13233
14719 13006 12418
14638 10753 14433
14456 13430 12058
14306 12494 13988
14286 11280 14660
14234 13560 12471
13951 12310 14604
13694 8988 15501
13430 12888 14570
12989 14075 13109
12238 11595 16141
10445 13895 14658
