45 3
13900
508 591 590 574
693 477 502 637
719 113 782 629
697 135 567 201
734 479 180 522
462 857 805 605
494 417 945 864
445 221 94 763
770 71 167 987
662 198 186 443
754 910 253 693
692 668 553 114
658 630 595 849
761 686 379 103
646 832 418 589
562 416 724 107
583 124 659 395
766 753 940 625
504 606 120 251
504 435 58 503
442 558 504 966
698 8 426 818
757 367 813 568
486 49 744 932
458 60 841 196
708 360 436 657
537 131 796 97
683 130 781 216
514 233 331 223
552 241 767 69
536 90 568 973
739 433 849 121
466 802 469 237
669 781 906 403
464 67 195 920
494 223 741 937
562 573 454 327
661 168 780 967
750 464 419 805
562 525 717 890
754 579 94 140
647 164 313 689
599 624 394 999
745 857 809 188
704 277 761 725
2128
10222 16954 12120
10395 12933 17758
10203 16196 15201
10612 14968 16626
10003 17053 12764
10029 15624 16052
10373 15124 16526
10054 16015 15651
9724 15476 16508
10179 15217 16570
9981 12840 17923
10022 15487 16350
10219 14871 16864
9498 12794 18074
9737 15559 16340
9256 13952 17727
8863 13700 17909
9117 12619 18214
13775 12863 13239
13332 12502 14443
13286 13354 14146
13202 13891 13588
12967 13788 14611
12715 15288 12391
12488 14725 14774
12365 15338 13597
12464 14319 15165
12276 14760 14938
12216 13641 16205
11901 15091 15050
11793 15442 14613
11522 15768 14575
11565 13619 16852
11469 15507 14901
10535 15883 15459
10437 15933 15383
10923 15244 16129
10276 14823 16807
10186 16450 14736
9717 13123 17916
10056 13229 17779
10028 12522 18024
9664 12802 18016
9894 16932 13698
9314 14435 17212
9807 14747 16988
9469 17227 12738
9693 15906 15824
9406 13140 18034
13279 12896 14477
12815 13662 15082
12714 13154 15806
12574 14603 14383
12571 15346 13388
12437 14013 15505
12449 13242 15967
12193 14062 15819
12112 14257 15669
12083 15571 13734
12133 13966 16273
11945 14407 16046
12180 15554 13999
11951 15004 15102
11722 15804 13782
11647 15393 15105
11880 15972 13596
11315 15608 15058
11311 16093 14264
11436 15173 15617
11244 13316 17128
10551 12820 17629
10481 15586 15899
10227 15837 15863
9777 15213 16634
9174 13683 17791
8746 14145 17584
13447 14288 12242
13233 13565 14076
12904 13337 14981
12961 14537 14047
12839 14672 13537
12695 13820 15410
12514 13413 15894
12335 15611 12820
12323 13362 16417
11974 15546 14208
11885 16029 12880
11861 14752 15589
11702 16119 12852
11764 14000 16530
12046 14221 16116
11583 14792 15928
11337 16532 13471
11199 16263 13846
11312 14915 16078
11113 16569 12260
11247 16480 13628
10327 13859 17331
10409 15931 15603
9957 13849 17444
10172 14242 17197
9859 16306 15157
9759 13738 17558
9721 16845 14715
8999 17087 13788
9557 15642 16120
9553 15411 16531
13547 13381 13118
13408 12883 14064
13292 13943 13431
13128 14722 12707
13040 13310 14940
12790 14475 14299
12701 14417 14466
11848 15867 13741
11628 15942 13850
11467 13368 16911
11425 15579 15030
11528 16328 12913
11257 16139 14190
11089 16017 14519
10955 16312 14160
11403 16568 13024
10709 14574 16863
10519 15902 15575
10916 14564 16651
10392 14458 16922
10462 13564 17429
13580 12233 13895
13658 12445 13889
13639 13111 13493
13527 12840 13617
13415 13473 13663
13123 14253 13272
12887 14081 14536
12685 14766 13939
12635 14381 14913
12561 15001 13620
12518 14972 13871
12404 14195 15182
12371 15605 13476
12045 15449 14342
12041 12944 16678
11889 14491 15896
11841 14424 15898
11461 15933 14077
11287 14087 16742
11025 15879 15079
11014 14722 16407
10883 15622 15583
10889 16276 14607
11015 14989 16134
11202 15226 16009
10597 16211 14895
10471 15282 16282
10722 14657 16695
10068 14392 17208
10049 16297 15358
10166 15134 16738
9018 11425 18342
9556 12540 18092
13313 13168 14047
13244 14109 12926
13136 13959 13839
12713 14993 13070
12732 13987 15150
12674 14677 13982
12534 14567 14843
12342 14796 14491
12293 15393 13482
12160 15057 14759
12226 14450 15386
12143 14775 15454
12076 15019 15026
11885 13945 16362
11854 15398 14865
11935 14062 16278
11056 16429 14151
10914 15337 15955
10676 15632 15795
10691 13579 17339
10227 15555 15960
10028 16141 15374
9216 14298 17433
9452 14831 17036
12495 14079 15498
12245 15190 14254
11964 13741 16442
11911 13638 16638
11784 16171 12017
11885 14968 15549
11833 13366 16797
11494 16237 13491
11432 15716 14732
10267 14916 16633
9852 13493 17633
10278 12867 17778
10118 14125 17308
10085 16565 14723
13443 14142 12527
13509 13567 12843
13110 14248 13532
12980 13931 14290
12481 15294 13545
11600 15335 15329
11190 14402 16545
11377 15601 15153
11012 16776 13635
10715 13682 17322
10644 15001 16376
10009 17128 12329
9503 13606 17755
9600 13057 17936
9454 16615 14868
13044 14212 13979
12604 13465 15737
12511 15021 14322
11606 16167 13162
11473 15103 15859
11379 14709 16142
11360 15869 14279
11455 14411 16426
11333 15948 14637
10865 16796 13126
10923 14367 16734
10518 16137 14994
10525 13305 17598
10145 16249 15048
10316 14477 17101
10468 14028 17294
9257 14483 17269
13767 12426 13647
12983 14221 13761
12809 14945 12760
12824 14876 13370
12688 14466 14686
10696 16023 15198
10766 15514 15909
10417 16252 14981
10234 15974 15565
9369 13447 17784
13540 13748 12764
13444 13457 13855
13389 13489 13821
12383 14552 14906
12129 15688 13158
12007 13435 16405
11932 15372 14638
11793 15620 14335
11540 13962 16709
11584 16289 13334
11667 14394 16293
11541 14685 16097
11215 15309 15841
10773 15651 15611
10819 14958 16414
10692 16709 14143
10537 14991 16448
11073 14294 16871
10506 13476 17522
10205 16955 12533
10566 15661 15823
10173 15271 16440
9822 13479 17727
8920 13652 17852
9207 12960 18174
13597 12571 13597
13389 13549 13668
13345 13896 13152
13201 12976 14653
12415 15258 13992
12039 15918 13218
11985 14443 15586
12061 15693 13906
11728 15238 15329
11624 15255 15181
10559 15524 16121
9763 11939 18149
9297 16885 14648
13875 12819 12345
13230 13493 14115
13081 13134 14981
11781 14985 15401
11713 15762 14084
11536 15997 14048
11406 15360 15318
11428 16201 13938
10796 13935 17150
9990 16972 13535
9738 16844 14302
8702 14447 17342
13089 13317 14529
13027 14573 13600
12829 13822 14907
12584 15008 13424
12370 14469 15074
12320 14122 15460
12194 15751 12550
11892 14322 16273
11171 15656 15325
10709 16708 13730
10022 14194 17406
9536 17122 12585
9925 14588 17169
9498 16268 15384
9047 12209 18302
9176 15857 16172
13734 13039 13198
13190 14612 12545
12890 14912 12923
12839 14665 13782
12115 14805 14961
11251 15834 14757
11316 15373 15639
11082 15880 14817
11268 14753 16346
10892 16564 13676
10871 15980 15236
10211 17077 12354
10408 13239 17618
13141 13818 14216
12507 14059 15170
12438 14608 14858
12424 13870 15693
11826 12989 16886
11109 16211 14003
11043 16175 14450
10324 16539 14490
9911 12456 18044
13819 12531 12895
13287 13607 13545
13046 14372 13429
12497 14283 15157
12084 15235 14277
12015 15774 13332
11944 15819 13431
11919 15289 14806
11384 13693 16979
10762 14311 16989
10170 16640 14647
10139 15595 16024
8960 13306 18146
13384 13903 12979
13167 13529 14523
13070 13983 14133
12205 14857 14804
11758 14749 15966
11648 15060 15897
11445 14066 16658
13106 12756 14778
13058 14143 14284
12931 14764 13012
12888 13726 14955
12649 13518 15551
11697 15668 14645
11421 16064 14236
11206 15402 15667
10236 16676 14200
8856 13323 17998
13745 13136 12462
13249 12827 14511
12953 13565 14783
12906 12810 15496
12570 14210 14986
12347 13961 15662
11546 16320 12316
11631 15749 14333
10186 15354 16272
10354 16792 13778
9710 15141 16751
9268 15483 16521
13714 13566 11778
13504 12546 14046
11888 15719 14122
10978 13358 17329
10961 15278 15902
10976 14688 16634
10814 13574 17268
10772 16168 14933
10440 16481 14675
10166 12918 17848
13486 13874 12273
13298 12412 14468
12892 14987 12139
11091 16248 14058
11043 13589 17178
11009 13965 17017
10432 14112 17216
10053 13423 17791
9499 17176 13090
13118 13301 14721
12512 14864 14229
12196 15648 13438
11365 14359 16583
11176 14242 16701
10754 13320 17508
10545 16843 13255
9493 17054 13269
9488 13773 17625
13339 12879 14354
12734 14824 13527
12639 14924 13870
11455 15968 14066
11473 14821 15956
11311 13947 16799
11363 15132 15887
10558 16798 12775
9745 12448 18102
9029 16192 15565
13452 13453 13413
13134 14420 12857
12324 14017 15750
12304 14028 16021
11579 15478 14873
11250 16002 14488
11036 16038 14748
10870 15539 15751
10507 16884 11577
9353 13403 17908
13218 14563 12138
12883 14325 14053
12836 13176 15631
12444 15592 12578
10749 16849 12252
9970 17016 13158
9762 14326 17358
8442 13741 17818
12954 14160 14136
12602 14916 14072
12089 15102 14858
10214 15472 16128
9411 11929 18310
9614 14949 16852
13225 14328 12944
12908 13647 14698
11888 15008 15218
11638 14291 16334
12980 13871 14443
12779 14087 14452
12733 13275 15233
12671 15155 13122
12628 14004 15002
12690 13342 15592
11102 16074 14301
10975 13552 17341
10635 16245 14668
13561 12839 13652
12763 15158 12113
10979 15745 15142
13142 13937 13974
12949 13015 15114
12972 14634 13311
11178 13099 17241
10766 16848 11839
9878 16575 14935
13938 12275 12760
13765 13130 12276
12209 15250 14201
11863 13294 16657
10151 13402 17691
10184 12409 17895
9110 13354 17937
9418 15108 16787
12130 15877 12557
11347 15786 14447
9608 13962 17566
12769 13360 15223
12215 14982 14408
11773 16074 12753
11481 13177 17102
11158 15677 15099
10411 16932 11887
10285 13244 17689
10007 16999 12636
10136 13466 17635
9649 14049 17489
12399 14148 15238
10628 16108 14966
10822 14919 16458
10594 16380 14518
14021 12064 12364
13287 14218 12782
11929 15947 13246
10268 16749 14076
13588 13205 13159
13665 13174 13170
12990 14871 12633
12250 14355 15425
12197 15441 13792
12096 14456 15582
10402 15794 15901
9614 12429 18189
13703 13469 12514
11621 15805 14148
13353 14090 12684
11212 16517 13547
9902 17077 12899
9673 16225 15422
9696 16454 15116
8744 14316 17501
13373 12034 14314
13221 14182 13229
11574 16134 13412
10296 15951 15386
11394 15029 15958
13441 12483 14201
12005 15732 13485
11274 14004 16910
10061 14778 16927
9975 13488 17562
13576 13926 12116
13160 13152 14612
11994 16010 12638
11534 15331 15373
9285 17030 13679
12924 13643 14840
11655 16312 12032
10747 12943 17597
13809 12783 12792
13320 13545 13958
12575 14257 14930
12503 13666 15773
12310 13279 16585
11202 15644 15115
10337 15526 15932
10058 17089 11645
9360 12398 18250
8951 14996 16923
12852 14616 13562
12327 14264 15456
12186 14708 15095
12086 15677 13466
10117 15866 15891
9335 17311 12615
12708 15151 12689
12627 15502 12606
12297 14674 15297
10604 14218 17052
12761 14261 14463
12730 14691 13779
12758 12964 15637
11495 16024 13499
13279 13860 13599
13034 14524 13149
11345 15946 14571
9468 15922 15884
10576 16084 15147
9996 16916 13062
8038 14386 17390
12564 14969 13477
11972 14713 15706
10567 13920 17240
10563 14131 17129
9879 16058 15613
13637 13433 12961
12239 15659 13130
11158 15991 14599
13673 13532 12353
11848 14801 15809
11738 15896 13769
11662 16033 13272
11040 15352 15803
10669 15213 16190
12842 13773 14687
11621 16221 12610
10518 12928 17687
10041 17090 12058
11824 15190 15019
12099 15279 14229
12162 14109 15850
10296 15325 16244
9670 16905 14043
8903 14109 17485
13269 13133 14370
13131 14130 13386
9546 17190 12278
13200 14456 12410
10490 16885 11990
9856 17161 12402
11643 13970 16653
9294 11863 18330
13587 12823 13494
12237 14272 15593
11864 15575 14236
10931 15767 15265
9840 13783 17464
13363 13778 13514
11794 15274 14882
9411 14689 17182
8628 12548 18270
13153 12556 14894
12718 14056 14845
12561 13925 15402
12456 15082 14033
11092 15673 15143
9607 12052 18278
13561 12899 13499
13486 13095 14058
13451 12246 14308
12306 14856 14438
12003 15327 14539
11777 14083 16362
11224 12531 17268
11135 15850 15051
9854 15667 16014
13593 13780 12445
13206 13446 14243
9503 17318 12160
13366 13245 13861
11919 16120 12302
13077 13477 14680
12083 14373 15750
10598 15694 15573
10202 16713 14523
9701 16172 15409
13799 12104 13066
10930 15381 15831
12334 14826 14931
8078 14040 17684
11515 15631 14873
11461 12896 17215
11541 15795 14152
8939 11947 18378
12684 14904 13132
10253 14581 16876
10390 13600 17500
14085 11770 11488
12102 15342 14005
11617 12783 17086
9887 15184 16606
13906 12389 13029
13025 14587 13032
11088 15497 15485
10053 16532 14973
8835 13482 17981
13074 13780 14257
13062 14265 13358
11930 12972 17034
9650 15017 16768
13413 13887 13171
10571 16922 11274
10209 16067 15247
10046 13046 17880
9836 17041 13346
12668 14952 13625
10380 12532 17863
9892 16743 14145
9543 13616 17648
8824 17221 13321
13568 12664 13658
13481 13509 13216
12702 15011 12860
12275 15286 13754
12213 15142 14532
11819 15993 13327
11740 13576 16890
10935 13898 17047
10729 15998 15095
10192 16895 13510
10055 16847 13635
10837 12995 17440
10031 16832 13954
13455 13525 13374
11001 14639 16575
8888 12416 18318
12084 16062 12481
9279 14039 17602
8193 13370 18069
14104 11104 11884
12408 13874 15551
9291 17152 13500
13479 13224 13401
13091 14738 11837
12766 13907 14703
13189 13748 13909
12753 13824 14871
12524 13758 15662
13069 14240 13548
12675 14967 13213
10574 13513 17359
10611 13832 17333
10067 12343 17915
14058 11773 11483
13583 12531 13873
12088 15460 14034
11068 12644 17397
10286 13617 17352
12972 14992 12136
10478 12608 17690
11745 14666 16134
11271 13500 17071
11146 15727 14817
10882 16139 14905
9847 15530 16312
8680 14498 17302
12644 15333 12490
11971 15641 14063
9799 13392 17852
13280 14103 13582
12642 14547 14112
13977 12411 11848
12796 15035 12449
12833 14215 14304
11309 14954 16034
11134 13627 17059
13185 12980 14511
12493 15134 13394
11559 15559 14744
10047 17212 11879
11137 14958 16040
10915 13617 17160
10866 12687 17462
13087 14477 12870
9486 15668 16230
9390 15838 15919
12707 14506 14108
12202 15675 12260
11280 13710 16831
10926 16067 14776
10716 14711 16565
9580 17281 11700
9314 16884 14235
13248 14290 12915
11738 16137 12518
11442 15885 14234
11405 15660 14901
9115 16079 15642
13437 13692 13049
10506 16517 14228
10317 16402 14788
9941 16780 14111
9727 12809 17984
13038 14670 12864
12539 14640 14302
11080 14431 16573
11085 15536 15441
10858 13486 17361
10575 16797 12362
9564 17096 12690
12317 14663 15026
10639 15702 15553
9308 15782 16026
13941 12823 12052
13269 13639 13624
13227 13213 14233
13309 14437 12168
9249 13575 17816
12475 15027 13666
12634 14739 14089
12005 15116 14892
11949 14800 15443
10211 14121 17290
13739 13404 12255
10679 13869 17170
10646 15839 15255
12336 15064 14284
12238 15669 12916
12071 15152 14445
11094 14429 16482
9293 14056 17507
9312 13316 17985
13789 12323 13049
13456 13297 13704
10293 14235 17170
12835 13930 14549
13136 14019 13686
13039 14413 13449
12275 14903 14469
12334 15621 12606
11669 15530 14716
10276 16616 14200
10195 16811 14050
9728 13834 17534
9325 17243 12922
13320 14534 11432
11746 16172 11266
9675 15766 15929
11854 15533 14389
11024 15026 16024
10602 16869 11743
9378 12922 18106
9151 16547 14963
8696 12149 18468
13062 13546 14541
12519 14218 14953
13895 13492 11651
12525 12781 16214
10530 14854 16746
10035 13684 17548
12731 14345 14326
14033 12301 11824
11020 13973 16971
8506 13559 18017
12923 13031 15272
12093 15893 11687
12018 15199 14724
10757 16484 14008
13272 13131 14318
12605 14654 14136
11364 15518 15321
11146 16481 13994
10903 14784 16386
9055 15045 16866
13242 13833 13682
12771 14919 12903
12674 15060 13267
11221 14560 16405
8747 16080 15858
13484 13966 12568
13291 14200 12846
13299 13437 13978
11689 15921 14119
11418 15829 14277
11443 14527 16341
10283 15242 16412
10150 16907 12988
8736 12810 18194
13918 12626 12489
13067 14558 12741
11938 15854 13420
11174 16170 13999
11012 13101 17283
13575 13122 13327
12870 14242 14221
10111 12197 17956
10507 14612 16815
8142 12476 18314
13147 13575 14034
11847 13675 16462
14054 12200 10804
13670 12820 13410
13410 14304 11372
12679 14191 14744
12417 15663 11985
11458 14149 16490
13123 13587 14263
12191 14954 14830
12016 13900 16293
8448 13670 17920
13560 12227 14066
12894 15034 11997
12615 14578 14108
10276 16502 14579
13926 13062 12335
13681 13528 11911
13215 13732 13751
11075 16570 11509
9847 14401 17282
12522 15118 13586
12339 14899 14390
11423 13896 16729
11255 12302 17477
13534 13298 13286
12297 15700 12216
11421 15782 14333
11149 13420 17077
10534 15030 16404
8791 17417 12896
11597 14426 16184
10013 13769 17497
9811 16143 15381
13908 12067 12914
13333 14171 12555
13080 13827 13998
11694 15978 13403
10485 12985 17601
10269 13848 17434
9918 12833 17955
13454 14239 11791
12690 14839 13398
12149 14541 15355
11853 16084 12749
11460 14738 16124
10986 15882 14844
10086 13196 17734
13423 13640 13090
9904 16980 13605
14023 11742 12249
13849 12714 12533
13785 13803 11582
12796 13835 14563
11714 15096 15450
11555 13755 16727
11448 14034 16515
11566 13252 17026
13862 12736 12513
13201 14709 11809
13027 13227 15108
12673 15317 12682
12396 15524 12874
12220 15718 11988
10534 16360 14655
10289 16912 12458
10114 14515 17053
8824 13980 17688
13436 13765 12616
12163 14764 15183
9533 17045 12937
8649 14710 17216
13836 12631 12701
13731 13210 12723
12646 14478 14177
11012 14315 16602
9329 17189 12794
9204 16149 15603
9140 16470 15241
12768 15077 12461
11157 12492 17449
14041 12737 11670
13520 14275 11344
13517 13444 12957
13358 13979 12984
11091 12886 17328
9724 14920 16824
7657 13570 17938
12743 15239 11984
11135 13322 17230
10651 14040 17114
9362 15183 16645
13328 14042 12823
10928 16256 14329
9874 14819 16871
9444 16043 15698
13933 12387 12206
13399 14489 12011
13001 14968 11897
10660 15306 16016
13634 13604 12486
12701 13071 15974
12228 15842 11972
11895 15145 14920
11729 16173 11679
11687 14132 16385
10729 15076 16300
13997 13084 11154
13420 13838 12720
13243 14401 12615
12906 14956 12583
12853 15210 11956
11521 15248 15541
10825 14209 16978
10808 16344 14258
8391 14229 17632
13719 13485 12126
13466 13141 13569
13037 13622 14380
12761 14742 13532
12292 14883 14439
12353 14160 15327
12255 15367 13625
11426 15751 14721
9418 15753 15998
8548 14193 17533
12064 15316 14148
11474 13745 16822
11267 13627 16999
14008 11981 12532
11261 14376 16435
8908 14100 17562
13850 12101 13579
11230 15703 14863
11020 14850 16366
10844 12303 17501
10647 14962 16420
8600 15378 16621
12406 13037 16349
10711 16850 11501
10637 13254 17528
10590 13341 17412
10499 12276 17728
10094 16969 12680
10049 12852 17868
9035 17382 12167
8872 16462 15345
13796 12700 12960
11823 13251 16822
11577 15950 13817
9770 12316 18060
8843 13240 18166
13822 13079 12187
12553 14688 14270
12510 13020 16497
12256 13684 16040
10170 15310 16396
9912 15558 16072
13604 13877 11709
11466 14684 16254
10249 17035 11619
12406 14060 15536
12153 13549 16365
11511 15834 14176
11197 14136 16765
10725 16297 14511
10907 12044 17670
10286 16992 11817
10242 16295 14943
10271 13274 17659
13522 13333 13257
12954 13947 14448
12705 14630 13951
12379 15664 11234
11313 12379 17320
11027 14987 16068
10904 15033 16338
10255 16882 12771
9702 13786 17615
12648 14621 14060
12055 14388 15638
11057 15927 14801
11031 15445 15629
8582 12604 18281
13785 13521 11679
13744 13293 12555
13496 14095 12248
13141 14384 12743
12704 14887 13366
12107 14928 14847
13381 13112 14076
10972 15909 14845
10753 16299 14291
10138 16112 15346
9746 16680 14580
8387 14940 16966
8274 14163 17652
13581 13572 12805
13158 14238 13072
12726 15385 11655
11411 12189 17348
11058 16571 11922
11102 14964 16246
10638 11709 17763
9790 16333 15096
9918 14211 17258
9099 14232 17453
9035 15922 15967
8760 16163 15690
13430 13777 12792
13199 14466 12196
12786 14580 14009
12406 15566 12721
11763 16032 12906
11531 15753 14305
10877 12905 17394
10073 13725 17466
9355 15225 16799
12750 14026 14827
12576 14511 14559
12174 15287 14120
12020 13024 16877
11633 15989 13794
9876 13596 17616
13425 13727 13020
12664 15018 13420
10006 16984 12755
13509 14178 12080
12690 15171 13011
12136 14458 15523
11093 14796 16308
10892 16450 14055
10605 14591 16715
10600 16502 14339
10529 13563 17397
10204 16940 12652
9653 12794 18062
8823 14046 17615
8692 12293 18350
8291 16087 15871
13340 13261 14019
13289 14518 12039
12725 15132 12256
12750 13438 15138
12122 12628 16724
9535 17117 12771
12880 13290 15109
12732 14216 14670
12209 14287 15481
10948 16175 14458
10992 13518 17191
10118 12574 17867
9804 16880 13855
12508 14129 14996
12013 12647 16966
11857 15438 14534
10878 13946 17104
10499 15400 16138
9853 17040 12933
9272 13662 17691
8381 12894 18242
13004 14723 12066
13020 13873 14384
12732 14599 13955
12673 14117 14796
11958 14358 15826
11536 15722 14693
10969 14311 16723
10650 15655 15400
13267 12653 14500
13080 14308 13067
13045 14951 11190
12970 13756 14468
10552 14844 16643
9533 17267 12512
9320 15850 15977
13189 13808 13756
12396 14401 14974
11681 15714 14362
11196 12313 17340
8994 16817 14743
8759 14399 17285
11661 12637 17127
11525 15807 14175
11490 15678 14857
11094 16064 14463
10863 15120 16146
12870 14723 13290
12526 15644 11743
12135 13803 16190
11811 15088 15196
11387 13532 16909
10387 12909 17774
9620 15493 16360
9174 17044 13826
13690 13386 12682
13037 14427 12881
12775 14676 13616
11838 14456 16041
10545 14266 16993
9605 13532 17645
9030 15675 16243
8617 14921 16988
13499 13335 13205
13175 13525 14081
12584 14625 14139
11356 14755 15976
10900 16197 14581
10871 13569 17193
10539 16293 14978
10394 16933 12300
8829 16136 15751
13829 13456 12098
13678 13257 13002
13109 14764 10969
13075 14348 13190
12597 13088 15826
12485 15416 12619
12409 14100 15205
11800 15579 14315
10979 11864 17489
10920 12127 17502
10851 15589 15833
10756 12998 17393
10275 16866 12927
10270 12843 17794
10126 15512 16192
8972 14837 16940
12934 13406 14947
12792 14312 14216
10470 12584 17706
10458 15199 16450
10455 15238 16406
9485 16185 15552
8662 14793 17048
13550 14002 12121
12240 15301 13954
11925 15123 14762
11516 15114 15551
13816 13091 12363
13177 14529 12713
12156 14202 15708
10163 16221 15042
9243 12332 18270
9259 13758 17715
9056 15371 16608
13428 14330 10504
13394 13914 12725
12804 14982 12154
12783 14098 14388
12260 14972 14330
10987 15615 15351
9405 14743 17052
8575 12227 18370
13501 12856 13775
13063 13546 14375
13021 13695 14484
12255 14984 14340
12128 15715 12997
10935 15583 15410
9739 17095 12422
9341 16538 15164
8810 13963 17783
13890 12538 12574
11754 15234 15172
11788 14339 16125
11447 16221 13540
10663 15267 16060
10591 15557 15871
10292 16865 12514
8982 14912 16868
8875 13492 17874
9204 14746 17143
11126 16579 11138
10821 14326 16749
10490 15232 16200
9809 11471 18075
8032 12787 18245
7970 13759 17886
12302 15770 11153
11979 14390 15602
10657 13955 17178
9841 15584 16182
9073 17340 11432
13382 13112 13910
13259 14387 12179
13256 13556 13792
13003 13439 14920
11736 13681 16600
11645 13807 16570
11546 16331 12274
11076 15934 14687
10608 16189 14837
13300 14615 11303
12595 14539 14161
11699 16036 12993
11082 16155 14172
10952 15371 15728
10942 14317 16652
10742 15668 15348
10552 15147 16210
10401 16127 15109
9348 14848 16888
9000 12553 18234
13820 12858 12375
13663 12443 13499
13340 14007 12852
12935 15262 11121
12479 13450 15813
11544 12571 17147
11167 16033 14297
10936 15066 16088
10779 12123 17577
9709 14005 17458
13026 14330 13617
12592 14571 14304
12206 13296 16437
12213 13673 16348
12126 14612 15549
9284 17015 13798
11916 13041 16729
10078 11806 17982
10016 15541 16220
9382 15685 16082
9205 15632 16281
8885 15306 16631
13608 13541 12809
13188 14626 11977
12732 13193 15483
11636 13593 16742
11427 13387 16942
11395 13949 16742
10489 16870 12109
10365 13779 17336
9246 16945 13976
12226 15093 14312
11769 13719 16467
10880 12110 17514
10803 12061 17522
9354 14089 17506
13624 13350 13129
13073 14504 12871
12362 15665 11647
11928 15974 13085
11268 12385 17309
10948 15195 16070
10970 14742 16504
9919 17076 12486
12840 13569 15028
12642 14164 14827
12072 15754 12576
12057 15179 14446
11813 12906 17054
11820 13283 16965
13695 13751 11739
13525 14194 11692
13025 12554 15361
12132 12391 16831
11807 13655 16490
11264 16222 13842
11108 16196 14122
10273 16192 15014
13313 12955 14359
13218 13634 13937
13052 14350 13138
12784 14092 14398
12245 15325 13778
11423 14246 16454
10776 12317 17589
9896 13703 17517
13496 13562 13103
12054 15274 14301
11195 14849 16098
11148 14295 16714
10917 15625 15386
10733 15814 15367
10556 16292 14565
10219 16712 14110
9804 14841 16875
9224 16472 15184
9294 14623 17202
9010 15173 16806
13920 12304 12374
12117 15574 13537
11728 16069 12825
11522 15846 14131
11351 15784 14383
10834 16278 14269
10356 16934 11549
10282 13338 17576
13622 13867 10847
13034 14854 11926
12756 14992 12614
11537 12720 17216
11308 16244 13604
11335 13063 17142
11262 12848 17260
10722 16521 13927
10656 15130 16358
10212 14494 16953
10062 15151 16590
10037 16948 12988
9905 15421 16370
9802 13198 17840
9911 16131 15489
7831 13077 18206
13537 13200 13472
12107 15141 14535
11600 14021 16434
11436 14150 16430
9364 12273 18242
12635 14538 14228
11855 15016 15067
11641 14683 15986
11136 16136 14226
10967 16111 14711
9620 13517 17679
14035 11979 11709
13541 12379 13909
13410 14586 11275
13272 14664 11710
12515 15547 12479
12211 15124 14683
11219 15072 15920
11062 15342 15700
10886 15728 15315
10457 16848 12384
10223 16084 15152
9414 14495 17170
13350 12328 14432
13219 14535 11798
12923 13244 14960
12732 12980 15795
11620 12395 17148
11152 15849 14638
11097 13874 17002
9949 13440 17643
9818 13869 17472
8583 15063 16934
12835 14279 14140
12413 13414 16260
12356 14779 14428
11109 15873 14656
11098 15243 15861
11051 15330 15745
11040 12426 17469
10572 15346 16080
10069 13133 17755
8946 12324 18289
12298 15192 14012
12251 15279 13896
12051 15233 14316
11521 14225 16354
10198 15167 16488
10375 16800 13506
9661 15625 16268
9287 13756 17626
9265 15577 16408
13726 13321 12423
12283 15268 13878
11560 14001 16462
11486 14267 16346
11429 15273 15581
11315 14205 16598
11260 15535 15173
11248 14293 16603
11201 14380 16487
10665 14057 17019
9660 16142 15590
13643 11902 13998
13238 13563 13686
13076 13594 14272
12372 14377 15250
11626 16182 12391
11528 15800 14249
11503 14415 16197
10888 15979 14823
10566 16433 14531
10207 16431 14816
9783 16196 15394
9697 12104 18121
9580 16221 15539
9585 13720 17635
9398 15845 15896
9150 16905 14139
8991 16269 15451
8716 16510 15174
13514 12896 13665
13154 13845 13675
12471 15414 13210
11487 16100 13789
11184 12514 17280
9744 14896 16748
9316 13753 17640
13746 12971 12440
12932 13536 14786
12748 13245 15228
12436 15451 13129
12280 15363 13733
12053 15732 12597
10957 15565 15386
10772 14765 16473
10709 14867 16484
10223 16026 15165
10122 14617 16894
10066 16296 14945
12834 15113 12014
12208 15378 13542
11346 15304 15390
11065 12838 17409
10939 16363 14171
10898 13694 17142
9650 16949 13666
13782 12187 13364
13083 12758 14726
12740 14713 13535
12676 14609 14037
12529 14953 13898
12355 15296 13750
12161 15204 14288
11140 16031 14516
11107 15993 14649
10763 16347 14198
10659 12251 17609
10244 16881 12779
9145 15893 15939
8913 15567 16569
13627 13729 11818
13622 13903 10841
13471 13601 12833
13231 14436 12586
13055 14309 13243
13072 14923 11798
12164 15245 14273
12127 15729 13459
11737 15923 13608
11455 13648 16880
11110 14025 16814
11062 16031 14713
10475 11719 17811
9449 15761 15991
9057 13617 17811
13629 13715 12186
13073 13904 14001
12989 14303 13700
12755 14757 13487
12719 15248 11953
12729 15037 12732
11539 14004 16472
11218 14599 16361
11151 14687 16366
11104 14774 16250
10781 16798 11200
9966 12439 18028
9787 16881 14268
9415 16229 15518
12797 14217 14228
12794 13188 15122
12783 13885 14700
12547 13994 15097
12517 14404 14938
11785 15648 14176
11420 12654 17236
11228 15605 15236
11061 13033 17261
10693 16192 14821
9569 17208 12193
9566 13608 17729
9345 13645 17723
13326 14034 12853
12962 14334 13696
12823 13327 15076
12756 15112 12432
12729 14694 13810
12396 15389 13350
12325 13040 16302
11697 15785 13886
11682 16022 13001
11413 16227 13586
11364 13111 17122
9957 14872 16741
9875 16744 14558
9667 15613 16092
10009 15404 16518
9226 14868 16879
12283 14114 15662
12052 14803 15066
11965 14987 15039
11688 16219 12327
11344 13528 17030
11218 12997 17162
11148 12513 17341
10742 16384 14245
9982 17062 12444
13591 14230 11245
12314 14838 14562
12222 14946 14473
11860 15487 14507
10881 13752 17092
10608 16303 14458
9573 15802 15934
9532 16337 15192
14020 12218 11992
13865 11862 13296
13298 13554 13570
12615 13921 15170
12578 14014 15071
11570 14709 16096
11509 12502 17288
11154 16345 13761
11146 13614 17089
10971 13014 17360
10746 15054 16166
10206 16027 15578
9497 12363 18209
9450 12450 18093
14051 12327 10956
13430 14059 12695
13252 12110 14609
12883 14186 14246
12784 15063 12025
12715 14955 12885
12763 14169 14639
12544 13341 15754
12267 14140 15473
12028 16101 12060
11881 16121 11551
11566 14129 16421
11170 14483 16416
10398 15983 15203
8893 15107 16826
13777 12541 13124
12597 14111 15013
12468 15211 13713
12353 13290 16277
12147 14178 15711
11932 12650 16919
11088 12925 17284
10413 14788 16766
9803 15877 15796
9763 14699 17021
9673 14822 16962
9482 16354 15175
13809 12954 12661
13613 12527 13804
13412 13644 13188
13448 12860 14112
12770 15265 11856
12515 13018 16107
12484 15133 13475
12387 13703 15953
12349 13767 15930
11914 14837 15362
11038 16227 14301
10970 13600 17144
10938 16304 14236
10917 15298 15999
9382 17068 13416
13492 13420 13148
13406 12328 14223
13362 11787 14334
13225 13612 13906
12540 14972 13623
12129 14071 15983
11972 14341 15763
11958 14009 16235
11593 16084 13330
11583 15172 15424
11417 12848 17248
11382 15409 15192
11349 14618 16274
11302 14705 16158
11097 15861 14678
11058 13227 17273
10998 15950 14795
10996 15699 15287
10759 15265 16033
10449 16367 14551
9725 13873 17490
9682 13326 17872
9160 16953 14046
9139 15947 15809
13660 12141 13684
13386 13581 13511
12581 15200 12747
12359 14610 14805
12448 14873 14393
12380 14349 15229
12269 14938 14458
12158 15299 14143
11967 13580 16372
11964 15504 14361
11107 11785 17582
10349 16302 14777
10192 16572 14557
10115 16333 14911
9095 14699 17160
13341 12557 14239
13305 14044 12771
13303 14234 12394
12776 13737 15134
12753 15024 12757
12713 15302 11823
12519 15507 12041
12341 14807 14566
11929 14155 16136
11371 15397 15237
10054 13796 17454
9918 13618 17568
9843 17078 12570
9719 12785 18000
9625 15652 16104
8142 13858 17883
13897 13170 11536
13172 13527 14133
12557 14608 14223
12518 14315 14933
12302 13430 16027
12069 15363 14092
11724 15740 14026
10806 15178 16149
10649 15448 15929
9139 13886 17747
13540 13159 13246
13489 12003 14155
13320 14088 12723
13184 14294 12994
13060 14421 13039
12615 14518 14261
12598 15180 12717
11893 16011 13004
11737 15332 14885
11699 16176 10612
11690 15419 14769
11580 15602 14665
11444 15797 14270
11117 13457 17094
10764 12240 17631
10256 12970 17691
9946 16868 13892
9563 12917 18003
9023 15538 16541
9004 16093 15789
8955 13354 17949
8946 14844 16952
8796 15501 16589
13803 13547 10811
13622 13800 11929
12603 13597 15435
12338 14902 14421
12005 15597 13961
11835 13044 16682
11462 16292 13360
11291 16230 13612
10956 14228 16891
10948 12772 17429
10909 14315 16775
10886 13744 17070
10799 14498 16671
10012 16904 13445
9559 15732 15963
9308 15137 16815
9049 12999 18142
13660 12123 13774
12865 14728 13459
12554 15047 13448
12248 14847 14638
11945 15285 14649
11774 15223 14901
11382 15504 15079
10936 15755 15101
10182 13964 17295
8351 14064 17683
13654 12872 13210
13531 12535 14044
13491 13093 13668
13469 12072 14297
12798 14252 14223
12571 14400 14706
12400 14338 14958
12270 15771 11623
11971 14858 15085
11673 14844 15771
11508 16332 11523
11121 16010 14554
9295 15101 16816
9250 12709 18181
13289 13975 13274
13105 14146 13544
12851 12937 15348
12715 14905 13106
12277 15160 14236
12177 14216 15665
11890 15631 14158
11666 15371 14882
11584 16327 11877
11490 15663 14885
10554 14434 16877
10406 14401 16909
10366 14875 16650
10256 15058 16546
10135 15564 16054
9776 15730 15956
9619 16000 15736
8746 13634 17929
8345 12976 18193
13459 13218 13572
13208 14438 12534
13149 13291 14698
12726 13391 15266
12578 14700 14112
11783 16156 12136
11309 15685 14741
11106 12980 17263
10897 15509 15458
9834 15447 16480
9826 16993 13439
9467 16439 15206
12515 14703 14159
12298 14979 14324
12402 15175 14160
12206 14319 15624
11975 13997 16205
11925 15771 13588
11736 15738 13960
11428 15418 14960
11409 14084 16578
11405 15603 14933
10887 16114 14749
10730 16344 14455
10680 14042 17053
10628 13798 17183
9683 15773 15906
9456 15736 15954
9410 15982 15794
9166 15342 16580
13712 13348 12424
13675 13832 11610
13225 14522 12118
12953 14765 12669
12863 14594 13504
12363 14505 15095
11734 15720 14111
11204 16310 13790
11170 13194 17220
10945 15234 16026
10543 13419 17411
10381 16864 13159
10300 16186 15001
9743 13928 17469
9296 12653 18170
9162 13973 17622
13965 11776 12914
12563 14428 14727
12159 14869 14893
12147 15731 12886
12039 14852 15286
11767 13839 16460
11468 14013 16615
11280 14454 16388
11170 15989 14533
11013 16259 14313
10859 14622 16654
10812 14709 16538
10831 12918 17464
10674 12954 17563
10453 15681 15606
10332 17003 11268
10193 14256 17154
10159 14747 16881
9800 15609 16142
8951 16970 13858
8287 14417 17353
13542 12893 13504
13232 12966 14630
12954 14725 12702
12778 13755 14983
12578 13754 15430
12393 12954 16517
11968 14818 15416
11761 14588 15896
11590 14526 16148
11402 14967 15921
10352 16541 14270
10280 15281 16368
10137 14602 16928
10094 14055 17310
9702 16576 14937
13928 12740 12220
12661 13219 15593
12619 14007 14914
12551 15006 13463
11924 14885 15269
11912 15040 14930
11292 16224 13622
11048 16275 14208
11027 15269 15971
10608 12980 17530
10552 15137 16264
10382 16917 12357
10374 14204 17245
9665 14720 17121
9492 17039 13388
9375 15548 16380
9203 15784 15997
9198 15495 16579
8799 14053 17579
13563 13843 12284
13272 14331 12204
12810 13184 15264
12456 15440 12858
12227 15218 14122
12038 15185 14494
11768 14902 15569
11721 14989 15453
11650 15433 14774
11611 15172 15349
11551 12948 17058
11546 16290 12583
10977 15956 14789
10700 16496 13958
10466 14525 16892
10209 16830 13374
10150 16138 15210
9758 13150 17873
9734 15689 16001
9144 17260 13138
9017 15592 16411
7981 14605 17316
12888 14075 14546
12036 15167 14645
12025 14114 16121
11879 15437 14425
11854 14052 16373
11425 15378 15291
11373 16203 13600
11268 15648 15071
11189 15561 15283
10990 11719 17602
10757 12629 17495
10732 13777 17165
10639 14090 17042
10582 13300 17523
10534 13974 17134
10105 13869 17338
10070 16217 15159
9660 15147 16654
9381 12728 18094
13273 14291 12237
13006 13479 14589
12854 15076 11535
12443 14212 15170
11381 15445 15144
10908 15813 15099
10705 16550 13829
10448 15938 15305
9522 16908 13825
9351 15856 15904
9328 16455 15332
8727 14892 16960
8572 14155 17505
8500 14855 17008
14043 12415 11555
13877 12455 12742
13388 12877 14235
13109 14041 13834
13095 13303 14669
12859 13412 15066
12837 13800 14710
12815 13428 15112
12632 12164 15978
12598 14511 14311
12546 13994 15263
12252 14161 15693
12179 15334 14064
12117 12768 16679
11434 16138 13708
11368 14198 16513
11042 15423 15571
10892 15508 15459
10820 14038 17133
10226 17027 11715
9375 16930 13925
9215 13710 17748
13882 13409 11819
13753 12495 13342
12499 15120 13534
12403 13755 15698
12180 14608 15317
12009 14546 15569
11994 13313 16570
11937 13490 16557
11697 14941 15566
11596 13676 16692
10298 16133 15010
10229 16539 14498
10096 14650 16917
10086 16130 15221
10039 13860 17398
9446 12851 18023
9412 17081 13279
9287 17067 13635
9012 14491 17234
8802 17325 12702
8190 14811 17116
12532 13239 15883
11758 14997 15251
10980 13808 17022
10592 15737 15483
10542 15237 16183
10056 14607 17082
9742 15669 16052
9585 15939 15832
9498 15029 16838
9480 17020 13538
9341 15299 16618
9289 13074 18054
8643 14762 17072
13831 13134 11983
13489 12615 13907
13369 13029 14078
12957 14660 12959
12393 14360 14989
11793 15624 14159
11775 14256 16293
11728 14343 16177
11573 15513 14862
11570 14066 16405
11046 15726 15073
10669 16369 14269
10647 12174 17651
10113 13224 17704
9189 15738 16088
8804 15387 16590
13706 13402 12294
13474 13123 13693
13352 12006 14317
13192 13716 13766
13178 12978 14601
12941 14077 14304
12894 14164 14188
12770 14015 14556
12705 15246 12544
12683 13988 14868
11992 14296 15798
11814 14032 16401
11677 16122 13063
11724 12378 17296
11430 15809 14299
11145 12782 17280
11018 16627 12069
10919 14088 16958
10762 14358 16738
10628 15638 15644
10534 12255 17642
10240 16348 14835
9864 16796 14158
9335 14765 17056
9178 15035 16836
8136 15282 16690
13318 14641 10435
13294 12961 14269
13284 14225 12656
12791 14469 14309
12772 14128 14324
12543 13614 15558
11080 14713 16476
10994 14322 16635
10923 14983 16256
10605 14581 16769
10437 14368 16897
10402 16812 13503
10275 16895 12553
10208 14160 17246
9886 15701 15928
9729 15971 15708
9652 15876 15835
9556 14756 16982
9101 14339 17286
13459 12309 14190
13173 13854 13613
12923 14267 14147
12754 14984 12790
12331 14100 15402
12165 15687 12724
12146 13300 16489
12065 15187 14434
11913 16000 12733
11467 16181 13660
11342 16335 13026
10619 16386 14252
10547 15904 15355
10273 15954 15287
10188 16070 15257
10071 17039 12410
9707 15235 16638
9690 14671 17062
9550 15505 16418
9447 13282 17888
9377 15157 16709
8707 15781 16353
8336 15988 15889
8283 14891 17023
13276 14226 12494
12998 13697 14432
12841 13174 15241
12773 14966 12761
12622 14490 14406
12533 15347 12637
12387 13963 15594
12187 13962 16041
12162 15806 12419
12140 14049 15925
12005 14609 15585
11846 16156 11121
11834 14547 15837
11828 14341 16066
11677 14817 15617
11427 15904 14154
10365 16326 14685
10202 13072 17756
10190 16813 13682
9739 16367 15106
9349 15279 16669
9192 15549 16449
8806 17367 12257
13491 13460 13115
13471 12552 14167
13315 12173 14454
12722 14719 13620
12617 14502 14416
12417 14501 14863
12360 15260 13654
11838 15444 14582
11499 14070 16455
11181 12938 17171
11116 13824 16920
10991 14100 16881
10634 16230 14787
10478 15590 15853
10422 16227 14998
10326 16728 14043
10062 15141 16644
9605 15150 16667
9372 15734 16011
9044 14278 17448
8913 16961 13934
7838 13454 18117
13594 13752 12105
13569 11986 13915
13342 13546 13834
13110 14035 13844
12881 13393 15069
12531 14604 14414
12514 14704 14191
11941 15736 13572
11622 16247 12599
11395 14067 16673
11090 15439 15367
11062 13384 17121
10986 14335 16607
10951 15687 15311
10933 15709 15147
10869 12596 17442
10780 15625 15563
10644 15690 15389
10623 15895 15343
10521 15240 16193
10246 16211 15025
10136 13098 17723
9910 15580 16114
9905 14128 17426
9604 16945 13713
9371 12650 18153
9059 14579 17218
8904 13842 17763
8902 14849 16998
8747 14112 17543
8546 15156 16835
13913 11213 13045
12908 12488 15381
12767 13913 14620
12766 14078 14572
12403 15628 12016
12340 14553 14937
11750 14385 16071
11670 15702 14407
11579 14323 16323
11473 14460 16168
11065 16220 14140
11007 15677 15229
10922 15793 15199
10672 16215 14622
10463 16906 12361
10339 16334 14698
10170 13879 17311
10136 14505 16950
10118 13635 17441
9899 14877 16862
9737 15951 15759
9659 13632 17631
