45 3
16684
889 390 769 860
834 659 760 438
744 342 275 793
543 663 147 459
933 28 227 968
907 278 412 808
903 67 646 49
603 563 669 539
871 506 19 822
620 973 14 732
689 206 327 674
572 323 613 623
815 783 316 551
658 460 560 531
901 889 254 272
874 386 852 906
630 639 21 428
948 66 629 602
937 991 335 279
627 792 804 658
860 351 99 877
621 255 403 507
635 681 37 613
530 641 83 746
918 456 365 725
824 491 494 321
830 450 325 939
595 262 484 920
569 302 488 67
896 829 152 827
545 388 541 635
735 732 293 870
652 88 563 149
712 276 954 250
725 332 148 626
955 784 254 96
643 572 744 616
657 253 269 807
524 134 900 706
942 502 974 821
789 52 185 892
689 151 490 604
855 258 452 974
596 871 975 236
574 520 836 373
1976
13489 12823 15277
13174 13636 14432
12967 12284 16642
12926 13492 15288
12737 13841 14799
12422 14232 14152
12599 14066 14499
12644 12528 16622
12239 13445 16259
12004 13958 15494
12022 11358 17362
11741 13194 16511
12082 11634 17204
11761 13392 16309
11714 14615 13916
11928 11492 17422
11562 12243 17137
11671 11219 17499
11688 13705 16240
11155 13497 16642
11041 14560 15245
10466 15026 14289
15147 10253 13071
14799 11387 13748
14703 11689 14718
14591 11484 14757
14204 12204 15306
14002 13242 13376
13680 11428 15937
13693 13300 14256
13512 11597 16125
13264 12030 16277
13085 12569 16380
12523 14289 13510
12578 13207 16079
12391 14047 14771
12388 13664 15787
12309 13833 15615
12037 11953 17076
11788 12470 17053
11939 14501 14604
11545 14004 16009
11618 13078 16664
11249 14712 14412
11244 10893 17609
11580 12133 17291
11033 9742 17823
10877 14393 15893
15110 10221 13358
15091 10559 13188
14953 11254 13036
14857 11093 13643
14030 12833 14617
13452 11321 16283
13285 12616 15831
13247 12752 15832
13108 13254 15823
12962 13747 14624
13087 12703 16080
12682 13620 15717
12311 12264 16950
12417 14351 13789
12121 14382 13987
12177 11278 17307
12029 14537 13850
11983 14303 14819
11932 10537 17423
11643 14299 15102
11667 13312 16440
11724 14274 15517
11296 14654 14545
11108 15052 12934
10963 14341 15903
11210 13334 16712
10877 14536 15320
10723 13615 16621
10562 9922 17926
14864 11025 14016
14823 10856 14634
14345 12479 13280
14529 12318 14029
14511 11816 14753
14260 12327 14451
14145 12700 14108
13997 11913 15582
13733 13087 14982
13601 11603 16111
13267 13666 14150
13307 13453 14876
12768 12084 16735
12659 12935 16274
12218 12894 16516
12193 13609 15983
12002 13824 15794
11323 14821 13852
11131 14948 13887
11414 14637 15027
10756 14714 14819
10852 10084 17801
10758 14848 14519
10247 15036 14610
9793 15045 14703
14848 11335 13280
14808 11331 14133
14438 10743 15141
14323 11988 14751
13704 12637 15075
13400 13096 15370
13185 12538 15962
13174 12575 16366
13045 11375 16702
12932 11828 16764
12523 11675 16962
12485 14033 14935
12173 14277 14504
12091 13830 15780
12336 11867 17061
12129 13746 15998
11507 12406 17067
11161 14779 14691
10492 14916 14707
10296 15267 13630
10842 11758 17505
10567 14526 15620
9693 15414 13394
10082 15330 13952
11525 12296 17221
11050 12586 17282
13116 13668 14687
12238 12537 16726
12103 13497 16140
11606 14510 14992
11647 14679 14374
11761 13074 16731
11197 13502 16440
11422 14167 15711
11317 11468 17444
10712 14687 15235
10894 11252 17564
11003 10959 17745
10362 10321 17853
10880 13194 16893
10525 10906 17795
14985 10969 13993
14319 12071 14797
14051 11463 15690
13084 11492 16540
12738 14250 13837
12610 10972 17061
12455 11052 17116
12293 12374 16796
11858 13097 16629
11594 14080 15842
11736 13789 16198
11193 11897 17368
11208 13876 16154
11153 14039 16084
10799 15017 13901
10793 12010 17414
10269 15100 14323
10870 11294 17640
15150 9597 13401
15105 10136 13909
14208 11249 15307
14090 12935 14062
13820 12586 15385
13644 13081 14996
12915 13662 15064
12492 14104 14129
12580 12665 16637
12342 13828 15511
12365 14135 14710
11851 14624 13470
11830 13911 15663
11681 13952 16128
12015 12676 16901
11355 12904 16832
11010 14426 15463
11379 13635 16313
10924 14478 15453
11089 14176 16099
10964 10289 17762
10814 13873 16350
14744 11858 14100
14231 12664 12670
13555 12144 15820
13539 13477 13783
13341 13296 15170
13149 13423 15205
12887 11269 16790
12431 13834 15497
12344 13962 15211
12169 12818 16683
11302 14258 15612
11372 11305 17514
10948 14676 14866
10078 15212 14350
10047 14757 15347
14496 11398 14994
14179 10913 15349
13753 13402 13701
13818 12452 15685
13360 13309 14644
13311 13090 15384
13114 13534 14987
12831 12336 16523
12384 14194 14420
11831 13701 16307
11183 14843 14404
10984 13107 16796
10709 14629 15259
10063 15225 14283
10263 10008 17941
15030 10430 13485
14904 11035 13776
13844 11172 15966
13234 11230 16501
12470 13657 15668
12270 10925 17210
12075 14447 14180
12057 14265 15129
11733 12633 16983
10488 15090 14002
10630 15275 12689
10323 15092 14447
15196 10201 12603
14090 12389 14696
13803 11896 15842
13579 13481 12930
13633 12504 15453
13402 11403 16204
12924 13345 15499
12891 13888 14729
12901 12963 16099
12677 12825 16428
12885 13972 14551
11892 14559 14471
11842 14405 14833
11287 14271 15545
11438 13520 16400
10798 14957 14275
11042 14234 15966
10262 11310 17728
14245 12373 14688
12543 13834 15134
12716 14186 14124
12286 13148 16172
12195 13743 15683
12184 14309 14442
12036 13050 16546
11776 14007 15664
11027 14966 13642
10916 14721 14800
13501 11967 16040
12816 13432 15593
12610 12859 16441
12680 13486 16017
12007 14111 15491
11730 14171 15388
10926 14612 15153
10671 14519 15673
10041 15161 14570
13401 11977 16185
12777 11908 16819
11515 13810 16205
11253 12804 16897
10629 15258 13242
13689 10656 16105
13318 11580 16385
13204 10936 16564
13135 10836 16638
12678 11595 16907
12532 13975 15068
12552 13981 14939
12084 14360 14177
12027 11797 17134
11355 14702 14255
10956 12666 17048
10849 12835 17008
10374 15152 14182
14506 10371 14989
14192 12785 13668
14012 12331 15341
11547 14138 15709
11313 13056 16754
14707 10734 14719
13831 12417 15204
13503 13757 13964
13038 12627 16247
12759 10857 16885
12044 10742 17384
11107 10872 17648
13628 12713 15420
12844 13803 15169
12557 13514 15804
10371 14708 15301
10539 14858 14840
10724 12371 17362
14386 11204 15073
14320 11454 15268
11830 12793 16774
11454 10745 17569
10763 14828 14679
13912 12382 15076
11462 13478 16324
10626 15044 14144
14674 11964 12591
14634 11960 13444
13646 13215 14696
13462 13588 14582
12500 11611 17090
11429 14374 15184
10749 14738 15015
9913 15588 12740
13471 12321 16001
13407 12617 15713
12589 13670 15410
11531 14840 13580
10966 14867 14247
10963 14663 14933
10734 14751 14948
11829 14560 13757
11940 14644 13158
11636 12968 16818
11154 12499 17185
10105 15411 13112
13887 11719 15661
13163 11660 16440
12791 12769 16178
12182 14175 14742
11138 14395 15359
10989 14845 14248
10370 15034 14580
10418 14650 15434
9642 15391 13713
9578 15428 13469
14906 11169 13476
13912 12548 14879
12770 13596 15317
12048 13660 16070
11107 15035 13487
13327 13768 13595
11616 14144 15555
10347 15290 13311
13124 13930 14076
12259 14062 14782
11650 12760 16867
11255 14485 15163
10440 14714 15147
10411 15203 13962
13757 12944 14450
13620 11152 16095
12932 14057 14111
12825 14095 13741
12368 14275 13956
12225 14490 13584
11128 12698 16984
11029 15100 13342
10535 14571 15554
10253 14944 14776
14417 12113 14068
13597 13139 14863
10159 14925 15095
10291 12018 17486
14270 11800 15171
12154 13031 16531
12068 13145 16337
11289 14740 14209
10607 15194 13529
11102 12080 17341
13799 13238 13977
13295 12722 15808
13192 13077 15642
12460 14362 13055
11864 14831 13192
13850 13261 13658
13669 12234 15752
13533 11394 16183
12354 14424 13334
12199 13984 15456
11783 11720 17219
12013 11995 17152
10821 15081 13614
10497 13388 16705
13736 10402 16057
12295 13886 15378
12240 14049 15308
11005 13658 16539
10499 9183 17987
10417 14807 15029
13933 10625 15807
13503 13479 14622
11960 14169 15358
11522 14438 15083
11532 14900 13206
10303 15324 12863
10104 15394 13665
15132 10728 12570
14306 12600 14278
12985 12786 15918
12900 10138 16875
13001 13292 15453
11952 14724 12870
9365 15558 12831
14232 12572 14394
12367 14269 14410
12271 14181 14728
11274 13355 16640
10268 14588 15501
14113 11163 15544
12017 14469 14084
11569 14523 14643
10571 11380 17655
15258 10199 12769
12377 13123 16164
12177 14122 14853
9884 14892 15164
12193 14211 14705
11600 14737 14241
10751 14641 15046
9460 15372 14047
14196 12702 13622
12514 11851 16878
12441 12133 16909
12059 13119 16422
11929 14559 13615
11480 13368 16478
10706 10564 17817
11104 13963 16251
14811 11598 13304
12879 13550 15155
11733 14568 14048
13793 13189 14427
13332 11059 16388
12712 12782 16278
12263 12180 16992
11961 12240 16997
12256 12427 16880
11914 14551 13925
11267 14129 16016
13249 12886 15532
11491 10490 17569
10112 9133 17997
15211 9726 13104
13130 13970 13862
13075 13711 14816
12679 11072 16987
11611 13325 16552
11547 9852 17595
12956 11369 16716
9887 10611 17914
12764 13309 15836
11973 13907 15730
11804 12902 16649
11347 14869 13467
11004 14510 15285
10206 14867 15228
11629 12209 17124
13534 12899 15097
13012 10343 16836
11637 14737 13385
13719 11888 15849
13170 13766 14352
13961 13073 13994
13236 13337 15044
12584 11434 16909
10529 14967 14487
13601 12770 15096
11410 12741 16902
11895 10325 17453
11102 14423 15358
10586 9880 17850
14967 11724 12366
14836 10309 14289
14231 10452 15417
12165 13780 15695
11007 15036 13629
11315 11700 17425
14143 12566 14408
13649 11544 16033
13204 13644 14287
12651 13906 14555
11654 12818 16817
14927 11720 13219
13865 11596 15696
12653 12352 16706
11563 13241 16594
11285 14137 15845
14086 11366 15423
13354 13260 15094
10386 14352 16026
14002 12964 14034
11391 14264 15598
11631 14789 13845
13163 13475 14905
12137 13666 16056
11879 12728 16782
11004 12750 17006
13435 12646 15497
12555 13022 16371
11668 11607 17307
13111 11289 16661
11719 14670 13577
10031 15270 14217
13160 13928 13237
11228 13184 16711
11152 12509 17119
13867 12671 14945
13003 10519 16752
12612 12993 16141
12214 14446 13886
11559 14568 14859
10390 9890 17990
9601 15222 14331
14569 12322 13176
13077 13845 14516
10586 14935 14388
9779 13777 16480
10039 15027 14870
10603 15076 13927
13793 12643 15061
12729 13705 15277
10929 13270 16726
11019 13549 16523
9891 15524 13027
12482 10560 17156
12866 13586 15231
11785 13865 16031
11366 10194 17573
10967 14781 14535
12987 11733 16548
12210 13843 15522
12237 11554 17149
10950 13821 16469
13016 11651 16583
12868 14106 13007
12808 12272 16651
12152 10224 17315
12782 13199 15990
12398 14246 14120
12250 14511 13431
11111 14240 15812
13209 13311 15181
12778 14010 14181
11926 13965 15597
12667 13213 16065
12504 14223 14075
13218 13447 14890
13264 13148 15251
12983 12790 16177
12896 11093 16874
11683 14086 15828
12114 12981 16613
15136 10645 12524
13521 10772 16305
12376 14488 13047
10548 12922 17096
9179 15458 13617
12971 13602 14940
12363 13001 16372
10621 12609 17165
10364 11705 17555
12972 13328 15564
12240 14153 14838
12039 14533 13797
12187 12708 16837
11521 10122 17718
12752 14184 13285
12491 11787 17006
12164 13692 15919
11255 14316 15479
10779 12208 17432
15031 11003 13109
14130 12939 13209
13697 12842 15005
13286 10074 16542
11089 14319 15526
15217 9766 12890
11949 13355 16358
15095 10476 13142
13960 12489 14801
13333 12136 16228
12390 13769 15645
14484 12420 13298
12459 12014 16808
15097 10599 12974
14279 10124 15341
9882 15051 14689
14395 10246 15256
13283 12482 16131
11725 14647 13854
10108 10088 17996
14326 11648 14994
12005 14367 14532
12640 11672 16830
12381 12891 16526
12241 13579 15959
13162 13387 15129
12469 14048 14613
14438 11976 14615
13201 11819 16342
12837 14175 13453
12703 10619 16964
12332 12984 16448
12131 13880 15698
13411 11227 16288
13309 11202 16412
12047 14606 13528
11849 14184 15130
13706 13317 14141
11826 11139 17444
14459 11974 14213
13526 12796 15258
13311 13606 14657
12766 13443 15536
11054 13734 16372
14195 10301 15522
13350 10480 16463
12781 13543 15375
14629 12066 11860
14662 10359 14791
13389 10455 16419
12211 13499 16137
13392 12818 15579
12739 10020 16971
12335 12458 16695
11469 14606 14393
11281 14667 14478
14366 12156 14357
13230 13868 13797
12735 13467 15721
11061 12852 16915
10849 14980 13956
10754 14699 15022
11722 14728 13553
11661 14347 15062
14209 11887 14951
12632 13840 15120
14573 12239 13130
10822 15005 13890
10584 14790 14814
14163 10874 15379
11985 13212 16402
11333 13450 16559
11007 10004 17746
13817 11375 15845
12209 14342 14049
10518 14450 15787
15202 10241 12389
15034 10347 13439
13505 12969 15040
12619 14026 14333
11802 14099 15570
11272 14996 12988
13488 10835 16209
12666 12305 16532
11675 10264 17500
8799 15609 12686
15090 10611 13408
12608 11276 16944
12132 12871 16767
10796 14823 14575
13109 13111 15442
12776 12499 16453
10730 14233 15993
10673 13386 16742
9823 15443 13181
9482 11214 17750
11879 14390 14916
15161 10072 13007
14147 12887 12937
12478 11994 16834
12116 13115 16313
11830 13151 16507
11316 14348 15276
10940 15142 12962
10561 14922 14553
13600 10650 16119
12763 9902 16886
12439 14415 13502
11746 14319 14923
14422 10548 15170
13919 11146 15804
12526 14287 13788
11806 12320 17052
14072 11887 15420
11700 14664 13840
11119 10209 17707
10697 12997 16978
10939 15125 13515
10753 14856 14617
13564 11968 15904
12401 13675 15536
12086 13035 16491
11389 14130 15898
11210 14384 15505
14993 11041 13762
10988 14931 13960
10566 15025 14147
15230 9388 13274
13060 11931 16545
11135 14418 15254
14149 12617 14062
13026 13439 15010
12485 14118 14406
12663 10668 17082
9748 14944 15045
15095 11308 12580
12192 13503 16126
10886 14889 14187
10228 14931 14941
14600 12256 12966
12190 13106 16337
11779 13282 16463
15151 10170 13025
14575 11289 14786
13542 13302 14793
12928 13626 14988
12320 10882 17160
12264 10429 17276
12304 10478 17255
12390 12295 16765
11144 14013 16169
10759 14772 14795
14148 11029 15445
13874 10771 15876
12597 12586 16489
11786 14612 13850
10047 14599 15537
14161 12873 12999
13878 9816 15877
15074 10757 12837
13007 10436 16706
14533 12235 13983
13318 12611 15727
12106 14424 13890
11306 9918 17731
11194 14806 14000
13563 13859 13409
14110 12624 14490
12829 13396 15517
11861 12157 17122
14697 11906 13390
13522 13690 14027
12913 12656 16249
12121 13387 16294
11238 14195 15712
10816 10155 17783
13119 13217 15419
10918 14866 14374
14616 10565 14910
13704 13183 14441
11794 9449 17555
13674 11513 15921
12869 13508 15429
12638 13889 14670
12066 13550 16224
11324 14322 15325
10053 10251 17926
9621 15132 14572
12213 13633 15837
10596 14603 15351
10603 12759 17166
12378 14128 14476
13273 11205 16457
12016 12077 17067
11520 14304 15383
10845 14720 14805
9556 15364 13756
14010 10133 15763
12749 10286 16895
12354 12438 16721
11588 14307 15091
13642 13408 13385
13587 10368 16170
13377 12411 15927
11824 12891 16712
11483 12448 17143
12913 13528 15364
11299 14858 13859
10162 12789 17137
14815 11515 13258
13686 12135 15799
13168 13356 15268
11703 14016 15841
11787 10469 17461
11398 12576 17100
11063 11235 17587
10516 11543 17585
12882 12174 16667
12744 13977 14357
12777 14073 14008
12381 14063 14770
12406 14319 13851
11325 14805 13754
10415 15278 13385
13482 10102 16322
12704 12221 16750
9545 15297 14485
14782 9526 14707
13072 10619 16678
12272 14575 13144
12206 14373 14155
11660 13401 16385
10908 14953 13900
10775 14920 14330
12664 12488 16456
11554 14964 12919
10517 15049 13970
9997 10877 17862
14524 12424 12445
14275 11079 15340
13171 13505 14757
11966 14610 13395
13067 13592 14854
12918 13727 14689
12191 14077 15005
11199 14909 13594
13371 13192 14829
12785 14146 13739
12052 13178 16389
12444 14296 13865
12317 10069 17221
12723 13760 15257
12302 14406 13948
11099 12662 17115
10204 14725 15516
14283 10041 15295
13231 13607 14202
13176 13770 14132
12919 14129 12688
10213 10354 17844
13942 12862 14589
12399 13541 15836
12360 12340 16783
12265 9808 17272
11705 14150 15541
11247 13735 16211
11136 14261 15659
12845 14248 13184
11206 14409 15330
10472 15066 14075
14012 10793 15707
11099 13020 16848
10984 13265 16739
14232 12602 12215
12403 14127 14483
10096 14262 16125
14390 11121 15027
12431 9714 17274
11924 13831 15897
11438 14349 15158
9336 10871 17895
9281 11034 17825
15149 10542 12230
13764 11226 15859
12579 13965 14869
11798 10419 17447
11308 14760 14122
11197 10472 17646
11162 13863 16168
11122 14660 14908
10660 14553 15426
10443 14989 14344
12952 14017 13945
12755 14009 14295
12141 12872 16561
11995 13773 15917
11208 14543 15030
10964 11561 17562
10606 15134 13903
15146 10305 13291
14500 10443 14995
13574 11930 15838
13439 12903 15139
13107 12663 15914
13061 11635 16564
11939 14584 13532
9169 15567 13264
13602 13404 14238
12236 12784 16670
11667 10104 17557
11221 14973 13307
10553 14898 14575
14528 12341 12399
13290 11825 16328
12567 13967 14596
12444 9269 17169
12182 11717 17079
11413 14328 15311
10839 14804 14627
13994 9938 15792
12587 13812 15138
12482 14426 12768
11232 14448 15218
14100 12802 13377
10402 14820 14962
14407 12325 13739
12508 13080 16238
12046 11777 17160
11738 13923 15898
10145 11746 17549
13657 13241 14308
11996 12923 16648
11876 13747 15939
11277 14380 15192
11100 14289 15658
10585 14875 14762
13271 13882 13290
12554 14003 14672
12122 11441 17237
11225 14267 15645
10473 13430 16781
15101 10516 12928
14138 10905 15491
14042 12968 13181
13861 12755 14767
12729 10264 16947
12356 10739 17204
10506 13212 16789
9755 13819 16556
13178 12216 16283
13204 11754 16435
12422 14106 14480
12413 14105 14686
14875 10322 14080
13562 10933 16128
11930 13375 16332
11770 14221 15306
10514 14980 14420
10529 10212 17892
9881 8612 18084
9578 10541 17987
9218 15543 13441
14984 11188 12826
10740 12719 17009
14136 12771 14338
14041 12787 14205
13882 9733 15831
12893 11158 16781
11281 11709 17345
14370 12073 14311
14090 11283 15377
12423 12674 16555
11205 10223 17626
9700 8954 18062
15156 9637 13187
14711 10651 14673
13623 13415 13488
13608 10002 16125
12356 13918 15175
12201 11697 17105
11792 13993 15593
11414 11374 17450
11385 10174 17599
10918 14562 15275
10572 12533 17332
9409 15349 14366
14328 12523 12627
13880 12966 14172
12908 14060 12874
12483 9939 17152
11321 14922 13572
10797 14199 15980
10049 14741 15249
13805 10502 15983
13393 10372 16373
12815 14111 13740
12201 10819 17259
13527 12015 15884
13049 10420 16703
12976 12103 16463
12246 13573 15821
11469 14474 15097
10048 9270 18012
10041 11833 17646
13025 11475 16667
12358 13143 16138
12398 10235 17216
12067 13039 16480
12049 14537 13221
12034 14278 14798
10692 15082 13913
10370 14865 14896
9757 15080 14691
13524 12652 15483
13269 13691 13968
12204 14239 14455
11807 13929 15744
10804 14997 14061
10816 15230 12704
14666 10276 14745
12712 12572 16414
11823 14662 13810
11552 14830 13219
11172 12707 16917
10724 9672 17896
10035 10401 17927
13169 13515 14691
13228 13421 15090
11253 14182 15779
10800 14941 14177
10749 14881 14442
10189 12979 16990
13927 12336 14839
13017 13438 15216
12927 13618 15028
12316 13059 16239
12261 13222 16169
11300 14784 13907
10486 11508 17612
10431 11671 17542
10183 15346 13257
10137 15167 14022
10005 14004 16396
10232 14210 16244
15072 10623 13137
14509 9618 15175
12157 14154 14895
12088 14148 15049
12139 12232 17014
11747 14711 13567
11368 12893 16824
11706 13237 16661
11281 13973 16012
11255 12580 17033
10251 14810 15076
14543 12102 13298
13754 13340 13246
13366 10852 16360
11213 13732 16212
10564 14891 14447
10364 13316 16815
9696 9909 18061
14589 10768 14789
13181 13643 14401
12784 13333 15690
12457 14305 13656
12208 11455 17156
11898 9991 17458
10932 14050 16120
10214 14439 15895
14488 12337 13252
14324 11371 15222
14275 11921 14912
12483 13899 15235
11223 14957 13209
11045 14678 14847
10396 15216 13895
10312 15328 12221
10162 13583 16668
12982 14056 13143
12807 11195 16811
12368 14132 14529
12321 13961 15325
11966 12423 16970
15215 9863 12773
13491 12281 15835
12401 13628 15711
11283 13021 16781
10731 14773 14788
10096 14998 14640
14165 11534 15323
13712 10855 16080
12065 10544 17353
11374 14143 15831
9833 14832 15429
12585 13922 14701
11994 14338 14674
11759 11762 17295
11098 14852 14236
10985 14405 15616
14193 12723 13213
13663 12460 15406
12482 14120 14128
12416 14136 14274
11866 13658 16157
11688 12262 17087
11151 14908 13721
11149 8992 17785
10867 14784 14518
10713 15132 13250
10627 15124 13542
10306 10947 17789
11863 12997 16568
10747 15022 13767
10798 14635 15245
10488 14798 15105
10042 10531 17859
12382 14222 14193
12327 13963 15147
11271 12063 17364
11362 11149 17572
10849 14457 15497
10561 14753 14869
10287 14047 16314
9361 15440 13229
13880 12688 14830
12239 14479 13493
11792 11544 17303
11402 14299 15453
10769 13364 16683
10750 14581 15420
10234 9909 17948
13750 13019 14717
13607 12739 15235
13469 11286 16225
13198 13117 15428
12734 13619 15323
12542 13875 14962
12226 14333 13989
11953 10339 17392
11930 14660 13157
11967 11521 17292
10364 15261 13829
13557 11661 15923
12836 13380 15445
12563 13858 14988
12363 11375 17101
12135 14090 15182
11954 12110 17065
11928 12123 17109
11906 9654 17516
11417 14622 14384
10273 14874 14789
15205 10236 12113
12545 14353 13223
12353 14145 14462
11919 13917 15649
11900 13102 16427
10392 14929 14609
9387 15622 12544
14784 11862 13247
14411 12033 14291
13923 12365 14828
13224 10659 16511
13203 13707 14114
12463 14360 13333
12397 14158 14344
12135 14233 14609
12007 14351 14434
11706 11954 17243
10400 14686 15262
9778 15339 13832
15165 9674 13124
15033 11045 12909
14076 11804 15374
13072 13275 15286
11951 14623 13328
11600 14120 15628
10909 11724 17492
10718 14283 16012
10520 14584 15487
14485 12061 14175
13808 12967 14131
12390 14196 14242
11786 13338 16418
10781 14836 14508
10588 13217 16774
10575 14962 14288
10111 11881 17548
9429 15309 14200
14712 11160 14163
13320 11004 16397
12748 12941 16260
12184 14321 14202
11577 14275 15153
10781 12712 17083
10726 12875 17013
14399 11611 14792
13543 13483 13769
12599 13911 14610
12189 12842 16537
12090 14400 13963
11329 14861 13638
11452 13004 16804
11273 13151 16693
11224 13126 16761
10735 15196 12963
10557 14635 15267
10194 14529 15654
10220 15397 13037
13263 13809 13559
11471 11618 17343
11120 14916 13949
9906 14956 14877
9814 10924 17845
9759 11087 17775
9346 15453 13162
14122 10338 15724
12702 11142 16884
12360 11709 17096
10433 13525 16720
9737 15170 14450
15271 9557 12656
13724 13234 14046
13051 9844 16715
12567 12000 16820
11647 14524 14485
10814 11812 17383
10348 15307 12758
9733 10461 17932
15044 10900 12815
14778 10481 14706
14418 12324 13713
14223 12719 13458
13330 12469 15794
12700 10874 16956
12404 14286 13906
12149 10558 17310
12061 14323 14232
11577 14533 14496
11188 9662 17768
10898 14956 14133
10711 12888 16962
14668 11936 12931
12753 13597 15253
12648 14271 13382
12356 13565 15884
12330 12019 16923
12187 11900 17052
12083 12043 17054
11736 10313 17462
11544 10186 17590
11082 14872 14054
10963 14484 15330
10414 15031 14155
9939 12794 17150
15186 10309 12438
13740 10319 16011
12394 12191 16776
11377 14700 14271
11083 14572 15032
13557 10935 16135
13090 11973 16371
12968 13509 15068
12126 13085 16409
11919 14668 13262
11819 13716 16024
11353 13648 16357
11060 12232 17263
10978 9905 17753
10372 15018 14482
9826 8775 18014
13937 10542 15761
13784 13336 13491
12295 13139 16142
11973 12090 17091
10051 10159 17942
13447 12799 15283
13286 12194 16095
11616 11382 17429
11319 14788 13872
11117 14397 15342
11052 12720 16982
13895 12561 14789
13806 12938 14288
13007 10424 16733
12971 13987 13329
12576 14067 14385
12164 13557 16004
11917 9604 17502
11700 9583 17615
9854 12922 17107
15151 10502 12956
14788 11779 13201
12073 14313 14480
12062 13948 15561
11970 14384 14524
11352 10392 17591
11110 14435 15240
10463 14097 16145
10382 11595 17709
15025 10538 13577
14117 11080 15498
13558 13439 13428
12696 12522 16416
11707 12007 17140
11322 13966 16086
10879 9592 17841
14360 12240 14179
13222 10080 16531
13093 12743 15866
12974 13462 15264
12138 10608 17324
12112 14464 13676
11347 13294 16555
11207 12346 17189
10204 14868 14943
9868 9492 18006
9132 15516 13484
14652 12008 12659
13108 11409 16549
12356 14449 13152
12301 10902 17134
11892 14622 13425
11397 11423 17423
11279 13053 16755
10353 12574 17326
10298 12737 17256
9499 15372 13799
15026 11138 13375
14513 9535 15129
13913 12547 14668
13896 11543 15745
12930 12860 15861
12770 13349 15622
12610 13003 16075
11638 14838 12927
10134 15370 13080
10013 10432 17866
13528 12764 15155
12515 13780 15359
12212 14312 14186
11572 14854 13073
11388 13287 16629
11301 14321 15439
10918 14705 14702
10707 15100 13615
10655 11491 17635
10470 15003 14162
10080 15196 14252
14879 10239 14034
14748 11775 14054
12097 14605 12560
12051 9722 17478
11943 14510 13893
11255 14327 15353
11176 10972 17574
10974 12951 16854
10200 15094 14477
14599 11982 13735
14393 10368 15213
14288 9948 15425
13524 12498 15713
13268 11926 16288
12903 13346 15432
12670 14335 13095
12468 11838 16892
12350 14002 14997
12152 14042 15323
11855 12436 17040
11360 12846 16881
10537 14716 15128
10640 10075 17830
10480 14048 16153
10369 14574 15601
10368 14731 15196
9653 9005 18070
15048 10817 12769
14279 10996 15294
13135 11905 16383
13168 13634 14610
12259 13469 16113
12181 14216 14570
12151 12043 17008
11907 14181 15149
11275 14997 12337
11147 14864 13867
9811 13013 16932
14716 11142 14373
14436 10027 15173
14362 12427 13008
13577 12259 15722
13362 13113 15065
13353 12036 16263
12440 10224 17168
12278 12587 16644
12268 12754 16610
12222 10621 17228
11678 14562 14294
11344 14491 15149
11120 11479 17480
11058 15059 13310
10840 8922 17858
10511 13832 16415
10394 15082 14195
9837 14950 15031
14264 12306 14751
14119 10637 15507
13580 11846 15859
13446 11683 16166
13201 12901 15726
12935 10594 16753
12558 14054 14599
12580 11396 16988
12520 12699 16449
12465 12862 16379
12443 9890 17173
12025 14327 14366
11992 14486 14070
11942 13068 16482
11764 13879 15954
11130 15116 12647
9793 14221 16190
9759 10199 18009
9027 10801 17968
14857 10569 14061
14394 12046 14201
13477 12361 15787
13154 11282 16467
13131 11249 16495
12443 12444 16707
12362 13852 15365
12252 14209 14431
11593 13974 15985
11609 10665 17514
11113 13787 16335
11046 14268 15729
10974 11668 17436
10851 13339 16659
10840 14647 15032
10755 14465 15535
9508 14988 14901
9128 15398 13882
14589 10449 14981
13650 9986 16122
13361 11573 16191
13313 13422 15015
12343 14025 15038
11600 14800 13195
11398 13615 16339
11237 14886 13608
10428 14193 16111
10394 15112 14016
14570 12260 12721
14515 10195 15073
13772 12796 14627
13690 12052 15753
13494 11624 16088
12946 13516 15142
12263 13200 16141
12059 14493 13631
11992 14448 14237
11699 10106 17535
11250 14932 13275
10720 14267 15914
10382 14821 14860
9812 9159 18023
14309 12590 13108
13934 11702 15647
12964 13563 14965
11843 14268 14952
11962 13875 15792
11674 11890 17252
11619 12053 17182
11341 14882 13406
11289 14193 15729
10002 14656 15689
9715 13914 16495
14390 10967 15087
12595 10144 17113
12511 14385 12736
12463 14054 14693
12350 13223 16080
12004 13282 16352
11955 13257 16420
11726 11987 17166
11637 14393 14912
11078 12803 16923
11058 14396 15439
11023 12966 16853
10565 14937 14371
10431 15163 13796
10321 14958 14747
10196 14976 14875
9339 15164 14641
9154 15580 13197
15242 9660 12894
14654 9114 14802
14341 10882 15133
13209 10566 16586
12378 14513 12865
12312 14311 13876
12230 14318 13986
10903 13879 16336
10839 13991 16259
10647 15148 13396
10413 11821 17543
10358 11984 17473
10245 14894 14898
14861 9405 14526
14364 12157 14133
13941 10682 15741
13161 10625 16664
13050 8892 16728
12760 12752 16254
12387 14163 14314
11760 12524 16931
11705 12687 16861
11660 14902 12640
11615 14359 14919
11585 10247 17530
11471 11241 17441
11250 14782 14026
11023 11416 17527
10968 11579 17457
10558 14975 14269
10353 14744 15129
10156 15434 12793
9731 15397 13699
9466 14976 15114
13449 12898 15172
13083 11534 16604
12623 11758 16837
12578 13811 15344
11556 14905 12642
11385 14660 14531
11058 10996 17593
10991 11619 17444
11088 10358 17680
10936 11782 17374
10745 10330 17756
10715 14669 15045
10602 14988 14151
10656 14532 15606
10311 15311 12774
10102 15260 13965
15122 10493 12978
14227 12636 13412
13967 10418 15779
12263 13045 16252
12254 13786 15681
12135 11783 17146
11988 14368 14468
11965 14574 13606
11920 9270 17507
11617 10311 17521
11356 14441 15130
11189 12941 16912
11120 9741 17733
10838 15294 12417
10615 12761 17027
10350 15291 12660
10222 15158 14190
9323 12222 17421
14090 10964 15569
11857 13936 15640
11127 12198 17250
10938 13094 16810
10915 13056 16834
10861 14906 14173
10717 15147 12975
10559 14780 14841
10548 14825 14802
14283 12625 11896
13460 13198 14815
13356 12821 15671
13090 10514 16698
12804 13263 15703
12721 13655 15399
12617 13894 14591
12616 14051 14186
12203 14280 14283
11205 14949 13380
10642 13160 16908
10444 11660 17534
10390 14994 14414
10392 11972 17509
10205 15410 12970
10102 15290 13786
9182 10721 17913
13716 10772 16034
13408 11710 16117
13297 10805 16422
12996 10908 16728
12741 14251 13186
12552 13869 14972
12373 13550 15790
12290 14465 13298
12219 11581 17112
12017 14011 15385
11808 14676 13563
11764 9873 17482
11703 10531 17454
11700 14626 14007
11502 11858 17316
11594 13465 16453
11374 11555 17390
11268 13707 16280
11018 14178 15973
10528 11577 17548
9924 13549 16683
13923 11063 15758
13918 12517 15018
13516 11493 16136
13360 13300 14880
13305 13319 15176
13287 10737 16448
13176 11181 16507
12318 14193 14577
12023 14640 12961
12014 14550 13783
11765 14443 14899
11723 11905 17251
11355 14315 15337
11049 15060 13176
10791 14750 14802
10572 15065 13933
10517 14806 14887
9956 11961 17603
9690 15228 14317
14507 10707 14874
13383 11472 16231
13378 11474 16238
13134 13558 14841
12418 14120 14176
12384 13916 15078
12318 13324 16078
12237 14446 13548
11812 13317 16367
11575 14563 14429
11303 12664 16991
10861 14868 14340
10561 14819 14769
10061 15091 14583
13596 11605 16118
12765 10746 16876
12302 14085 14727
12225 14063 14987
12019 13608 16091
11990 14607 13213
11829 11810 17197
11588 12492 16995
11497 10379 17560
11417 13921 16131
11323 10293 17598
11224 14424 15240
11176 14872 13649
10416 15176 13729
10181 14989 14808
9893 13867 16412
9360 15423 13782
14898 9845 14185
14764 11558 13547
13859 12621 15067
13591 10285 16124
13416 12923 15116
13183 10161 16601
12968 13858 14197
12237 13072 16339
12182 13235 16269
11901 14454 14629
11538 14348 15016
11404 13517 16401
10958 14960 13796
10609 15116 13713
10507 14656 15420
10506 14813 15015
10423 13201 16902
10230 14907 14831
9887 15406 13425
14227 12798 13166
13653 12746 15027
13648 13240 14514
13551 11020 16119
13390 10452 16325
12804 14079 13802
12782 13589 15299
11522 10036 17595
11261 14356 15265
11238 14680 14474
11155 12214 17224
10820 14737 14791
10591 11774 17460
10424 14690 15220
10284 8696 18051
10061 15121 14404
14236 12489 14348
13899 12581 14782
13614 12592 15475
13580 13419 12475
13308 12891 15396
12979 12849 15907
12772 9726 16970
12611 13854 14887
12533 14449 12449
12327 10640 17211
11740 10167 17475
11715 13396 16398
11664 12020 17164
11659 14457 14625
11638 12033 17208
11415 12683 16951
10577 11325 17639
10472 11676 17508
10417 11839 17438
10325 15076 14349
10185 14268 16111
10161 10222 17879
9855 14934 14975
14931 9745 14235
14440 10167 15153
14297 10048 15282
13938 11619 15601
13878 10688 15830
13471 11118 16208
13194 13660 14286
13016 10260 16790
12402 14152 14206
12299 13849 15508
12247 13208 16246
12093 14138 14936
11765 14288 15010
11743 13917 15760
11538 14310 15183
11084 12705 16985
11044 13578 16430
11029 12868 16915
10631 15199 12965
10124 15354 13499
14504 10339 15006
14188 10737 15433
13973 12609 14666
13799 12683 14847
13689 11252 16021
13534 10736 16160
13211 13780 13845
11721 9762 17486
11711 14841 12226
11581 13131 16748
11534 14394 15047
11306 13706 16224
11265 13625 16365
11251 13869 16154
11113 14224 15714
11063 14662 14791
11025 14306 15535
10857 14788 14571
10820 14699 14958
10232 14946 14759
10098 15172 14184
9968 15425 12810
9488 15040 14827
15155 10582 12016
14805 11727 12929
14637 10390 14903
14500 11315 14948
14225 10537 15401
13546 12761 15145
13456 11645 16100
13354 13591 14397
13213 10483 16540
12800 12593 16262
12747 13595 15431
12473 14207 14131
12130 14286 14793
11840 14271 15133
10932 14652 14939
10726 14778 14719
10701 14475 15454
10921 14018 16182
10443 10968 17750
10395 14613 15489
10388 11131 17680
10245 10035 17904
14707 11606 14672
14091 12873 13607
13873 12711 14731
13663 11936 15824
13479 12854 15125
13424 13017 15055
13165 10542 16618
12911 13848 14563
12910 14005 14158
12740 13588 15462
12711 13473 15467
12026 14371 14347
11600 12093 17125
11538 12285 17213
11063 14493 15107
10917 14791 14414
10852 12917 16923
10568 14947 14331
10226 14827 15062
10225 14984 14657
15060 9761 13981
14579 9131 14994
14063 11509 15447
13563 11630 16062
13087 11451 16558
12590 13326 16025
12067 13532 16128
12048 10659 17338
11989 14343 14605
11945 14624 13318
11934 14084 15559
11919 9793 17427
11657 11778 17261
11220 14187 15883
11206 14220 15672
11052 14669 14919
10951 12118 17297
10776 14763 14735
10570 14889 14515
10382 14678 15433
15263 9485 12887
15155 10307 12694
15100 10594 12698
14331 10773 15223
14215 10257 15446
13971 10335 15733
13951 10806 15695
13412 12015 16047
13294 11742 16282
13093 11316 16624
13091 12609 16166
13003 12750 16011
12688 9791 17016
12255 13574 15809
11886 13682 16011
11797 11040 17451
11419 12565 16986
11415 14312 15213
11384 11882 17335
11364 12728 16916
11341 12690 16940
11227 15013 13093
11172 12165 17232
11143 11190 17566
11090 11382 17514
10969 14703 14719
10883 14970 13886
10044 12504 17399
14813 11206 13684
14072 12433 14786
13336 12049 16173
12733 10181 16901
12469 14329 13472
12050 10245 17398
11064 14298 15679
10815 11457 17570
10749 14861 14468
10332 12975 17057
10251 12795 17123
10226 14789 15229
9704 10362 17939
9221 15482 13164
14459 9964 15078
13950 11971 15449
13895 12134 15379
13191 12507 16101
13170 13611 14463
12854 13021 15966
12799 13184 15896
12536 13517 15817
12373 10578 17181
11751 14718 13247
11521 13521 16322
11403 14220 15562
10935 14961 13682
10932 10039 17780
10866 14181 16112
10528 14915 14561
9872 15419 13358
14345 10592 15159
13878 12554 15130
12999 12788 15906
12554 12039 16794
12002 12194 17023
11960 14266 14874
11888 11665 17162
11703 14046 15662
11582 13470 16318
11540 12703 16873
11453 12413 17170
11309 10677 17607
11250 14639 14599
11243 10278 17625
11082 14497 15072
10685 14609 15337
10033 15254 14119
9065 11087 17786
15118 9589 13564
14615 9613 14923
14358 12106 14479
13706 10940 16064
13540 10374 16277
12756 11133 16856
12754 13643 15177
12590 10981 17013
12412 14359 13637
12276 14034 14965
12209 12485 16747
12072 9524 17447
11686 12691 16850
11670 10007 17542
11247 14331 15358
11045 10351 17682
10636 11086 17646
10444 10340 17849
9130 15382 13784
15181 9531 13191
15030 11055 13329
14530 12256 13574
14511 10624 14828
14330 11902 14616
14308 9904 15349
13264 10234 16501
12975 11821 16570
12276 13850 15394
12260 14009 15142
12182 13025 16405
12014 14376 14212
11948 14174 15223
11793 11953 17153
11411 14135 15773
11164 13656 16379
11123 10126 17661
10771 14840 14561
10529 14720 15133
10528 14877 14728
10183 13340 16880
10063 10768 17801
15114 10138 13312
13738 13209 14318
13737 10597 16027
13626 11041 16086
13485 12791 15331
13429 11696 16076
13354 12035 16052
12736 12680 16393
12735 13257 15857
12703 10712 16888
12635 14051 14156
11779 8621 17607
11517 11069 17517
11367 12894 16829
11296 14765 13987
10928 14534 15337
10842 14801 14504
10671 9200 17931
10446 14045 16154
10083 15185 14117
9465 13729 16655
14998 10422 13648
14495 10446 15007
14437 11104 15013
14304 11525 15029
14170 12726 13935
13526 12630 15455
13208 13223 15405
13142 13820 14230
12633 13648 15414
12541 14084 14377
12457 12118 16825
12402 12281 16755
12033 12389 16957
11825 14646 13712
11792 14285 15019
11791 13905 15817
11553 14570 14503
11291 14177 15631
10758 9443 17904
10420 14988 14458
15136 10655 12341
14824 10048 14422
14006 13159 13330
13437 9780 16382
13267 12222 16269
13216 13724 13999
12959 14083 12555
12388 13509 15898
12326 11163 17131
12195 14290 14349
12137 9396 17367
11914 12291 17005
11140 14876 13783
10651 10727 17747
10198 14960 14777
10163 11636 17703
10108 11799 17633
9987 15355 13690
9851 9829 18006
9554 9434 18078
9145 10169 18042
