50 3
16987
795 619 618 994
747 728 95 150
596 78 286 830
764 482 619 282
594 933 268 216
793 165 687 188
634 387 406 811
812 679 914 885
632 557 712 678
668 296 187 294
526 939 791 189
830 65 131 559
645 12 330 97
819 419 355 643
630 411 958 722
581 299 462 273
679 613 996 306
659 18 823 683
668 572 793 141
620 453 664 503
537 569 202 128
673 639 245 153
561 974 417 620
540 927 698 714
647 564 115 279
706 345 537 445
819 923 130 626
552 742 86 117
793 555 801 870
625 504 937 755
829 337 116 324
612 976 967 226
770 995 150 660
783 864 327 314
547 815 66 306
631 720 455 121
638 156 69 981
639 122 961 855
756 33 685 644
553 392 617 316
760 959 173 668
717 251 875 334
579 119 67 251
717 872 25 263
650 408 351 862
807 758 378 603
768 209 722 529
685 391 764 466
621 542 880 817
767 557 609 575
2287
12167 18245 15325
12571 18578 14777
12519 16846 16545
13921 15142 17237
18541 13449 12467
18526 13265 12901
18356 13972 12925
18126 13272 13954
18028 14377 13565
17945 14564 13291
17657 14983 13898
17731 13625 14525
17609 13988 14656
17577 15235 13535
17042 14965 14916
16935 15978 13840
16634 13939 15705
16719 16410 13615
16626 14241 15756
16569 15402 15068
16510 16586 13572
16619 15516 14926
16378 14518 15798
16071 15832 15374
16046 16790 13973
16113 15584 15575
16100 16588 14617
15814 17054 14016
15772 16159 15445
15715 15635 15994
15456 17310 13950
15430 17565 13606
15376 16620 15668
15196 17451 14685
15291 17062 14870
15179 17668 14279
15444 14489 16609
15267 15614 16247
15028 17650 14455
14632 17345 15342
14869 17091 15362
14431 17550 15277
14551 18096 14069
14444 16292 16475
14153 15566 16853
14326 16090 16565
14363 15199 16967
13502 18105 15086
13669 18081 15108
13507 17259 16061
13424 17409 15811
13117 18572 13991
13104 16505 16648
13100 17824 15527
18969 12037 11671
18393 13555 13197
18274 13426 13559
17940 13691 14304
17839 14688 13627
17792 14029 14324
17640 14459 14182
17578 14545 14279
17530 15031 13929
17373 15369 13782
17223 15313 14190
17324 14934 14588
16707 14441 15400
16986 15956 13715
16665 15949 14600
16436 16318 14152
16209 15078 15672
16091 13531 16280
16299 16428 14549
16124 15156 15765
15771 14259 16370
15644 17226 13880
15581 17232 14372
15539 16466 15214
15712 17055 14718
15342 15694 16211
14811 17368 14980
14910 16590 15738
14820 16007 16376
14960 15896 16508
14835 16191 15942
14559 16551 16082
14155 17791 14956
14021 17895 14955
14121 17010 15997
13692 17477 15665
13997 15678 16916
13960 17677 15354
13832 18422 14576
13998 16431 16492
13234 17717 15625
13011 17825 15748
13776 15760 16940
13190 18253 15285
13163 16830 16484
13374 14968 17364
18816 12880 12114
18645 13394 12539
18125 14078 13634
17742 14987 13558
17472 14596 14568
17483 12764 14979
17342 14197 15038
17108 15573 14444
17270 15517 13796
17025 15378 14520
16813 16072 13726
16548 14458 15605
16216 14525 16102
16040 16420 14955
15863 15297 15974
15416 14898 16432
15303 15918 15879
15101 16925 15129
15172 17120 14894
14537 17499 14988
14710 17128 15493
14415 18174 13905
14414 17155 15652
14442 16928 15804
14069 18284 14084
14108 17421 15411
14143 15374 17077
13973 16673 16312
13601 16921 16172
13359 17712 15794
13305 16274 16676
13482 16827 16459
13254 18654 13828
12725 17906 15851
12929 17658 16083
18459 13813 12889
17190 14627 14896
17046 15323 14571
16952 14791 15057
16692 14849 15284
16503 14857 15419
16302 16814 13581
15806 16717 14829
15100 16904 15153
13195 17522 15973
12377 18019 15805
18163 13857 13664
18128 14110 13241
17456 15214 13870
16935 15689 14455
16908 14210 15428
16474 15791 14883
16352 16524 14214
15723 14616 16171
15608 17249 13888
15683 16338 15407
14758 17910 14600
14573 16516 15981
14692 15437 16647
14293 16687 16192
14752 14784 16907
14501 15453 16899
14102 18121 14572
13994 15950 16630
17922 14428 13854
17424 15082 14218
17291 15462 13847
17212 14258 14892
16206 15551 15292
15930 16845 14421
15433 14876 16374
15103 16289 15800
15161 15665 16536
15070 16886 15427
14381 17569 14971
14196 17182 15641
13714 18220 14666
13787 16045 16802
13882 16851 16155
17795 14061 13931
17439 15627 13474
16942 15136 14885
16667 16062 14100
15867 16536 14966
15507 15446 16234
15356 15435 16285
13812 15908 16693
13889 17485 15613
13855 17146 16107
13761 17276 15887
12841 18813 13670
13459 17494 15636
18289 13610 13125
17479 14049 14510
17206 15726 13794
16301 15652 15130
16337 15287 15398
15751 15215 15982
15878 16108 15156
15141 15925 16183
14652 17726 14720
13508 17555 15561
12977 18440 15190
18259 14271 12856
17173 14110 15081
16460 14396 15647
16034 16754 14059
16084 14737 16006
15265 16656 15176
14933 17804 14101
14524 18063 14494
14505 17634 14739
13429 18544 13441
13157 17158 16196
13611 16008 16917
12732 17376 16320
18011 14790 13169
17697 14674 13917
16941 13657 15444
16745 14370 15394
16397 15996 14649
16241 16189 14983
15909 16900 14370
15629 17421 13643
15602 16065 15799
14738 16854 15517
14975 16080 16074
14195 15719 16658
14278 18199 14316
13923 18098 14934
13592 17817 15378
12659 17146 16330
12883 18682 14036
18460 13007 13209
18059 13820 13942
17435 15269 13819
17387 13756 14816
17049 15770 14132
17034 14287 15054
16569 16168 14404
16438 15487 15251
15890 15803 15699
12920 17386 16139
12354 17054 16509
15547 15593 16002
14436 15972 16577
14094 17041 15758
17944 14049 13959
17773 14430 13935
17423 14397 14682
17376 13305 15164
16885 13270 15713
16015 15432 15610
15899 17161 13498
15368 17176 14744
14144 18274 14377
13575 18211 14888
13248 18088 15260
17430 14883 14299
16967 13819 15365
15688 16724 14927
15274 17514 14633
15159 17733 13670
14605 17508 14917
14284 17458 15296
13364 16625 16549
13248 16980 16353
18687 13100 12320
16416 14964 15570
14880 16469 15889
13072 18051 15375
13797 14417 17354
17167 13239 15385
16647 16206 14039
16043 17109 13748
16028 15049 15997
15630 16764 14909
15466 17191 14540
15505 17408 13924
14116 17741 15309
17810 13752 14158
16915 13663 15370
16524 13753 15945
14853 17521 14785
14393 17627 14795
14174 16468 16377
13742 16444 16616
13706 17857 15318
13573 15255 17191
16777 15384 14862
16031 14068 16133
16153 14678 15908
14964 17830 13979
14797 17960 14247
12581 17771 16037
17675 14246 14348
17746 15345 13213
15667 14229 16440
15338 16671 15149
15524 16282 15648
16742 16052 14393
16488 14995 15458
15999 16790 14211
13289 18292 14991
12835 17788 15863
12842 18366 15239
18892 12488 11942
18397 13913 12852
14974 15016 16747
14453 16367 16202
12117 17282 16452
18278 13784 13214
16203 14792 15766
14348 18026 14609
13253 17357 15948
12902 18450 14897
11704 17441 16294
17847 14348 13890
16179 16640 14225
14692 16400 16048
14345 14444 17077
18776 12950 12317
15655 15108 16214
13706 16814 16270
18020 14581 13204
15725 16051 15676
14103 18070 14646
13540 16662 16434
16767 15178 14906
16292 16008 14817
14169 18310 13727
12508 18764 14360
17721 14659 13826
16383 14968 15591
15043 14957 16649
18078 14192 13271
15909 16597 14609
15070 17779 13690
13391 18022 15313
12615 18110 15543
17087 13308 15297
15913 15527 15781
15672 17128 14313
14562 16817 15632
13945 14694 17166
13664 17704 15513
13199 14538 17395
18697 12751 12476
17111 13860 15208
16044 15326 15649
15799 17148 13734
14750 17152 15099
18354 12858 13534
16404 14009 15916
15355 17364 14217
14804 16790 15604
17539 13151 14710
13893 17246 15693
13199 17357 16079
17471 13287 14849
15298 14696 16522
12420 18820 13822
13211 16250 16785
16279 16021 15134
14880 15154 16553
15294 14288 16657
18109 14344 13088
16781 15509 14622
13366 18290 15170
12620 18081 15402
16740 16355 13666
14852 16696 15737
12921 18605 14518
12629 18553 15144
17962 13322 14300
17871 12682 14362
16862 14789 15091
16876 15886 14143
16554 15603 14986
12963 17997 15589
15778 17077 14024
15889 14461 16280
14020 17145 15756
12922 16463 16711
17176 14352 14929
16570 15880 14638
14210 17403 15420
12412 16739 16628
15829 14998 16133
18021 13891 13948
16115 16752 14157
17243 15053 14543
13780 17349 15709
19027 11796 11340
14821 14725 16809
15238 15233 16375
18390 12948 13337
16251 13863 16083
17738 13078 14467
12904 18627 14087
16406 15941 15006
13382 17026 16233
13484 18535 14530
12533 18006 15612
12709 14292 17461
14692 15611 16616
13405 18542 14071
13433 17204 16185
15106 17688 14090
12756 16618 16602
16412 16692 13876
15514 15866 15966
13104 16966 16480
15946 16227 15119
15464 16560 15196
15245 16797 15322
17397 15411 13558
15902 15636 15488
14824 17915 13512
13829 16198 16607
16108 17022 13479
13951 18404 13476
12318 17077 16517
17358 15427 13830
13723 14462 17326
14360 16703 15886
15719 16502 15148
13064 15834 17044
17765 12733 14651
14387 16349 16303
16823 13370 15676
14304 17839 14674
16265 14766 15681
15711 14796 16223
17505 14043 14584
16861 14936 15241
15569 16945 14772
17280 15664 13423
15912 17286 13402
14668 17322 15334
14442 18207 13480
18615 13115 12898
17050 14663 14865
14076 17322 15550
14361 15564 16767
18400 12599 13493
14361 16934 15664
13797 16636 16427
12456 17538 16209
16766 15325 15056
18818 12688 11819
13030 17898 15570
12201 17982 15920
16762 16161 13677
13409 16219 16748
13890 18257 14551
15920 15821 15425
14947 17183 14896
14688 18071 13658
16259 13561 16032
15906 16080 15351
14983 17160 14888
17375 15014 14226
12903 16710 16583
15448 14468 16490
12867 16733 16591
14852 17572 14711
15334 16977 14780
14759 16101 16443
12874 14044 17484
13062 16352 16843
13213 14067 17444
12614 17174 16410
18214 13161 13642
16371 15303 15315
14774 16285 16009
18167 14137 13174
12660 15560 17267
18858 12586 11895
18271 12819 13699
16440 13298 16042
18549 12857 13206
16148 13490 16237
14203 16769 15962
16767 16372 13182
17612 13853 14499
15926 16487 14766
18988 11970 11444
18229 13113 13918
12825 16580 16786
16523 14243 15841
12805 18468 14732
17194 14985 14551
14516 15315 16860
13848 18108 14641
13414 17893 15450
12507 17716 16161
13284 17915 15396
12998 17169 16290
13639 15599 17094
13548 17463 15792
16719 13425 15604
16078 16252 15106
13923 15860 16718
18295 13371 13610
13800 17519 15429
16281 16869 13530
12950 17566 16010
13903 17928 15214
16305 15185 15440
18974 12124 11520
13035 14945 17404
13090 15943 17020
15994 14293 16262
16421 16134 14586
13977 15529 16968
14519 16643 15851
12120 18165 15454
14900 17130 15064
17015 13669 15243
15607 14766 16293
13700 17017 16149
12254 18646 14683
17631 13619 14652
15541 17385 13916
14746 17105 15485
12973 18815 13214
16233 16057 15017
16127 15520 15383
12815 17618 16143
16807 13487 15562
13071 18102 15301
12640 18766 13904
16869 14634 15190
16636 16549 12836
12750 16989 16326
17376 15466 13507
16454 16753 13519
14939 17063 15081
15380 16477 15308
17923 14104 13908
15679 15184 16094
15370 16954 14772
14463 14646 16987
13371 17559 15858
12784 18523 14681
18481 12952 13260
18631 12493 12784
17697 13877 14344
17249 14854 14624
15222 14257 16769
13927 18033 14761
14039 16785 16079
13561 18546 12985
17643 13096 14782
13566 18506 13629
15133 17182 14715
16947 15354 14731
15740 15643 15792
14527 15859 16593
18279 13637 13064
16206 15331 15456
16195 16374 14771
14738 16308 16017
12700 16231 16871
12346 16668 16694
17380 15824 13162
14015 16826 16117
13027 18554 14229
12961 16395 16702
17628 15083 13291
17035 14279 15205
15186 17570 14095
15993 16694 14308
18051 13142 14080
16294 15613 15250
14094 18320 13434
12211 16944 16563
12285 16762 16761
13757 18432 14283
14927 16776 15481
14808 15171 16638
12286 19045 13737
17784 13351 14462
12515 16178 16970
17665 12727 14778
12243 13697 17528
18591 12563 12987
17075 15903 13448
16521 15681 14752
13664 16661 16465
17636 15038 13847
14336 16744 15924
17863 14625 13542
17198 14325 14845
16721 15738 14546
12448 16716 16620
17274 15875 13451
12725 15811 17084
11872 16921 16603
12566 18750 13942
16892 16294 13604
15407 17454 13823
18069 12781 14115
17120 13965 15198
17421 12864 14942
15617 17209 14364
13658 16864 16344
12257 18247 15291
18731 12653 12523
16497 16632 13327
13015 18684 13580
15549 14027 16530
15817 15333 15857
18467 13453 12918
16342 15146 15372
15878 14889 16090
18414 13500 13248
18126 14530 12915
14654 16162 16267
18652 12438 12835
17025 14448 15101
15745 16458 15091
13069 15480 17208
18081 13451 13938
16585 16576 13865
12879 18736 14152
12529 18709 14411
14623 14978 16790
18843 12402 12329
18040 14433 13169
15665 17171 13931
13207 15734 17140
17945 13902 13809
17824 13068 14368
17505 12395 14975
14233 14994 17038
12328 18914 14103
13734 17630 15470
18768 12272 12455
13263 16121 16871
13998 17539 15399
11771 16903 16644
17654 14301 14297
17581 15593 13190
15822 14121 16507
14034 16408 16484
13956 17386 15594
12661 18963 13413
12374 16436 16988
16600 13630 15845
15416 16454 15300
16228 14358 15891
14692 15352 16745
18184 14141 12982
12937 18722 13734
15326 14287 16699
14361 17639 15019
12685 16691 16654
11807 16880 16636
16505 16280 14336
12997 16372 16694
12985 18318 14746
17754 15043 13162
13871 16745 16270
14097 15179 17122
18456 13206 13029
13201 18350 14668
15597 16796 15111
16562 15748 14672
16030 13288 16327
14124 17867 14962
16196 16227 14621
16221 16701 13868
13460 17952 15281
15298 17650 13179
17589 14834 14241
17923 14846 12631
16369 16111 14610
16433 16637 13927
15404 17153 14736
12555 16823 16537
13134 16940 16413
15714 17172 13562
14762 16984 15445
13585 16256 16633
13594 15718 17003
16339 16712 13687
16178 15666 15253
15646 13559 16609
13821 16595 16389
17045 13602 15516
14138 16558 16234
12528 16710 16631
18369 13639 13030
16679 16238 13976
16531 14630 15571
12180 16823 16585
16733 13700 15571
15271 17548 13718
13291 18300 14877
14088 15612 16741
11724 16823 16773
17285 15158 14256
15624 15696 15795
14849 14316 16986
16648 15123 15146
13609 17282 15929
12099 13106 17558
11778 17259 16492
15257 17681 13617
15188 15041 16401
14916 17942 13147
13593 15404 17139
13075 13813 17512
16175 16920 13819
14985 17775 14030
12216 16800 16577
17133 15893 13233
15621 14352 16479
15291 16803 14999
12824 16807 16524
12524 18881 13576
17786 15095 12666
14693 15205 16595
13490 16175 16647
17174 12692 15327
13871 18460 13749
13433 16324 16635
17781 14122 14012
15790 16956 14289
15090 17267 14805
12191 18832 14266
16968 16141 13210
16812 15998 14075
15783 16094 15474
15004 16252 15849
15104 14055 16859
18239 14355 12405
14724 17980 14058
17772 12186 14593
16373 13500 15952
16200 16585 14276
16156 16035 15257
16490 16730 13511
17123 15165 14560
16078 15279 15804
11570 17108 16579
13277 17281 15938
16344 14558 15771
13952 15797 16825
17861 15085 12959
14376 17358 15466
14981 15057 16612
18457 12400 13349
17994 14826 12900
16770 15937 14432
11612 18183 15348
19036 11110 10749
17074 16090 12921
16248 15484 15261
14833 17114 15370
14742 16814 15725
12716 15947 16998
17601 14667 14030
17226 15355 13944
13399 18174 15003
14184 13940 17203
16500 15461 15166
14917 16177 16059
19034 11302 11044
11231 17085 16619
16332 16396 14347
16048 16817 13879
17128 14727 14859
11337 17443 16246
18494 13859 12671
17202 14856 14713
15211 13718 16789
13471 17489 15682
18959 11940 11954
12136 16465 16886
17814 11892 14374
17192 13373 15208
16680 16187 14004
14731 14114 17076
14478 16905 15796
13471 16119 16785
12212 18777 14317
17358 14042 14714
15174 15393 16348
12874 18776 13508
12870 15193 17381
15895 16664 14562
14308 14665 17086
16474 16322 14050
16084 16794 13871
16273 16472 14606
15895 16936 14103
12327 16915 16566
12631 15939 17123
17481 14061 14503
16980 15065 14879
14207 14190 17145
11979 17028 16520
17449 13656 14853
17208 13448 15062
12861 16557 16778
14843 15375 16562
13122 18400 14583
12003 18158 15585
12486 16557 16826
15530 17578 13370
13272 15985 16957
13241 17510 15884
18642 12787 12679
16881 15317 14748
16685 14810 15404
16486 16358 13964
14200 17321 15581
12924 16098 16911
17292 15169 14138
14521 14481 16962
14377 14728 17016
18271 14327 12460
15953 13277 16348
12231 16326 17042
18404 14107 12428
18212 13526 13522
17305 15834 12869
16129 16967 13530
11625 18766 14508
14238 15751 16598
12522 16534 16818
16659 16242 13953
15639 14765 16335
14612 16009 16462
18726 12566 12674
16413 14428 15661
15178 14728 16635
18231 13954 13298
17120 15406 14233
14554 17282 15394
13448 16022 16842
18570 12802 13257
16735 15632 14661
16566 16577 13117
14681 14813 16765
13331 17222 16176
12853 16171 16963
15074 17032 15017
12207 18566 14812
14891 14446 16879
14209 17645 15061
18064 14662 12692
17536 14008 14467
17033 15842 13805
16029 13631 16243
14127 18441 13361
13360 18603 13539
11738 16588 16888
15310 15365 16309
14975 17040 15073
18607 13684 12161
16479 15228 15209
15803 16648 14898
15137 16902 15121
12825 15312 17290
17988 12571 14147
16565 13998 15803
15254 16178 15753
14737 16833 15541
13854 18476 13709
13493 18044 15223
12868 15711 17180
18344 12212 13762
11523 17028 16708
12213 17829 15984
12321 15537 17307
18689 13387 11593
18715 13255 11858
18728 12046 12663
18621 12842 12628
16393 14110 15914
13639 18187 14923
14891 17850 13790
18104 14133 13583
17816 14006 13982
12721 16668 16646
18628 11886 12924
18212 14524 12148
16700 13828 15653
17763 14932 13609
17495 13434 14802
16530 16600 13125
15561 17297 13763
14596 16259 16252
17461 14326 14676
17210 13460 15055
18944 12448 10748
18255 12362 13765
16564 14341 15719
16148 15357 15395
13647 16156 16670
13636 15871 16808
11942 18698 14602
17007 15901 13766
16301 14011 16001
15829 14541 16239
18575 12106 13053
15703 17462 13359
18752 11815 12521
18013 14598 12874
16062 16656 14492
15489 14564 16383
18892 12964 11326
17179 16029 13097
15942 16868 14168
14828 15167 16661
13736 16994 16141
13035 16213 16900
18133 14586 12509
16788 14956 15052
13473 15754 16985
13293 14642 17371
12687 16326 16854
12724 18164 15329
11951 17079 16469
16652 13139 15871
16661 15645 14783
15058 14819 16610
15148 16669 15578
16829 15152 14821
16507 16303 14015
15709 14359 16333
12382 16645 16686
12468 16098 17099
15466 16973 14765
17964 13668 13962
16318 14564 15697
15234 17570 13834
15304 16058 15828
14569 17531 14925
13366 18333 14620
18850 11908 12033
18576 13495 12249
16510 12892 16040
16266 14763 15618
15629 17194 13939
15492 17287 13942
16127 16256 14794
13176 17093 16218
18435 13261 12978
17974 12224 14177
14559 17365 15153
13844 16060 16568
13043 18671 13445
12860 16563 16674
12349 18859 14154
12273 16479 16847
16900 15992 13553
13071 16190 16892
18148 12903 13950
17583 15401 12895
17248 15544 13880
13881 17165 15715
12723 16303 16846
18415 14101 11881
15266 14824 16552
14760 17190 15028
14740 16580 15757
14397 16650 15857
14436 18119 13956
11184 17005 16748
16438 16345 14058
15302 16694 15157
13034 17146 16282
12695 17123 16322
11653 18959 13756
18406 12822 13386
16960 14489 15006
16317 16846 13522
12816 14727 17430
18754 11295 12510
16686 13978 15588
16615 15159 15219
13649 15791 16870
12106 15977 17127
15584 13659 16572
15466 17451 13409
13057 18655 14025
18073 12773 14076
14402 14403 17034
13492 18605 13083
18884 11810 12080
18042 14219 13680
15705 16311 15323
15366 17394 14072
18281 13842 13051
16837 16318 12864
16553 16293 14242
15201 17602 14036
13997 16632 16274
12582 18582 14558
18419 12549 13264
18241 13616 13259
16171 15246 15521
14019 14649 17194
18784 11650 12341
16165 17014 12916
14368 14143 17156
16495 15800 14674
13247 16227 16777
12942 18550 14569
16426 15095 15421
18333 13290 13280
16737 13692 15532
18580 13853 11904
16113 13609 16151
15009 14648 16789
14887 15916 16319
14162 15430 16939
13417 15367 17254
12956 17363 16131
15716 17371 12606
13372 15486 17163
13050 17025 16242
12488 16039 17027
10939 16678 16798
16141 14892 15729
15181 16072 15951
13973 14454 17239
11762 18848 14345
18171 13585 13595
16894 15622 14535
15192 17701 13468
14325 17662 15027
17766 14419 14053
17227 15671 13845
15310 17491 14625
15242 16331 15689
14342 18194 13716
12844 15763 17220
16830 14427 15277
18570 13264 12665
17591 15374 12219
16347 16138 14694
16210 14637 15865
15999 13706 16319
15423 17316 14115
15322 17594 13348
15234 14856 16495
17109 14417 14928
16672 16526 12828
15130 16756 15490
14197 17732 14757
18147 14475 12966
17506 13704 14694
15402 17371 14064
14615 18091 13469
13429 15966 16980
16373 16469 14265
14816 17929 13383
14463 18152 13531
12683 17794 15905
18239 13652 13247
16193 16925 12992
12604 18673 14424
18805 11595 12392
16544 15187 15304
16240 15272 15500
15831 16000 15387
15012 14624 16655
12524 16016 17019
16351 14528 15624
15990 15217 15846
15804 17315 13144
15708 17105 14305
14889 17498 14777
13458 14394 17394
18157 13117 13678
16366 16809 12981
14935 17113 14952
14643 16697 15832
14190 18255 13778
13297 17372 15875
11560 16670 16869
16072 17045 13487
15413 17274 14242
13949 16808 16218
12145 16873 16629
17966 13680 13955
13386 18656 13372
12510 16251 16904
17116 15172 14234
13105 17695 15968
18842 13054 11714
18298 14158 12717
17087 14629 14981
16708 13526 15602
16043 14641 16113
15993 15515 15580
15977 17199 13133
15845 16995 13908
14760 14482 16856
14365 17574 14846
18303 13011 13639
15255 17515 13885
14676 17685 14682
13942 17978 14861
13071 16361 16653
13053 18607 14062
18280 14216 12907
16943 15821 14421
16873 14878 14959
16747 13016 15781
15249 16909 15065
15028 17854 13538
14709 18016 13709
18303 14239 12383
17001 15087 14685
16385 15970 14845
15995 16442 14666
14982 14714 16696
13891 17123 16099
13150 17834 15526
12623 16791 16617
11923 16641 16789
18378 13603 12921
18329 14107 12648
17325 14610 14642
15201 17534 14444
14734 15505 16550
14013 15677 16721
18753 13204 11717
17867 13711 14115
16771 15536 14561
16755 13778 15442
16384 15617 15024
16065 12920 16369
15946 15491 15708
15656 14657 16250
12909 17280 16254
12265 18650 14464
11750 17284 16404
18533 13623 12176
16630 14599 15411
15835 17125 13726
14959 17059 15104
14084 15571 16765
11760 16800 16765
18568 13399 12427
18000 14845 12568
15504 16516 15258
14998 16262 15933
14157 16987 15989
13768 17854 15263
18597 13440 12300
16053 17046 12739
15222 17547 14087
18233 13471 13573
17129 14384 14943
17018 13617 15229
15835 16999 14067
15683 15149 16047
12625 18618 14475
18091 12859 13986
16611 16229 14047
15896 17088 13843
17914 13750 13992
15095 16977 15068
14845 17860 13563
14222 16704 15984
13593 16884 16195
13107 16338 16645
12695 16354 16795
12100 16488 16894
19019 11118 11478
18516 14036 11780
18410 12470 13454
16664 16531 13218
15877 16457 15041
15392 16438 15326
14541 17611 14731
13543 17086 16197
12985 18685 13863
11855 16127 17045
17416 14950 14252
17269 14217 14849
15585 13316 16656
14034 17516 15391
14009 17608 15355
13917 17023 15816
13603 18517 13430
13016 16738 16503
12886 15916 17025
12659 16768 16609
16998 16116 13130
13028 16043 16983
18442 13999 11992
18077 12421 14144
17368 13446 14885
17216 15382 13883
14901 17275 14820
14780 18127 13231
13802 16166 16634
12284 16768 16657
18474 13904 12193
18386 11918 13543
18130 14122 13234
16790 13659 15528
16151 16729 14149
15943 16949 14009
15303 16640 15479
14455 17509 15239
14089 16318 16508
18543 13867 12037
17527 12473 14846
16716 15565 14725
15935 17138 13490
13935 17399 15498
13802 15907 16763
13074 18552 14113
13070 16196 16788
13085 17317 16139
16323 13984 15917
16229 16902 12984
15559 16346 15350
14299 15664 16730
14235 16177 16512
13920 16368 16544
13582 15119 17277
12882 15792 17107
15283 14716 16467
15285 15214 16394
15031 16963 15251
14866 16517 15743
14843 17962 12958
14829 16073 16162
14787 14416 16949
14109 14269 17155
13224 17089 16222
18736 13200 11909
17966 12940 14151
17539 15320 13407
16774 15023 15005
16069 16762 13930
11149 17379 16317
18100 14685 12193
16834 16017 13777
16607 15027 15253
16372 12638 16108
15351 16932 14933
15091 17724 13741
15000 16358 15717
14858 16790 15473
14052 18451 13068
14066 17268 15606
13555 18041 15168
16351 13869 15956
14401 14746 16950
13400 16602 16541
11855 13164 17584
18101 13526 13723
17822 11532 14403
14320 17435 15288
13052 16715 16495
11761 16465 16934
17813 14747 13315
17254 15240 14144
16500 16197 14577
15695 17222 13702
16958 15413 14537
14955 17930 13135
14901 16354 15786
13378 17592 15721
12339 16810 16557
12320 16745 16649
17676 14698 13629
17285 15282 13912
17250 14364 14728
17199 15885 13158
15821 15584 15705
14417 16390 16210
17846 15038 13146
17402 12554 15011
17252 15347 13865
16873 16295 12856
16804 16350 13066
16937 16200 13318
16435 16754 12771
15079 16025 16146
14899 17136 14960
14746 17388 14831
14145 14290 17108
13978 16203 16519
11647 15976 17132
18047 14444 13051
16569 15195 15102
15714 16863 14423
15468 16539 15266
15334 15016 16349
12656 18752 13908
18665 13345 12246
18644 13483 11639
18351 14284 11757
17824 15154 12329
16602 16163 14261
16368 16373 14339
16057 13222 16420
15451 16302 15459
15355 14655 16479
15124 16338 15787
15089 17826 13136
14302 17039 15672
17392 15200 14053
16157 14722 15790
15148 16952 14924
14470 17020 15577
14201 13667 17172
13214 18302 14698
12543 15769 17147
11376 16467 16916
16380 16409 14253
15441 15157 16305
14922 17220 14871
14400 18338 13114
17131 15736 13501
16459 15365 15273
15931 16913 14095
15836 16920 14181
15825 15465 15823
14130 17018 15750
13951 18291 14182
13544 17532 15553
18436 13980 12324
17780 11826 14622
14868 16437 15933
11797 16442 16926
18089 11323 14021
17685 12802 14563
17110 16084 13307
16721 15047 15109
16402 16786 12973
15456 14600 16456
14335 16750 15820
17651 13694 14437
17350 13695 14893
16848 15975 14067
16639 16114 14086
16559 14547 15473
16515 15796 14697
16242 16646 13919
15078 16141 15868
14234 17986 14669
14146 13911 17316
13622 13987 17385
18719 13613 11513
17225 15204 14155
17081 14741 14744
17054 15787 13856
16307 16211 14573
13686 16521 16438
13130 17019 16253
11925 16592 16801
16903 16270 12776
15384 16393 15516
15088 15685 16347
14995 15960 16210
14128 17802 14789
14102 18162 14431
13985 16785 16210
17598 15180 13586
17506 14639 14317
16506 16354 13987
16317 16315 14355
16212 16635 14082
15978 16845 14160
15709 16669 14978
15387 17339 14123
14669 14214 17039
13705 17908 15244
13425 16884 16287
12622 17975 15768
18117 13400 13772
17417 15151 13911
17127 15523 14215
15432 17346 13984
15457 16907 14979
14495 14930 16926
14294 16983 15692
13891 17406 15445
13085 17358 15998
11308 15953 17172
18296 13564 13209
16428 15721 14907
16137 16771 13859
14977 17083 14947
14774 16831 15509
14750 17590 14702
14635 17331 15095
13268 18036 15436
17897 15108 12460
17444 15594 12478
17265 15131 14276
15054 17290 14813
14725 13591 17103
12820 15892 17070
12668 18753 13769
18237 12753 13947
16701 13338 15757
16606 16146 14288
16237 16563 14160
15566 17555 13362
14827 17855 14390
14648 16944 15505
12675 17433 16148
11611 19090 13390
18546 12250 13346
17089 13456 15234
17068 15720 13903
16957 14496 15054
15569 15711 15834
15454 14620 16460
15091 17029 14910
15073 16872 15180
14483 16342 16122
14185 17686 15099
13795 15487 17031
13523 18302 14595
13291 15712 17048
17241 14259 14738
16541 16257 14328
16379 15435 15281
15963 16813 14219
15322 17618 13032
15226 13580 16750
14877 17892 13500
14371 16727 15812
14246 14765 17049
14158 17777 14709
18501 13464 12426
16909 15881 14000
16675 16091 14078
16225 15674 15156
16068 16305 14994
15769 15819 15507
15487 17076 14437
15393 16459 15302
15007 17072 15010
13023 17320 16194
12309 16456 16839
12651 14975 17407
17766 14708 13438
17264 15337 13861
17158 14265 15082
15547 15334 16131
14496 16950 15547
14203 18209 14023
13166 16996 16245
11961 16569 16793
18847 12651 11685
17313 15114 14189
16401 16354 14304
16003 15646 15431
15905 15395 15815
15734 17168 13585
15626 17264 13745
14549 17795 14637
14322 16565 15954
14210 16445 16369
14041 17751 15016
13798 14024 17270
13797 17253 15879
13696 18114 14683
13678 18590 12848
12344 18648 14649
12335 17907 15859
18989 11853 11278
18501 12903 12967
17383 15311 13606
16679 14894 15304
16249 15225 15440
15733 16737 14640
15430 17278 14050
15374 15977 15834
14902 17296 14796
14606 16832 15559
14514 16863 15635
14000 18139 14563
13900 17436 15420
12540 18713 14192
12458 16582 16738
17528 13778 14688
16560 14687 15422
16204 16582 14195
15232 14388 16620
14328 17798 14636
14246 17380 15412
13628 17794 15370
13117 18687 13407
11344 15930 17164
17120 15530 13889
17000 15777 13941
16606 16521 13916
16565 15646 14699
16213 14766 15775
16064 16805 13830
14671 17308 15087
14197 18268 13654
14092 16484 16269
13797 17744 15334
13479 17601 15622
13325 16638 16505
13284 17722 15501
12889 16148 16955
11214 16291 17061
18804 13105 11855
17340 15560 13544
17275 15185 14195
16437 14701 15545
16216 16618 14109
16051 14773 16079
15524 16816 14922
15064 17627 14447
14067 18289 13804
13816 17326 15701
13423 18217 14930
13450 17870 15442
13261 17395 15883
17165 15529 13964
16388 12925 16068
15683 17186 13788
15661 15288 16016
15301 17523 13638
15291 15886 15923
15150 13475 16836
14926 17627 14587
16787 15481 14579
16757 13790 15435
16354 13817 15942
15553 16205 15480
15499 14768 16372
14047 16823 16014
13375 14575 17280
11652 15832 17146
18500 13593 12223
17609 15346 12501
17251 15198 14229
16723 14682 15309
16527 16299 14038
16338 16260 14406
16333 16205 14647
16233 16580 14133
16190 13620 16130
15947 16429 14760
15397 16600 15189
15172 14956 16458
15263 16221 15720
15141 16334 15686
15123 17756 13678
14913 17869 13492
14319 15411 16962
13815 15636 16979
13804 15351 17117
13784 17640 15469
13132 17728 15543
13094 16301 16675
12451 16995 16417
11861 16905 16610
18638 11757 12885
17582 14903 13934
16795 16089 13708
16626 15361 15025
15549 17261 13849
15453 17291 14035
15429 16436 15294
15145 16283 15838
13607 17327 15796
18397 12918 13268
18165 13665 13369
17796 13761 14191
17735 14501 13941
17316 14256 14726
16557 15616 14889
16133 15563 15275
15992 17130 12927
15879 16667 14469
15402 13617 16635
14925 17104 14976
14625 16321 16150
14451 18083 14305
13637 16898 16164
13367 16066 16943
12667 15916 17115
12358 14440 17451
18514 13595 12212
17455 15009 14172
16972 13622 15327
16951 13878 15241
16410 16434 13982
16126 15571 15258
15922 15912 15264
15900 16531 14823
15931 16641 14554
15666 16741 14901
15662 17241 13737
15335 17368 14194
14840 16767 15596
14450 17586 14752
14288 17186 15571
13858 16542 16360
18205 14086 13033
17869 14791 12902
17175 14001 15046
17084 15102 14601
16938 15996 13451
16899 16045 13381
16728 16376 13275
16545 12998 15915
16257 15008 15464
16159 16539 14417
15703 13518 16566
15684 15031 16046
15466 17255 14042
15264 14387 16662
15120 17242 14725
15028 17910 13324
14646 18202 13292
14602 16925 15593
14364 16662 15950
14358 17570 15088
14101 14502 17103
12859 17831 15790
18064 12869 13958
17748 15153 12918
17733 14608 13662
17669 14701 13613
16780 14911 15242
16727 16404 12652
16208 16889 13341
16195 13529 16114
16136 16697 14208
15936 15811 15437
15639 17075 14529
15546 16618 15159
15277 14536 16532
15150 16229 15710
14940 16130 16118
14904 16153 16126
14300 18325 13350
14198 16841 15838
13905 17208 15642
18330 13417 13392
17581 14156 14379
17487 12756 14940
16941 15826 14141
16700 16183 14027
16573 15446 14950
16543 15681 14736
16393 15384 15273
16270 16531 13958
15833 16100 15162
15630 17242 13553
14782 16869 15444
14590 17192 15537
14313 17703 14760
14152 17718 15301
13645 17259 15921
13296 17762 15460
11250 16268 17053
18612 12508 13038
17453 13648 14814
17247 15333 14053
16598 15572 14823
15851 15996 15410
15692 15163 16012
15320 13764 16726
15338 15250 16348
15292 17493 13769
14980 16277 15886
14944 16300 15894
14760 17134 15181
14691 16636 15773
14669 16834 15536
14313 18153 13982
13804 17831 15255
13552 17588 15533
13444 18580 13244
18279 12728 13660
17902 14692 13218
17704 15072 13430
17349 15002 14254
16902 16019 13459
16574 16238 14293
16219 15533 15286
16053 14738 15830
15839 16625 14890
15426 17264 14135
15044 14592 16712
14962 17604 14579
14865 16050 16154
14847 17345 14972
14653 16213 16193
14723 16124 16451
14373 18305 13539
14324 17686 14893
14233 17574 15107
14102 17245 15598
13821 17516 15423
12487 18814 13765
12310 16121 17008
12083 16973 16592
18527 13458 12500
18517 13099 12921
18239 14365 11726
17311 15150 14177
17232 13375 15051
16922 14877 14958
16808 14796 15281
16648 14063 15455
16172 15535 15375
15969 16765 14271
15978 16510 14742
15813 16164 15259
15647 17209 13796
15013 14976 16612
14573 18222 13103
14361 16718 15836
14338 17016 15664
14328 17648 14780
18279 12459 13728
17966 14509 13342
17198 14267 14925
16783 16106 13728
16567 16578 13009
16379 15109 15306
16298 14594 15654
15799 17022 14075
15714 16769 14446
15382 15841 15979
15259 17544 13746
14923 17241 14847
14896 17156 14898
14922 14013 16922
14450 17132 15644
14274 17266 15520
13992 17363 15586
13964 15969 16593
13226 16371 16617
12869 16401 16723
11897 16882 16602
18613 13485 11567
18596 12051 13104
18410 14087 12069
18192 13530 13646
17240 15935 13030
16952 15233 14602
16507 15644 15007
16350 14359 15852
15864 16587 14729
15767 17149 13550
15650 17244 13496
14199 16200 16520
14122 14040 17166
13782 17166 15918
13117 16487 16592
13108 17091 16221
12737 17753 15915
12562 18804 14058
18778 13237 11590
18266 13600 13268
18197 14403 12633
17856 14139 13925
17658 14659 13952
17364 15637 13181
17307 15495 13680
16688 15673 14682
15837 17296 13109
15804 16722 14549
15371 15297 16246
15028 16733 15622
14961 17081 14968
14477 16260 16273
14074 15851 16605
13980 15388 17002
13578 14199 17380
13074 14424 17397
18677 13302 11691
17633 14460 14032
17017 13770 15239
16811 14978 14922
16772 16151 13619
16744 14419 15284
16408 15801 14734
16340 15652 15077
16306 14726 15620
15868 16967 13865
15769 17011 14238
15422 16407 15391
15371 17345 14186
15269 15714 16022
15118 17174 14791
15098 13532 16886
14796 17167 15020
14782 18046 13146
14380 17305 15351
14220 16707 16003
13894 16519 16352
13821 13969 17283
13543 17236 16053
13499 17222 16084
18627 13487 11556
18263 12002 13794
18241 14370 11545
18040 13151 13969
17859 13481 14336
17741 14399 14179
17560 15265 13458
17527 14584 14368
16770 14964 15130
16090 17024 12623
15322 17468 13689
14782 17990 13360
14241 17133 15739
14012 15540 16877
13532 15818 16966
18653 13355 11821
18572 11499 13193
17029 14972 14724
16803 15932 14289
16763 16381 12644
16172 16674 14200
15827 14561 16243
15693 17108 13834
14738 17268 15016
14398 17218 15439
14219 16795 15814
14034 16579 16245
13941 17185 15634
13596 15200 17204
13518 16804 16451
13092 15425 17221
13075 17870 15490
19049 11031 10802
18691 13304 11680
18521 13538 12274
18034 14543 12925
17833 13871 14065
17420 14638 14355
17143 16052 13105
16915 16047 13360
16897 14225 15367
16646 16430 13426
16358 14491 15818
15904 16514 14850
15838 16956 14028
14746 13976 17037
14679 16674 15824
13926 18084 14687
13449 14530 17308
13170 16917 16405
13075 18320 14712
13035 17167 16258
18215 13584 13359
17887 14913 12527
17877 14467 13657
17591 14725 14206
17492 15116 13801
17227 15216 14148
17070 15169 14554
16603 16555 13001
16488 15761 14794
16449 16019 14625
16427 16217 14388
16334 15760 15018
16255 14864 15616
16111 15720 15271
15970 17129 13559
15731 17335 12955
15649 14237 16518
15529 16085 15610
15432 17428 13735
14022 15671 16728
13861 17298 15621
13339 16867 16369
12725 18158 15309
11833 17394 16241
18934 12639 10887
18702 12014 12763
18395 12954 13256
18265 14290 12524
17339 15467 13735
17106 15578 14164
16945 15983 13342
16708 15433 14759
16700 16416 12495
16367 16134 14717
15508 17252 14183
15365 17585 13457
14933 17074 15017
14386 17692 14763
13758 15156 17162
13155 14750 17390
12377 18271 15263
18535 13540 12263
18376 14147 11648
18208 13573 13477
17963 14914 11938
17594 14036 14380
17585 14390 14378
16907 14356 15218
16870 14527 15182
16810 16003 13795
16757 16119 13678
16508 15980 14601
16098 16633 14484
15952 15534 15600
15938 16363 14974
15857 14915 16035
15457 17598 13181
15449 17251 14234
15324 17241 14267
14995 17036 15096
14899 17066 15282
14811 17652 14419
14486 14345 17066
14127 17838 14692
14125 16295 16500
13599 13737 17443
13032 17715 15779
13011 18738 13696
12084 15765 17250
18921 12518 11432
18780 13185 10876
18561 13360 12547
18418 12488 13269
17925 14855 12275
17258 14645 14659
17121 13737 15107
17035 16094 13014
16664 16259 13677
16520 15058 15381
16379 16763 13226
16368 13413 16103
16093 16990 13538
15750 16746 14438
15443 16072 15680
15295 17521 13738
14959 17218 14839
14580 16436 15979
14533 17575 14736
14096 16405 16429
13251 13850 17397
11763 17015 16540
18656 12859 12530
18177 13655 13365
18036 14868 12069
17976 14419 13352
17969 13996 13786
17476 12765 14829
16871 15966 13872
16443 16415 13947
16281 16011 14723
16269 16582 13930
16110 16669 14398
15975 16863 14025
15503 15002 16371
14913 17266 14823
14831 17781 14233
14195 14686 17079
14092 17527 15317
13750 16295 16548
13367 18075 15142
18748 12993 12212
18482 12305 13393
16962 15771 14192
16909 16240 12538
16833 15907 14209
16694 14027 15572
16465 14586 15584
16401 16368 14196
15820 17093 13785
15291 17544 13741
15031 17698 13797
14864 16520 15762
14513 16237 16265
14459 17436 15040
14323 14527 17047
14162 16864 15846
13875 18316 13727
13026 15081 17318
13009 15515 17243
12900 18681 13960
12522 15306 17335
12505 15740 17260
18924 12153 11320
18855 13175 11169
16483 14316 15720
16392 15417 15275
16231 14626 15730
15710 17060 14438
15652 16071 15487
15502 16950 14757
15290 17113 14796
15219 14925 16465
15154 17151 14783
14626 17169 15529
14598 15775 16536
14334 18098 14033
14126 15787 16681
13860 16177 16560
13499 18526 13351
13362 17698 15547
13330 18552 13778
12858 17102 16302
10946 15832 17200
18902 12742 10967
18686 13290 12297
17802 13437 14372
17745 14598 13658
17472 15247 13703
17513 15444 13533
17186 15474 14015
16853 15425 14705
16707 16123 14015
16506 14783 15414
16413 16404 14110
16222 14178 15956
15841 16480 15049
15511 15134 16337
14627 13172 17113
14227 18050 14503
14188 15836 16633
14107 17472 15337
13735 18519 12974
13239 14176 17420
12491 16050 16991
18628 12812 12559
18549 13855 11832
18319 13621 13081
18068 13458 13746
18047 14315 13227
17972 13308 13991
17795 14827 13267
17794 14375 13986
16686 13895 15606
16471 14478 15643
16386 14507 15647
15872 14709 16155
15574 14898 16246
15534 12919 16697
15490 16875 14777
15434 15466 16045
15198 17720 12540
14070 16556 16237
13111 17847 15482
18622 13473 12173
18469 13177 13001
18430 14042 12547
17993 14889 11858
17725 15017 13481
17623 13942 14367
17619 14527 13985
17611 14000 14649
17592 14401 14260
17090 15824 13467
17042 15731 14252
16777 16035 13997
16629 15490 14935
16560 16010 14456
16198 16482 14313
16037 16689 14209
15643 16411 15286
15638 17188 13892
14922 17677 14174
14836 17100 15123
14188 15577 16762
13902 17110 15779
13670 17600 15529
12159 17829 16115
18023 14747 12614
17785 14480 13667
17516 14645 14242
17361 15505 13595
16968 15684 14312
16858 15985 13630
16800 15546 14549
16625 14282 15436
16342 15543 15042
15984 17148 12671
15977 16606 14538
15751 16734 14449
15114 17160 14876
14768 15704 16514
14707 18147 13042
14635 14993 16787
14233 13804 17165
14067 15819 16640
13924 18454 13026
13756 18177 14580
13694 16841 16336
18845 12689 11602
18830 13064 11289
18749 11208 12661
18099 14137 13322
18057 14706 11982
17982 11864 14206
17500 13288 14695
17413 15296 13903
17059 15906 13355
16639 13525 15688
16506 15504 15058
16236 16614 14132
16152 15179 15585
16041 16851 13854
15825 16667 14600
15590 16117 15508
15548 16835 14795
15293 17658 13609
15035 16910 15136
14683 17920 14307
12945 17257 16246
12890 18009 15438
18871 12557 11867
18760 12493 12383
18534 12905 12930
18287 13406 13522
17756 14446 13992
17580 13491 14685
16846 15980 13787
16793 16096 13670
16614 15771 14648
16605 14417 15562
16592 15969 14411
16499 15512 15041
15997 16042 15138
15944 15594 15461
15755 16775 14430
15723 15408 15842
15608 15149 16235
14955 17874 13349
14198 15708 16613
14163 17815 14684
14037 17335 15506
13941 17035 15778
13760 17300 15753
12120 15742 17242
18909 12506 11726
18671 12693 12513
17867 14983 13197
17861 13827 13998
17782 14870 13271
17380 13663 14819
16713 14002 15430
16467 15497 15239
16407 16306 14356
16343 13766 15963
16057 14972 15829
15451 16952 14870
14888 17549 14703
14803 17935 13411
14708 17414 14858
14671 17479 14848
14270 17963 14661
13973 17391 15467
13858 17132 15860
13458 16613 16467
13247 18139 15186
11799 16992 16532
19007 12063 11170
18674 13300 11872
18128 14666 11961
18078 14242 13181
17538 14020 14460
17457 13505 14808
17346 14555 14693
17238 13051 15232
17109 15183 14264
16791 15014 14889
16725 15405 14764
16572 16243 14013
16569 16593 12149
16479 16392 13939
16443 16379 14030
16309 15543 15095
16011 16840 14017
15732 16761 14506
15704 17302 13380
15301 16053 15871
15277 16094 15909
14633 18106 13326
14439 17913 14625
12108 17651 16163
19012 11806 10151
18515 13558 12204
18173 12779 13949
18090 14607 12298
18049 14206 13192
17656 14286 14253
17562 12886 14814
17204 13943 15106
16831 16251 13607
16802 15247 14753
16796 16070 13748
16622 15903 14614
16473 14369 15608
16141 17003 13444
15492 16386 15343
15370 17413 14049
15318 17428 13888
15287 15610 16270
15152 15745 15994
14590 17476 14976
14437 18120 13631
14410 18023 14554
14379 16576 15863
14313 16469 16129
14033 17567 15317
13816 17497 15462
13415 17981 15275
12936 18658 13952
11107 16158 17107
18736 11941 12472
18541 13426 12469
18528 13412 12671
18506 13816 12116
18414 12462 13415
18310 14113 12049
18236 13529 13410
17928 14568 13208
17768 12681 14637
17515 15335 13498
17367 14602 14401
17229 15562 13810
17193 15414 14003
17111 15880 13440
16927 13928 15252
16729 14398 15389
15796 16918 14220
15233 16051 15948
15172 16817 15133
15146 16955 14943
15109 17020 14933
14947 16084 15981
14458 17495 14992
14434 17536 15030
14413 14761 16947
14296 16673 15945
13896 16154 16552
13401 17538 15674
13266 17788 15527
13046 15230 17266
12894 17079 16294
12746 18103 15360
12338 18064 15757
10982 15809 17192
18723 11959 12814
18495 13579 12411
18286 14235 12575
18283 13992 12736
18154 14424 12422
17584 15080 13634
17360 15412 13786
17007 16134 12234
16996 13986 15233
16940 14477 15105
16674 15852 14456
16673 15732 14624
16577 14459 15451
16338 16791 13573
16223 15487 15269
16212 15113 15554
16083 16055 15068
15979 16846 14052
15977 16851 14056
15693 17073 14364
15216 15316 16345
14499 14564 16932
14384 16101 16491
14143 17449 15329
14001 17881 15085
13570 17488 15638
13479 18538 13362
13227 16177 16811
13017 15754 17173
12398 18216 15314
