50 3
19133
682 893 288 38
631 354 848 393
743 147 596 507
749 692 743 584
884 333 307 575
948 241 961 449
843 577 140 791
772 846 694 684
737 992 318 193
743 833 347 166
958 578 114 795
661 121 804 544
629 582 312 353
818 638 532 367
967 183 60 915
867 491 966 686
760 600 744 703
544 947 943 5
987 608 119 590
717 914 410 89
578 401 24 789
722 45 804 874
613 229 720 563
557 172 160 682
601 654 701 283
817 507 44 995
767 810 96 171
730 629 378 76
868 160 493 741
534 294 214 418
580 444 665 153
853 434 938 849
788 399 97 642
943 877 223 311
799 373 893 902
962 799 910 396
579 873 393 632
688 215 808 333
871 74 688 857
916 693 234 282
644 217 634 174
976 160 945 54
546 560 979 805
899 820 347 585
893 587 290 986
856 300 492 366
628 238 842 281
820 831 815 119
975 58 897 375
623 850 805 484
4350
13953 19630 11398
14123 16919 15510
14042 14193 16633
14110 18582 13937
13858 18148 14679
14005 18555 14112
13954 17234 15519
13672 17024 15755
13709 15721 16404
13883 18501 14376
13736 16582 15885
13740 19156 13595
13456 19898 12255
13575 17079 15811
13911 17851 15128
13564 16611 16277
13517 17110 15915
13299 18186 15041
12868 16826 16251
13015 17292 16039
12889 13617 17406
12638 14586 17272
12245 17356 16329
11534 14431 17668
11511 14397 17720
10703 15544 17397
18581 13059 10951
18095 15224 11726
18030 15502 10445
17914 15506 11631
17783 15018 12259
17574 16472 10795
17199 15444 13057
17250 13983 13747
17140 14664 13725
17169 15228 13421
17158 16628 12203
16911 14540 14040
17139 15497 13240
16796 17353 11783
16814 17158 12131
16652 16953 12683
16617 16286 13443
16532 16242 13512
16351 15954 13948
16457 17138 12884
16465 16588 13278
16221 17728 12921
16351 14880 14651
16019 15508 14605
16256 15557 14299
15930 15293 14915
15919 14162 15174
16079 15449 14477
15749 15046 15033
15849 15230 14992
15708 15055 15220
15635 17553 13571
15609 17654 13720
15729 15847 14892
15341 13831 15598
15556 18140 13199
15346 16962 14417
15407 17354 13993
15476 16134 14753
15412 16484 14749
15068 17014 14677
15206 16661 14877
14832 18144 13860
14809 16803 15072
14916 15576 15631
15039 18345 13578
14663 14830 16023
14569 18252 14035
14788 18873 12942
14507 17059 15121
14298 16704 15591
14359 17096 15167
14329 15042 16120
14446 16593 15460
14275 19271 12813
14194 19208 12890
14404 19358 12649
14125 18124 14563
13955 17997 14760
14080 15414 16309
14042 19214 13214
13797 14198 16856
13932 17288 15317
13859 16172 16139
13736 15944 16237
14060 17517 15236
13737 13564 16881
13610 16401 16163
13565 15101 16862
13197 19492 13528
13335 16200 16462
13202 17279 15819
13038 15399 17026
13021 19684 13488
13065 19830 13120
12934 17508 15850
12683 16440 16568
12870 19084 14563
12943 19776 13384
12661 14153 17446
12173 17037 16459
12490 16478 16776
12273 13955 17620
11878 13901 17740
11885 16939 16524
11677 14984 17413
18367 13787 11209
18238 14426 11668
17931 15489 10944
17724 14238 12927
17742 16202 11405
17439 15580 12760
17560 13610 13291
17341 16245 12310
17355 14457 13355
17187 16889 11578
17320 15785 12804
17044 15100 13591
17115 15987 12839
16846 15852 13267
16830 15453 13721
16890 17158 11801
16704 15546 13738
16683 16670 12759
16553 16919 13065
16718 14836 14207
16551 17142 12673
16626 17349 12324
16347 17975 12149
16431 14715 14623
16007 16443 14048
15885 16389 14312
15864 17410 13391
15717 16117 14654
15603 18189 13088
15785 18004 13306
15579 15396 15157
15652 18856 12072
15307 15965 14983
15497 17906 13371
15161 18920 12212
15296 17351 14130
14927 18535 13224
15158 15809 15421
14893 16399 15233
14937 15013 15820
14940 13825 16046
15015 16626 14944
14952 15986 15549
14645 16670 15167
14779 17564 14592
14640 15492 15744
14628 18633 13450
14725 17279 14747
14550 15838 15721
14657 18385 13570
14415 19261 12484
14475 17695 14638
14387 14952 16301
14509 18842 13255
13911 18726 13842
13887 16851 15666
13818 19064 13699
13507 16725 16065
13518 18969 14028
13473 18495 14536
13578 17502 15491
12789 19943 12882
13188 18183 15178
12891 16860 16199
12926 14684 17207
13108 18817 14357
12330 15713 17000
12559 15180 17187
12177 17805 15925
18233 14636 11116
17742 15632 11936
17725 15045 12410
17388 14046 13487
17290 16274 12034
17277 15144 13440
17095 14456 13729
16976 16315 12732
16916 15948 13063
16984 15499 13467
16622 17492 12082
16828 15044 13855
16673 15932 13604
16684 15416 13947
16566 14825 14241
16249 14027 14912
16158 14597 14899
16114 17918 12550
15982 15092 14738
16090 17240 13549
15980 15560 14691
16054 14212 15113
15980 18471 12129
15869 14065 15236
15829 16743 14151
15723 16460 14434
15452 18675 12350
15579 16470 14454
15478 17166 14348
15193 18037 13417
15200 17196 14245
15276 14337 15743
15054 15264 15659
14987 16951 14754
14928 18863 12613
14915 15449 15675
14963 16454 15083
14983 17813 14027
14593 15543 15748
14701 17656 14488
14657 17510 14856
14570 16366 15350
14579 17602 14752
14467 16243 15751
14287 15450 16077
14047 16525 15767
14228 15808 16026
13901 16881 15575
13928 16614 15736
14020 15675 16213
14033 17905 14864
13357 18857 14306
13564 14154 17007
13208 17575 15791
13269 17967 15367
13319 18671 14550
13033 17899 15523
12693 15708 16913
12949 14251 17381
12778 18031 15507
18376 13838 11058
18254 13504 11977
17685 15362 12179
17514 15848 12118
17581 14329 13239
17664 14653 12834
17351 16666 11610
17326 15184 13131
17043 16489 12478
17089 16435 12515
16785 16674 12590
16367 16013 13746
16118 16446 13911
15992 17864 12814
16028 16093 14339
16079 18426 11396
15760 16758 14018
15665 18856 11653
15709 14497 15314
15682 17415 13783
15436 18438 12845
15145 15146 15633
15204 15629 15282
15037 14733 15842
15032 16842 14895
15062 17549 14045
15024 17688 14159
14959 18066 13784
14584 16281 15488
14440 18271 13958
14500 17900 14293
14807 17793 14374
14263 14989 16234
14175 16476 15689
14176 17129 15169
14067 16553 15665
14234 19495 12269
13668 18792 14163
13538 19145 13870
12589 13764 17516
12422 14549 17545
18108 13349 12268
18181 14398 11831
17393 16754 10700
17456 14201 13409
17161 12885 13890
17234 16628 11873
16926 16474 12712
16683 15076 14080
16624 17789 11979
16374 14155 14742
16145 16131 14076
16143 14617 14688
16141 15562 14341
16115 17445 13204
16064 13880 15035
15993 17391 13468
15789 15788 14764
15570 15408 15020
15527 17140 14093
15705 17758 13315
15358 16644 14659
15238 18511 12909
14870 17195 14648
14868 17455 14534
14740 17105 14826
14581 19206 12687
14525 16889 15264
14240 16008 15823
14582 19534 12076
14206 16327 15821
14221 17020 15310
14086 18485 14132
13854 18786 13768
14098 14688 16438
14164 18393 14236
14017 19362 13177
13818 17286 15605
13754 18241 14565
13551 18403 14640
13462 18027 15002
13128 18993 14199
13343 15815 16676
13124 19933 12422
13226 18369 14934
12701 18451 15263
12500 19716 13613
12571 18518 15094
12001 14299 17602
11636 13668 17950
12164 15126 17307
17372 16023 12089
17449 14708 13244
17211 16769 11596
17160 16527 12215
17083 14104 13844
16999 13788 13958
16816 15636 13631
16556 14539 14384
16452 13468 14657
16325 13808 14780
16261 18241 11614
16124 16027 14371
15916 16862 13939
15800 17108 13716
15434 14709 15545
15071 18760 12666
15113 16905 14818
15203 16369 14969
14849 17660 14388
14615 14416 16261
14801 18782 12980
14385 19009 13007
14282 18628 13791
14318 18217 14222
14036 14633 16581
13915 14473 16727
13718 18676 14232
13477 18753 14294
13194 19971 12089
13277 15003 16927
13276 14056 17072
12662 17003 16379
12431 18480 15253
12904 16757 16433
12353 15280 17174
12104 19471 14236
18315 13549 11924
18015 14978 11735
17896 13478 12772
17795 15141 12206
16931 17549 11351
16517 17979 11608
16554 13657 14470
16505 15183 14246
16291 16013 14076
16354 16396 13510
16337 16861 13540
16141 17482 12930
15974 17473 12978
15912 15932 14453
15798 18004 12887
15496 18379 12717
15255 18150 13281
14840 18601 13149
14868 18922 12741
14771 16978 14834
14607 18544 13550
14788 17998 14228
14431 18934 13151
14363 18691 13714
14103 18001 14660
14268 18300 14350
14158 15322 16413
13750 16932 15859
13679 15670 16534
13623 17753 15193
13453 19386 13520
13564 18300 14874
12925 16194 16622
12598 17645 15989
12309 16276 16811
12288 15907 16952
17878 14346 12655
17783 16023 11486
17354 13168 13642
17334 14147 13673
17100 13532 14012
16672 17888 11393
16680 16533 12868
16730 14824 14139
16441 17979 11938
16493 17301 12607
15811 17576 13250
15826 14748 15153
15350 13236 15697
15186 17930 13686
15064 17876 13950
14951 14928 15958
14642 19377 10763
14785 19372 12001
14325 16927 15424
13833 17943 15024
13630 17973 14952
18018 13532 12508
18070 14671 11889
18111 14302 12035
17884 14381 12415
17843 15674 11509
17219 16191 12574
17220 14584 13559
16942 16886 12008
17028 16043 12939
16817 13913 14114
16284 16300 13714
16111 16677 13738
15719 15172 15001
15707 15442 14967
15627 14992 15297
15270 16311 14881
15143 18120 13545
15118 17915 13890
14369 17412 14921
13744 14902 16612
14042 18339 14500
13434 18928 14073
13111 17033 16045
13066 18129 15442
12337 18651 14983
11840 16371 17013
17986 14174 12205
17549 14092 13263
17479 13296 13472
17539 14525 13004
17056 14348 13839
16489 15601 14148
16335 17084 13148
16187 16410 13805
15880 13271 15243
15933 17630 12986
15710 14587 15267
15374 18325 12981
15275 15847 15158
15174 17297 14394
14632 16714 15224
14550 16827 15150
14397 17787 14534
14182 17571 14972
13814 14729 16673
13596 18877 14132
13659 19226 13575
13712 15451 16563
13542 14472 16932
12916 17678 15707
13025 15502 16792
12860 14894 17140
12771 18547 15059
12286 16242 16863
12546 18313 15439
12040 18582 15337
11819 16374 16929
18344 14370 10964
18107 13938 12296
17798 13886 13073
17544 15327 12315
17442 15549 12416
15742 17356 13655
15485 17273 14079
15377 15125 15268
15153 16273 15144
15199 17502 14049
15011 15346 15530
15030 18646 13087
14814 16339 15349
14689 15316 15835
14186 18843 13676
13874 16270 15913
13508 19457 13231
13612 17285 15659
12683 15961 16832
11977 19203 14495
11959 17912 15853
12187 15160 17255
11656 15547 17224
17890 14850 11905
16867 14992 13769
16791 13468 14261
16454 17785 12520
16355 18245 11403
16247 14972 14565
16068 16835 13624
15043 14293 15894
14519 17841 14270
14477 16705 15336
14485 18490 13814
14226 17686 14765
14501 14109 16366
14115 16737 15593
13705 18944 13916
13516 15438 16652
13579 16198 16285
13336 14690 17047
13086 14212 17121
12744 19478 13906
12585 17748 15755
12420 18012 15719
12480 15450 17079
12582 18986 14628
12143 18502 15316
12023 16586 16724
18034 14832 12150
17953 15399 11697
17623 15837 11980
16558 14071 14431
16225 17921 12413
16429 15660 14276
15596 17212 13867
15629 16854 13957
14984 15891 15272
14818 17035 14806
14683 16528 15208
13313 15600 16727
12954 18993 14371
12524 17356 16179
12326 18183 15449
18201 15168 11022
17753 14218 12825
17038 17359 11722
16623 15385 14122
16401 16338 13451
15836 18246 12687
15364 15585 15148
15386 15113 15405
15160 18592 12823
15090 18587 12959
14920 16622 15066
14450 15712 15934
14224 19029 13432
13962 17238 15362
13910 19552 12806
13870 15224 16478
13404 15846 16501
13379 19307 13746
12947 18664 14807
12594 18641 14892
12107 17709 16129
17900 13459 12724
16745 15808 13523
15257 17082 14457
15177 18119 13333
15073 14982 15694
14695 15707 15711
14662 16058 15550
14070 14609 16472
13221 15631 16790
13197 18617 14814
12860 19222 14230
11749 14798 17467
17925 13782 12629
17025 17553 11140
17028 16805 12001
17038 14709 13715
16977 16340 12639
17018 16731 12189
16872 14068 14052
16496 14598 14512
15419 18799 12473
14436 19104 12801
13791 15818 16393
13534 17377 15555
13174 16376 16428
13382 16796 16059
12477 19176 14462
17810 14246 12662
17134 17189 11352
17112 17267 11446
17113 13351 14072
16753 16766 12555
16747 13940 14222
16793 14786 13947
15815 13777 15388
14253 18758 13724
13289 19105 13921
12803 16010 16736
12366 19543 13989
12555 17681 15857
12240 14734 17327
16690 13744 14439
16259 18111 11800
16160 17336 13345
15729 18436 12316
13814 15852 16341
13147 15480 16808
13106 16164 16602
12905 17210 16173
12508 18180 15495
18136 14764 11310
17580 15196 12616
16856 16378 12916
16519 16393 13132
15613 16714 14273
15461 18887 11563
15304 18817 12265
15150 19050 12180
14577 17155 14917
14275 15360 16150
13892 18931 13696
13688 19777 11932
12770 20147 12596
11670 15392 17382
12247 19090 14638
18529 13034 11660
18290 14664 10953
17579 16450 11428
17212 15869 12785
16794 14159 14051
16788 16449 12887
16734 16324 13180
16008 16894 13752
15112 18253 13228
14983 18744 12785
13794 19893 11599
13964 18431 14396
13267 19530 13195
12840 20185 12263
18137 15312 10816
17939 14183 12517
17500 16196 11466
16804 16420 12976
16045 18403 11843
14981 16131 15274
14919 19164 12122
14743 16121 15473
11935 15659 17120
12022 19677 13987
17857 16092 10571
17367 14961 13200
16519 17805 11449
14656 19211 12534
14492 18819 13378
13718 17568 15376
12945 18304 15099
12558 16690 16602
12184 15841 17085
11554 16667 16704
17749 14791 12764
16739 16340 13179
16546 15769 13747
16317 17558 12551
15840 16498 14171
15506 16488 14538
15272 13923 15782
14712 14361 16086
14457 15431 15929
14356 16778 15556
13972 18888 13685
13569 17581 15376
13172 19640 13491
12879 18818 14680
12867 15729 16877
12387 19807 13479
12643 15345 17146
17235 13405 13808
16672 14105 14315
15207 16909 14607
15147 14678 15680
14659 17042 14903
14171 17593 14892
13047 19209 14010
12283 17542 16085
16720 17353 12113
14297 18062 14368
12336 20001 13181
16404 16196 13702
15951 16797 13887
15090 19109 12308
14475 18369 13921
14301 19100 13199
12747 18485 15070
12247 20201 12724
12696 16337 16802
11411 15944 17079
16059 13765 15096
15849 18246 12268
14483 14731 16198
14344 18895 13428
14252 15326 16202
12117 19368 14470
11491 16859 16648
18168 14330 11872
17553 15741 12184
16859 16277 12995
16563 17397 12403
16019 15031 14905
15482 15714 14953
15109 18350 13442
14404 18427 13891
14066 16261 15936
13888 17382 15401
13551 19278 13354
12812 17454 16114
12517 17861 15800
11384 14167 17815
17188 15545 12947
16602 14424 14276
15230 19140 11807
15028 18996 12444
12918 20093 12367
12677 18801 14811
11282 14930 17533
17965 16008 10590
17510 15100 12820
17442 16119 11885
16905 16611 12406
16432 15041 14267
15614 18614 12272
14738 16997 14941
13036 16729 16228
15899 16527 14029
14214 18004 14523
13860 16260 15990
13806 16383 15958
13091 18334 15097
17667 15044 12720
15946 16781 13888
14417 14941 16131
17392 16487 11691
14631 16890 15073
14580 15235 16053
13326 17871 15206
16204 16596 13776
16258 18318 11650
15768 15473 14792
15669 16620 14344
15472 17701 13716
13951 15886 16288
13275 19400 13632
17304 16927 11315
17139 15945 12583
16720 17619 11609
12997 18505 14827
12220 18082 15560
16746 12127 14450
16021 14563 14952
14734 14766 16011
13738 14511 16736
13037 16342 16481
17381 16145 11807
15176 17019 14534
13940 19650 12315
13956 16755 15731
13813 16239 16088
13015 16538 16304
13205 19863 12442
12512 18948 14961
11914 16222 16931
11971 20323 13002
16828 15521 13555
16396 16746 13308
15925 15757 14638
15628 14434 15391
15418 16585 14531
14219 19594 11959
12674 15183 17072
12767 17563 15973
12207 15875 17033
16771 14564 14056
15249 15079 15458
11675 16704 16639
17606 13841 13184
16078 18127 12209
15543 18248 13216
13677 18661 14321
13155 14314 17095
11496 15766 17170
17710 14061 13026
16715 17404 11748
15093 17234 14471
14376 13981 16536
17058 14685 13640
16964 13809 14141
13629 19674 12630
12763 19274 14192
11648 19576 14150
15613 13766 15514
15471 18568 12508
14230 15974 15924
13559 17730 15252
12833 16891 16303
12780 15976 16788
12386 13339 17554
12073 19919 13368
11966 17407 16232
18244 14899 10529
17438 13556 13555
15850 17498 13161
15847 18671 11871
14244 15127 16297
12605 14781 17309
18429 12096 11690
17060 15499 13137
16523 15991 13658
16307 14913 14437
15282 14728 15619
15257 18860 12551
14950 15315 15705
14776 19021 12486
14520 18169 14130
13935 18529 14129
12687 19895 13203
11594 18234 15674
17792 15432 12128
15506 14250 15505
15340 18607 12515
10840 16175 17039
17342 14638 13295
15469 15785 15106
15135 13640 15845
14710 18090 14124
12975 13422 17290
12266 16793 16518
14660 13487 16262
14750 18687 13186
13615 19869 12282
12376 16875 16384
18494 13911 10842
16141 15085 14641
15262 15381 15343
12865 19394 13792
12682 19531 13831
16899 15361 13537
16907 16871 12350
16089 18107 12341
13375 19478 13416
18143 13777 12035
17923 15920 11500
17492 15089 13030
15596 15505 15012
13407 17614 15567
12914 16504 16514
12349 20249 12403
17562 15863 11902
16959 14946 13630
16933 15674 13368
14891 14294 15983
14428 16412 15564
12765 19803 13307
12653 15746 16883
15515 14772 15468
17986 13295 12532
17988 15414 11355
13275 19090 13949
12814 19516 13573
14414 17303 15062
14275 14237 16482
11629 16506 16848
17491 16159 11576
15335 16990 14561
15314 18384 13109
13622 16521 16065
11040 14697 17743
15134 16342 15007
14235 14476 16385
18424 13815 11046
18289 14798 9878
16313 18010 11518
16454 16899 13277
16024 16558 13950
14858 16464 15285
13594 19714 12428
12595 19407 14096
16254 16064 14039
15246 15934 15158
12922 18416 15113
16582 16626 13015
15375 17852 13635
15214 16665 14720
14802 18309 13634
18437 13883 11005
16626 17615 11820
11918 19005 14798
16576 16953 13013
14061 19475 12658
13979 16789 15679
13535 19644 12929
17964 14736 12354
13221 13715 17142
13227 17632 15516
12555 18047 15556
13599 18753 14217
15195 14274 15820
14221 19528 12491
13513 19821 12603
13457 19215 13850
14096 13511 16605
18310 13766 11278
13763 15268 16533
13294 17380 15675
16929 14628 13933
16471 16434 13247
16960 15753 13113
15219 16201 14997
14303 18599 13744
12622 15540 17024
12447 17776 15935
12884 19542 13556
17475 16562 10991
15247 15547 15411
12776 16857 16314
11920 20081 13621
13585 19528 12998
12044 14021 17659
12208 18130 15603
17835 13965 12869
11098 15598 17277
18376 13682 11523
17027 16140 12831
16795 14707 14028
12377 16488 16637
18222 13126 12026
16652 16722 12811
15168 14421 15724
13814 19392 13105
12776 19695 13660
18290 14508 11418
17848 16146 10701
15475 15011 15371
14857 18497 13557
13976 16307 15891
12073 20371 12681
11837 17858 16117
17406 16192 11677
16539 17635 12018
16728 13448 14510
14153 17842 14680
11979 17304 16466
14423 19154 12935
14000 17024 15405
12909 18519 14879
11736 14427 17616
15867 17920 12584
15787 17536 13353
13355 17772 15251
16750 12886 14361
16431 18245 11073
15542 17797 13512
14352 15524 15959
11840 15236 17242
11259 13095 18056
16627 17195 12394
16509 14028 14538
16223 15908 14138
11923 18319 15514
18418 14080 10270
18165 13098 12189
16208 14864 14675
15513 17499 13835
14253 16384 15793
12992 19138 14299
15363 15459 15307
17398 16732 11333
17337 16754 11380
17199 16449 12284
15373 16647 14582
13724 18174 14667
13381 15812 16553
13449 18470 14699
13430 18674 14413
15466 17478 13933
15114 16344 15084
13557 18940 14016
17399 13641 13528
13103 19815 12763
11831 18476 15388
17261 15999 12319
14880 18486 13335
13181 19723 12867
16931 16979 11882
16795 15986 13340
14103 17381 15066
14417 17170 15132
12085 15396 17199
16805 17302 12123
14142 19129 13172
18053 13960 12275
16934 16545 12353
16255 16515 13743
16250 15166 14423
13902 19095 13517
13857 18621 14025
17523 15970 11836
17208 17097 11076
12790 19126 14434
13380 16199 16300
17167 16750 11921
16668 12814 14535
15124 17662 13909
14582 14767 16100
17453 15456 12542
14430 15827 15884
12867 19851 12986
18255 12915 11949
13022 19885 12743
13235 16728 16213
12619 17082 16178
11571 18796 15058
18050 13910 12459
16862 13308 14243
16726 13585 14372
13108 20009 12037
15820 13330 15371
15793 16556 14230
15315 17911 13763
14965 17564 14219
14731 15190 15948
12296 13522 17794
16482 13372 14729
15526 17264 13892
11965 13049 17849
17974 16130 10308
16673 14264 14258
15374 14075 15570
14810 17201 14622
13957 13726 16770
13019 16411 16513
13571 18524 14435
17596 14274 12925
16843 14894 13916
14319 18542 13731
14157 15709 16160
13257 16292 16358
14469 15775 15798
13666 15889 16387
12873 17846 15690
12387 19355 14166
14685 15979 15602
15546 16935 14239
18061 15332 10890
15488 16681 14327
14140 17234 15146
13296 18465 14730
15519 16052 14882
13921 15574 16324
13651 14906 16746
11898 18767 15016
11184 17129 16530
18379 12583 11925
14861 17676 14170
14906 19197 12344
14250 18005 14396
12112 16616 16651
16855 14648 13900
13361 19657 12829
17330 15932 12429
16797 16571 12605
15276 16757 14673
12285 19759 13800
17210 16923 11526
16372 15100 14395
13636 17471 15387
12668 20099 12917
17759 16185 10718
17027 17379 10981
16727 16057 13311
15645 17817 13443
17038 16473 12479
15480 16698 14395
14427 18680 13491
16562 15723 13962
16323 17297 13148
16146 16612 13686
16393 17292 12725
16031 18061 12486
12365 15648 16948
11687 17407 16382
16858 16545 12683
16844 17718 10693
14345 18977 13234
13668 18227 14685
16438 15853 13728
15659 15231 15129
13936 18056 14783
16535 16684 13074
13936 15906 16077
12443 19287 14318
11838 14239 17774
11493 20284 13376
18351 14709 10900
13840 18730 13968
12451 17179 16201
17197 17117 10944
15657 17054 13930
13229 17012 15980
13157 18809 14494
18406 14411 10815
16494 14677 14431
15834 16155 14391
14747 19226 12317
17313 13428 13725
15832 14641 15003
14490 19046 12969
13761 17400 15393
13022 20000 12481
17114 15962 12932
16618 14652 14248
16085 16190 14204
13035 20000 12062
12319 18665 15209
16303 14315 14760
12832 18939 14635
12006 14690 17543
18239 13837 11640
16249 18430 10855
14222 17827 14813
17379 16842 10470
16166 13835 15045
14915 17601 14201
14311 15403 15996
13589 19200 13592
11944 15645 17159
16977 16866 11927
15899 14456 15058
15854 16948 13806
13712 18118 14681
13201 17755 15541
11693 15426 17330
15607 18382 12580
12879 18452 14981
16819 17060 11921
15791 15320 14811
15030 13614 15977
14474 19396 12316
16684 15777 13698
14958 18282 13655
14862 18772 12855
14263 18832 13505
13762 18822 13864
12572 14796 17205
15636 16054 14731
13181 19701 13046
10601 14804 17793
15955 16573 13817
13889 16020 16062
13798 14835 16548
14419 18900 13275
14344 17881 14549
16919 13868 14124
14021 19059 13360
11238 15459 17396
11549 17760 16182
11073 13384 17988
14600 12853 16287
14766 18924 12691
13122 13661 17255
13014 15932 16612
11926 19849 13510
17216 12601 14011
16651 16037 13468
16363 14256 14632
17279 16367 11908
16130 16128 14153
13657 17176 15800
15395 16071 14830
11261 15850 17106
17437 13397 13612
17286 15266 13158
12382 13327 17678
16815 15904 13319
13546 18173 14949
12325 20109 12828
16747 17071 12209
16143 18006 12059
12427 20157 12507
16252 16182 13889
17892 13993 12706
13721 18807 13953
13364 18016 15134
12248 19312 14355
15940 13905 15218
15875 17661 13090
14128 16455 15787
13430 19549 13127
13564 15488 16609
15846 15885 14629
14749 13034 16240
12255 20186 12899
15491 17166 13929
12268 20186 12480
11899 15249 17202
15279 18612 12610
13708 19636 12402
12513 19613 13847
15958 12584 15158
15448 16459 14563
14524 17087 14989
13810 19684 12081
12902 16160 16674
15750 17184 13674
15659 17381 13835
14959 18099 13587
14482 16241 15613
13682 15139 16599
13532 13667 17095
12952 17431 15815
17681 15810 11829
17653 13277 13158
15169 14974 15551
14454 16671 15388
13279 18762 14543
12561 15777 16946
15606 16820 14009
15323 17426 13967
15412 17760 13844
14551 18274 13821
16285 17449 12663
15081 16315 15233
14114 15857 16076
18118 15360 10727
16270 15142 14348
15467 13738 15581
14561 15663 15849
13837 14565 16623
10771 15756 17223
17577 13090 13472
15012 17632 14173
14608 16856 15125
14296 16152 15822
11780 18700 15112
17671 14146 12999
15125 16598 14954
13527 19253 13517
13006 16662 16330
12022 20129 13300
18043 14202 12042
14640 13972 16156
12292 20108 12970
11326 19339 14487
11750 19172 14516
11704 15597 17181
16378 16304 13503
13301 16866 16039
11448 19810 13884
15901 16448 14110
15550 16794 14191
14272 18531 13996
13042 16445 16461
17569 16566 10780
12853 17368 15857
17559 13451 13348
16649 17056 12462
13985 17272 15310
18553 13977 10496
16057 16367 14090
13676 15041 16645
11843 18452 15424
16472 16301 13640
14462 13786 16420
14187 17120 15209
13178 20180 11607
15043 14364 15762
14622 17009 14931
13854 19834 11471
12878 19291 14026
17209 16271 12112
15187 15954 15146
15176 18797 12628
14346 17091 15236
17522 12098 13526
15065 13953 15876
14389 16335 15647
11875 19607 14129
17417 16014 12108
16805 15130 13816
14607 15458 15886
18433 13710 11360
16973 15592 13341
15592 13926 15440
13165 15119 16932
12037 14896 17402
16175 15494 14376
17839 14608 12524
15574 17087 13910
13851 15003 16494
15493 18885 12045
15077 15746 15498
13628 14277 16816
13690 16733 15891
12382 19125 14475
12307 15679 17052
18192 14661 11244
14596 18748 13313
14629 18193 13907
13220 16018 16537
12184 15362 17190
15946 15352 14713
15898 12643 15286
14460 17002 15149
12837 17659 15769
16746 16957 12472
16190 15225 14551
13728 18363 14552
13407 18657 14498
16644 15605 13866
15897 16957 13797
13997 17656 15012
13283 19749 12725
14422 14700 16373
14128 18144 14384
14144 16169 16040
16060 15022 14718
14026 19664 10771
14081 16954 15425
11695 19221 14611
16200 16224 13949
14545 17791 14434
14663 19318 12265
15294 15530 15298
13788 19498 13070
13189 20072 11960
11433 19149 14858
15680 17088 13878
14946 17780 14055
17012 14264 13862
16330 17340 12804
14284 18330 14052
13173 19467 13691
14882 15210 15767
14204 15730 16062
11761 18380 15592
17402 15184 12801
17243 16750 11591
15401 18946 11691
14245 17775 14705
13966 19723 10899
17014 13319 14209
16274 16692 13572
14632 14119 16171
13103 19141 14162
17621 16538 10518
15942 16212 14153
14303 17560 14803
14006 16522 15840
13664 19752 12095
12085 19151 14716
11319 16394 16878
12857 17256 16071
12409 14652 17311
18636 12545 10463
16184 15968 14243
15831 14301 15136
14760 15534 15711
14350 15992 15912
13205 19074 14103
18457 14653 10196
14813 15281 15758
14751 18214 13840
14713 16882 14993
13453 17608 15426
12333 20458 11921
11317 15797 17119
11551 18836 15005
13136 19100 13952
17982 13810 12466
17471 14370 13082
16254 16950 13282
12920 19952 12802
12127 15247 17201
16924 15877 12953
16430 12590 14766
16279 15669 14207
15090 13555 15849
13840 15366 16331
13629 13648 16862
12791 17928 15741
12279 15129 17192
11707 12317 17945
17457 16610 10906
16912 15200 13765
16768 17718 11023
15776 18305 12815
14928 15751 15560
13578 19432 13249
13199 16933 16098
15313 18516 12756
14519 12790 16364
16327 13340 14827
14629 18902 12915
13977 14946 16461
13799 18715 14057
13413 16301 16289
18396 14608 10249
16558 14948 14250
15694 13829 15437
11840 19835 13630
16922 15781 13203
16559 16592 13067
16497 14040 14606
16208 17922 12339
15363 15972 14895
14324 12975 16565
16535 13820 14436
16548 14136 14428
16315 16456 13615
15780 16557 14299
15555 13862 15458
11654 14950 17465
18020 15450 10927
17377 15661 12530
14448 18573 13523
13240 17529 15750
11929 14485 17548
17462 15578 12260
15978 16145 14371
14921 16061 15332
14609 16668 15257
14464 17227 15104
13988 18783 13837
13678 16613 15989
13386 14375 16985
13264 18932 14098
12432 18702 14970
11108 14909 17569
17620 15266 12282
17033 14594 13776
16590 14072 14391
16569 16341 13100
16026 18358 12174
14698 18526 13530
12762 19488 13820
11888 19504 14363
16076 18301 11759
15790 16239 14468
15331 16421 14826
14839 16559 15143
14245 17481 14911
12258 18215 15504
17662 12276 13208
17501 15471 12326
17106 14683 13713
15991 15685 14491
15881 15820 14577
13873 15978 16184
13134 17067 15993
11677 19674 13991
17103 15999 12907
16430 15102 14370
15906 15826 14501
15811 16121 14443
15669 18495 12444
15543 16972 14121
14336 17395 14958
14170 15229 16213
12848 20055 12700
18175 12989 12407
17751 15754 11654
16866 16886 12338
15354 13650 15658
15375 18046 13269
14569 18399 13622
13713 16548 15937
13707 19435 13147
13590 19924 11509
13367 19013 14025
11204 19285 14751
17338 16868 10446
16879 17210 11847
14496 15033 16083
13888 16543 15905
11658 16908 16545
17450 16460 11540
17128 15604 13075
16058 13236 15106
15802 17142 13614
15804 17469 13519
14660 18753 13047
14534 19157 12798
12704 18162 15290
11328 14795 17678
18626 13083 10642
18555 12238 11400
17492 15349 12608
16796 14149 14122
16122 16250 13979
14787 13980 16065
14571 15979 15603
14430 14786 16174
13266 14863 16986
11054 18834 15016
14910 18052 13964
13883 19243 13187
13487 18614 14487
13627 19036 13812
12824 20394 11781
12492 20296 12045
12171 19070 14709
17880 15279 12136
16258 13026 14962
16061 15858 14403
14691 18306 13771
14707 18810 13019
14469 15298 16098
14148 14517 16576
13897 19779 11848
12972 17694 15606
17092 12632 14124
15529 16522 14486
15446 15054 15277
15503 13038 15631
15116 13419 15861
14391 15995 15839
15047 18082 13665
15000 13666 16041
14835 13799 16178
14218 17258 15078
13531 17815 15180
13214 19008 14056
10782 15274 17505
18503 14195 9962
17206 13989 13708
16724 14001 14312
14574 16294 15564
13609 16003 16175
17782 15022 12355
14980 19187 11800
14739 14015 16101
14579 13424 16339
14502 15327 15949
13308 18120 14994
17598 16504 10570
14116 19300 12786
14090 19270 12827
12912 14372 17275
12650 18954 14573
12153 20138 13220
17957 13487 12561
17679 12663 13123
16824 16026 13037
16619 16251 13270
14683 18221 13865
14496 12539 16369
18157 13632 12171
17508 16521 10833
17502 15496 12233
16900 15335 13541
16077 18600 11555
14872 18594 13335
14721 15555 15667
16896 16677 12453
15554 16935 14146
14961 15857 15324
14185 13190 16730
12233 17979 15794
17067 15212 13499
15437 17965 13499
15252 15813 15210
14207 14060 16496
12222 15095 17203
12155 19189 14383
11396 15007 17504
14320 15680 15948
13872 19407 12878
12841 18632 14924
17699 15561 12041
16343 16503 13345
15262 15184 15370
14535 16457 15397
13801 17353 15439
13650 16416 16161
13295 18938 14076
15600 15139 15201
15288 15538 15224
13019 20209 11580
11343 19833 13641
11199 12461 18081
18350 14843 9825
18134 12452 12430
15941 15761 14449
15253 16644 14764
15041 14745 15718
13429 16817 15961
13019 17064 16108
13125 17699 15575
11531 14633 17603
17781 16092 10901
17431 15656 12251
16661 15165 13952
16579 15418 13908
15304 15992 14883
15283 15851 15001
14403 16835 15528
14501 19471 12153
14144 17908 14727
13640 17660 15272
12431 14334 17386
12518 19816 13399
11292 14198 17878
14572 15766 15670
14616 16520 15320
14026 19423 12732
18071 15489 10655
17876 13199 12988
17570 14402 12945
17451 16241 11603
16920 13068 14320
14655 16357 15487
13198 18699 14620
12563 19190 14342
17614 13169 13268
16054 18349 11560
14659 17336 14697
14335 14078 16477
12973 19342 14013
12770 15065 17052
18565 12691 11066
16603 13320 14680
16200 16027 14041
15733 14818 15061
15639 15337 15029
14909 17043 14650
13453 17314 15632
13144 18912 14260
12188 18177 15837
18179 15405 10674
16612 17963 11168
15735 15938 14577
15678 18194 12935
13961 19151 13291
13772 17419 15301
13551 15770 16415
13144 13469 17269
12697 14750 17246
11564 18733 15239
16144 16266 13870
15085 13546 15937
14907 18724 12998
14381 18507 13848
13868 18905 13719
13383 13778 17055
13324 16827 16163
11945 14927 17465
16425 15853 13861
16317 16065 13778
14472 17792 14381
14043 18667 13889
11161 18644 15387
17513 16622 10499
17462 16756 10409
16561 14092 14367
15642 16397 14511
14875 16731 14925
13729 19264 13242
13164 18387 14895
12946 16096 16707
11912 15625 17172
16955 15841 13129
16759 16529 12835
15515 15605 14967
15581 16287 14566
15291 14306 15588
14767 16838 14987
14416 18082 14155
13707 19582 12734
12918 15546 16847
12379 19800 13727
18204 13822 11982
17500 15936 11888
15558 16146 14627
14549 16929 15161
14545 18374 13785
14423 14201 16262
13614 13839 16945
13429 15620 16560
13042 18979 14319
17519 15222 12538
17515 15921 11961
16443 17805 11779
15844 18074 12706
15276 12947 15775
14110 17201 15316
12531 14630 17327
12363 19329 14189
17515 12710 13527
16369 13276 14790
14700 16917 15035
14467 17883 14330
12998 19860 12906
12346 16808 16486
11665 13064 17902
16381 15685 14129
15574 16996 13978
14234 14322 16460
13950 19664 11101
13500 20048 11645
13358 15402 16684
13100 19908 12585
15893 13090 15303
15519 13796 15461
14580 15237 15909
14741 17941 14256
14261 16388 15636
14035 15525 16274
12966 15010 17096
11459 15887 17064
11300 20001 13624
18610 14005 10333
18492 13932 10549
17401 16711 10462
17057 13700 13995
16720 17113 12279
15051 17081 14511
14589 16951 14983
13783 16349 16010
13072 17196 15878
11259 14896 17585
18127 15482 10445
17244 13114 13860
16574 13911 14427
16510 17157 12657
16007 15164 14736
15730 16058 14520
15537 15837 14917
15189 16728 14711
15125 18150 13462
12484 19925 13131
17974 14198 12175
17269 15540 12853
17166 14214 13611
16516 14728 14303
15850 16180 14340
15907 16277 14205
15863 15639 14681
15355 13854 15586
15194 15784 15235
14386 17953 14310
13349 19486 13204
13369 18512 14570
13357 18670 14647
17188 16735 11648
16902 13429 14196
16548 16301 13310
15530 16177 14682
13795 19731 12169
13108 20142 11940
12411 20366 12025
11589 16602 16652
11906 14451 17600
11521 18092 15875
17369 15825 12495
17265 14792 13555
17144 15961 12582
16842 17892 10852
16275 15238 14280
13296 17804 15308
12362 20146 12637
11952 14052 17722
11169 19513 14252
15776 14146 15198
15670 16772 14124
13299 16447 16354
15013 16378 15125
14851 12888 16100
14468 14520 16234
12168 14920 17273
11261 15493 17344
11351 19807 13922
11190 15148 17478
11333 16239 17036
17230 15880 12575
17072 14509 13803
16654 16186 13218
16482 17107 12710
16340 16061 13783
15832 17677 12952
15416 17288 13946
14391 15390 15994
12746 20007 13021
18190 13421 12094
17173 14830 13522
16013 16090 14416
15061 18663 12871
13917 16918 15564
13851 16703 15756
10973 15752 17171
18224 15304 10023
16873 14770 13804
16576 15500 13928
16235 17486 12719
15354 14269 15579
15047 17342 14257
13846 12936 16939
12650 14013 17505
12260 20550 12271
10901 15938 17117
17016 16233 12705
16503 17182 12446
14812 15582 15575
14707 14955 15959
13335 17295 15697
11614 19437 14422
11079 16610 16764
16755 15486 13747
16653 16190 13314
16519 15477 14036
16330 16064 13709
15898 17473 13308
15604 13393 15521
14808 14699 16013
14732 17507 14620
13383 16086 16340
13297 17728 15312
16750 16629 12664
16226 13776 14917
14533 15307 15904
14074 17703 14983
11808 17359 16280
11727 19798 13869
17539 15415 12331
17170 15334 13069
15317 14328 15556
14934 16563 15021
14718 18547 13413
14315 19425 12289
13973 17291 15244
12650 17626 15844
12315 17897 15743
12177 14742 17325
17670 15903 11703
17561 15914 11841
14537 14508 16157
12639 16593 16510
12729 18734 14858
17097 16236 12627
17087 15741 12955
16263 14554 14663
15910 16594 13967
15138 17110 14473
14316 17724 14611
14246 15447 16150
13373 16197 16339
12151 14750 17337
17547 16002 11611
16907 13249 14260
15482 16580 14545
14791 16305 15401
13888 14962 16471
13944 17529 15226
13712 16297 16036
13314 16950 15932
17439 16553 11414
17159 16531 12311
16808 16032 13044
16755 15761 13369
16738 12534 14476
16654 16479 13030
16441 14697 14411
15247 16277 14933
14905 16485 15187
14899 18158 13715
14576 18322 13647
13890 18571 13988
11886 16913 16528
18012 12398 12694
17632 15959 11698
17601 13350 13208
17205 14158 13580
17134 16923 11856
16981 16519 12496
14863 17995 13992
14429 17803 14424
13949 17774 14977
13771 19908 11100
13276 18202 14939
11547 14994 17520
17236 16296 12013
16330 14161 14703
16236 18430 11274
15579 16947 13935
15363 18288 13041
14929 17847 14110
14478 16832 15292
14292 17832 14677
14127 15397 16196
14068 16680 15621
14184 18167 14358
13686 18354 14610
13622 13508 16895
13437 15916 16480
13309 16847 15952
13285 19630 12981
12339 18484 15111
17607 16626 10288
17364 12326 13635
16410 16403 13422
15480 16253 14640
14706 18983 12819
14143 18966 13509
13653 16317 16024
13432 19758 12680
12883 18641 14866
11875 14103 17675
11605 14963 17416
17951 16096 10360
16481 16423 13358
15787 17830 13147
15719 17322 13707
15244 17393 14190
14648 17822 14347
14342 18536 13860
14122 18270 14352
13896 18219 14570
12528 16475 16653
17935 14374 12492
17589 15318 12334
17261 13501 13775
16388 17103 12921
15204 12480 15890
14810 14231 16060
14068 16527 15669
12911 13425 17420
11608 15774 17119
17148 15619 12958
14280 15376 16149
13127 19166 13999
13035 14056 17265
12512 14390 17345
12338 20006 13062
11928 20452 12535
18233 15426 9741
17762 14327 12679
17054 15595 13263
16138 16931 13420
15524 14526 15305
14999 17943 13906
14708 16013 15550
14512 14615 16181
13777 18085 14756
13252 19929 12165
12969 16130 16655
18441 13105 11236
17197 14333 13564
17178 12845 13927
15547 18441 12708
15336 15849 14966
15365 15386 15175
14923 18836 12716
13843 18606 14053
14065 19058 13405
13776 18558 14102
13314 13676 17081
17315 16834 10498
17127 15715 12824
17056 15305 13373
16511 16003 13726
15769 15447 14796
13682 13223 16951
13460 15950 16428
12952 19510 13501
12426 15595 16980
12007 12170 17835
11700 14551 17587
17857 13627 12707
17270 16433 11955
16760 15777 13368
16642 16491 13098
16547 15743 13751
15558 15669 14927
15583 15965 14892
14725 18909 12780
14194 18623 13892
13882 14849 16502
13042 17129 15980
13023 19183 14033
11965 15082 17348
11450 19643 14012
10861 13156 17993
18020 15710 10505
17369 16453 11743
17217 12760 13954
16604 17161 12446
15920 16276 14136
15331 18908 12024
14962 14230 15971
14950 18379 13415
14243 15514 16044
14214 17924 14573
13918 15274 16435
14058 16364 15867
13979 19217 13249
13519 16642 15962
12707 16805 16336
12276 18342 15429
11634 18829 15035
10843 15037 17583
17617 14168 12978
15521 15584 14929
15404 13603 15665
15324 13981 15662
12996 19331 13791
12190 20060 13291
11596 19310 14497
11021 15709 17230
18582 11800 10893
17919 12507 12840
17451 16493 10996
17344 14710 13205
17328 16632 11662
16376 17075 12961
16315 13586 14843
15268 17301 14183
15248 14989 15505
14711 14880 15980
14454 13294 16451
13291 18417 14807
12528 14832 17262
12258 15692 17003
11595 20332 13055
17800 15033 12145
17445 15825 12165
17347 15918 12312
17171 14177 13568
16779 15228 13783
15911 15842 14500
14960 15990 15392
13743 16981 15684
12950 17012 16130
12104 17054 16432
17669 11664 13207
17499 16204 11437
17116 15246 13245
16624 16903 12736
16071 16734 13703
15385 16377 14820
14141 17526 14994
14015 17626 15095
14019 12750 16773
13315 17757 15253
11219 19848 13671
16205 16240 13948
15885 18138 12251
15428 16740 14455
15253 17992 13533
13896 15016 16441
13265 17734 15405
16917 14761 13764
16525 13885 14433
15025 15868 15287
14828 17230 14563
14788 12753 16184
14194 13381 16579
14048 19240 12834
14024 18894 13617
13033 14508 17089
11891 16188 16983
11238 15091 17463
16692 17370 11800
16108 15333 14460
15747 15516 14842
14865 14163 16020
14591 14441 16093
14135 19152 13116
14076 14128 16646
13312 15987 16474
13267 19980 12064
13486 18392 14770
13128 14052 17131
11739 17376 16253
18074 13245 12353
17637 12764 13263
17570 16036 11559
16681 12633 14595
15797 15357 14775
15208 18101 13392
14548 15945 15655
14245 19387 12622
13956 19626 11104
13495 18504 14506
11454 15908 17038
17567 15077 12765
17481 13713 13354
16801 15992 13089
15776 17419 13572
15490 13144 15569
15315 14796 15509
15126 15241 15491
15010 16437 14970
14475 18923 12970
13386 15915 16533
13265 17479 15630
12092 19476 14048
10659 15705 17327
17182 13604 13838
16786 13855 14249
15090 18554 13156
14183 17323 15130
12871 14809 17106
12209 17614 16026
12168 19610 13851
11901 16763 16589
16397 17225 12639
16035 15090 14703
14847 17161 14700
14307 17749 14688
13548 19611 12707
13625 17003 15853
13150 19881 12486
12423 14406 17355
12145 14886 17325
18336 14050 11184
16553 16968 12514
16209 17449 12993
15421 16606 14467
14264 17386 15053
14249 13313 16539
13498 17205 15773
12797 19361 14006
12612 18768 14817
18696 13179 10438
16213 15233 14451
15986 16149 14214
15881 17834 12936
15395 16551 14583
15249 17302 14241
15182 17569 13883
14553 16048 15635
14414 17886 14413
14114 16935 15318
13613 17437 15439
13085 16392 16438
12803 19479 13633
11350 15099 17412
18377 13812 11062
17751 16324 11123
16982 15722 13075
16694 15369 13793
16629 16919 12735
16550 17615 12150
16021 16893 13683
15629 12539 15565
14526 18481 13627
14039 18436 14243
13527 18377 14663
12993 16495 16423
16835 15904 13313
16432 15900 13760
16094 16654 13746
15624 12986 15582
14932 18535 13207
14275 18396 14099
14102 18802 13721
14072 15799 16095
13891 18825 13762
12936 18196 15273
10968 14308 17813
18124 14858 11099
15905 17580 13039
15525 16641 14405
15015 17326 14367
14348 18034 14295
13929 18659 13897
13903 18039 14820
13662 17989 14842
13469 15937 16290
12976 14203 17182
12452 19221 14271
11716 18705 15071
18331 14729 10334
16578 14281 14304
15856 16557 13969
15712 18922 11376
15057 17047 14550
14748 16933 14845
14266 17962 14463
14010 16711 15725
13921 18514 14157
13981 17947 14924
13847 16551 15813
13259 19609 13150
11605 15895 17054
11059 15854 17158
17642 13682 13117
17500 15522 12265
17339 12814 13690
17275 16449 11954
17198 15700 12871
16768 15103 13983
16699 17019 12406
15781 17435 13571
14991 17140 14639
14884 17501 14296
14780 16556 15181
14684 16502 15212
14550 17700 14485
14449 18496 13598
14397 18450 13835
14354 16181 15797
14322 15228 16124
13789 18775 13898
13737 16556 15889
13716 19169 13264
13303 18440 14701
13029 18415 14867
12695 19428 14065
18047 15420 10660
17428 16207 11655
17139 13447 14039
16806 12761 14425
16812 13798 14175
16541 16364 13230
14649 17698 14548
14392 17925 14291
13261 16966 15939
12518 18621 14963
11107 13115 17955
18122 14565 11448
17469 14838 13035
17287 14230 13406
17183 15045 13511
16784 16134 13003
15644 16357 14468
15072 17704 13969
14748 17227 14639
14670 18151 13917
13427 15454 16662
13353 17902 15181
13131 15964 16549
11720 12603 17865
16849 15324 13579
16353 15939 13849
15996 15257 14610
15165 18592 12806
14452 16387 15415
14423 18320 14049
13258 18279 14974
13060 19106 14244
12918 17648 15647
18329 14750 10041
17610 14484 12839
17520 14667 13079
17150 14158 13644
17084 15074 13460
16491 16434 13241
16351 16619 13338
16293 15068 14423
16069 14613 14909
15948 17869 12619
15390 18505 12585
15319 17398 14037
15004 13483 16014
14892 17404 14278
14801 15147 15844
14521 13570 16280
14280 17526 14855
13970 14012 16690
13682 17381 15455
12999 18338 14955
12046 16153 16898
10955 15045 17532
17681 15240 12360
16945 14769 13729
16514 15782 13664
16381 13628 14675
15998 14312 14957
15657 17604 13443
15252 16035 14940
15118 17439 14126
15268 19285 11735
14861 18690 13049
14539 14738 16110
14345 18412 13945
13771 18607 14145
13797 16784 15704
13161 14000 17086
13130 18826 14327
13075 14072 17180
13135 17398 15813
12006 19886 13505
11570 15028 17468
11677 14517 17639
10853 15995 17132
17043 15688 13137
16699 15385 13792
16499 16434 13148
15307 17507 13906
15191 18462 13020
14115 19031 13321
13999 15351 16386
13354 19850 12576
12892 16834 16203
11249 19759 14243
18183 14698 11047
18145 14886 11028
17802 14634 12371
17737 12575 13160
17504 16676 10629
17434 16576 10958
17145 15466 13036
16809 17495 11615
16698 17492 11752
16336 17169 12899
15445 16318 14692
14655 16368 15322
14309 15044 16197
13967 14531 16607
13547 19612 12689
13635 18848 14120
12416 17244 16253
12375 14962 17249
11911 18664 15250
11804 15401 17200
11942 15048 17400
17728 13895 12920
17437 16622 10829
17363 12167 13692
17341 14792 13225
16976 16870 12023
16774 15692 13506
16771 16517 12767
16601 14265 14333
16142 15250 14404
15910 17596 13038
15886 17581 13097
15576 16806 14064
15176 17468 14101
14999 15838 15394
14899 13922 15987
14618 19066 12606
14629 18027 14201
14268 17183 15132
14042 16989 15490
13511 19292 13488
13502 18024 14966
12606 19832 13280
12063 16902 16465
11935 11781 17905
11747 15326 17224
18188 15527 10392
17970 15096 11896
17268 16474 11743
16230 17051 13169
15913 15906 14457
15407 14856 15449
14909 18821 12744
14501 15888 15683
14275 18407 14081
13061 17082 15925
12639 18668 14867
17857 16268 10419
17171 16451 11889
15994 16204 14169
15967 17053 13593
15899 15497 14768
14567 18857 13028
14299 17321 15001
14271 19279 12657
13433 19554 12931
11562 16601 16672
11099 19308 14508
11075 15564 17329
17611 15144 12564
17157 14092 13893
16888 16908 11987
16086 15386 14455
15511 13863 15517
15113 18431 13150
14934 17396 14347
14559 14516 16105
14436 15797 15796
14470 17833 14395
14422 19235 12660
14390 16947 15299
13383 14501 16905
13254 17365 15677
17584 12963 13293
16818 13265 14270
15481 16704 14344
15308 15939 14987
15286 16061 14915
14013 19098 13380
13406 17886 15174
12840 19396 13924
12350 14160 17615
18612 11805 10688
18029 15832 10223
16757 13338 14273
16424 16326 13493
16286 17583 12573
16152 18035 11933
15122 14513 15757
13846 18584 14085
13719 14290 16752
13367 16659 16180
12152 18183 15621
11617 15803 17105
17454 15430 12546
16734 15287 13766
15845 18070 12610
15444 13487 15586
15369 15601 15147
15257 17974 13308
13658 16420 16004
13618 19102 13859
13257 19080 14035
13101 17097 15923
12839 19889 12879
12823 18505 14999
12625 18143 15352
12297 17325 16200
18104 15448 10497
17284 16571 11672
17268 15351 12900
16952 16805 12331
16599 15664 13735
16473 12999 14736
16193 16090 13961
16247 14495 14865
15201 14665 15696
15093 13168 15866
14590 14555 16080
13579 17268 15696
13656 19340 13353
12941 19937 12558
11949 17089 16517
11898 15313 17240
10946 15751 17191
18637 12519 10467
18257 12529 12189
17934 12781 12679
17667 12776 13111
17566 15284 12386
17332 14206 13360
16867 17124 11853
16841 16592 12478
16392 12936 14813
16062 16800 13750
15911 17476 13114
15131 17572 13863
15093 15842 15183
14739 15194 15791
14574 19077 12787
14336 17978 14309
14016 13269 16690
13788 17664 15172
13592 18207 14756
13478 17667 15329
13426 19557 12971
13394 17905 15108
12046 16194 16885
11534 14618 17550
18285 15349 9970
18183 14465 11503
17923 11992 12906
17773 15469 11765
16891 16988 11789
16906 15989 13203
16463 18009 11291
16300 16135 13794
16346 16983 13258
16018 13218 15133
15151 17263 14446
14845 18805 12768
14032 15588 16192
14007 15012 16425
13654 16268 16061
12968 16517 16402
12701 16246 16680
11562 14406 17652
18100 13604 12334
17355 14609 13315
16938 17722 10482
16972 15511 13535
16798 16127 13111
16678 16745 12646
15714 16761 13943
15007 13363 15982
14352 17881 14456
14146 17062 15271
14037 17024 15338
13998 15738 16133
13985 15531 16220
13977 19615 11252
13832 18810 13816
13480 15919 16322
13090 17078 16015
12450 16082 16827
18118 15013 11098
17660 14239 12873
17382 16166 11700
16835 17070 11901
16330 13361 14763
16237 18010 11848
16241 16951 13351
16219 17131 13162
16062 13959 14954
15801 17082 13615
15239 16078 15028
13736 18195 14630
12798 15615 16912
11857 14464 17551
11608 17864 15860
10772 15730 17227
10680 15510 17449
16646 14660 14213
16628 16041 13463
16440 15194 14157
16322 16278 13685
15932 17570 12987
15879 16553 13974
15768 17148 13618
15787 15277 14939
15568 16823 14132
15154 16896 14631
14874 13162 16070
14626 19401 11974
14610 17453 14884
14468 17145 14972
14191 16021 15885
13867 18683 14002
13847 13883 16794
13831 16419 15944
13785 14950 16608
13751 19581 12779
13608 18446 14506
13559 17597 15349
13084 15189 16912
12359 17210 16264
12024 16560 16728
11845 18863 14999
18479 13517 10961
17465 12070 13689
16736 17609 11135
16351 13904 14747
16273 13209 14880
16028 18184 12015
15912 16293 14204
15397 15104 15239
15343 18472 12618
15335 16610 14711
15122 17628 14011
15064 19316 11645
15272 18402 13177
14778 16878 14855
14700 15362 15746
13655 14758 16646
13540 17935 15106
13559 17891 15143
13284 17675 15382
13168 17179 15842
11950 18219 15564
11783 15202 17253
11601 16776 16580
18438 14701 10107
17443 16698 10676
17256 16333 11960
16855 16979 12212
16406 17981 11454
16371 16988 13019
16183 13364 14936
15490 14845 15303
15326 17302 14052
15233 17996 13409
14940 17291 14444
14789 17132 14725
14386 17319 15000
14251 16647 15619
14105 16421 15839
13752 17880 15101
13305 15985 16513
18131 13273 12190
17568 15073 12669
17453 15998 11822
17355 16091 11969
16887 16243 12817
16049 14907 14793
15798 15910 14482
15452 16648 14448
15172 14023 15825
15090 14276 15781
15103 18029 13647
14954 16934 14791
14918 18520 13235
14617 15799 15607
14415 16742 15328
14112 19441 12533
14093 17498 15129
14045 16646 15673
13883 18368 14473
13991 15736 16172
13496 18548 14440
13376 15110 16696
13066 14289 17118
12987 16779 16190
12828 19464 13695
12902 20302 11885
12422 20258 12378
12010 19558 14099
10993 16526 16828
17556 14508 13012
17425 16166 11680
16829 15495 13559
16750 16739 12642
16053 17526 12974
16027 18188 12111
15585 15258 15081
15503 16678 14293
15326 17291 14070
15274 16430 14768
15262 17990 13307
15112 18758 12665
15113 17488 14169
14856 14950 15897
14714 17228 14851
14447 16981 15160
14354 18105 14234
14170 15199 16238
14148 18072 14455
13866 15986 16114
13860 18122 14581
13822 17976 14897
13397 16205 16291
13377 17369 15595
12640 14716 17257
12274 18990 14688
11633 15513 17276
17771 14453 12602
17611 15714 12033
16237 15077 14498
16186 17070 13179
15618 15900 14840
15392 18931 11702
15225 18083 13383
14832 13909 16027
14619 16029 15560
14530 17098 14945
14336 18058 14259
14125 16264 15898
14119 15873 16075
13996 17795 14879
13962 18071 14688
13359 16008 16376
13099 17227 15853
13056 13871 17188
12891 18473 14944
11677 20126 13304
11322 17729 16203
11283 14904 17537
11474 12273 18096
18149 14020 11880
17597 14248 12929
17371 15773 12254
17300 15976 12371
16629 16688 12863
16498 14281 14388
16270 16123 13837
16268 15762 14081
16099 15264 14521
15814 18714 11009
15644 16798 13980
15587 14313 15428
15090 17668 13913
15041 14585 15742
14976 16184 15296
14801 16019 15365
14554 17006 14938
14635 13600 16254
14266 17973 14445
13910 18718 13920
13761 16951 15767
13596 19606 12666
13359 16762 16111
12664 16973 16319
12080 18230 15484
17443 15523 12420
17356 13809 13511
16989 13853 13955
16459 16915 13276
16294 16031 13830
16135 16144 14152
15562 17020 13942
14905 19345 11618
14733 16276 15426
14661 16840 15118
14674 18667 13399
14636 11943 16268
14620 17593 14565
14604 14445 16067
14397 18461 13817
14112 16805 15557
14026 16851 15527
13964 17081 15386
13798 15256 16447
13742 15463 16411
13698 19654 12345
13701 18140 14719
13534 19806 12359
13408 16662 16107
13381 17964 15079
13125 17347 15825
12956 18889 14447
12691 17629 15771
12787 18256 15147
12569 18127 15453
12250 19004 14566
17996 13932 12438
17712 14817 12611
17409 14897 13163
17329 15907 12522
14922 16344 15206
14869 19025 12417
14852 13502 16088
14751 18081 13937
14629 18160 14104
14556 13173 16344
14483 16215 15617
14496 16386 15460
14377 17976 14308
14305 17890 14387
14259 19480 12331
14183 19274 12758
14136 18139 14493
14117 18344 14347
14007 18567 14001
14004 17938 14702
13829 18934 13731
13690 18218 14624
13687 15155 16598
13552 17045 15863
13339 18063 15163
13195 17795 15371
17463 15552 12264
17254 16993 10670
16930 14793 13696
16865 15684 13338
16736 13079 14291
16570 15974 13545
16439 15827 13732
16423 16035 13645
16249 15700 14101
15948 14665 14958
15904 18547 11597
15897 17893 12734
15771 15322 14888
15344 15554 15165
15308 16170 14831
15273 17317 14182
15199 12927 15907
15151 18577 12834
15096 18052 13591
14916 18067 13690
14748 14958 15886
14496 19012 12870
14294 18191 14245
14188 15327 16208
14116 18425 14072
14018 19558 12419
13585 16105 16198
13353 17890 15197
12689 15135 17032
12486 13059 17576
11504 15700 17138
11017 14663 17795
18399 12091 11895
18251 14830 10324
17991 12809 12516
17004 15629 13258
16955 16562 12221
16962 14249 13910
16792 17496 11541
16748 14313 14061
16754 15873 13494
16685 15390 13951
16575 17373 12439
16398 17338 12574
16381 13780 14635
16200 15796 14169
16017 17759 12831
15933 15735 14477
15773 17164 13617
15697 15249 15066
15501 15619 15095
15380 17790 13613
15427 15841 14981
15339 18279 13126
15159 14787 15578
14629 12737 16270
14596 16950 15063
14520 18814 13111
14442 18261 14026
14216 13059 16546
13894 15353 16347
13425 19558 12953
13015 18400 14895
12552 16483 16605
12842 18854 14641
11977 15172 17227
11261 16425 16982
18492 13585 10920
18236 13381 11983
17321 14628 13303
17106 16940 11543
16935 14454 13853
16816 15878 13323
16310 17491 12566
16312 14900 14494
15938 14371 15085
15851 15957 14439
15788 17542 13302
15401 16517 14622
15012 15320 15534
14940 16420 15135
14786 16845 14859
14664 18991 12750
14227 17971 14448
14167 14321 16463
14113 18672 13753
13968 17569 15123
13298 19244 13823
13093 16446 16408
12539 17079 16254
12489 19897 13040
12254 17505 16167
11938 15929 16926
11892 18868 14964
18294 15471 9688
17642 14721 12815
17585 13933 13196
17452 15116 12675
17306 16247 11826
17220 16716 11643
17037 16477 12575
16947 14381 13973
16728 16031 13315
16507 14973 14191
16140 15716 14271
15536 15564 15140
15425 16425 14615
14980 16518 15021
14787 18767 13008
14492 17723 14506
14361 18198 14103
13802 18438 14453
13643 14414 16777
13618 13472 16979
13112 19075 14115
12948 15761 16796
12587 20036 12994
11487 12559 18016
18290 12599 11935
18372 13577 11761
18253 14794 10843
17988 14071 12248
17952 15554 10873
17550 15966 11887
17215 15562 12832
16859 16519 12687
16253 16188 13838
16080 15423 14481
16076 16052 14224
15687 16998 13832
15596 18345 12640
15556 16913 13987
15466 14365 15477
15457 16664 14447
15205 15603 15286
15058 16698 14923
14732 15218 15835
14648 18754 13245
14312 15377 16000
14046 15467 16176
13953 16834 15530
13980 19003 13621
13924 18492 14189
13905 16580 15788
13623 18232 14615
13612 19937 11073
13441 17632 15390
13400 17759 15225
13181 17129 15841
13071 14305 17117
12689 20084 12673
12401 19867 13286
11386 15696 17212
10977 19254 14772
10863 15742 17213
17785 14630 12503
17338 12655 13747
17213 16262 12065
16901 17132 11753
16532 17018 12725
16235 12775 14967
15738 15060 15015
14818 13859 16064
14643 16933 14950
14500 18684 13464
14380 18513 13571
13810 16635 15801
13572 18120 14762
13430 19229 13565
13353 18998 14053
13198 20075 11013
13162 18845 14315
12578 18276 15291
10548 19526 14293
18118 14753 11520
17610 15718 12129
17254 14893 13445
16823 12528 14403
15883 15792 14553
15580 16444 14458
15238 17382 14234
14515 18685 13390
14423 19563 12049
14107 13282 16626
13760 13131 17055
13437 18906 14105
12631 15422 16916
12508 18168 15511
12323 16774 16538
12061 13727 17625
11659 16882 16549
18080 12474 12409
17013 13706 13956
16981 15633 13253
16914 16836 12061
16720 15128 13836
16466 17737 12227
16250 17816 12430
16245 16587 13589
16041 14226 14937
15896 13911 15179
15717 14054 15270
15597 16896 14011
15324 13055 15737
15286 16336 14830
15142 16707 14809
15095 17684 13912
15078 12979 15956
14852 16697 14977
14675 18318 13625
14659 17427 14629
14263 18955 13271
14217 14010 16509
14116 18558 13975
13724 18530 14349
13532 17507 15419
13460 13278 17165
12949 20171 11913
12517 14318 17395
12283 18683 14977
12280 15103 17196
12150 16696 16541
11757 17503 16178
17966 14453 12241
17982 12706 12655
17478 15437 12378
17458 13462 13359
17395 14539 13249
17297 15534 12809
17230 17127 10429
17112 16121 12625
16833 14074 14078
16692 13764 14336
16488 18121 10799
16480 14612 14438
16420 16654 13301
16210 15201 14476
15420 16312 14768
15297 15129 15415
14949 18706 12930
14856 16786 14959
14734 16561 15109
14683 17335 14622
14612 15474 15885
14381 17869 14450
14018 14994 16457
13779 18230 14548
13601 15762 16430
13538 18361 14641
13450 18255 14931
13225 19195 13898
12693 17694 15756
12568 14902 17203
18498 13133 11073
18210 15392 9793
17609 15925 11750
17525 14754 12865
17162 16517 11936
16779 16701 12461
16693 15899 13416
16495 14985 14259
16490 16750 13097
16252 14048 14848
16225 15691 14186
15960 16919 13605
15893 18122 12413
15872 18135 12445
15744 17173 13718
15564 16489 14407
15166 15484 15488
15045 16980 14729
14910 19149 12133
14715 17574 14454
14701 14221 16145
14512 18357 13822
13979 18094 14565
13592 15984 16219
13518 18690 14294
13512 18819 14142
13303 14795 16890
12998 14177 17159
12743 20331 11858
12057 20580 12199
11203 15524 17448
17708 15683 11759
17027 16853 11907
17000 16778 12016
16944 14610 13786
16894 17065 11768
16749 13513 14257
16719 16538 12742
16684 13454 14471
16601 17538 11984
16380 13469 14732
16353 14321 14629
16198 15606 14284
16088 16643 13790
16016 16877 13684
15865 16718 13965
15779 16992 13838
15461 17734 13589
15390 15682 15140
14846 18062 13826
14593 18861 12951
14532 16996 14995
14726 18009 14185
14314 18090 14236
14251 15713 15949
13981 13927 16656
13713 15910 16289
13638 14227 16829
13385 13428 17130
13243 18768 14327
13200 16924 15987
12989 18239 15124
12952 14476 17170
12736 18335 15120
12594 17157 16252
12463 17059 16325
11880 17678 16150
18256 12889 11953
18116 14774 11227
18044 12635 12670
17472 14344 13086
17322 12427 13775
16967 16381 12779
16850 13502 14246
16721 16133 13264
16649 13854 14320
16589 16625 12907
16342 16478 13438
16326 16419 13640
16209 12619 14971
16133 16892 13450
16011 15562 14522
15446 16769 14396
15370 19077 11368
15003 17933 13682
14898 17065 14688
14704 19309 12078
14702 18719 13022
14728 16740 15149
14100 16526 15629
13829 19489 12883
13584 18096 14798
13439 16879 15938
13143 19738 13224
13017 18465 14880
12059 15035 17375
11889 17827 15988
11598 15578 17328
17443 16093 11889
16716 15146 13826
16667 16096 13266
16663 16620 12854
16633 16829 12739
16546 14604 14381
16340 16307 13626
16288 13889 14781
16263 16186 13757
15926 16380 14125
15753 15615 14768
15732 15474 14886
15250 15037 15474
15003 16407 15129
14973 15201 15736
14592 18243 13813
14315 18655 13730
14253 15556 15973
14229 14916 16333
14154 13441 16561
13939 16320 15874
13848 18729 13877
13780 19041 13781
13601 13160 17028
13228 15948 16516
12591 16658 16513
12347 17261 16226
12217 14583 17483
12053 19593 14017
11752 15429 17204
10880 16501 16928
18349 14118 11143
18224 14957 10394
17973 15582 10802
17665 14627 12838
17378 16575 11461
17359 15225 12821
17316 16280 11777
17054 12071 14160
16973 16162 12810
16836 16569 12483
16523 16367 13112
15893 18640 11471
15852 18859 10937
15718 14349 15199
15686 14118 15325
15572 18336 12725
15567 17107 13884
15575 16068 14823
15551 17048 14086
15404 17489 13890
15394 14948 15448
15204 14859 15554
15200 16256 15031
15126 18372 13179
15069 16749 14819
15046 17372 14259
14892 17484 14228
14856 17767 14119
14886 17009 14702
14696 17258 14768
14665 18968 12908
14395 17874 14425
14264 19183 12908
13957 18587 13948
13908 14733 16462
13440 17684 15313
12683 13961 17460
12204 18449 15274
11863 14695 17481
11220 13809 17948
11095 14538 17718
18381 14673 10270
17796 15115 12210
17484 15435 12341
17271 15378 12813
17185 15759 12815
17169 15488 12999
16851 13713 14202
16471 17423 12192
16318 15140 14421
15955 13203 15167
15950 15921 14448
15860 18243 12234
15682 17536 13458
15626 15379 15044
15504 16991 14114
15285 15551 15203
15204 12558 15845
15186 18939 11938
15086 15868 15216
14848 17784 14187
14504 19347 12238
14291 17489 14880
13958 14725 16477
13818 19596 12579
13742 14340 16743
13629 19527 13043
13574 18456 14544
13373 13696 17068
13224 19522 13413
12998 16761 16222
12934 18508 14862
12687 13945 17409
12349 19898 13415
12207 14165 17553
11439 14008 17790
18096 14601 11639
17675 12682 13171
17402 15866 12185
16623 14409 14218
16566 17008 12476
16431 16648 13282
16254 17021 13225
15960 13566 15117
15327 17178 14253
15461 17233 14182
15163 17330 14267
14926 13300 16059
14500 16313 15497
14422 17977 14252
13162 17621 15646
13139 18202 15010
13065 18996 14234
12451 19946 13094
12834 15948 16848
11264 16828 16669
18115 14482 11586
17577 16559 10390
17452 16262 11496
17284 14769 13333
16949 15260 13540
16468 17037 12994
16373 14801 14373
16275 16162 13787
16249 16934 13283
16244 13148 14960
16167 14974 14556
16128 16831 13568
16123 16533 13853
15818 16161 14398
15890 16405 14311
15665 15883 14727
15508 15177 15168
15507 16431 14556
15353 16652 14487
15338 17397 13979
15204 15990 15033
15187 17238 14260
15158 16015 15105
15111 17942 13673
15101 17512 14133
14888 17408 14300
14474 14911 16110
14465 12135 16397
13849 19121 13555
13849 16706 15738
12847 14608 17220
12438 15379 17084
18549 13613 10757
18229 14375 11819
18188 12563 12128
17671 13197 13105
17489 13265 13425
17476 16170 11489
17274 11279 13883
17022 14519 13787
16919 16852 12060
16905 17059 11749
16825 16000 13041
16803 12935 14342
16765 16189 13081
16698 16137 13259
16418 16333 13401
16309 17354 12584
16130 17014 13396
16075 11737 15062
15851 15901 14628
15797 17664 13020
15792 15294 14815
15727 16169 14566
15648 16939 13935
15283 14399 15557
15219 17477 14092
15101 18979 12340
15078 13772 15936
14860 15519 15632
14765 16647 15073
14752 17183 14688
14614 15775 15612
14605 18313 13761
13985 16198 16013
13859 19587 12392
13836 16737 15743
13812 17788 15170
12984 19767 13197
12943 17942 15486
12596 19735 13485
12487 15849 16887
12497 16857 16464
12285 16629 16610
12283 18671 14993
12124 20219 12861
10914 20557 12475
10264 15651 17447
17374 15735 12234
17343 14612 13299
17286 13824 13680
17042 15607 13331
16575 14820 14231
16375 13856 14720
16270 13841 14824
15931 17472 13238
15856 18050 12742
15732 16582 14152
15556 15145 15162
15505 15760 14920
15249 16003 14965
15140 17936 13571
15087 14358 15801
15051 17483 14212
14958 17336 14346
14880 18374 13551
14736 16626 15094
14688 17351 14621
14607 16071 15498
14439 16431 15472
14386 16459 15562
14334 18450 13876
14179 15521 16078
14162 16171 15822
14105 17415 15026
13965 17693 15038
13789 16680 15771
13669 19290 13219
13547 17915 15107
13470 18933 14044
13419 17664 15367
13363 15119 16702
13083 13925 17165
13030 16847 16102
12706 16048 16729
12686 18093 15494
12226 20267 12540
11312 16434 16914
10608 15121 17519
18355 13931 11131
17961 15676 10591
17591 13415 13205
17553 14737 12825
17092 16003 12642
17027 13557 14026
16971 15755 12948
16925 16584 12354
16803 16705 12364
16674 16814 12751
16621 15608 13730
16363 18033 11247
16360 18110 11283
16280 14064 14765
16122 18188 11804
15819 13957 15267
15677 17423 13611
15637 17546 13489
15376 13929 15561
15285 16883 14596
15245 17518 13863
14947 18933 12521
14925 17288 14521
14802 17603 14416
14497 19240 12507
14478 16679 15340
14305 17256 15077
13820 19246 13222
13695 17099 15649
13687 18576 14327
13619 17505 15418
13439 18928 14056
13443 19446 13361
13136 18225 15238
13079 18901 14390
12991 15898 16664
17934 15444 11038
17910 14758 12333
17719 12836 13089
17684 15225 12197
17638 15169 12465
17343 13573 13601
17116 15911 12635
16981 16779 12074
16903 16929 11935
16877 17602 10633
16795 13990 14179
16724 16554 12741
16628 16927 12706
16606 15780 13628
16566 16632 13022
16433 15015 14271
16343 13405 14750
16301 14394 14679
16247 15368 14358
16207 16540 13596
16109 16633 13743
16086 17868 12603
15870 16734 13964
15768 18034 12861
15651 17110 13881
15522 16744 14244
15442 16286 14717
15376 18006 13235
15098 18889 12524
15115 14834 15669
14826 17511 14409
14672 19011 12554
14892 19182 12372
14697 14762 16058
14553 16701 15230
14258 17199 15105
14144 17919 14709
14096 18181 14410
14085 17722 14891
13914 16838 15570
13719 17007 15642
13674 18758 14064
13479 15578 16544
13446 17767 15194
13210 19389 13762
12922 14270 17246
12800 16212 16671
12223 15069 17207
12173 14848 17323
11847 18299 15585
11725 18722 15046
11121 15165 17451
10841 16149 17043
18438 13857 11009
17797 12453 13104
17343 14105 13470
17337 16340 11757
17267 17103 10381
17247 16399 12007
16972 16397 12778
16742 14171 14101
16697 17120 12394
16658 12382 14600
16477 18214 10673
16473 14347 14517
16183 16097 14057
16095 14203 14926
16045 16801 13676
16040 15356 14502
15990 16671 13780
15987 12470 15199
15947 13378 15151
15753 17168 13577
15734 13714 15465
15573 16774 14089
15504 15195 15158
15336 18086 13246
14992 14919 15771
14946 17448 14225
14897 16171 15302
14763 17202 14596
14498 17539 14829
14239 17537 14862
13988 13599 16694
13999 13566 16780
13649 15358 16570
13546 18973 13889
13144 15682 16743
12708 16645 16488
12682 17580 15803
12625 20228 12450
12315 17452 16125
12196 16604 16633
11822 14529 17603
11468 14641 17601
18387 13945 10936
17841 14549 12398
17748 16053 11189
17608 15183 12521
17536 13856 13353
17167 13250 13886
16719 14917 14013
16438 15782 13994
16267 15229 14313
16153 14913 14572
16147 16116 13977
16144 16578 13788
16121 16888 13473
16026 17788 12705
15957 15181 14702
15951 15764 14418
15835 16129 14395
15790 17557 13289
15776 18502 12039
15743 15909 14617
15718 17330 13678
15713 17586 13334
15333 15147 15343
15164 13524 15828
14911 18380 13353
14843 17510 14483
14742 18899 12854
14613 11692 16273
14451 17482 14857
14146 16096 15908
14002 16307 15868
13943 18276 14542
13912 17290 15394
13907 17177 15547
13793 17573 15223
13765 17731 15198
13733 16438 15918
13682 13349 16890
13399 15989 16302
13296 18912 14080
13137 19830 12656
12942 17115 16061
12684 16414 16572
12224 14857 17255
11967 17381 16236
11533 17230 16515
11501 15086 17428
11217 15654 17274
17954 12193 12806
17759 14771 12360
17519 16632 10135
17445 14294 13283
17382 15131 12844
17159 13353 13843
17096 14430 13733
16370 17258 12777
16173 16001 14116
16131 13306 15056
16087 15245 14551
15813 15974 14450
15773 16885 13883
15706 15214 15016
15162 16505 14878
15054 15495 15503
15035 17660 14015
14974 17998 13855
14693 15263 15770
14586 19206 12670
14582 17970 14229
14373 18695 13540
14353 15498 15963
14336 18069 14241
14276 18724 13488
14271 12995 16614
14187 17272 15083
13527 17551 15383
13337 15965 16495
13212 16694 16265
13211 15213 16860
12595 14363 17379
12516 15424 17068
12328 18016 15577
12274 17982 15721
12121 19561 13962
11748 15267 17305
10777 19940 13819
18372 14538 10504
18277 12037 12159
17360 13533 13638
17275 14286 13474
17183 15305 13089
16807 13978 14111
16670 17442 11805
16257 13653 14858
15955 15633 14526
15773 15904 14558
15752 16002 14515
15694 18740 11636
15675 15997 14705
15533 18924 11200
15411 14458 15550
15289 18916 11955
14970 17312 14382
14939 13979 15976
14833 16168 15320
14565 15588 15870
14439 16847 15295
14195 16590 15620
14116 16577 15626
14075 18017 14598
13886 16222 15997
13885 13259 16885
13845 16886 15581
12778 18148 15321
12092 14737 17377
11576 17871 15879
11342 15961 17052
11062 16945 16644
18173 14802 11064
18114 13327 12247
17495 14114 13242
16868 14966 13773
16885 13887 14112
16804 15292 13762
16736 14345 14181
16662 15139 13956
16535 14697 14255
16495 16367 13155
16475 16541 13124
16436 16664 13281
16254 13908 14769
16229 16148 13941
16232 15065 14522
16123 16462 13910
16070 14271 14911
15954 12922 15188
15939 14292 14965
15910 17480 13210
15861 14525 14986
15850 18569 11576
15819 16174 14344
15768 18589 12013
15515 13924 15498
15474 13799 15535
15300 16665 14666
15284 15825 15005
15212 16925 14606
15219 13456 15788
14650 18335 13587
14567 18038 14158
14547 18570 13527
14226 17980 14559
14162 18033 14528
14102 19211 12835
14077 18663 13797
14043 13531 16654
13738 18797 14027
13616 18269 14745
13492 19666 12749
13343 17835 15232
13292 17498 15621
12390 16744 16519
11206 19118 14879
10991 15642 17332
18611 13064 10746
17334 15020 13166
17289 16330 11788
17023 12318 14259
16955 14517 13848
16935 15780 13134
16817 13892 14166
16813 16629 12467
16635 13284 14537
16450 13936 14610
16411 16016 13675
16360 16636 13313
16319 17925 12202
16280 16178 13786
15950 17447 13001
15869 17936 12523
15604 14741 15302
15522 14994 15258
15343 17413 13978
15227 18055 13359
15192 17254 14259
15171 15750 15287
15118 12864 15984
15015 17989 13668
14958 18399 13219
14711 14515 16016
14705 15365 15739
14381 16983 15211
14305 17389 14980
14221 18840 13436
14103 19167 13061
14079 16505 15749
13659 19093 13672
13544 17073 15833
13202 19686 12802
13136 17186 15861
12874 17928 15496
12737 16220 16669
12598 18753 14845
12403 15561 17032
12293 15367 17120
12058 15499 17094
11982 16795 16508
11327 15065 17464
10956 14145 17884
18219 12764 12028
17980 12020 12743
17509 16158 11556
17473 15528 12215
17452 16215 11607
17063 15717 12981
16910 17075 11748
16734 13087 14278
16660 16159 13186
16368 15987 13750
16352 15928 13952
16184 15376 14356
15870 15861 14471
15727 17150 13726
15477 16108 14757
15449 16114 14759
15384 17320 14045
15319 17195 14321
15133 17619 13845
15031 18974 12476
14992 17292 14419
14793 16015 15522
14753 18226 13729
14679 18311 13583
14649 16859 15052
14548 12674 16347
14508 18464 13680
14506 13663 16276
14505 18578 13458
14436 17877 14352
14405 16891 15204
14361 18331 14006
14081 13912 16577
13943 18831 13694
13784 15994 16194
13675 18447 14444
13311 19114 13891
13135 19281 13935
13027 20079 12017
12532 17647 15909
12086 20268 12915
12049 18311 15450
11827 11865 17886
11225 16015 17064
10917 16380 17034
18233 15079 10112
17563 15308 12443
17242 15787 12652
16952 14034 13921
16552 14125 14423
16508 13869 14595
16259 17845 12304
16127 17822 12418
16111 17763 12620
16010 15565 14486
15947 15281 14739
15930 16250 14101
15725 17562 13370
15563 16294 14545
15040 17850 13973
14772 14202 16081
14570 15509 15800
14630 14817 16057
14431 17331 14930
14308 16272 15724
14069 18694 13727
14037 15691 16172
13810 14883 16520
13806 15455 16352
13628 18060 14843
13582 16120 16251
13285 17690 15355
13248 17776 15443
13081 15690 16741
13023 17246 15840
12948 17851 15537
12923 18638 14830
12218 14968 17217
12058 19728 13821
11968 18346 15489
11853 19732 13864
10945 14274 17865
10496 12252 18104
18390 14795 9988
17927 13679 12672
17281 16694 11596
17106 16358 12345
16861 15290 13550
16825 15758 13349
16692 13604 14360
16603 17315 12376
16192 15796 14262
15960 17396 13230
15885 17275 13555
15747 18414 12530
15650 16621 14197
15587 16274 14547
15326 15769 15130
15245 19034 11740
15148 19078 11866
14957 17388 14269
14825 19134 12421
14712 16202 15435
14562 15715 15682
14427 19235 12643
14306 17541 14760
14295 18479 13888
14231 16976 15272
14139 19383 12762
14084 19622 10847
13926 15590 16323
13760 18446 14384
13704 16405 15952
13590 18727 14246
13229 17981 15297
12985 20087 11948
12589 17015 16280
12092 18952 14814
11984 20220 13236
11669 15537 17197
10446 16095 17163
18478 13521 11057
18308 12238 12059
18058 14167 12044
17958 12420 12673
17770 14294 12659
17503 15228 12545
17478 16040 11725
17400 16251 11615
17212 13154 13813
17013 15234 13478
16908 16945 11934
16748 16462 12897
16724 16491 12840
16681 17665 11705
16671 14732 14211
16288 14486 14678
16091 17884 12602
15942 15735 14453
15935 15686 14547
15931 15744 14619
15867 14739 14966
15817 16464 14223
15527 16760 14243
15441 15168 15174
15438 13362 15632
15385 14302 15554
15117 16786 14646
15032 15661 15502
14973 17630 14176
14798 17163 14665
14662 14377 16081
14473 14757 16185
14437 16968 15201
14426 19007 13006
14310 15327 16071
14224 17986 14501
14001 14278 16611
13964 16583 15750
13849 18515 14249
13775 16403 16003
13582 19108 13643
13363 18685 14373
13321 18676 14431
13278 16832 16091
13029 17234 15849
12856 18418 15033
12826 15577 16910
12797 17943 15467
12583 17043 16299
12161 18629 15241
12066 13703 17734
11774 15894 17038
11548 15861 17065
17755 15458 11975
17730 13967 12830
17634 15716 11917
17536 15809 12064
17475 15396 12403
17411 13952 13510
17141 13864 13921
16921 16435 12742
16577 16965 12670
16298 16600 13565
15948 16952 13595
15895 14241 15086
15811 14246 15155
15758 17184 13576
15757 16891 13912
15383 15275 15165
15260 18828 12446
15232 18000 13505
14780 18627 13126
14603 12606 16307
14513 18994 12861
14477 17066 15087
14025 18421 14271
13858 19588 12374
13823 16230 15995
13714 16522 15941
13691 18740 14055
13648 17598 15287
13606 17912 15045
13447 18110 14991
13333 19695 12722
13272 18622 14661
13232 18941 14111
13170 15047 16982
12598 16441 16543
12201 16590 16652
12139 19512 14010
11446 16811 16665
11442 14649 17613
10822 15600 17394
18101 14808 11408
17606 15884 11775
17496 14774 12967
17448 15962 12056
17325 15687 12527
16726 14393 14163
16588 16664 12886
16429 17088 12937
16349 16922 13034
16117 18498 10402
16101 18059 12048
15974 15288 14701
15911 17045 13671
15838 16865 13869
15682 16871 13926
15619 16351 14544
15310 15814 15079
15181 15121 15447
14931 18583 13129
14699 16493 15258
14480 17609 14565
14376 18263 14077
14369 17891 14343
14267 18627 13865
14026 13219 16703
14013 16742 15599
13601 19904 11641
13578 18598 14363
13004 18793 14563
12828 19401 13736
12578 18264 15307
12121 15370 17188
11870 16383 16861
11995 16690 16639
10819 17451 16351
18335 13913 11202
17962 12888 12626
17627 15262 12339
17266 16248 12057
17051 15729 13049
16913 14400 13961
16889 16524 12482
16719 17152 12258
16520 15017 14178
16500 16436 13141
16497 14780 14290
16440 15724 13834
16347 12995 14796
16224 15882 14142
16027 13000 15154
15877 13890 15252
15836 17565 13102
15834 15968 14462
15827 17888 12870
15804 16326 14389
15733 14101 15212
15711 16896 13840
15703 12828 15487
15636 13991 15347
15222 15620 15246
15019 15989 15235
14792 14957 15931
14698 15279 15769
14515 18696 13372
14511 16125 15596
14342 19091 13012
14085 13371 16664
14035 18495 14052
13829 18945 13713
13649 18553 14409
13121 18714 14591
12735 17564 15796
12516 13371 17540
12465 14840 17260
12346 20355 12155
11482 19816 13842
11157 15041 17480
18195 12497 12377
17597 13369 13256
17433 13950 13414
17216 15471 12886
16930 16246 12781
16903 17499 11404
16876 15583 13448
16360 17879 12017
16355 16370 13514
16344 17820 12219
16339 16591 13378
16281 17300 12837
16192 17032 13182
16069 14696 14711
15958 17619 12969
15849 17983 12757
15662 16992 13908
14659 16984 14947
14629 18715 13256
14582 19255 12342
14551 15812 15725
14480 15733 15829
14277 17104 15247
14182 16039 15927
14145 16483 15655
14108 17242 15214
13997 18998 13453
13600 18015 14859
13422 18905 14179
13132 15403 16815
12992 16882 16170
12583 19574 13805
11679 15114 17398
18495 13885 10846
18259 13871 11526
17647 15291 12183
17324 17131 10218
17291 16248 12038
16827 13251 14251
16818 15109 13852
16793 17023 12195
16762 14234 14096
16738 16055 13232
16713 15300 13930
16474 13789 14611
16470 17079 12750
16442 17959 11709
16323 17520 12554
16218 16253 13890
16186 12368 14976
16028 16485 13871
15926 14384 14964
15896 13111 15239
15547 15555 14974
15514 16316 14557
15475 13364 15527
15405 17086 14357
15391 15133 15204
15341 15551 15200
15178 18570 13037
15115 17076 14525
15105 18651 12934
14964 16917 14806
14878 17658 14161
14733 19211 12345
14470 18189 14077
14289 14989 16216
14278 17166 15147
14049 18190 14361
14047 19460 12686
14027 18872 13649
13980 19412 12735
13858 19391 13150
13824 14720 16580
13645 16880 15884
13588 18297 14667
13431 18756 14219
13286 19790 12624
13299 13623 17246
12928 17847 15548
12586 19430 13954
12303 18075 15590
12023 14584 17470
11793 18597 15346
11663 15445 17214
10932 15011 17584
18434 14049 10284
17615 12521 13424
17593 13884 13190
17588 15203 12460
17256 16521 11725
17044 13996 13954
17021 14849 13596
17005 16771 12053
16919 16224 12812
16915 15185 13602
16844 15788 13302
16843 17419 11506
16840 17012 11904
16821 16317 12959
16747 17589 11267
16731 17376 11692
16556 16341 13233
16324 17941 12201
16158 16739 13586
16022 16212 14134
16020 16649 13753
15935 16814 13761
15868 15575 14651
15836 16565 14221
15599 15526 14948
15429 16994 14350
15255 15570 15175
15175 15158 15481
15117 15947 15150
15095 17405 14178
14924 17318 14523
14917 16860 14834
14890 12194 16072
14744 16095 15477
14594 18388 13605
14556 14874 16078
14468 15685 15845
14447 19562 10964
14284 18020 14369
14231 17109 15175
13990 17040 15378
13841 18703 13941
13757 18592 14173
13456 19378 13513
13388 19838 12303
13380 17769 15189
13371 18017 15122
13304 17289 15719
13068 15404 16821
12525 17330 16183
12518 18963 14687
12476 18954 14745
12424 17072 16272
11950 17774 15946
11924 19085 14718
11609 14874 17471
10830 15961 17184
18412 13036 11458
17690 15932 11547
17382 15701 12313
17160 15875 12633
17149 15324 13077
17063 15705 13079
17050 16712 12184
17031 11820 14165
17005 15792 12944
16875 14858 13773
16677 16758 12571
16667 13493 14444
16590 15645 13892
16331 17988 11732
16282 12208 14930
16280 14661 14662
16135 14346 14904
16067 16989 13554
15857 14787 14948
15856 14624 15041
15833 13149 15431
15663 13867 15330
15560 17482 13722
15437 16584 14473
15382 16937 14378
15360 16081 14855
15277 15552 15206
15244 17976 13541
15192 16094 15068
15079 17411 14207
14993 17172 14495
14966 19230 11845
14952 14863 15881
14921 13604 16062
14778 15173 15835
14478 17832 14304
14476 16365 15469
14369 18196 14092
14338 15643 15947
14318 15424 15982
14308 17632 14697
14261 15155 16165
14213 19060 13220
13913 15959 16110
13888 19080 13545
13821 19032 13594
13792 17436 15241
13792 15915 16261
13667 17393 15433
13574 15223 16580
13400 18053 15019
13344 18021 15039
13122 18936 14308
12869 16800 16255
12721 13581 17469
12389 17131 16266
12174 17011 16463
11318 15771 17123
11254 15533 17380
18440 13694 11264
17947 13187 12642
17470 15417 12589
17280 15274 12815
17248 12565 13868
17171 17273 10751
17136 16280 12316
16958 15826 12966
16948 12656 14233
16912 15770 13234
16863 11280 14354
16797 16695 12387
16699 16788 12534
16675 17458 11804
16664 13748 14355
16518 16330 13282
16198 17477 12926
16129 18094 11829
16092 17764 12678
15991 16961 13586
15987 15169 14641
15852 16408 14143
15830 14463 15082
15592 17721 13554
15556 16182 14576
15465 14206 15534
15422 16284 14744
15411 12150 15673
15137 18653 12682
14967 17959 13887
14801 15676 15561
14757 15605 15604
14609 18320 13676
14606 15845 15633
14517 18266 13873
14257 15429 16182
14108 18656 13838
14059 19218 12914
14029 17544 15061
13497 17572 15471
13318 17630 15577
13253 19424 13680
13186 17009 15985
13176 16229 16435
13068 13006 17288
13047 14398 17076
12943 18537 14821
12645 19207 14288
11598 15003 17452
11327 14179 17782
18075 15244 11160
18052 13977 12131
18039 12734 12492
17652 15535 12114
17641 13523 13174
17377 16258 11730
17356 14310 13293
17287 16658 11638
17227 13732 13752
17043 16258 12606
16875 13825 14151
16783 12510 14430
16695 14585 14212
16440 14837 14341
16328 14629 14656
16246 14882 14612
16190 16989 13315
16060 17945 12469
16021 15487 14459
15863 17547 13149
15859 13842 15295
15823 16967 13706
15767 15988 14473
15652 16345 14463
15621 17144 13882
15500 16224 14643
15488 13612 15522
15196 18468 12975
14971 15456 15587
14809 18184 13693
14699 16626 15161
14546 18571 13509
14534 17323 14900
14527 16793 15202
14520 16684 15267
14478 14836 16131
14466 15780 15760
14409 18659 13519
14373 17014 15133
14101 19212 12817
13898 19154 13326
13889 19397 12952
13882 18610 14008
13756 14502 16700
13752 16406 15950
13709 16421 15951
13676 19740 12353
13557 15486 16648
13520 15699 16507
13500 19255 13548
13497 19369 13326
13396 15764 16513
13070 14751 17041
12968 13150 17301
12964 17742 15575
12926 16168 16626
12516 14553 17334
12219 19416 14149
11671 13649 17854
11549 15591 17279
10783 15248 17509
18335 14319 11115
18165 15493 10444
17975 13700 12491
17935 15595 10813
17683 12597 13139
17255 15855 12611
17221 17006 10557
16864 15595 13516
16844 16026 13031
16766 15688 13663
16678 15948 13603
16580 13069 14685
16184 17244 13338
16120 17944 12170
16082 15309 14532
16066 18132 12021
16019 15104 14629
16017 16200 14174
15875 17513 13141
15844 15694 14715
15706 16470 14332
15605 14183 15396
15499 18741 12073
15454 17914 13339
15403 18911 11834
15280 18139 13264
15210 14547 15676
15135 16316 15011
15028 17621 14047
14799 16128 15385
14790 17262 14557
14500 16955 15195
14498 16508 15360
14487 17266 14928
14336 17107 15209
14277 17474 14908
14138 16481 15694
14090 17206 15221
13877 14662 16554
13782 18815 13847
13752 18666 14168
13650 17356 15550
13405 14183 16980
13392 15310 16669
13288 19297 13866
13208 13870 17099
13201 19687 12784
13163 18927 14121
13022 17633 15587
12893 17833 15638
12862 19713 13461
12719 14432 17321
12676 16799 16358
12557 17931 15526
11992 17106 16336
11885 15014 17411
11143 16977 16563
10792 20503 12739
10626 15964 17153
10474 18976 14920
