100 2
32664
636 708 31
606 659 964
782 80 279
553 472 573
680 919 908
713 154 526
742 407 304
774 755 45
605 592 247
753 252 813
790 940 654
744 53 637
730 8 766
592 417 484
766 489 48
598 276 647
633 682 78
808 22 74
721 564 589
741 467 372
678 502 924
638 584 901
824 976 643
601 941 331
494 503 903
634 342 478
487 915 812
583 669 975
546 622 89
475 579 61
601 285 858
773 982 374
568 995 843
563 849 817
576 768 948
820 684 850
807 165 266
564 175 13
620 37 158
791 384 528
683 957 773
638 268 257
641 84 898
805 823 982
502 430 292
560 759 577
724 223 260
627 411 307
521 613 76
710 573 385
610 722 959
615 380 728
668 870 691
604 169 509
487 612 322
499 69 508
569 790 653
547 208 739
759 587 375
644 529 618
502 756 7
664 247 980
779 303 344
573 276 917
668 385 181
829 552 251
766 50 46
584 434 378
497 160 154
560 530 303
606 763 150
534 395 464
558 848 318
808 863 150
820 637 621
654 373 532
506 428 959
673 773 290
687 343 761
635 467 210
668 177 958
561 167 37
527 626 891
775 271 717
594 905 409
552 347 232
800 978 963
659 444 272
820 305 652
565 617 131
617 630 874
752 144 268
723 775 552
659 671 839
652 816 750
556 306 869
777 221 588
779 317 353
679 599 295
686 313 654
309
37063 27894
37030 28062
37018 28643
37009 28847
36992 28953
36964 28993
36929 29048
36920 29252
36881 29338
36855 29428
36825 29476
36787 29527
36781 29528
36773 29537
36771 29587
36762 29791
36686 29870
36684 29942
36654 29990
36649 30114
36594 30121
36580 30131
36554 30244
36550 30272
36545 30303
36517 30337
36508 30396
36460 30441
36435 30546
36432 30590
36399 30660
36374 30666
36362 30746
36348 30756
36338 30770
36333 30784
36304 30790
36300 30858
36282 30867
36267 30876
36265 30973
36242 31040
36216 31130
36204 31162
36133 31196
36129 31221
36118 31224
36109 31292
36103 31311
36076 31375
36058 31443
36046 31448
36016 31483
36003 31495
35998 31518
35977 31537
35972 31555
35958 31599
35948 31649
35931 31755
35897 31773
35864 31856
35814 32005
35781 32032
35755 32079
35706 32128
35694 32133
35679 32161
35668 32170
35658 32173
35650 32188
35649 32196
35641 32239
35639 32242
35636 32280
35607 32295
35589 32330
35581 32342
35565 32390
35554 32407
35551 32408
35549 32411
35548 32496
35523 32501
35522 32543
35497 32548
35450 32558
35440 32561
35438 32589
35420 32593
35414 32614
35412 32636
35410 32641
35407 32659
35392 32668
35389 32683
35383 32708
35363 32730
35351 32761
35339 32790
35333 32796
35332 32798
35330 32868
35313 32974
35220 33005
35215 33047
35155 33105
35124 33136
35122 33151
35106 33152
35098 33183
35096 33241
35076 33264
35062 33265
35040 33284
35028 33292
35027 33295
35020 33335
35018 33338
34997 33374
34975 33396
34965 33408
34949 33486
34929 33576
34866 33617
34814 33642
34806 33655
34798 33668
34797 33671
34793 33710
34788 33739
34775 33749
34762 33804
34700 33814
34688 33821
34685 33849
34683 33864
34667 33872
34662 33914
34639 33940
34627 33960
34606 33985
34604 33988
34553 34059
34521 34077
34512 34103
34505 34124
34490 34171
34469 34178
34456 34187
34452 34230
34440 34240
34410 34279
34393 34331
34365 34348
34353 34412
34348 34454
34271 34499
34235 34549
34218 34568
34213 34610
34155 34627
34141 34636
34138 34646
34105 34656
34094 34679
34088 34715
34077 34731
34060 34786
34037 34812
34032 34854
33971 34859
33967 34899
33962 34941
33932 34976
33843 35010
33839 35023
33826 35062
33804 35072
33791 35139
33749 35192
33730 35193
33704 35240
33681 35258
33655 35259
33653 35267
33651 35299
33646 35341
33616 35376
33577 35389
33553 35425
33521 35446
33495 35451
33489 35461
33487 35480
33459 35502
33456 35540
33447 35544
33436 35552
33433 35592
33390 35612
33365 35658
33360 35700
33306 35707
33270 35751
33267 35753
33264 35791
33237 35825
33198 35846
33193 35888
33164 35896
33136 35902
33131 35944
33123 35954
33106 36060
32981 36112
32948 36191
32876 36225
32840 36275
32787 36334
32780 36345
32677 36393
32622 36476
32554 36487
32550 36510
32516 36541
32494 36609
32423 36628
32398 36684
32327 36703
32265 36713
32252 36725
32241 36749
32182 36779
32176 36822
32162 36840
32113 36887
32042 36901
32005 36919
32002 36956
31972 36973
31952 37030
31856 37064
31807 37110
31787 37172
31716 37186
31647 37203
31640 37204
31603 37205
31591 37246
31581 37273
31545 37283
31512 37337
31436 37376
31426 37388
31398 37422
31340 37451
31335 37472
31301 37537
31257 37585
31101 37632
30996 37649
30940 37693
30935 37714
30901 37779
30692 37781
30677 37791
30675 37824
30649 37832
30596 37891
30553 37907
30536 38013
30224 38057
30123 38062
30083 38072
30053 38077
30050 38104
29961 38106
29960 38122
29927 38171
29874 38185
29864 38197
29775 38227
29713 38251
29607 38276
29511 38315
29484 38358
29331 38371
29189 38404
29125 38420
29080 38481
28943 38516
28878 38517
28713 38521
28705 38548
28597 38552
28455 38591
28428 38618
28308 38659
28260 38667
28106 38695
27928 38698
27774 38726
27697 38736
27595 38743
27524 38767
27384 38780
27192 38798
27052 38811
