100 2
30644
650 342 216
738 565 575
734 303 142
575 930 942
471 697 546
755 94 405
677 597 753
665 665 837
610 667 748
659 211 589
594 949 894
652 696 592
562 152 439
489 29 11
706 872 844
732 531 436
575 533 455
498 838 793
676 737 825
606 733 696
481 849 765
612 632 876
543 555 503
567 33 26
502 733 713
742 394 566
572 450 433
483 83 79
629 403 254
638 691 618
515 899 906
466 533 391
542 582 703
666 661 304
599 81 112
596 530 194
664 389 321
500 542 414
715 894 802
611 772 761
680 666 230
707 275 547
633 880 562
524 750 652
715 377 160
474 329 184
550 386 838
582 767 770
588 613 309
707 910 633
625 596 698
649 282 279
603 664 591
581 215 88
683 966 819
717 987 941
468 257 483
664 211 119
649 833 548
561 243 671
704 985 993
565 515 457
581 631 837
693 404 617
738 303 185
638 311 804
559 51 37
501 967 832
573 576 541
520 978 984
582 401 877
648 240 260
526 671 765
755 194 181
623 138 98
715 614 606
471 254 428
683 264 738
492 405 650
696 177 424
649 435 180
562 334 569
727 855 883
536 159 29
548 658 766
513 643 606
541 714 928
699 478 301
654 686 588
706 705 489
563 322 285
650 848 899
637 908 811
489 661 822
742 970 874
625 803 584
683 49 220
699 407 196
600 99 150
574 370 286
55
38533 35885
38482 36406
38464 36408
38389 36480
38384 36554
38354 36601
38345 36642
38340 36715
38335 36789
38307 36903
38270 36974
38252 36976
38227 37049
38213 37064
38161 37093
38160 37125
38142 37169
38138 37238
38132 37239
38128 37283
38123 37357
38095 37471
38053 37475
37995 37616
37947 37621
37938 37662
37926 37806
37840 37810
37786 37892
37749 37927
37682 37974
37645 38116
37554 38233
37344 38244
37333 38299
37269 38302
37242 38401
37032 38412
37000 38429
36983 38431
36975 38453
36965 38471
36892 38533
36844 38538
36664 38568
36663 38650
36388 38660
36334 38661
36279 38666
36178 38671
36146 38688
36142 38710
35863 38747
35660 38750
35185 38751
