100 2
33766
838 132 415
645 289 194
551 327 581
646 625 212
576 529 755
531 257 79
656 843 858
636 790 202
519 586 259
783 316 440
666 850 883
604 311 374
701 417 631
757 423 394
810 877 981
618 581 48
593 700 256
830 22 6
763 689 855
738 241 299
683 827 984
708 610 516
639 407 410
824 581 922
636 322 229
610 997 977
611 355 777
742 116 487
552 584 697
563 378 831
808 136 312
507 761 104
761 664 921
663 543 574
824 824 191
813 462 49
582 796 437
656 196 285
505 640 608
625 403 660
776 102 446
620 15 91
548 727 30
727 738 513
607 989 772
784 294 575
558 162 228
507 194 79
613 130 271
619 605 106
610 967 889
719 482 182
682 275 185
820 546 489
536 348 518
636 74 317
685 531 634
820 626 635
642 982 964
814 883 817
519 382 786
646 239 84
631 810 474
807 595 646
771 126 548
621 162 310
516 431 400
557 991 633
661 341 914
599 942 877
810 821 315
535 61 31
594 426 111
743 673 95
803 794 388
729 376 427
541 917 877
825 835 710
669 157 259
505 907 85
686 782 282
755 128 243
765 570 540
607 759 942
748 138 178
738 327 796
795 907 532
710 362 179
815 52 117
801 660 854
760 548 233
580 93 531
835 533 43
805 628 829
536 248 468
815 368 462
824 453 147
617 726 787
627 23 276
535 793 492
123
37213 29286
37199 29562
37168 29573
37158 29617
37122 29751
37118 30001
37106 30061
37093 30066
37079 30095
37070 30118
37058 30178
37031 30212
37017 30349
37013 30445
37003 30472
36992 30508
36990 30511
36976 30540
36928 30657
36915 30678
36914 30794
36867 30795
36853 30824
36839 30961
36811 30999
36791 31078
36785 31135
36764 31240
36750 31269
36736 31406
36688 31523
36653 31524
36632 31587
36605 31641
36584 31704
36562 31794
36507 31874
36486 32077
36403 32195
36382 32258
36272 32292
36250 32300
36248 32336
36229 32349
36227 32399
36213 32469
36194 32536
36163 32547
36112 32582
36086 32628
36073 32712
36035 32752
36015 32913
35899 32984
35878 33032
35797 33111
35770 33171
35751 33237
35677 33282
35635 33303
35614 33356
35556 33557
35402 33589
35381 33652
35340 33740
35313 33813
35148 33823
35143 33911
35089 33965
34968 34066
34868 34085
34796 34119
34785 34134
34720 34167
34706 34173
34703 34175
34693 34240
34673 34309
34508 34319
34455 34466
34290 34517
34190 34539
34080 34594
34072 34674
33826 34676
33810 34689
33796 34709
33748 34724
33720 34743
33683 34792
33663 34799
33651 34831
33472 34844
33427 34898
33399 34917
33365 34932
33337 34952
33175 34984
33151 35018
33085 35038
33056 35074
33044 35106
32914 35109
32865 35119
32837 35139
32810 35153
32792 35192
32687 35195
32666 35210
32552 35213
32544 35293
32429 35304
32386 35337
32238 35349
32187 35382
32073 35385
32042 35402
31970 35411
31782 35462
31765 35464
31718 35497
31458 35557
30652 35567
