100 2
32077
686 453 191
792 548 569
788 457 112
593 880 914
471 746 446
812 43 664
718 481 795
703 514 873
637 589 756
700 103 783
615 944 793
689 723 512
582 87 648
494 87 16
752 846 779
786 581 392
596 573 418
502 821 719
715 638 830
631 719 642
483 851 664
640 423 925
558 576 472
592 71 46
508 710 667
798 317 652
593 469 434
488 127 117
664 514 214
669 702 554
521 852 868
466 609 331
556 494 736
706 811 168
629 101 183
623 728 104
704 449 310
506 608 357
764 898 684
639 740 717
722 850 98
755 180 697
665 942 324
533 766 564
765 553 111
475 459 155
565 164 941
604 726 733
615 756 192
755 956 384
655 517 723
686 318 310
628 679 531
604 370 72
721 980 593
765 987 821
468 185 625
706 326 114
683 903 349
580 107 849
747 951 985
585 546 431
598 462 884
738 303 713
793 416 167
670 117 933
580 101 57
506 979 618
593 583 514
527 946 968
603 153 963
686 265 309
537 583 778
812 244 216
657 215 116
764 600 584
471 204 551
726 104 897
497 286 753
743 115 605
686 617 116
581 241 689
776 789 858
552 376 18
563 562 785
521 641 567
556 482 959
744 589 240
690 711 513
753 781 363
584 374 296
683 763 886
667 915 684
493 521 856
796 977 701
654 861 424
729 30 446
747 565 142
631 111 236
596 443 272
246
38435 29730
38423 29953
38411 30310
38383 30434
38382 30602
38355 30615
38327 30763
38311 30917
38308 31067
38281 31080
38280 31295
38279 31359
38252 31372
38224 31520
38207 31612
38195 31613
38168 31825
38134 31912
38107 31957
38074 32027
38049 32036
38014 32256
37987 32269
37919 32341
37894 32350
37892 32354
37890 32420
37863 32465
37840 32467
37836 32480
37832 32583
37829 32733
37802 32778
37763 32848
37744 32857
37720 32868
37717 32961
37690 32974
37678 33031
37651 33044
37582 33069
37574 33129
37566 33208
37554 33209
37535 33288
37496 33358
37466 33553
37423 33573
37348 33658
37347 33709
37285 33774
37222 33828
37211 33949
37192 34023
37118 34080
37107 34102
37074 34128
37047 34141
37030 34170
37011 34244
36962 34305
36950 34306
36914 34386
36892 34455
36829 34459
36823 34482
36810 34533
36799 34555
36772 34568
36725 34612
36698 34625
36686 34641
36665 34651
36661 34674
36648 34680
36629 34754
36618 34776
36613 34789
36601 34809
36580 34815
36568 34816
36564 34844
36557 34880
36543 34939
36538 34954
36510 34965
36507 35011
36448 35039
36390 35078
36356 35268
36252 35284
36222 35428
36118 35444
36090 35510
36026 35525
35999 35538
35986 35545
35979 35581
35977 35586
35965 35587
35950 35599
35938 35600
35926 35662
35917 35686
35907 35736
35880 35749
35845 35810
35769 35820
35757 35821
35741 35826
35728 35832
35723 35842
35701 35845
35696 35860
35664 35878
35652 35879
35624 35929
35604 35971
35589 36002
35575 36007
35540 36068
35513 36081
35470 36177
35451 36251
35235 36380
35223 36381
35208 36393
35196 36394
35150 36397
35138 36402
35109 36426
35099 36427
35095 36451
35074 36499
35016 36557
34982 36628
34903 36651
34891 36652
34811 36674
34799 36675
34784 36687
34772 36688
34726 36691
34718 36699
34711 36815
34615 36847
34596 36854
34511 36863
34498 36871
34489 36878
34480 36919
34479 36945
34467 36946
34435 37010
34423 37011
34355 37015
34331 37026
34319 37027
34306 37035
34288 37083
34287 37109
34172 37148
34059 37149
34057 37176
34030 37226
33978 37228
33953 37229
33949 37240
33937 37241
33932 37283
33931 37309
33859 37328
33850 37389
33838 37390
33829 37431
33790 37456
33713 37459
33686 37472
33610 37619
33598 37620
33506 37635
33494 37636
33396 37647
33370 37648
33343 37661
33331 37673
33304 37686
33276 37687
33264 37688
33227 37689
33205 37749
33193 37750
33151 37836
33139 37837
33124 37849
33112 37850
33047 37852
33035 37853
32920 37887
32827 37892
32816 37911
32797 37985
32623 38016
32611 38017
32597 38055
32596 38081
32504 38120
32399 38121
32392 38205
32217 38228
32192 38275
32003 38287
31964 38294
31915 38300
31896 38339
31816 38360
31804 38361
31711 38376
31703 38451
31618 38457
31514 38473
31469 38482
31457 38483
31418 38499
31414 38505
31402 38506
31316 38529
31307 38570
31295 38571
31288 38609
31276 38610
31148 38611
31087 38613
31075 38614
31046 38641
31042 38681
31010 38699
30998 38700
30636 38724
30626 38754
30499 38769
30430 38801
30210 38803
30198 38804
29684 38805
29648 38820
