100 2
33538
866 934 984
785 96 277
662 308 275
766 651 149
824 169 280
517 589 43
595 497 885
737 238 702
509 349 737
846 953 966
687 707 510
505 970 993
599 923 987
595 455 736
567 980 833
851 286 905
646 518 72
691 181 666
530 274 724
626 726 834
659 947 391
518 347 936
822 732 928
731 161 114
610 715 928
838 217 860
689 614 818
572 674 688
600 545 48
486 201 656
801 371 147
608 531 857
683 331 731
639 388 565
849 153 640
500 506 183
695 699 857
666 76 375
678 391 521
613 359 806
631 969 532
691 491 139
532 372 450
846 122 180
612 274 494
860 392 359
601 947 703
679 570 778
488 450 613
803 921 529
501 504 336
475 251 746
514 801 398
662 931 891
631 565 839
594 808 459
562 391 14
857 322 835
680 271 810
686 240 236
565 441 607
500 528 573
871 666 669
826 544 845
809 352 813
771 859 754
595 661 791
704 692 909
563 790 885
845 958 272
795 962 141
716 153 331
642 115 591
523 539 71
679 47 177
868 114 185
795 126 397
781 107 642
846 445 516
847 989 941
865 145 946
783 80 922
503 253 763
581 423 335
686 180 367
594 534 282
697 180 644
742 308 508
635 378 6
819 813 519
591 994 550
853 107 589
534 746 627
681 804 317
490 769 730
670 251 406
659 923 638
529 118 105
478 503 242
579 305 608
165
37470 31466
37447 31764
37406 31937
37394 32067
37367 32419
37355 32968
37306 33100
37277 33107
37237 33241
37222 33282
37208 33374
37185 33396
37169 33615
37131 33624
37120 33858
37078 34092
37022 34132
36999 34154
36982 34162
36977 34340
36956 34379
36928 34472
36905 34494
36903 34616
36892 34850
36781 34903
36753 34996
36730 35018
36716 35075
36673 35122
36663 35176
36632 35292
36627 35503
36516 35556
36498 35559
36466 35584
36465 35671
36420 35702
36398 35829
36348 35857
36322 35976
36272 36004
36239 36116
36181 36236
36096 36243
36093 36302
36043 36330
36010 36442
35878 36556
35876 36709
35681 36718
35678 36725
35672 36746
35669 36805
35645 36810
35611 36925
35566 36941
35562 36955
35518 37004
35516 37028
35490 37088
35440 37131
35430 37167
35377 37202
35347 37210
35345 37234
35328 37256
35309 37339
35266 37381
35261 37414
35216 37418
35214 37442
35211 37501
35148 37528
35074 37570
35015 37590
34932 37633
34904 37643
34897 37645
34881 37650
34869 37776
34830 37803
34819 37804
34786 37916
34698 37917
34656 37927
34655 37955
34625 37977
34608 37983
34605 38042
34589 38047
34575 38064
34539 38134
34538 38200
34464 38242
34293 38297
34266 38309
34213 38318
34194 38366
34161 38377
34158 38436
34122 38448
34092 38470
34084 38478
34056 38540
34026 38550
33991 38656
33821 38661
33791 38683
33755 38753
33719 38765
33647 38822
33611 38892
33470 38933
33342 38957
33339 39001
33294 39047
33258 39059
33153 39088
33123 39106
33119 39114
33093 39132
33015 39233
32881 39251
32878 39295
32848 39317
32743 39342
32671 39428
32602 39448
32497 39473
32409 39487
32356 39514
32279 39601
32174 39626
32153 39639
32081 39725
31976 39750
31762 39780
31657 39805
31627 39827
31579 39834
31555 39881
31522 39899
31450 39906
31417 39924
31402 39945
31148 40020
31058 40111
30802 40115
30785 40137
30704 40159
30632 40173
30527 40198
30502 40241
30333 40307
30226 40311
30178 40315
30175 40322
30000 40332
29970 40354
29913 40413
29640 40439
29307 40464
28183 40478
27531 40488
