100 2
36338
742 83 521
610 486 623
876 918 834
734 368 90
614 698 263
757 102 930
700 460 876
673 64 879
787 961 884
738 553 368
820 841 354
657 816 713
863 272 510
592 47 555
733 829 956
759 22 79
837 433 931
597 230 787
605 753 796
860 802 420
764 766 992
790 163 213
629 515 990
867 960 878
722 759 244
761 15 72
703 789 463
807 192 494
673 960 287
872 917 171
857 535 844
583 507 677
646 586 917
709 873 60
585 83 593
607 107 641
645 25 277
766 116 443
725 34 841
646 786 124
702 542 250
876 42 119
830 466 122
781 913 930
800 486 832
654 973 852
725 253 585
742 332 619
659 657 250
658 412 60
768 101 512
673 951 923
690 184 527
681 935 650
802 52 531
764 287 10
678 226 608
684 650 843
819 748 848
697 787 955
841 56 145
707 974 861
674 366 242
583 451 640
643 896 308
593 493 115
866 3 462
764 853 40
774 814 222
705 93 499
578 79 518
709 376 791
713 444 474
601 543 706
741 715 260
856 407 134
713 874 787
822 885 480
671 593 909
718 516 17
868 924 521
785 339 18
838 256 447
641 397 38
841 23 101
860 715 984
830 308 320
713 290 553
840 560 235
702 481 734
606 980 633
786 904 885
721 509 38
682 203 118
851 33 346
669 81 322
766 961 877
581 704 301
593 479 116
636 521 173
260
38586 28585
38579 28606
38551 29302
38530 29444
38526 29911
38505 30053
38444 30537
38416 30602
38348 30618
38342 30624
38335 30643
38307 30708
38267 30960
38239 31025
38195 31208
38181 31209
38141 31249
38093 31295
38086 31314
38072 31315
38058 31379
38044 31380
38018 31631
38004 31632
37990 31696
37984 31702
37916 31718
37902 31719
37900 31752
37899 31755
37892 31920
37878 31921
37795 32047
37760 32064
37747 32146
37693 32319
37632 32325
37625 32344
37619 32487
37605 32488
37549 32510
37535 32511
37534 32514
37517 32574
37510 32593
37496 32594
37436 32738
37384 32739
37344 32760
37330 32761
37320 32785
37305 32963
37291 32964
37250 32998
37236 32999
37206 33001
37192 33002
37169 33162
37167 33183
37153 33184
37029 33249
37015 33250
37007 33270
37005 33291
36991 33292
36961 33307
36947 33308
36928 33332
36927 33406
36913 33407
36911 33436
36897 33437
36896 33460
36869 33490
36864 33524
36820 33527
36799 33560
36789 33567
36781 33709
36648 33741
36643 33775
36619 33817
36601 33832
36587 33833
36557 33848
36554 33854
36540 33875
36537 33879
36530 33928
36510 33972
36494 34002
36458 34021
36449 34035
36439 34103
36425 34104
36419 34108
36395 34119
36381 34120
36368 34199
36300 34367
36168 34379
36151 34405
36138 34475
36063 34561
36053 34629
35954 34667
35917 34726
35871 34781
35842 34812
35743 34892
35700 34904
35680 34920
35677 34963
35634 34975
35588 35075
35479 35155
35450 35231
35360 35251
35341 35337
35297 35353
35222 35355
35205 35434
35178 35449
35161 35450
35159 35489
35044 35550
35040 35585
34997 35597
34996 35601
34979 35628
34965 35671
34931 35704
34914 35712
34817 35736
34803 35779
34776 35848
34749 35863
34694 35885
34650 35901
34622 35927
34616 35934
34596 35987
34582 36030
34538 36046
34502 36118
34376 36154
34366 36215
34284 36252
34267 36260
34240 36268
34189 36289
34185 36292
34169 36335
34152 36343
34112 36350
34097 36365
34078 36376
34060 36415
34051 36445
33996 36459
33969 36482
33937 36509
33918 36554
33871 36584
33857 36627
33764 36633
33730 36668
33687 36732
33643 36748
33602 36785
33530 36811
33501 36836
33488 36845
33481 36856
33449 36863
33433 36867
33432 36890
33423 36923
33372 36962
33283 36970
33269 37002
33256 37090
33212 37106
33068 37136
33066 37170
33050 37214
32941 37320
32787 37399
32750 37431
32599 37445
32560 37511
32414 37532
32370 37548
32354 37557
32322 37575
32317 37589
32290 37612
32245 37624
32216 37627
32208 37656
32163 37668
32136 37691
32099 37723
32054 37735
31984 37775
31945 37841
31702 37843
31685 37894
31583 37910
31548 37922
31474 37940
31461 37952
31429 37989
31359 37992
31327 38029
31320 38058
31288 38095
31060 38111
31028 38148
30974 38178
30804 38206
30647 38211
30615 38248
30551 38269
30544 38298
30512 38335
30211 38358
30161 38360
30147 38379
30064 38386
30014 38388
29941 38395
29902 38409
29877 38416
29826 38425
29811 38427
29804 38439
29762 38446
29737 38519
29695 38545
29352 38583
29334 38592
29165 38635
28994 38637
28976 38646
28945 38656
28822 38673
28804 38682
28633 38684
28602 38694
28584 38703
28257 38705
28239 38714
28108 38718
27989 38724
27971 38733
27896 38752
27293 38760
27275 38769
27104 38771
