300 2
100931
757 651 298
713 917 534
704 505 207
540 348 285
588 914 468
636 406 521
608 350 536
801 164 181
774 3 7
777 123 552
557 303 210
804 613 589
610 495 773
627 276 49
747 409 638
554 193 292
724 993 575
656 485 332
780 790 972
720 234 624
751 955 709
557 678 317
791 487 254
809 534 483
770 916 952
626 86 288
663 360 69
627 822 994
684 723 678
808 45 35
748 896 915
599 772 825
714 19 264
628 651 42
719 486 988
661 457 805
747 498 931
707 279 265
714 695 267
730 237 938
738 521 720
588 322 272
551 752 390
594 749 130
795 351 927
748 167 8
576 44 713
591 807 356
674 757 411
571 383 208
563 964 536
578 584 199
684 757 630
792 218 731
700 907 647
632 613 765
690 130 411
733 260 345
724 120 76
651 319 964
679 676 698
628 488 578
617 11 210
699 236 113
630 408 409
626 133 224
562 74 725
641 983 770
718 401 828
597 41 150
762 120 85
549 805 830
555 954 376
552 676 99
568 520 546
551 870 469
609 1 41
727 729 659
673 970 989
791 349 231
721 287 839
608 440 111
638 283 92
774 999 720
593 128 37
694 932 735
565 516 419
572 353 101
802 686 714
598 5 4
578 808 682
620 847 957
788 252 419
652 154 478
679 321 30
772 746 752
779 649 577
752 369 603
733 136 497
644 482 471
777 657 546
651 9 177
748 37 142
706 169 17
578 238 781
608 402 271
666 797 591
802 568 211
755 515 602
692 454 866
677 821 118
607 162 319
683 706 660
723 221 131
549 956 796
794 930 827
669 675 501
662 913 878
724 156 144
713 385 411
805 48 374
594 256 10
551 669 141
761 813 989
596 843 432
776 379 711
742 250 10
590 277 859
663 134 104
730 913 541
536 987 951
688 642 476
635 73 124
649 91 157
607 167 1
797 870 603
794 463 808
764 530 790
764 884 903
737 47 66
567 842 910
780 948 996
611 420 917
714 241 4
743 390 663
654 303 239
783 901 403
653 692 813
576 199 172
775 415 304
760 627 483
716 131 557
655 546 611
776 435 731
584 660 159
586 951 133
650 696 774
752 350 210
539 662 770
548 917 948
640 428 771
548 716 669
705 376 17
562 48 477
591 924 902
711 669 469
575 235 520
805 629 899
581 168 620
744 906 493
594 271 74
786 784 382
577 235 542
593 856 746
730 344 475
800 642 683
751 745 752
632 472 957
767 157 205
539 863 750
735 56 277
724 531 230
706 818 295
710 371 546
653 943 988
546 664 390
809 802 998
626 483 968
582 537 332
721 362 73
733 600 314
679 380 241
738 242 192
630 118 418
668 817 920
727 917 667
546 649 723
722 198 72
540 33 65
784 745 268
718 388 234
730 419 428
544 812 886
727 195 66
770 627 361
769 900 609
770 698 287
712 512 60
754 350 958
636 309 115
715 509 817
705 917 599
654 792 418
535 272 252
642 477 903
741 279 510
665 511 257
557 486 621
678 347 22
616 724 964
618 103 406
630 122 136
592 730 828
716 294 161
703 295 427
609 403 570
749 959 69
540 519 550
742 503 612
593 968 767
651 53 142
794 685 972
735 237 574
612 854 87
804 527 920
573 401 166
607 302 444
786 162 469
694 449 89
729 660 983
607 128 250
640 456 562
748 860 664
769 637 813
600 243 342
612 912 592
651 127 551
708 879 153
635 252 724
789 825 325
593 894 712
544 215 507
692 273 42
551 438 450
688 425 405
712 765 668
551 723 703
705 415 103
577 478 115
586 491 415
569 620 183
560 321 881
773 293 345
618 7 81
563 891 857
726 878 334
652 181 353
797 502 666
576 651 94
788 33 293
746 520 223
749 904 715
535 970 411
655 226 346
678 699 613
788 391 121
653 121 44
682 383 451
638 440 130
642 750 432
617 8 25
540 933 301
716 344 405
715 274 569
698 347 72
716 666 461
784 309 236
617 222 750
619 787 217
575 764 571
737 637 226
748 267 400
618 839 738
611 772 779
795 160 35
753 298 424
593 359 810
587 275 392
770 566 551
598 59 154
893
111278 87249
111268 87746
111266 87890
111259 87939
111256 87957
111249 88279
111246 88454
111244 88598
111237 88730
111226 88749
111225 88810
111221 89030
111220 89119
111217 89227
111213 89304
111210 89437
111203 89563
111199 89738
111191 89747
111187 89748
111186 89892
111176 89936
111171 90086
111167 90127
111164 90233
111162 90256
111158 90274
111157 90342
111150 90489
111138 90499
111136 90543
111126 90587
111125 90715
111121 90733
111116 90786
111112 90788
111109 90916
111104 90954
111099 91115
111096 91143
111078 91162
111071 91497
111044 91542
111042 91586
111041 91621
111039 91727
111027 91737
111024 91776
111018 91814
111007 91867
111002 92186
110990 92196
110969 92243
110964 92257
110954 92405
110928 92480
110920 92497
110913 92576
110887 92651
110885 92785
110859 92876
110845 92952
110833 93041
110830 93090
110774 93124
110766 93205
110750 93219
110748 93250
110731 93257
110728 93306
110727 93347
110715 93370
110705 93395
110698 93407
110693 93492
110682 93535
110679 93584
110667 93594
110656 93610
110653 93659
110644 93722
110629 93834
110601 93865
110582 93882
110561 93912
110556 93957
110547 93998
110530 94001
110527 94050
110522 94054
110515 94060
110510 94086
110506 94216
110492 94236
110475 94256
110466 94327
110445 94406
110431 94454
110380 94505
110364 94543
110352 94553
110341 94572
110327 94605
110319 94695
110295 94758
110280 94762
110271 94768
110267 94841
110239 94848
110233 94880
110230 94929
110216 94952
110200 94990
110188 95000
110177 95017
110174 95066
110146 95073
110143 95080
110142 95104
110130 95149
110127 95186
110114 95187
110105 95234
110098 95270
110077 95275
110072 95282
110069 95339
110066 95376
110032 95427
110025 95434
110006 95482
109980 95573
109947 95587
109940 95590
109938 95644
109923 95650
109911 95660
109901 95732
109883 95733
109863 95758
109860 95790
109830 95806
109826 95846
109821 95867
109804 95894
109802 95948
109784 95955
109765 96036
109720 96070
109718 96089
109694 96110
109681 96212
109661 96221
109651 96231
109646 96247
109634 96257
109627 96294
109605 96300
109588 96334
109580 96347
109579 96362
109568 96388
109553 96417
109549 96476
109527 96508
109515 96518
109488 96532
109482 96572
109468 96588
109454 96592
109449 96607
109442 96617
109432 96619
109431 96676
109419 96686
109406 96710
109405 96731
109403 96759
109379 96822
109351 96829
109339 96874
109323 96888
109288 96890
109287 96897
109283 96990
109248 97002
109233 97047
109226 97050
109213 97101
109207 97138
109187 97192
109140 97203
109136 97220
109116 97266
109082 97308
109075 97311
109058 97332
109056 97399
109009 97418
108997 97424
108992 97465
108985 97481
108946 97503
108944 97590
108897 97601
108889 97646
108877 97656
108873 97664
108870 97677
108843 97679
108840 97684
108837 97714
108825 97724
108814 97739
108811 97740
108806 97755
108796 97758
108795 97776
108793 97851
108746 97862
108722 97925
108708 97948
108696 97958
108694 97971
108679 98004
108645 98019
108642 98039
108641 98053
108629 98063
108626 98090
108614 98100
108582 98122
108578 98154
108574 98158
108562 98168
108532 98170
108531 98173
108527 98177
108517 98182
108515 98187
108511 98219
108498 98243
108487 98256
108475 98266
108466 98292
108461 98304
108460 98308
108449 98358
108411 98403
108399 98437
108369 98467
108341 98481
108335 98482
108332 98502
108331 98516
108319 98566
108268 98617
108245 98653
108215 98675
108207 98685
108198 98692
108194 98704
108185 98706
108177 98719
108171 98734
108154 98740
108153 98750
108150 98771
108137 98786
108121 98792
108118 98811
108098 98839
108086 98855
108083 98876
108082 98882
108054 98886
108046 98898
108037 98948
108022 98985
108018 98997
108002 99011
107970 99053
107955 99090
107951 99102
107935 99116
107906 99128
107903 99158
107884 99167
107861 99197
107823 99235
107810 99248
107789 99258
107787 99271
107786 99285
107774 99295
107757 99306
107756 99311
107754 99320
107752 99331
107737 99342
107725 99343
107723 99346
107721 99355
107717 99359
107710 99383
107707 99405
107690 99411
107689 99416
107677 99426
107658 99438
107656 99451
107640 99470
107629 99520
107592 99559
107562 99585
107553 99608
107523 99634
107512 99684
107476 99700
107475 99723
107441 99732
107431 99735
107422 99740
107420 99757
107411 99761
107408 99788
107392 99814
107381 99830
107363 99846
107358 99887
107322 99903
107300 99907
107296 99911
107290 99913
107284 99921
107282 99937
107273 99941
107269 99949
107268 99953
107259 99956
107257 99964
107250 100010
107232 100026
107220 100036
107209 100049
107197 100059
107173 100065
107162 100067
107161 100075
107159 100104
107146 100110
107142 100114
107138 100129
107109 100140
107108 100155
107105 100159
107092 100198
107078 100229
107066 100239
107030 100260
107014 100274
107005 100307
106996 100333
106956 100357
106954 100358
106948 100364
106920 100373
106918 100374
106912 100380
106907 100409
106887 100436
106876 100463
106860 100477
106836 100487
106832 100491
106825 100537
106789 100553
106776 100569
106766 100573
106764 100605
106753 100612
106715 100637
106692 100673
106673 100721
106644 100735
106622 100772
106586 100788
106570 100807
106561 100840
106508 100852
106502 100878
106486 100887
106485 100890
106456 100899
106449 100906
106436 100918
106427 100927
106425 100937
106416 101010
106376 101034
106343 101048
106340 101060
106325 101079
106307 101080
106305 101087
106296 101107
106270 101114
106258 101124
106256 101131
106229 101138
106226 101159
106223 101178
106213 101198
106195 101199
106187 101210
106178 101214
106173 101221
106166 101224
106147 101228
106146 101243
106128 101262
106127 101263
106123 101274
106115 101275
106099 101277
106094 101318
106081 101329
106068 101348
106053 101375
106020 101398
106017 101401
106012 101432
105988 101477
105960 101491
105948 101501
105937 101528
105897 101552
105881 101612
105836 101620
105805 101652
105774 101660
105761 101661
105756 101673
105738 101686
105720 101689
105719 101697
105703 101713
105700 101729
105695 101741
105689 101756
105663 101781
105644 101792
105629 101796
105627 101797
105622 101838
105586 101854
105563 101860
105546 101878
105539 101882
105531 101898
105512 101923
105496 101938
105476 101941
105473 101948
105469 101956
105466 101974
105456 101995
105451 102001
105418 102005
105415 102009
105414 102033
105402 102043
105389 102073
105353 102085
105351 102094
105348 102115
105346 102127
105335 102154
105295 102178
105259 102194
105241 102204
105236 102214
105234 102246
105198 102262
105189 102264
105170 102275
105159 102287
105149 102288
105130 102299
105117 102323
105098 102334
105083 102338
105077 102347
105076 102380
105047 102406
105027 102422
104993 102424
104985 102431
104983 102435
104966 102445
104962 102448
104961 102464
104947 102470
104940 102489
104936 102493
104923 102498
104917 102518
104910 102537
104909 102545
104889 102548
104881 102579
104862 102604
104849 102605
104843 102615
104799 102626
104788 102632
104784 102651
104782 102683
104719 102708
104697 102725
104683 102733
104670 102741
104663 102748
104658 102776
104642 102781
104625 102784
104622 102805
104603 102830
104588 102857
104566 102889
104547 102914
104518 102924
104485 102932
104467 102939
104458 102943
104454 102945
104451 102952
104448 102953
104435 102965
104430 102977
104420 102987
104418 103010
104401 103012
104391 103018
104374 103033
104369 103045
104360 103074
104340 103080
104307 103087
104298 103092
104294 103103
104261 103113
104245 103124
104239 103137
104230 103139
104225 103178
104191 103185
104182 103219
104162 103251
104112 103255
104107 103263
104101 103271
104093 103280
104078 103290
104074 103292
104073 103302
104063 103312
104055 103317
104047 103323
104033 103326
104026 103335
104025 103355
104011 103368
104006 103380
103989 103387
103984 103396
103966 103404
103959 103413
103944 103428
103938 103438
103918 103449
103894 103466
103882 103473
103877 103506
103820 103507
103814 103531
103798 103539
103794 103542
103785 103554
103779 103564
103776 103577
103772 103598
103757 103602
103727 103614
103718 103632
103709 103655
103690 103680
103641 103717
103602 103732
103600 103738
103585 103748
103581 103763
103566 103773
103550 103776
103536 103785
103517 103810
103483 103819
103480 103845
103457 103856
103435 103866
103431 103877
103413 103898
103409 103909
103394 103923
103390 103934
103362 103942
103341 103947
103330 103970
103289 103991
103286 104008
103270 104016
103268 104047
103222 104069
103209 104084
103203 104094
103162 104101
103146 104104
103131 104114
103129 104123
103127 104134
103112 104139
103099 104168
103095 104179
103056 104180
103052 104185
103037 104205
103011 104220
103004 104238
102985 104263
102959 104264
102955 104280
102940 104289
102936 104305
102908 104339
102879 104357
102851 104378
102833 104380
102820 104391
102799 104422
102775 104428
102768 104435
102760 104437
102755 104450
102749 104460
102738 104468
102729 104471
102688 104528
102633 104533
102618 104564
102583 104571
102581 104591
102550 104604
102531 104629
102493 104634
102487 104636
102474 104659
102465 104682
102446 104707
102405 104713
102400 104719
102394 104751
102337 104768
102333 104819
102249 104852
102228 104862
102201 104877
102175 104892
102169 104903
102150 104928
102130 104939
102108 104971
102089 104996
102031 105007
102017 105015
101999 105021
101995 105022
101983 105032
101957 105061
101951 105072
101948 105073
101932 105097
101908 105098
101867 105106
101842 105108
101838 105123
101826 105133
101812 105160
101783 105161
101781 105176
101775 105184
101762 105201
101727 105226
101721 105258
101675 105274
101606 105291
101583 105314
101570 105327
101526 105340
101523 105345
101510 105348
101503 105427
101419 105446
101399 105457
101358 105514
101287 105554
101265 105560
101201 105615
101124 105619
101108 105629
101060 105630
101040 105638
101038 105667
101037 105688
100951 105730
100943 105735
100873 105741
100857 105778
100853 105795
100840 105805
100822 105807
100787 105814
100760 105823
100732 105824
100716 105842
100693 105850
100692 105884
100642 105886
100623 105887
100609 105902
100603 105910
100595 105915
100582 105925
100564 105927
100542 105978
100442 105999
100408 106006
100378 106062
100307 106090
100291 106127
100148 106153
100118 106165
100094 106179
100060 106186
100035 106190
100033 106247
99906 106267
99898 106268
99893 106289
99802 106306
99793 106310
99781 106336
99734 106352
99704 106364
99663 106380
99615 106386
99607 106387
99601 106410
99524 106439
99492 106466
99446 106484
99395 106489
99386 106501
99357 106506
99349 106507
99322 106511
99307 106517
99295 106518
99289 106524
99271 106528
99255 106543
99249 106579
99186 106596
99110 106638
99014 106660
98979 106661
98967 106664
98960 106666
98956 106687
98937 106688
98895 106703
98842 106719
98823 106744
98727 106748
98725 106778
98717 106779
98679 106808
98609 106809
98607 106831
98588 106856
98542 106886
98494 106899
98415 106906
98331 106914
98311 106920
98309 106941
98280 106946
98247 106971
98212 106973
98202 106992
98150 106994
98117 106999
98053 107031
98005 107044
97968 107049
97888 107054
97864 107060
97852 107071
97816 107073
97783 107077
97782 107101
97758 107116
97685 107124
97661 107139
97629 107151
97576 107157
97485 107162
97472 107168
97413 107172
97390 107209
97363 107216
97326 107221
97229 107244
97174 107245
97114 107246
97095 107247
97090 107261
97053 107266
97018 107272
96961 107275
96956 107289
96946 107297
96908 107316
96757 107326
96682 107333
96665 107334
96663 107352
96658 107366
96567 107371
96523 107386
96395 107391
96384 107410
96373 107412
96219 107414
96186 107415
96128 107419
96100 107422
96082 107426
96055 107433
96044 107435
95985 107474
95812 107478
95795 107488
95715 107491
95704 107493
95557 107508
95544 107514
95453 107519
95347 107534
95175 107544
95157 107548
95066 107553
94929 107555
94887 107569
94815 107570
94666 107571
94651 107580
94625 107584
94622 107588
94596 107593
94472 107594
94467 107609
94291 107615
94283 107623
94219 107628
94085 107643
94046 107653
93829 107669
93517 107670
93514 107674
93381 107681
93208 107706
92918 107720
92148 107724
