300 2
104404
570 136 484
721 253 292
735 87 875
600 578 272
744 940 183
591 348 86
722 369 983
772 344 647
817 877 64
524 495 300
832 462 978
791 812 58
758 913 106
693 597 262
524 661 991
746 428 144
618 185 784
616 7 77
731 577 871
603 414 203
628 895 914
681 222 851
858 289 564
811 730 779
604 208 415
654 901 997
788 47 978
798 592 100
801 509 726
631 451 750
764 304 200
541 418 397
808 731 828
753 637 461
742 644 375
781 357 129
584 526 694
804 319 228
652 413 777
560 57 958
780 325 228
706 57 79
780 579 98
678 799 395
603 695 981
864 249 647
545 149 331
561 141 194
751 509 67
593 418 264
541 639 988
786 549 175
763 106 491
613 699 328
611 600 292
682 306 129
678 324 793
681 778 422
854 965 935
518 612 934
731 460 699
798 118 275
799 350 860
521 769 417
859 635 112
549 418 145
537 455 400
519 808 923
751 752 553
751 881 875
792 374 756
681 109 47
787 157 424
619 488 240
566 773 385
770 21 947
535 908 801
844 698 783
824 200 284
741 468 514
533 507 561
847 208 227
744 536 557
581 580 959
789 363 86
586 442 681
561 792 651
599 107 564
681 484 10
577 296 963
735 447 349
706 531 127
709 74 523
748 811 583
635 180 606
864 152 746
826 513 152
771 776 668
659 187 93
745 222 926
645 950 395
681 676 179
707 501 838
685 141 270
818 867 429
556 667 58
853 625 414
588 69 160
824 744 25
566 743 440
731 780 296
554 421 676
663 917 289
643 171 800
687 729 773
575 187 27
808 88 334
567 172 575
749 702 627
607 205 863
863 310 989
666 425 432
631 578 426
812 849 789
649 361 473
771 228 384
762 961 484
777 704 891
800 483 694
735 869 789
662 871 418
671 116 38
694 902 580
706 463 586
738 60 121
756 82 166
745 117 383
577 712 454
580 92 885
546 836 509
542 931 595
734 749 725
544 26 35
710 344 306
626 76 192
794 865 502
849 493 652
770 21 886
532 363 872
869 323 34
817 418 235
735 452 118
689 484 341
617 498 417
566 370 841
808 847 673
620 681 473
811 649 364
671 188 672
827 184 681
669 974 388
636 258 357
773 251 226
704 346 727
794 679 927
769 856 376
739 289 670
562 38 106
717 953 845
580 317 443
602 370 38
622 451 358
691 276 166
734 203 34
532 135 285
540 984 27
829 392 472
586 445 310
662 458 744
857 22 21
827 118 195
711 315 874
778 346 612
706 795 687
676 459 639
797 782 876
711 40 449
751 224 462
653 581 676
707 794 559
532 201 328
794 923 757
557 43 157
813 699 664
833 941 259
834 297 817
794 15 779
666 674 439
854 588 972
545 403 155
758 984 806
841 47 911
518 26 656
532 319 585
543 512 137
832 209 103
750 336 654
818 313 550
691 81 168
836 787 643
627 546 483
754 432 274
629 323 791
866 398 877
784 784 857
681 337 419
693 234 440
848 756 953
749 497 864
802 416 803
557 149 904
583 160 927
518 418 449
566 800 926
545 69 852
636 845 69
780 793 76
687 333 869
559 565 51
716 53 626
751 236 990
662 99 23
802 765 635
789 935 59
721 852 875
551 855 757
710 176 482
634 240 681
651 22 51
532 621 222
624 986 127
528 246 500
753 108 353
870 826 393
734 468 318
623 449 906
804 392 108
859 40 54
793 620 150
676 606 192
802 351 453
778 820 332
561 938 63
689 511 978
824 156 209
865 427 393
799 479 589
816 701 938
840 657 307
651 854 818
835 140 101
703 411 449
777 847 83
590 635 911
695 635 749
764 444 325
848 312 20
580 186 341
792 58 937
753 323 423
532 620 924
611 229 109
555 177 495
795 540 734
629 752 824
556 506 723
628 111 373
770 922 840
757 332 618
706 15 78
778 816 232
683 559 738
559 911 377
680 334 447
687 684 584
638 816 442
531 922 542
575 197 890
688 817 803
670 866 705
539 943 251
824 61 674
628 856 955
745 920 612
724 308 93
802 769 869
794 928 770
538 27 926
566 755 104
566 519 33
1662
108306 79899
108268 79952
108267 80465
108266 80616
108262 80736
108256 80749
108255 81227
108253 81285
108252 81340
108230 81475
108222 81913
108207 81923
108198 81943
108191 82112
108183 82493
108156 82608
108151 82680
108149 82687
108148 82793
108133 82803
108128 82950
108113 82960
108103 83336
108069 83372
108067 83398
108065 83538
108036 83545
108035 83615
108031 83687
108005 83787
108002 83815
108000 83898
107992 84083
107985 84096
107982 84209
107961 84315
107931 84332
107922 84413
107919 84441
107917 84524
107914 84668
107909 84709
107877 84745
107873 84865
107852 84909
107830 84940
107823 84952
107818 84993
107817 84995
107808 85005
107803 85084
107801 85157
107787 85187
107776 85204
107773 85331
107768 85339
107764 85459
107741 85503
107736 85575
107715 85601
107708 85611
107698 85719
107693 85830
107673 85962
107642 85972
107641 86102
107621 86217
107582 86246
107579 86320
107574 86431
107547 86460
107535 86526
107527 86592
107500 86674
107484 86761
107459 86800
107453 86855
107446 86864
107441 86884
107438 86906
107437 86975
107420 87049
107390 87054
107378 87066
107374 87108
107372 87126
107363 87147
107353 87174
107349 87241
107327 87322
107319 87410
107309 87427
107294 87437
107293 87438
107287 87473
107286 87503
107283 87593
107241 87610
107235 87670
107220 87680
107216 87702
107212 87785
107207 87786
107193 87798
107192 87799
107186 87885
107167 87893
107158 87936
107150 87937
107144 87978
107129 87988
107121 88057
107106 88084
107091 88086
107090 88138
107076 88158
107075 88161
107072 88234
107057 88244
107049 88261
107043 88296
107040 88341
107034 88375
107019 88385
107008 88394
106994 88417
106991 88420
106990 88447
106986 88531
106971 88595
106956 88605
106948 88608
106939 88702
106924 88712
106903 88767
106888 88777
106880 88793
106872 88811
106859 88847
106851 88979
106833 88981
106828 88984
106818 88991
106803 88993
106796 89091
106776 89154
106761 89164
106735 89185
106730 89210
106726 89241
106717 89246
106714 89264
106703 89267
106702 89354
106691 89431
106655 89433
106654 89468
106648 89471
106630 89483
106624 89540
106616 89549
106615 89583
106598 89590
106590 89606
106588 89627
106579 89632
106570 89699
106559 89727
106556 89733
106542 89750
106538 89754
106534 89800
106524 89834
106509 89836
106508 89861
106491 89864
106485 89904
106478 89935
106467 89963
106453 90011
106451 90036
106432 90059
106422 90118
106403 90155
106392 90167
106377 90177
106374 90185
106371 90222
106354 90290
106343 90332
106340 90369
106298 90396
106295 90403
106290 90442
106273 90469
106264 90471
106254 90476
106253 90560
106228 90573
106227 90588
106210 90644
106205 90665
106186 90669
106183 90675
106179 90677
106176 90692
106172 90700
106164 90705
106160 90808
106123 90926
106077 90953
106067 90955
106060 90989
106057 90992
106053 90993
106039 91020
106035 91062
106020 91096
106007 91156
105991 91192
105973 91203
105972 91210
105970 91274
105946 91308
105930 91327
105925 91352
105914 91375
105907 91379
105893 91445
105861 91451
105857 91452
105848 91470
105847 91472
105843 91479
105838 91543
105820 91570
105817 91579
105797 91625
105781 91653
105777 91654
105766 91663
105761 91683
105750 91688
105745 91731
105738 91735
105735 91768
105722 91773
105719 91776
105716 91827
105708 91849
105701 91853
105698 91886
105685 91891
105668 91920
105663 91931
105647 91950
105642 91975
105637 92027
105631 92038
105605 92134
105600 92145
105563 92182
105560 92198
105555 92209
105552 92216
105523 92316
105473 92372
105470 92396
105436 92490
105402 92497
105396 92501
105391 92554
105386 92563
105359 92565
105357 92574
105352 92644
105346 92655
105333 92661
105320 92751
105315 92762
105296 92779
105283 92869
105217 92926
105188 92989
105167 93027
105151 93107
105111 93118
105092 93125
105085 93164
105074 93197
105070 93217
105064 93227
105050 93284
105035 93309
105021 93338
105017 93356
104984 93365
104982 93389
104962 93396
104955 93400
104951 93413
104941 93488
104910 93508
104901 93597
104852 93603
104842 93607
104840 93613
104835 93654
104819 93682
104807 93687
104803 93704
104799 93749
104789 93814
104748 93850
104723 93871
104714 93896
104690 93953
104667 93963
104665 93991
104652 94005
104643 94014
104637 94039
104632 94065
104607 94068
104602 94093
104598 94111
104584 94133
104567 94153
104566 94159
104557 94169
104548 94172
104547 94185
104545 94197
104527 94216
104523 94217
104514 94239
104513 94245
104510 94259
104509 94263
104499 94298
104491 94315
104475 94327
104458 94334
104456 94345
104447 94351
104437 94394
104433 94395
104423 94396
104422 94400
104415 94408
104409 94410
104406 94415
104405 94473
104383 94493
104381 94530
104370 94569
104346 94598
104334 94635
104294 94662
104293 94671
104281 94721
104240 94757
104218 94766
104215 94778
104206 94803
104189 94809
104186 94816
104182 94818
104176 94823
104174 94828
104172 94832
104165 94838
104164 94860
104159 94870
104156 94895
104143 94898
104138 94921
104124 94972
104100 94988
104098 95007
104079 95010
104071 95023
104070 95029
104068 95038
104059 95060
104048 95072
104039 95092
104035 95131
104017 95144
104002 95166
103993 95178
103986 95228
103967 95234
103959 95251
103948 95252
103943 95275
103940 95277
103929 95301
103928 95314
103921 95326
103897 95380
103875 95400
103873 95437
103843 95447
103838 95505
103819 95523
103778 95554
103760 95567
103759 95572
103753 95608
103740 95618
103733 95620
103728 95623
103725 95640
103714 95646
103711 95682
103694 95697
103674 95703
103673 95726
103668 95730
103662 95740
103657 95745
103655 95752
103651 95790
103633 95803
103624 95818
103616 95844
103598 95876
103577 95894
103568 95901
103564 95911
103554 95923
103544 95936
103540 95979
103520 96012
103501 96017
103500 96030
103487 96040
103479 96050
103478 96060
103469 96066
103466 96079
103464 96090
103463 96094
103455 96101
103446 96132
103435 96182
103413 96202
103388 96226
103377 96239
103362 96261
103353 96294
103344 96296
103334 96312
103327 96341
103310 96356
103292 96409
103263 96442
103239 96458
103234 96465
103229 96488
103227 96495
103208 96502
103206 96553
103199 96567
103182 96582
103166 96610
103147 96628
103120 96629
103119 96637
103116 96639
103114 96653
103113 96665
103103 96693
103102 96695
103091 96705
103087 96706
103083 96753
103061 96767
103057 96773
103044 96782
103043 96793
103035 96801
103026 96835
103016 96842
103012 96846
103003 96847
102993 96849
102992 96897
102987 96902
102974 96916
102970 96917
102969 96953
102950 96971
102947 96973
102942 96989
102928 96991
102918 96996
102916 97008
102912 97017
102904 97032
102900 97063
102883 97078
102872 97110
102855 97121
102853 97128
102831 97142
102825 97149
102824 97156
102820 97157
102813 97195
102796 97210
102782 97235
102778 97236
102772 97267
102756 97282
102729 97287
102728 97308
102727 97324
102723 97325
102718 97332
102716 97337
102715 97349
102703 97368
102681 97399
102674 97411
102662 97417
102658 97436
102649 97467
102640 97468
102631 97473
102629 97486
102620 97490
102617 97504
102606 97536
102587 97560
102572 97562
102567 97578
102553 97580
102551 97607
102548 97609
102531 97631
102530 97636
102526 97637
102525 97652
102516 97661
102509 97671
102506 97693
102497 97700
102478 97717
102470 97722
102469 97732
102461 97739
102457 97778
102444 97780
102434 97808
102419 97842
102404 97864
102401 97868
102381 97871
102375 97877
102374 97892
102370 97910
102363 97912
102352 97914
102348 97930
102344 97950
102328 97957
102327 97971
102321 97986
102308 97989
102299 98000
102298 98004
102289 98022
102286 98036
102284 98039
102277 98044
102265 98063
102254 98075
102251 98081
102243 98097
102231 98126
102215 98151
102198 98159
102197 98211
102178 98216
102168 98234
102154 98236
102153 98268
102149 98269
102144 98275
102143 98294
102122 98352
102082 98367
102073 98376
102072 98383
102063 98398
102062 98401
102055 98406
102046 98451
102035 98501
101986 98504
101980 98508
101973 98519
101964 98522
101958 98563
101949 98577
101932 98591
101931 98607
101917 98623
101916 98638
101905 98652
101898 98656
101894 98683
101879 98692
101878 98701
101856 98715
101848 98720
101846 98737
101840 98740
101834 98759
101819 98766
101807 98801
101804 98804
101793 98823
101787 98834
101772 98855
101769 98927
101720 98930
101699 98940
101695 98941
101694 98944
101690 98947
101688 98987
101675 98992
101670 99007
101653 99011
101652 99023
101651 99049
101629 99063
101618 99112
101593 99127
101583 99180
101558 99187
101541 99227
101526 99267
101503 99290
101496 99295
101470 99315
101458 99327
101449 99329
101444 99355
101431 99359
101428 99380
101408 99394
101402 99420
101382 99427
101381 99437
101376 99440
101371 99452
101362 99459
101357 99468
101347 99478
101340 99492
101334 99511
101323 99531
101319 99533
101313 99545
101308 99570
101299 99598
101284 99629
101260 99630
101252 99635
101250 99638
101247 99650
101240 99656
101230 99658
101223 99670
101220 99682
101211 99685
101208 99712
101197 99721
101196 99741
101169 99749
101162 99806
101129 99815
101127 99832
101118 99833
101102 99859
101096 99863
101093 99868
101090 99892
101077 99906
101074 99918
101065 99919
101053 100010
100983 100023
100977 100031
100973 100092
100925 100109
100916 100118
100906 100124
100898 100125
100896 100169
100885 100204
100854 100242
100849 100243
100827 100263
100808 100281
100800 100286
100794 100297
100793 100309
100787 100317
100769 100342
100766 100354
100760 100358
100753 100363
100752 100371
100739 100375
100721 100376
100720 100377
100717 100392
100716 100410
100705 100421
100697 100473
100665 100520
100645 100534
100623 100536
100622 100559
100601 100591
100592 100592
100590 100600
100588 100605
100578 100612
100577 100632
100574 100635
100557 100646
100553 100678
100520 100687
100519 100724
100486 100733
100483 100760
100474 100761
100465 100790
100433 100797
100431 100836
100423 100842
100408 100846
100399 100946
100342 101001
100311 101058
100254 101113
100213 101118
100202 101120
100189 101123
100188 101152
100186 101154
100167 101160
100160 101204
100134 101254
100115 101278
100075 101304
100072 101316
100053 101320
100046 101327
100043 101341
100034 101391
100001 101420
99969 101460
99958 101509
99920 101552
99894 101567
99864 101627
99838 101643
99832 101664
99806 101679
99785 101680
99781 101698
99750 101755
99713 101759
99710 101774
99693 101829
99668 101830
99662 101834
99646 101854
99644 101878
99605 101941
99561 101956
99556 101976
99544 101992
99543 102007
99529 102023
99486 102062
99468 102088
99452 102091
99449 102106
99440 102117
99420 102128
99415 102140
99408 102157
99388 102161
99385 102200
99364 102203
99355 102217
99348 102223
99343 102231
99333 102264
99301 102301
99287 102327
99271 102361
99245 102376
99222 102384
99216 102390
99193 102392
99185 102405
99183 102440
99171 102451
99142 102455
99141 102457
99136 102460
99128 102461
99125 102462
99122 102466
99121 102470
99119 102472
99116 102476
99111 102516
99108 102544
99085 102551
99079 102553
99064 102613
99023 102628
99017 102633
99005 102637
99000 102645
98995 102673
98957 102684
98956 102688
98941 102703
98936 102746
98921 102779
98907 102785
98898 102804
98859 102825
98845 102851
98817 102860
98801 102930
98743 102935
98730 102955
98727 102970
98721 102975
98703 103002
98667 103018
98660 103020
98656 103026
98650 103041
98649 103103
98622 103137
98558 103169
98542 103223
98507 103242
98494 103270
98470 103281
98451 103320
98423 103327
98387 103361
98380 103372
98353 103406
98326 103453
98290 103487
98273 103492
98255 103500
98254 103501
98252 103528
98225 103539
98214 103560
98201 103579
98159 103585
98154 103596
98147 103598
98130 103602
98120 103606
98114 103626
98109 103633
98107 103634
98104 103705
98073 103712
98043 103729
98042 103765
97999 103787
97989 103810
97976 103838
97938 103896
97863 103921
97858 103923
97831 103970
97804 103981
97778 104009
97777 104012
97762 104035
97734 104044
97730 104056
97690 104061
97684 104062
97679 104064
97677 104067
97674 104076
97667 104144
97639 104195
97557 104199
97555 104200
97550 104202
97547 104218
97528 104231
97515 104270
97506 104273
97494 104327
97422 104335
97419 104351
97383 104394
97381 104396
97362 104471
97274 104483
97253 104499
97236 104500
97229 104509
97226 104550
97207 104584
97166 104636
97136 104639
97110 104644
97102 104652
97092 104667
97084 104674
97073 104675
97062 104716
97039 104722
97024 104731
97004 104779
96957 104795
96935 104802
96920 104814
96916 104815
96891 104851
96874 104860
96851 104861
96850 104885
96833 104895
96828 104918
96812 104923
96791 104929
96781 104934
96779 104942
96769 104967
96759 104970
96755 105000
96718 105029
96689 105056
96649 105074
96638 105080
96635 105096
96614 105109
96594 105116
96589 105134
96579 105139
96563 105142
96540 105156
96534 105169
96526 105197
96493 105221
96459 105235
96447 105279
96400 105295
96389 105301
96372 105343
96334 105351
96317 105360
96309 105406
96256 105417
96253 105433
96214 105444
96196 105482
96186 105527
96133 105545
96111 105558
96081 105580
96078 105596
96045 105614
96027 105621
96021 105625
96017 105638
96010 105666
95954 105701
95918 105703
95906 105723
95898 105728
95882 105755
95852 105775
95851 105776
95844 105778
95842 105781
95831 105822
95803 105837
95763 105865
95752 105906
95699 105917
95696 105933
95668 105944
95640 105986
95629 106027
95564 106033
95536 106066
95505 106088
95489 106103
95472 106109
95456 106113
95443 106122
95437 106138
95434 106154
95419 106165
95374 106169
95374 106169
95368 106198
95352 106202
95338 106204
95335 106223
95317 106245
95310 106259
95282 106279
95275 106281
95248 106293
95231 106312
95223 106330
95209 106337
95174 106349
95168 106361
95157 106402
95119 106423
95108 106464
95051 106469
95046 106498
95024 106502
94984 106511
94978 106514
94977 106518
94975 106523
94963 106557
94922 106559
94920 106591
94892 106624
94855 106634
94830 106657
94804 106661
94799 106680
94787 106681
94786 106682
94779 106688
94775 106723
94707 106726
94705 106735
94697 106742
94692 106752
94687 106775
94680 106777
94672 106780
94648 106783
94644 106806
94642 106815
94634 106822
94615 106824
94588 106833
94587 106838
94575 106841
94572 106860
94556 106875
94538 106877
94531 106887
94529 106906
94504 106935
94475 106940
94464 106981
94411 106992
94408 107008
94382 107035
94355 107037
94349 107040
94337 107062
94331 107081
94319 107115
94248 107121
94247 107128
94235 107136
94221 107152
94196 107161
94186 107162
94184 107169
94171 107194
94159 107209
94134 107217
94124 107223
94110 107235
94097 107248
94075 107249
94073 107256
94055 107265
94051 107293
94039 107301
94023 107307
94018 107308
94013 107328
93987 107356
93946 107377
93928 107388
93903 107403
93879 107414
93876 107421
93872 107427
93866 107433
93856 107487
93800 107500
93799 107506
93765 107510
93753 107516
93736 107586
93668 107602
93617 107607
93611 107621
93610 107628
93601 107640
93587 107645
93581 107659
93560 107667
93555 107680
93542 107699
93522 107702
93508 107718
93493 107719
93490 107727
93484 107746
93455 107749
93447 107756
93440 107778
93435 107779
93409 107799
93404 107827
93343 107841
93336 107843
93324 107859
93312 107874
93289 107898
93264 107917
93244 107940
93187 107946
93182 107953
93181 107958
93174 107966
93161 107981
93149 107987
93148 107993
93143 107998
93129 108003
93124 108021
93117 108026
93111 108027
93110 108037
93098 108045
93085 108073
93018 108080
93009 108095
92999 108101
92985 108123
92977 108130
92949 108149
92932 108158
92908 108165
92903 108197
92886 108198
92857 108201
92849 108208
92841 108214
92837 108216
92833 108233
92824 108254
92802 108255
92800 108298
92753 108314
92712 108321
92711 108326
92708 108345
92685 108361
92662 108362
92656 108372
92638 108385
92636 108387
92626 108400
92589 108403
92584 108404
92578 108409
92566 108415
92563 108425
92558 108431
92557 108444
92547 108462
92543 108463
92539 108469
92525 108474
92522 108483
92492 108485
92480 108502
92470 108504
92452 108507
92446 108514
92443 108522
92431 108543
92410 108544
92402 108551
92389 108553
92386 108554
92379 108560
92362 108596
92333 108611
92325 108636
92301 108658
92247 108678
92230 108683
92224 108701
92210 108706
92200 108716
92198 108726
92154 108731
92151 108742
92119 108783
92087 108813
92050 108814
92040 108829
92034 108848
92001 108852
91982 108865
91954 108868
91951 108892
91940 108917
91890 108919
91871 108970
91792 108984
91789 108992
91775 109031
91728 109047
91698 109062
91664 109067
91658 109082
91644 109121
91596 109187
91477 109197
91476 109206
91466 109207
91464 109232
91456 109239
91427 109240
91424 109254
91418 109273
91361 109274
91343 109314
91320 109337
91291 109344
91277 109347
91273 109353
91233 109375
91216 109385
91190 109404
91183 109419
91163 109425
91141 109471
91063 109474
91052 109482
91033 109493
91019 109508
91000 109521
90980 109539
90976 109540
90972 109546
90941 109568
90923 109571
90915 109578
90893 109579
90891 109581
90888 109598
90856 109604
90850 109618
90840 109664
90762 109667
90761 109697
90720 109708
90689 109722
90677 109760
90595 109765
90594 109777
90582 109805
90558 109806
90528 109819
90511 109822
90511 109822
90508 109824
90503 109854
90444 109860
90432 109884
90415 109896
90394 109901
90384 109946
90359 109949
90314 109955
90294 109958
90290 109964
90289 109974
90246 109983
90243 110010
90239 110012
90231 110019
90202 110047
90150 110050
90110 110053
90108 110065
90093 110094
90076 110125
90056 110140
90034 110143
89996 110144
89978 110175
89941 110183
89938 110205
89913 110208
89895 110219
89871 110239
89813 110246
89797 110269
89770 110298
89756 110306
89724 110334
89693 110335
89651 110360
89636 110381
89630 110384
89610 110399
89577 110408
89567 110413
89542 110435
89495 110442
89483 110453
89469 110461
89463 110473
89449 110478
89433 110482
89431 110483
89425 110498
89416 110513
89368 110515
89357 110526
89323 110554
89312 110573
89278 110578
89270 110604
89208 110606
89180 110617
89177 110637
89152 110640
89151 110648
89135 110662
89131 110667
89125 110670
89121 110672
89101 110685
89089 110698
89037 110712
89033 110716
88994 110721
88991 110748
88975 110763
88963 110766
88950 110785
88911 110793
88907 110799
88851 110801
88843 110808
88835 110815
88830 110823
88828 110858
88824 110863
88769 110879
88761 110892
88689 110921
88672 110923
88664 110930
88643 110957
88618 110966
88587 110975
88562 110994
88517 111004
88503 111010
88498 111018
88496 111021
88471 111040
88461 111058
88441 111073
88402 111079
88371 111116
88328 111130
88315 111151
88249 111163
88230 111180
88183 111196
88175 111203
88156 111210
88136 111230
88106 111237
88080 111238
88074 111249
88063 111256
88050 111265
88010 111308
88008 111311
87952 111339
87929 111344
87927 111348
87890 111350
87884 111354
87882 111389
87803 111422
87801 111426
87717 111432
87707 111436
87678 111450
87667 111452
87663 111474
87634 111497
87624 111501
87609 111506
87581 111514
87575 111518
87550 111521
87545 111523
87526 111530
87504 111536
87500 111544
87498 111579
87496 111583
87424 111596
87392 111604
87372 111625
87358 111634
87327 111638
87312 111641
87291 111662
87289 111697
87205 111703
87183 111715
87169 111721
87126 111727
87124 111733
87120 111750
87117 111759
87097 111777
87026 111782
86984 111854
86900 111860
86817 111874
86803 111880
86769 111892
86765 111921
86740 111927
86711 111928
86709 111940
86659 111957
86633 111967
86625 111973
86611 111975
86593 112001
86518 112012
86505 112013
86486 112041
86436 112050
86411 112059
86401 112081
86392 112090
86328 112124
86202 112135
86201 112136
86200 112170
86104 112171
86097 112176
86067 112193
86053 112210
86019 112211
85998 112237
85997 112238
85996 112272
85894 112277
85857 112290
85852 112300
85815 112313
85738 112325
85736 112360
85665 112370
85580 112399
85555 112401
85507 112406
85484 112411
85461 112431
85418 112437
85395 112449
85381 112455
85347 112467
85317 112500
85244 112503
85241 112511
85195 112516
85194 112538
85180 112544
85146 112549
85145 112569
85116 112589
84981 112607
84912 112650
84824 112658
84775 112683
84660 112689
84646 112695
84597 112699
84596 112701
84594 112707
84570 112718
84538 112721
84525 112740
84523 112745
84517 112748
84510 112764
84502 112772
84417 112795
84343 112797
84329 112803
84299 112804
84253 112816
84249 112822
84228 112849
84159 112851
84139 112858
84116 112859
84095 112872
84047 112890
84034 112895
83916 112904
83914 112913
83897 112915
83886 112918
83878 112919
83837 112936
83775 112940
83765 112948
83724 112968
83703 112995
83604 113007
83575 113013
83570 113018
83522 113036
83455 113051
83389 113059
83372 113061
83353 113065
83290 113067
83258 113084
83245 113089
83240 113094
83208 113096
83191 113102
83184 113105
83172 113106
83109 113108
83085 113117
83064 113130
83010 113134
83003 113146
82935 113149
82925 113156
82877 113157
82868 113164
82868 113164
82861 113178
82822 113183
82809 113188
82786 113193
82766 113203
82765 113213
82678 113217
82653 113221
82640 113240
82584 113254
82536 113257
82520 113259
82507 113263
82459 113275
82433 113281
82387 113287
82355 113292
82351 113297
82314 113298
82291 113299
82247 113313
82207 113314
82198 113341
82121 113350
82017 113367
82001 113374
81988 113379
81965 113384
81921 113385
81847 113415
81807 113420
81759 113423
81722 113459
81547 113466
81542 113470
81526 113493
81341 113508
81242 113521
81213 113527
81144 113551
81041 113559
81013 113562
80956 113563
80948 113585
80844 113602
80646 113627
80555 113629
80531 113636
80504 113642
80358 113650
80346 113678
80255 113680
80216 113691
80113 113721
79916 113742
79757 113756
79464 113764
79399 113768
79298 113771
79246 113788
79202 113789
79193 113800
79046 113810
78987 113813
78889 113823
78710 113837
78698 113855
78343 113867
78337 113871
78297 113876
78205 113885
78097 113888
77999 113898
77900 113909
77750 113916
77506 113918
77395 113928
77257 113936
