300 2
113484
902 76 574
891 817 876
926 13 649
566 484 558
780 991 586
709 534 164
785 121 681
888 410 237
760 459 375
672 393 684
621 932 632
929 78 593
618 95 387
615 730 200
594 200 227
686 120 835
739 103 649
896 86 31
825 861 235
600 332 521
635 820 665
773 414 948
927 815 901
815 520 842
910 892 493
949 702 168
624 736 931
877 898 832
609 666 81
904 449 128
710 839 303
714 835 752
828 959 941
888 927 640
948 784 922
843 902 550
813 557 51
743 63 76
736 53 159
578 383 535
583 999 219
928 833 16
777 865 113
911 805 976
778 641 150
887 843 433
899 348 177
784 694 117
563 265 328
945 200 771
663 994 373
675 487 624
589 551 919
690 491 197
791 470 465
691 151 368
594 259 962
807 885 87
828 429 535
941 496 640
764 388 81
598 235 977
660 237 444
737 366 861
834 437 166
863 166 680
613 139 21
676 459 366
852 101 271
593 471 367
871 417 464
848 201 694
630 935 160
848 372 647
914 743 486
882 178 757
561 857 649
708 262 794
935 426 681
575 399 281
656 148 963
767 19 309
753 551 908
712 275 714
711 273 947
950 68 670
562 900 989
926 544 208
950 682 279
650 416 287
823 832 662
817 178 257
566 817 470
738 573 877
713 698 831
779 982 64
947 556 257
922 230 475
927 812 125
944 578 389
659 122 37
848 702 877
900 932 314
620 779 324
739 364 604
717 874 575
598 534 337
820 3 453
846 424 177
644 989 355
802 81 494
811 962 740
632 996 895
654 365 711
864 164 153
612 182 982
798 198 73
714 585 683
907 508 524
787 853 89
635 821 795
748 292 969
793 101 248
744 336 22
580 733 830
726 617 555
620 225 565
880 969 493
901 81 265
603 68 260
844 950 644
779 325 7
686 136 229
813 393 547
913 275 955
637 508 745
779 255 862
912 23 660
619 417 880
846 451 715
772 372 197
644 839 151
589 947 948
647 556 901
920 238 604
725 294 470
618 202 838
801 509 358
566 11 584
778 390 381
763 634 857
626 822 579
737 371 331
604 733 720
845 360 290
835 824 820
831 749 121
754 670 910
818 672 136
639 443 664
913 46 14
576 994 800
798 407 647
713 985 605
873 48 820
645 192 457
767 257 724
576 828 131
568 339 651
662 609 160
566 24 437
794 613 472
840 868 2
843 127 72
739 562 418
858 292 852
899 872 886
709 155 284
865 628 851
770 197 488
894 942 953
578 370 248
751 880 477
669 741 789
770 689 9
812 504 338
846 639 263
661 631 183
759 518 855
816 134 266
820 854 477
807 716 490
633 527 203
672 809 421
573 112 826
713 838 844
682 909 453
877 212 823
585 350 281
904 981 161
706 489 444
620 363 466
920 466 941
728 282 284
667 858 255
871 717 516
697 239 948
590 505 917
933 532 266
764 494 868
768 640 928
597 914 335
613 380 863
735 656 136
652 560 859
881 287 472
887 295 629
849 912 777
926 827 414
793 449 848
904 691 427
895 686 298
929 221 1000
841 511 282
597 10 494
863 652 284
888 46 164
658 380 345
894 649 46
642 3 8
850 62 836
941 565 902
720 262 425
597 316 326
561 611 143
833 872 955
781 940 700
814 121 526
775 333 492
763 328 986
738 804 345
640 357 577
918 625 343
711 696 953
859 31 372
672 302 310
647 833 391
565 581 319
819 47 484
783 307 868
767 828 93
900 397 447
826 350 737
695 31 902
646 90 81
780 117 136
884 295 371
862 391 162
709 965 260
629 336 648
663 128 153
788 632 423
804 966 363
876 335 324
667 415 629
768 902 976
882 319 951
849 136 618
653 313 30
679 495 142
600 282 520
812 136 359
739 466 159
856 999 218
879 983 744
650 671 332
848 364 50
899 435 652
565 797 346
716 583 348
784 735 330
703 543 105
780 77 471
791 876 612
644 367 387
612 230 311
602 770 911
850 424 587
947 882 942
716 170 474
658 524 351
630 312 934
896 609 694
621 473 575
901 590 442
600 144 489
644 828 690
600 770 766
666 592 519
874 595 567
1741
112132 78135
112124 78275
112104 78308
112102 78330
112094 78336
112093 78678
112092 78768
112072 78801
112070 78823
112069 79165
112061 79171
112049 79198
112039 79226
112038 79568
112013 79648
112001 79658
111991 79703
111990 79875
111962 79902
111961 79962
111953 79968
111951 79982
111944 80128
111930 80365
111902 80392
111895 80465
111894 80550
111875 80675
111868 80748
111853 80761
111840 80775
111832 80832
111831 80926
111819 80953
111815 81045
111813 81049
111808 81118
111786 81187
111780 81232
111772 81366
111762 81473
111736 81525
111727 81584
111713 81612
111711 81628
111709 81707
111695 81736
111689 81846
111670 81908
111668 81969
111652 82024
111643 82053
111636 82080
111626 82081
111622 82124
111617 82126
111616 82287
111594 82294
111592 82302
111590 82339
111584 82362
111581 82397
111573 82414
111570 82448
111563 82521
111557 82683
111515 82758
111504 82766
111496 82804
111495 82808
111493 82864
111489 82919
111472 82935
111470 83016
111454 83019
111451 83071
111448 83078
111433 83095
111431 83151
111422 83171
111421 83199
111417 83239
111411 83262
111400 83270
111396 83278
111395 83357
111389 83368
111385 83423
111368 83439
111364 83494
111338 83532
111332 83539
111331 83553
111330 83578
111323 83650
111313 83691
111304 83750
111295 83777
111287 83808
111275 83888
111264 83896
111260 83940
111251 83993
111234 84009
111233 84034
111231 84052
111228 84120
111216 84147
111207 84206
111198 84233
111179 84253
111178 84344
111167 84352
111153 84380
111132 84451
111123 84504
111118 84546
111099 84578
111097 84617
111091 84728
111052 84810
111039 84831
111032 84921
111019 84942
111008 84950
111003 84954
111001 84976
110990 85057
110983 85065
110978 85069
110969 85128
110958 85187
110946 85231
110937 85258
110923 85297
110915 85310
110905 85318
110902 85368
110897 85375
110896 85468
110875 85505
110852 85514
110849 85523
110848 85569
110845 85597
110826 85616
110824 85668
110816 85720
110799 85741
110795 85748
110785 85775
110778 85856
110768 85862
110767 85864
110766 85892
110765 85896
110756 85908
110747 85933
110734 86054
110720 86059
110706 86072
110704 86128
110695 86170
110680 86202
110674 86241
110668 86352
110640 86363
110625 86385
110620 86389
110616 86444
110607 86481
110580 86497
110577 86498
110576 86502
110565 86505
110564 86514
110562 86590
110558 86625
110553 86629
110527 86649
110520 86673
110518 86708
110510 86713
110509 86725
110508 86764
110500 86784
110499 86823
110490 86824
110477 86846
110463 86907
110447 86926
110434 86953
110432 86962
110427 86970
110426 86997
110425 87012
110424 87025
110412 87031
110407 87135
110398 87194
110364 87195
110361 87196
110358 87225
110355 87227
110346 87264
110327 87307
110324 87332
110318 87339
110315 87391
110292 87412
110284 87446
110274 87486
110263 87497
110260 87514
110251 87573
110238 87606
110236 87611
110212 87614
110210 87646
110207 87726
110179 87758
110165 87780
110156 87839
110143 87848
110134 87907
110131 87943
110116 87951
110110 87975
110103 87978
110098 88027
110082 88033
110076 88088
110067 88147
110054 88174
110029 88230
110003 88242
109998 88274
109990 88356
109974 88393
109959 88401
109953 88415
109935 88467
109920 88475
109917 88481
109914 88489
109906 88509
109905 88521
109898 88601
109879 88691
109849 88700
109846 88706
109833 88748
109815 88761
109813 88765
109812 88855
109793 88909
109778 88917
109772 88931
109763 88939
109745 88947
109744 88958
109737 88973
109732 88994
109729 89052
109708 89055
109696 89099
109691 89143
109677 89157
109668 89216
109659 89258
109653 89272
109624 89307
109605 89361
109599 89369
109590 89374
109579 89380
109575 89391
109570 89422
109568 89424
109556 89434
109551 89448
109550 89489
109539 89496
109537 89498
109534 89526
109523 89537
109514 89552
109513 89555
109508 89560
109507 89574
109503 89581
109498 89590
109495 89610
109491 89636
109488 89694
109471 89710
109457 89749
109445 89780
109440 89835
109424 89876
109409 89890
109382 89906
109371 89909
109364 89921
109359 89931
109357 89935
109354 89982
109353 90042
109329 90063
109327 90066
109311 90103
109308 90134
109286 90155
109282 90160
109279 90207
109271 90218
109257 90232
109255 90255
109239 90266
109237 90331
109210 90347
109195 90361
109189 90472
109150 90475
109144 90503
109138 90510
109126 90521
109123 90555
109122 90564
109107 90565
109101 90570
109098 90607
109094 90627
109083 90670
109067 90707
109052 90766
109022 90799
109001 90818
109000 90820
108991 90831
108988 90903
108962 90927
108955 90928
108952 90961
108943 90972
108938 90973
108936 91034
108908 91144
108869 91147
108863 91161
108861 91171
108854 91176
108850 91179
108839 91192
108836 91193
108833 91196
108830 91214
108827 91219
108821 91288
108815 91302
108798 91313
108791 91333
108782 91344
108768 91407
108752 91444
108747 91516
108731 91553
108707 91575
108685 91630
108655 91634
108654 91635
108647 91670
108638 91679
108634 91743
108613 91839
108572 91853
108568 91869
108564 91875
108549 91892
108547 91903
108546 91947
108513 91982
108504 91984
108499 91994
108493 92004
108487 92012
108481 92033
108475 92043
108469 92051
108467 92058
108466 92121
108456 92125
108451 92127
108448 92160
108433 92174
108418 92188
108412 92270
108384 92305
108354 92315
108352 92354
108351 92387
108325 92434
108303 92489
108287 92495
108269 92549
108265 92552
108250 92566
108243 92571
108238 92597
108215 92600
108213 92621
108212 92665
108211 92677
108185 92727
108168 92768
108164 92806
108125 92815
108117 92845
108113 92846
108106 92855
108101 92867
108099 92892
108084 92923
108071 92940
108068 92980
108050 93049
108017 93105
108001 93111
107986 93115
107980 93220
107927 93253
107922 93255
107916 93284
107899 93295
107886 93312
107884 93348
107877 93351
107870 93387
107868 93414
107851 93445
107819 93463
107804 93476
107803 93500
107787 93510
107781 93525
107780 93528
107774 93531
107773 93550
107769 93551
107763 93594
107749 93635
107736 93642
107734 93647
107705 93660
107704 93677
107694 93706
107691 93761
107673 93815
107657 93821
107629 93829
107622 93841
107620 93848
107619 93900
107595 93905
107593 93971
107572 93981
107540 94042
107528 94046
107521 94060
107520 94076
107508 94084
107492 94104
107481 94165
107452 94170
107441 94174
107439 94250
107416 94251
107408 94305
107386 94315
107376 94345
107370 94395
107332 94445
107312 94449
107306 94468
107305 94473
107290 94474
107285 94511
107270 94572
107234 94590
107228 94595
107223 94603
107212 94608
107209 94617
107206 94618
107205 94634
107193 94638
107192 94658
107185 94662
107179 94692
107171 94707
107168 94708
107156 94712
107155 94714
107153 94729
107151 94762
107145 94865
107112 94866
107095 94877
107092 94898
107090 94911
107064 94919
107054 94925
107041 94958
107027 94967
107025 94979
107019 94998
107015 95036
107008 95062
106973 95085
106961 95087
106957 95098
106953 95102
106944 95121
106938 95126
106935 95144
106925 95150
106922 95189
106907 95203
106903 95225
106884 95252
106878 95253
106870 95309
106830 95318
106825 95352
106812 95426
106787 95434
106777 95449
106766 95513
106738 95537
106725 95617
106687 95640
106651 95656
106648 95689
106631 95700
106617 95725
106602 95776
106578 95777
106575 95823
106538 95849
106530 95866
106521 95915
106517 95946
106496 95953
106477 95973
106475 95983
106468 96010
106466 96037
106433 96085
106413 96105
106400 96185
106344 96195
106328 96226
106327 96258
106315 96306
106269 96343
106252 96348
106251 96379
106242 96385
106217 96409
106214 96413
106212 96431
106198 96456
106180 96484
106165 96485
106163 96521
106136 96524
106127 96525
106122 96531
106121 96588
106111 96597
106098 96677
106060 96686
106045 96687
106041 96722
106036 96728
106027 96782
105982 96869
105934 96884
105912 96901
105905 96941
105887 96949
105879 97005
105847 97012
105834 97092
105790 97093
105782 97099
105779 97114
105768 97118
105759 97146
105755 97178
105754 97185
105744 97196
105723 97212
105695 97227
105688 97251
105683 97258
105682 97307
105655 97317
105650 97335
105627 97339
105626 97348
105625 97352
105616 97358
105610 97393
105607 97404
105598 97407
105587 97473
105542 97560
105481 97568
105474 97569
105468 97577
105466 97601
105464 97604
105463 97606
105458 97612
105453 97670
105403 97695
105401 97702
105396 97760
105390 97775
105355 97801
105333 97820
105315 97861
105303 97876
105301 97885
105269 97898
105253 97901
105248 97942
105240 97981
105233 98048
105173 98050
105172 98065
105166 98080
105151 98091
105127 98169
105099 98189
105077 98190
105071 98191
105051 98222
105049 98223
105035 98234
105034 98243
105026 98251
105020 98280
104991 98282
104984 98290
104974 98303
104972 98322
104964 98345
104952 98350
104950 98366
104949 98395
104887 98404
104885 98413
104881 98450
104872 98462
104867 98491
104854 98506
104834 98519
104827 98549
104812 98560
104807 98566
104800 98572
104797 98596
104776 98621
104747 98626
104740 98655
104738 98659
104722 98666
104711 98675
104704 98712
104681 98749
104680 98790
104647 98802
104626 98827
104622 98847
104588 98865
104561 98881
104541 98923
104533 98957
104499 98967
104486 98982
104484 98987
104473 99017
104456 99044
104435 99114
104415 99132
104366 99137
104365 99181
104334 99186
104323 99212
104314 99213
104308 99226
104287 99296
104237 99300
104235 99307
104229 99317
104216 99344
104193 99364
104173 99365
104167 99397
104160 99401
104147 99451
104117 99485
104109 99512
104063 99530
104053 99547
104052 99571
104027 99575
104022 99609
103987 99625
103962 99669
103937 99692
103920 99695
103912 99699
103904 99702
103903 99735
103898 99741
103888 99744
103864 99759
103858 99763
103844 99768
103843 99786
103839 99807
103831 99811
103830 99831
103823 99838
103801 99841
103794 99842
103783 99875
103763 99890
103757 99893
103750 99917
103733 99924
103716 99927
103716 99927
103707 99943
103701 99959
103697 99970
103693 100007
103668 100011
103645 100023
103638 100048
103623 100059
103612 100061
103608 100084
103606 100137
103557 100148
103549 100152
103531 100173
103528 100196
103516 100227
103484 100229
103471 100236
103460 100277
103435 100281
103421 100285
103413 100289
103411 100302
103408 100323
103385 100369
103353 100371
103345 100398
103330 100402
103329 100408
103323 100413
103309 100446
103284 100450
103280 100490
103255 100494
103248 100496
103241 100516
103223 100519
103222 100576
103190 100580
103175 100596
103166 100619
103143 100647
103142 100648
103132 100666
103110 100673
103093 100690
103088 100693
103083 100704
103065 100706
103056 100718
103050 100756
103042 100783
103001 100808
102985 100825
102971 100827
102947 100853
102945 100858
102933 100862
102929 100868
102915 100877
102904 100882
102898 100902
102896 100929
102878 100939
102854 100947
102840 100955
102831 101006
102814 101023
102795 101052
102773 101062
102766 101075
102758 101087
102746 101093
102738 101094
102734 101095
102726 101122
102720 101144
102681 101170
102664 101194
102651 101207
102630 101241
102615 101250
102594 101255
102587 101266
102574 101284
102561 101297
102545 101307
102533 101311
102523 101322
102522 101335
102512 101349
102485 101367
102479 101387
102472 101403
102471 101414
102446 101418
102438 101421
102430 101439
102428 101475
102396 101477
102382 101487
102371 101520
102369 101529
102354 101533
102350 101534
102339 101542
102336 101583
102289 101597
102279 101606
102276 101629
102271 101637
102265 101638
102256 101655
102248 101682
102209 101731
102177 101733
102174 101740
102159 101749
102149 101775
102126 101801
102102 101816
102099 101832
102084 101838
102072 101846
102059 101872
102044 101881
102043 101882
102018 101886
102016 101897
102008 101915
101998 101926
101987 101959
101955 101961
101951 101966
101941 101980
101920 101986
101919 101997
101914 101998
101903 102037
101892 102068
101880 102082
101872 102094
101854 102110
101830 102121
101815 102139
101807 102166
101765 102214
101742 102240
101718 102255
101700 102277
101688 102285
101659 102297
101643 102322
101639 102326
101635 102360
101603 102365
101586 102379
101575 102428
101528 102463
101499 102468
101493 102479
101477 102494
101466 102506
101447 102517
101437 102546
101417 102554
101402 102568
101400 102604
101379 102645
101322 102663
101310 102673
101285 102694
101275 102700
101272 102813
101160 102826
101150 102846
101142 102864
101134 102912
101088 102928
101065 102935
101048 102985
100993 103001
100982 103079
100959 103088
100897 103114
100866 103147
100844 103178
100798 103194
100794 103207
100793 103222
100771 103256
100761 103274
100726 103304
100703 103313
100668 103333
100664 103424
100599 103439
100547 103473
100526 103523
100461 103538
100452 103562
100431 103579
100420 103585
100396 103599
100389 103615
100374 103690
100309 103705
100282 103724
100261 103740
100236 103789
100175 103794
100171 103804
100168 103810
100162 103828
100146 103841
100130 103851
100118 103915
100061 103960
100001 103964
99998 103966
99995 103967
99992 103990
99980 104014
99918 104024
99915 104029
99906 104053
99895 104086
99880 104117
99838 104131
99826 104136
99810 104158
99780 104172
99768 104175
99757 104185
99736 104215
99726 104220
99721 104272
99669 104332
99608 104355
99570 104361
99552 104381
99536 104400
99507 104405
99497 104433
99458 104438
99442 104444
99430 104447
99426 104492
99406 104498
99395 104537
99352 104544
99340 104570
99325 104578
99287 104588
99270 104627
99263 104643
99246 104666
99211 104703
99172 104708
99170 104717
99157 104733
99141 104744
99117 104746
99102 104749
99084 104795
99072 104809
99038 104823
99002 104850
98990 104891
98925 104906
98896 104938
98851 104944
98846 104956
98833 104979
98816 105002
98781 105039
98736 105045
98720 105051
98713 105067
98711 105080
98673 105086
98668 105101
98660 105109
98659 105117
98633 105138
98616 105143
98611 105144
98605 105147
98594 105153
98589 105158
98574 105173
98563 105179
98560 105227
98529 105236
98490 105238
98468 105248
98462 105249
98459 105277
98410 105309
98390 105332
98344 105339
98340 105350
98310 105371
98289 105386
98254 105392
98244 105408
98229 105453
98200 105455
98191 105459
98186 105479
98159 105494
98141 105505
98113 105508
98078 105509
98076 105513
98068 105542
98061 105548
98060 105550
98059 105558
98054 105564
98042 105570
98032 105574
98028 105576
98023 105584
98000 105594
97989 105599
97984 105605
97974 105614
97963 105620
97958 105632
97933 105656
97926 105672
97922 105674
97890 105679
97862 105690
97843 105698
97832 105706
97824 105728
97810 105750
97765 105757
97763 105761
97749 105773
97744 105780
97740 105791
97703 105793
97692 105813
97689 105817
97666 105825
97661 105833
97644 105849
97622 105854
97616 105861
97612 105863
97609 105867
97602 105882
97600 105896
97591 105900
97564 105921
97532 105923
97528 105928
97521 105941
97489 105946
97485 105958
97457 105962
97454 106005
97409 106017
97384 106046
97331 106061
97327 106066
97313 106088
97286 106102
97248 106103
97243 106129
97211 106130
97208 106134
97203 106135
97197 106154
97195 106163
97164 106171
97147 106187
97127 106195
97122 106202
97103 106234
97092 106254
97031 106266
97022 106295
96964 106299
96946 106310
96936 106317
96933 106318
96930 106328
96928 106330
96912 106355
96873 106368
96837 106376
96834 106386
96825 106423
96789 106440
96746 106454
96738 106457
96721 106469
96700 106492
96668 106498
96654 106518
96630 106533
96604 106544
96584 106559
96556 106563
96552 106564
96541 106568
96535 106584
96524 106590
96517 106623
96472 106635
96447 106664
96422 106668
96393 106669
96383 106687
96376 106706
96337 106724
96306 106747
96288 106750
96258 106766
96241 106782
96210 106805
96188 106807
96171 106823
96150 106840
96125 106861
96080 106868
96078 106880
96059 106901
96055 106902
96027 106913
95999 106914
95990 106917
95982 106920
95975 106973
95903 106974
95896 107007
95879 107031
95826 107048
95809 107072
95783 107078
95749 107094
95713 107119
95679 107135
95605 107148
95596 107156
95585 107163
95562 107171
95560 107185
95544 107207
95519 107213
95490 107226
95484 107229
95464 107231
95449 107254
95420 107262
95414 107270
95398 107283
95370 107288
95368 107289
95353 107290
95350 107303
95338 107310
95319 107317
95298 107330
95273 107342
95265 107382
95195 107423
95135 107445
95120 107468
95065 107486
95058 107489
95026 107496
94988 107530
94956 107537
94941 107539
94930 107545
94909 107563
94897 107575
94849 107582
94848 107583
94842 107586
94839 107618
94776 107620
94772 107627
94772 107627
94765 107637
94751 107641
94736 107654
94723 107659
94702 107663
94691 107669
94679 107671
94678 107678
94663 107681
94661 107699
94648 107704
94616 107725
94609 107726
94598 107744
94561 107749
94534 107757
94529 107761
94516 107766
94511 107774
94490 107784
94486 107794
94453 107803
94438 107806
94431 107812
94429 107821
94420 107823
94416 107835
94395 107844
94375 107851
94367 107854
94334 107861
94327 107890
94274 107893
94263 107901
94253 107915
94233 107918
94232 107929
94205 107944
94178 107960
94144 107961
94139 107975
94131 107979
94122 107999
94108 108001
94087 108002
94049 108004
94043 108016
94038 108023
94034 108027
94027 108047
94008 108054
93994 108059
93984 108069
93968 108085
93949 108087
93939 108095
93899 108106
93898 108126
93851 108156
93785 108161
93761 108176
93753 108190
93746 108199
93710 108211
93685 108217
93667 108218
93661 108224
93649 108232
93628 108263
93614 108267
93563 108292
93530 108297
93523 108306
93497 108312
93491 108313
93490 108318
93480 108326
93454 108352
93424 108374
93392 108387
93384 108393
93342 108401
93340 108414
93287 108430
93285 108457
93203 108464
93201 108481
93169 108494
93157 108502
93121 108512
93117 108521
93116 108533
93064 108537
93052 108550
93042 108552
93011 108553
93003 108568
92988 108572
92979 108583
92951 108584
92947 108603
92919 108605
92909 108624
92895 108630
92893 108640
92881 108645
92849 108646
92829 108657
92820 108664
92814 108670
92806 108676
92775 108677
92759 108698
92754 108703
92724 108710
92712 108711
92698 108733
92672 108737
92658 108752
92644 108756
92610 108770
92602 108800
92536 108805
92531 108810
92492 108826
92458 108834
92457 108836
92441 108838
92440 108842
92439 108847
92436 108861
92423 108865
92405 108870
92387 108877
92379 108907
92306 108931
92295 108934
92235 108941
92217 108949
92213 108968
92182 108969
92174 108971
92153 108997
92133 109004
92093 109009
92083 109038
92072 109041
92064 109042
92033 109057
91999 109065
91951 109071
91931 109079
91921 109080
91916 109083
91907 109094
91896 109121
91846 109131
91837 109135
91798 109141
91782 109147
91776 109172
91768 109173
91737 109188
91697 109205
91675 109209
91644 109228
91627 109246
91600 109252
91572 109253
91559 109254
91548 109277
91488 109289
91461 109304
91457 109305
91425 109316
91401 109330
91385 109348
91349 109360
91324 109366
91310 109370
91276 109384
91250 109393
91236 109397
91210 109413
91195 109422
91161 109436
91158 109440
91123 109450
91110 109480
91053 109491
91000 109519
90905 109520
90903 109529
90894 109535
90890 109555
90852 109573
90833 109595
90741 109605
90718 109622
90707 109638
90704 109650
90699 109671
90565 109676
90542 109707
90504 109713
90462 109723
90457 109744
90412 109764
90407 109778
90300 109780
90284 109800
90208 109807
90186 109810
90185 109814
90175 109828
90170 109837
90125 109850
90109 109870
90073 109874
90013 109892
89960 109894
89958 109913
89908 109929
89883 109935
89867 109943
89828 109944
89824 109947
89813 109948
89801 109949
89794 109961
89786 109967
89782 109972
89755 109985
89724 109992
89688 110004
89686 110015
89650 110022
89621 110029
89605 110033
89598 110035
89562 110047
89530 110052
89524 110065
89487 110066
89482 110072
89460 110090
89430 110097
89409 110098
89404 110118
89385 110131
89338 110141
89298 110149
89257 110157
89250 110162
89248 110167
89186 110179
89162 110191
89143 110204
89117 110211
89108 110218
89075 110233
89040 110242
89013 110245
89006 110256
88949 110276
88900 110303
88793 110307
88782 110315
88774 110346
88721 110347
88708 110348
88678 110373
88617 110378
88593 110379
88566 110399
88552 110416
88479 110420
88466 110421
88454 110422
88442 110434
88440 110442
88436 110446
88359 110450
88348 110457
88340 110458
88330 110460
88328 110465
88316 110466
88310 110489
88306 110499
88222 110509
88189 110510
88168 110513
88165 110518
88160 110519
88153 110535
88125 110561
87993 110583
87979 110600
87944 110605
87883 110634
87782 110656
87737 110673
87706 110676
87669 110702
87601 110718
87580 110719
87513 110723
87500 110725
87494 110772
87359 110791
87269 110794
87258 110798
87229 110802
87206 110803
87205 110819
87196 110820
87190 110827
87165 110829
87160 110832
87108 110833
87091 110843
87049 110869
86998 110874
86978 110884
86942 110895
86933 110896
86897 110908
86896 110909
86836 110913
86820 110923
86798 110926
86793 110934
86738 110945
86724 110961
86626 110976
86591 110978
86564 110986
86535 111010
86463 111020
86438 111022
86417 111034
86376 111046
86360 111080
86190 111081
86179 111085
86161 111088
86157 111090
86116 111101
86112 111103
86072 111111
86056 111135
85934 111138
85891 111144
85851 111151
85824 111169
85791 111171
85779 111182
85744 111185
85739 111190
85694 111203
85646 111212
85587 111219
85582 111221
85520 111224
85499 111229
85489 111250
85429 111255
85384 111268
85345 111294
85210 111295
85192 111301
85184 111303
85182 111308
85162 111320
85152 111323
85071 111345
85028 111351
84966 111353
84950 111380
84772 111384
84748 111385
84718 111386
84715 111397
84698 111405
84662 111408
84642 111423
84595 111441
84498 111448
84447 111449
84433 111454
84417 111456
84405 111467
84360 111480
84342 111491
84313 111498
84165 111506
84159 111518
84081 111547
83903 111551
83879 111552
83836 111560
83827 111570
83796 111573
83773 111590
83697 111603
83578 111616
83538 111620
83446 111628
83421 111637
83414 111647
83263 111657
83218 111660
83210 111661
83187 111684
83073 111690
83038 111702
82989 111703
82935 111707
82874 111710
82868 111712
82861 111722
82805 111742
82686 111748
82587 111755
82553 111765
82537 111766
82486 111772
82462 111773
82391 111778
82382 111787
82258 111790
82254 111794
82234 111795
82210 111796
82178 111800
82120 111820
82033 111835
81909 111839
81868 111848
81785 111854
81753 111855
81680 111859
81643 111869
81608 111893
81484 111897
81466 111900
81376 111905
81328 111913
81204 111917
81176 111918
81166 111921
81036 111922
81021 111931
81009 111943
80951 111963
80591 111966
80567 111968
80522 111972
80454 111973
80415 111983
80379 111985
80315 111991
80279 111993
80203 112002
80135 112003
80118 112011
79985 112012
79936 112017
79923 112022
79906 112030
79835 112034
79716 112036
79706 112038
79618 112041
79601 112050
79555 112054
79474 112055
79463 112062
79392 112066
79389 112069
79263 112070
79229 112075
79158 112082
79116 112090
78978 112103
78794 112105
78736 112106
78659 112115
78540 112117
78517 112122
78496 112124
78415 112127
78383 112139
78141 112142
78003 112155
77728 112160
77617 112162
77507 112172
77349 112175
77347 112181
76771 112187
76432 112198
75797 112202
75426 112208
74791 112212
