50 2
16393
593 230 400
689 698 411
560 192 325
698 975 720
583 272 872
852 32 710
777 730 566
801 889 481
733 545 790
848 437 373
582 398 997
606 631 613
838 181 471
599 38 41
646 911 671
626 441 532
638 861 134
637 444 950
746 712 772
659 198 964
594 671 846
829 854 576
654 378 667
671 156 16
667 896 394
780 413 553
675 558 348
692 122 122
586 336 370
632 755 490
681 923 769
593 501 435
753 342 848
496 812 167
739 73 232
496 298 450
645 169 631
601 555 409
576 742 864
669 672 779
479 579 323
824 175 703
487 440 896
605 507 808
532 66 662
578 184 413
858 857 314
681 832 604
515 744 203
487 839 660
106
18748 13712
18694 13738
18691 13799
18681 13800
18647 13872
18639 13901
18634 14314
18588 14361
18585 14389
18570 14580
18552 14786
18519 14801
18495 14887
18489 14928
18482 14951
18471 14991
18441 15327
18399 15460
18386 15762
18272 15885
18215 15932
18175 15993
18157 16199
18103 16225
18043 16322
17932 16395
17884 16407
17856 16447
17842 16528
17821 16542
17788 16554
17769 16672
17676 16744
17657 16752
17641 16839
17543 16875
17494 17029
17440 17055
17359 17061
17335 17114
17281 17140
17269 17225
17221 17237
17193 17277
17174 17285
17120 17311
17060 17408
17014 17456
16960 17482
16901 17493
16881 17507
16833 17519
16805 17559
16770 17654
16649 17719
16514 17729
16513 17775
16490 17804
16479 17824
16384 17884
16359 17886
16324 17901
16316 17920
16256 17937
16237 17948
16223 17952
16203 17966
16200 17971
16155 17988
16146 17997
16135 18002
16132 18007
16127 18018
16078 18033
16059 18054
16015 18071
16000 18114
15900 18139
15881 18147
15870 18167
15845 18169
15835 18234
15767 18270
15673 18284
15613 18301
15563 18333
15554 18361
15514 18369
15486 18397
15454 18466
15400 18492
15321 18517
15123 18534
15049 18616
14902 18644
14755 18660
14727 18703
14673 18729
14594 18754
14446 18830
14392 18856
13915 18881
13772 18888
13320 18890
13312 18903
13266 18916
