50 2
16252
664 970 937
730 189 186
624 224 394
488 74 799
687 114 407
471 153 352
748 946 312
762 383 551
736 501 589
607 988 848
548 585 625
651 973 984
685 909 981
708 409 762
492 885 948
799 347 863
489 120 441
769 159 707
753 199 800
646 605 886
467 632 820
799 874 463
701 917 712
618 326 54
716 980 441
800 848 227
684 876 486
614 792 527
478 246 220
760 34 922
549 191 338
726 703 705
742 525 541
678 582 374
776 587 200
523 418 266
668 835 695
763 269 153
662 862 97
751 437 735
470 426 978
517 465 171
649 266 581
678 129 208
702 196 609
619 535 248
496 601 961
687 930 278
669 644 414
484 787 723
99
19776 14815
19760 15281
19737 15622
19720 15880
19675 15963
19651 16011
19594 16178
19559 16184
19547 16268
19530 16324
19506 16372
19478 16399
19440 16452
19416 16500
19414 16545
19352 16646
19324 16673
19271 16720
19248 16723
19203 16801
19169 16816
19156 16896
19077 16989
19053 17037
18938 17108
18934 17134
18913 17181
18905 17197
18887 17229
18794 17308
18770 17356
18668 17452
18661 17457
18640 17479
18576 17625
18552 17673
18338 17690
18329 17696
18316 17727
18314 17738
18273 17760
18259 17766
18250 17884
18173 17902
18085 18006
18006 18010
17982 18058
17847 18071
17829 18113
17818 18116
17815 18120
17805 18161
17791 18168
17764 18183
17750 18189
17717 18278
17646 18302
17577 18321
17515 18391
17468 18398
17394 18405
17377 18424
17360 18438
17339 18445
17338 18494
17309 18539
17251 18580
17110 18654
17086 18702
16914 18721
16877 18737
16876 18740
16848 18767
16830 18809
16784 18913
16665 18931
16523 18941
16495 18953
16493 18975
16482 19015
16448 19048
16363 19142
16339 19190
16167 19209
16070 19215
15997 19308
15881 19345
15768 19426
15624 19434
15518 19456
15503 19512
15433 19540
15152 19567
15128 19615
15024 19660
14757 19666
14719 19680
14682 19778
14344 19783
