30 4
9465
697 845 733 876 631
651 165 99 29 167
593 979 759 852 814
567 626 269 484 532
656 165 22 77 28
668 826 630 714 658
627 617 849 772 375
697 462 874 784 702
577 408 793 742 433
570 441 483 465 410
678 288 216 23 114
569 685 720 897 744
595 827 778 883 869
634 795 402 459 546
692 785 849 842 877
665 636 417 632 517
668 553 736 696 827
618 968 997 930 983
664 308 539 359 451
659 609 484 765 504
576 359 189 76 255
610 267 131 426 60
697 137 8 204 143
667 194 278 305 257
595 192 330 107 316
621 506 620 777 505
610 98 90 14 341
589 84 76 122 58
582 724 732 741 720
638 824 813 774 725
53
11010 10386 11635 10281
10450 11366 11745 10273
10801 10330 11605 10339
10987 10248 11299 10381
10968 10680 11439 10239
10635 11152 11764 10395
10916 10569 11439 10565
10771 10706 11475 10371
11105 10442 11417 10198
10326 10842 11351 10471
11007 10615 11382 10126
10984 10585 11443 10188
10951 10895 11720 10211
10765 10949 11619 10407
10580 11163 11600 10285
11078 10509 11550 10185
11090 10112 11287 10380
11169 10371 11462 10310
11196 10304 11329 10323
10660 10477 11480 10501
10978 10828 11587 10224
10813 10705 11451 10566
10654 10720 11624 10537
11071 10544 11427 10238
10627 10787 11757 10524
10731 10783 11420 10443
10976 10192 11029 10555
10795 10896 11496 9991
10442 11001 11738 10402
11098 10477 11294 10251
10418 11006 11815 10241
10957 10624 11169 10413
10739 11148 11427 10314
10628 10919 11432 10444
10960 10315 11432 10368
11123 9802 11010 10357
10233 11220 11796 10119
10924 10934 11446 10436
10692 11032 11508 9992
10758 10716 11287 10456
10805 10615 11532 10354
10691 10900 11833 10072
11252 10052 11398 10000
10949 10259 11162 10542
10980 10682 11515 10113
10469 10934 11605 10415
10782 10762 11745 10197
10738 11016 11752 10394
10869 10453 11520 10243
11034 10576 11656 9901
10943 10502 11306 10578
10553 11230 11733 10272
10506 11114 11814 9950
