35 4
10546
657 651 645 511 320
669 280 104 198 338
635 539 707 633 772
538 705 707 736 630
589 301 173 277 253
562 567 498 469 626
627 596 828 633 186
647 849 765 859 888
561 993 998 987 1000
580 799 545 837 607
611 491 726 925 791
563 336 455 506 289
601 431 241 558 203
622 861 885 706 977
577 454 651 559 251
621 845 766 530 887
619 64 208 31 82
565 714 656 561 457
615 62 20 177 106
665 813 641 715 176
597 144 74 92 180
624 332 663 278 740
543 583 681 732 576
551 311 769 449 424
655 115 37 94 16
618 875 563 939 897
587 838 807 838 865
626 8 147 24 40
570 187 551 235 228
648 963 996 880 972
541 35 69 158 101
598 193 257 327 55
590 987 896 937 784
651 853 689 906 508
570 41 362 69 139
79
12335 13102 12529 12354
12420 12991 12805 12504
12928 13018 12844 11338
12395 13168 12586 11144
12306 12772 12365 12794
12773 12654 12924 12661
13053 12838 12900 12137
12111 13184 12101 11777
11914 13190 12149 11708
12273 13180 12305 11633
12959 12962 13076 11617
12916 12536 13034 12488
12591 12831 12549 12556
13416 12794 13232 11521
13435 12445 12776 11942
13156 12956 13028 11686
13142 12860 13150 12117
12233 13172 12382 11288
12794 12548 12753 12977
12862 12512 12532 12721
13372 12820 13133 11717
12655 12826 12996 12390
13492 12566 12776 11356
13024 12508 12736 12577
12552 12915 12611 12344
12905 12938 12574 11850
12976 12999 12552 11319
12878 12695 12795 12671
12891 12842 12696 12281
12676 12720 12825 12706
12913 12741 13383 11337
13275 12526 13190 12413
13304 12856 13354 11973
13157 12698 13262 12142
12341 13144 12084 11377
12816 13080 12966 11790
12188 12944 12437 12523
12654 13084 12762 11934
13400 12611 12969 11571
12434 13087 12683 12073
12660 12807 13014 12286
12837 12974 12795 12106
13448 12592 12677 11552
13058 12713 13108 12423
12551 12966 12634 12385
12570 12937 12720 12240
12802 12984 13088 12221
12457 13090 12810 11865
13162 12679 13280 12038
12565 13062 12512 11954
12403 13066 12308 12098
12893 12533 12907 12696
12681 12701 12843 12602
13032 12944 13071 11821
13113 12530 12986 12557
12870 12948 12867 11965
12884 13044 12745 11534
13108 12655 12778 12271
12522 12636 12470 12825
13343 12490 12969 12157
13192 12863 12657 11350
13387 12464 13068 11961
12391 12661 12641 12944
13126 12677 12887 12167
12823 12878 12917 12537
13040 12691 12999 12527
12538 12819 12733 12775
12901 12969 13242 11940
12922 12863 13071 12256
13359 12673 13232 12107
13019 12797 13170 12211
12592 13162 12538 11213
12770 12859 13273 11510
13076 12918 13170 11625
12945 12866 13198 12048
13464 12775 12940 11502
13380 12628 12898 11808
12675 12978 12591 12250
12857 12801 12966 12355
