45 4
12727
579 407 763 950 927
521 627 771 633 376
591 505 226 546 370
572 795 783 833 957
545 267 410 547 504
539 534 296 577 559
508 267 319 671 633
611 153 82 150 247
637 714 931 811 946
552 58 282 106 98
505 732 819 664 792
528 698 823 923 909
600 871 561 661 832
611 638 547 214 271
639 381 561 296 550
506 645 409 622 756
565 937 926 629 593
552 737 759 871 477
514 171 169 143 60
534 650 445 289 335
506 643 764 744 658
574 764 840 832 796
619 649 376 687 582
500 851 926 899 993
539 777 873 595 368
628 716 693 831 765
504 211 180 106 92
634 326 186 116 114
504 641 684 387 390
508 912 939 770 723
554 280 216 315 69
527 422 238 126 137
616 261 137 259 378
546 164 400 265 193
606 676 763 456 598
539 474 164 319 137
596 88 106 106 167
635 577 453 552 366
628 879 684 940 669
597 328 141 150 351
584 291 348 122 210
634 735 808 441 423
527 24 30 41 250
600 727 571 940 731
540 228 336 435 518
132
16308 16192 15388 14279
15799 16226 16120 15381
15759 16101 16403 15504
15377 16117 16266 15564
16441 15777 14962 14155
15349 16276 16257 15239
15329 15950 16390 15705
15887 16256 15782 15435
15491 15752 16334 15708
16292 16327 15248 14389
16296 16294 15313 14215
16133 16466 16119 15261
15416 15462 16623 15637
15480 15268 16458 15705
15549 15994 16023 15632
15487 16652 15653 14977
15701 16107 16023 15570
15761 16077 16345 15540
16135 15787 16404 15419
16369 16286 15050 14184
16326 15788 15882 14818
16065 16510 16049 14871
15233 16127 16545 15463
15491 16286 16012 15472
15282 16108 15993 15577
15740 16181 16135 15556
16142 16227 16021 15206
15691 16145 16333 15114
16260 15999 15746 14893
16283 15673 15402 14852
15464 15365 16565 15692
16069 16235 16284 15237
16144 16242 15700 15156
15720 16118 16167 15389
16060 15989 16125 15360
16215 15817 15704 14993
16303 16156 15721 14700
15826 15884 16134 15484
16088 16284 16077 15361
15797 16695 15658 14839
15393 15523 16675 15241
15557 16117 16302 15469
15557 16208 16178 15340
15687 16269 16144 15159
16054 16681 15576 14560
16122 16637 15646 14950
16240 15356 16128 14977
15683 16544 15909 14793
15166 15959 16281 15801
16365 16319 14985 14358
15755 16467 16044 15009
16138 16502 15786 14840
16364 16250 15383 14605
15318 16072 16281 15739
16196 15768 15911 14869
16061 16543 15984 15045
15615 15708 16649 15491
15290 16231 16272 15414
15530 15437 16139 15709
15581 15215 16752 15360
16188 15430 15935 14977
16156 16140 15775 15220
15588 16068 16135 15618
15791 15989 16619 15689
15494 16191 16315 15485
15616 16162 16287 15294
15751 16500 15979 15183
15837 16215 16094 15284
15174 16082 16560 15638
15487 16561 15777 15106
16422 15662 15352 14497
16040 15991 16063 15444
15182 16319 16061 15330
15505 16199 15766 15486
16297 16363 14915 13968
15870 16687 15395 14808
16274 15862 15689 14818
14496 14956 16012 15909
16134 16535 15721 15014
15868 15901 16374 15364
15755 16376 16168 15138
16122 16196 15911 15289
14649 14691 16293 15918
16126 16604 15711 14776
14293 14493 15718 15991
15655 16236 16399 15280
15485 16029 16477 15648
15434 16221 15993 15515
15147 15695 16791 15622
15873 16343 16028 15421
15773 16014 16157 15518
16267 15743 15897 14993
15691 15919 16092 15824
15759 16192 16279 15375
15752 16006 16383 15574
16376 16148 15458 14669
15491 16377 15888 15343
16029 15805 16618 15555
15392 15554 16421 15831
15378 15641 16667 15817
15959 16205 15802 15385
15869 16618 15793 15055
14763 14842 16042 15964
16312 15917 15623 14645
14800 14965 15724 15896
15455 16117 16203 15499
15540 15379 16620 15555
16026 16078 16309 15430
15858 16789 15320 14744
15701 16198 15899 15441
16443 15539 14982 13974
16198 15482 15911 14711
15721 16066 16382 15508
15579 15453 16732 15541
16145 16311 15302 14909
15751 16409 16103 15312
16154 15902 16014 15077
15691 16236 16209 14985
16269 15760 15648 14838
15890 15889 16101 15452
16127 16673 15313 14529
16149 16278 15367 14735
15752 15915 16507 15703
16387 15924 15039 14564
15108 15717 16592 15877
15865 16651 15728 15229
15773 16105 16033 15389
15569 15804 16645 15439
15369 15880 16765 15872
15810 16104 16229 15347
15596 16191 16414 15455
14802 14916 16154 15950
