100 2
7681
196 231 168
187 145 93
130 186 288
255 133 17
53 18 286
41 62 11
193 220 86
35 95 4
186 201 146
212 63 5
23 91 236
23 110 213
115 240 231
103 28 64
251 80 213
71 253 274
213 146 28
298 14 122
3 199 155
280 111 50
284 133 141
220 288 83
265 103 155
196 39 16
92 289 95
6 192 180
112 106 159
271 104 172
93 238 203
248 218 14
297 203 278
270 255 266
186 221 202
41 249 73
56 42 194
283 179 87
295 123 192
286 95 128
290 20 67
193 100 284
39 230 20
18 200 275
116 218 29
150 92 110
222 279 283
117 95 162
36 91 118
227 209 212
187 200 231
253 93 32
71 132 94
222 281 126
30 229 45
58 80 136
1 134 115
283 250 43
146 118 133
96 177 42
8 65 74
71 18 167
234 220 131
28 143 244
154 172 173
198 63 252
166 63 219
113 46 169
155 24 287
120 119 164
294 258 61
68 30 211
67 96 131
30 124 106
273 110 111
147 140 173
231 6 68
150 250 245
152 238 269
271 190 220
267 17 12
29 85 173
239 283 268
202 14 224
9 119 34
119 265 173
124 30 11
191 179 94
136 163 32
237 134 54
290 234 71
2 262 287
7 34 270
274 235 116
199 76 235
65 194 33
238 150 62
81 41 241
174 10 236
38 79 71
92 69 5
294 202 99
124
11347 9079
11340 9120
11334 9402
11329 9583
11307 9733
11303 9847
11269 9858
11260 9870
11259 9996
11243 10024
11238 10065
11229 10077
11222 10093
11217 10132
11214 10187
11198 10215
11190 10226
11187 10227
11179 10261
11163 10289
11159 10433
11135 10443
11134 10452
11110 10462
11107 10492
11098 10507
11091 10520
11077 10559
11062 10596
11061 10598
11054 10611
11047 10669
11033 10705
11018 10778
10994 10788
10979 10846
10956 10849
10955 10856
10943 10913
10928 10919
10925 10930
10924 10932
10912 10947
10910 10988
10897 11005
10874 11008
10873 11015
10866 11025
10854 11026
10853 11042
10847 11056
10842 11072
10834 11073
10830 11092
10827 11119
10814 11136
10794 11146
10790 11154
10784 11184
10768 11190
10760 11231
10745 11245
10741 11257
10733 11271
10714 11290
10689 11310
10688 11375
10650 11388
10638 11398
10629 11403
10625 11415
10617 11453
10599 11459
10564 11470
10561 11484
10557 11506
10553 11518
10504 11523
10482 11596
10427 11599
10413 11600
10407 11603
10392 11626
10388 11648
10347 11656
10342 11699
10321 11704
10317 11726
10276 11734
10208 11737
10207 11738
10202 11748
10186 11764
10168 11780
10128 11787
10127 11788
10115 11797
10113 11807
10102 11815
10068 11819
10047 11845
10014 11852
10006 11853
9973 11860
9925 11877
9893 11879
9892 11884
9862 11885
9844 11898
9816 11900
9814 11910
9775 11913
9741 11921
9732 11922
9700 11929
9665 11937
9661 11942
9645 11945
9620 11950
9616 11963
9466 11968
9372 11981
9311 11986
9140 11995
