150 2
11131
57 93 137
66 177 222
221 264 73
53 73 193
249 178 156
116 229 32
146 297 206
6 131 223
282 264 149
136 136 49
82 192 141
219 257 151
273 11 115
46 196 20
71 145 197
226 261 126
90 239 123
129 77 87
52 59 183
34 27 19
82 109 43
56 160 132
206 133 275
21 11 171
173 81 16
70 139 109
29 61 181
283 189 257
70 74 149
85 239 175
235 21 116
277 208 275
242 246 240
217 100 250
88 272 163
235 42 2
177 202 63
190 186 84
279 88 289
128 173 228
136 240 82
251 51 289
60 292 236
132 42 168
83 261 140
245 196 14
80 205 216
142 95 102
58 207 189
48 167 194
108 3 135
189 87 18
12 278 10
80 110 51
247 25 12
87 103 40
232 182 78
148 156 5
82 213 211
104 93 79
130 201 213
97 222 132
114 233 110
123 13 53
6 92 77
149 11 12
189 243 193
266 91 181
270 6 227
15 109 20
93 238 53
138 36 275
270 149 41
212 105 186
264 242 277
174 92 288
185 280 64
211 79 154
92 181 291
19 195 100
171 120 171
223 258 39
31 61 187
204 272 124
90 237 67
199 243 158
187 128 270
250 171 181
237 263 62
228 114 90
161 117 42
32 173 132
70 203 192
89 107 165
46 29 234
112 228 177
102 247 137
204 198 9
85 267 104
146 28 217
68 188 35
242 52 207
74 121 242
266 43 182
263 88 210
30 199 138
39 133 86
175 37 116
183 121 215
286 99 242
37 299 263
203 241 15
242 15 268
184 113 11
198 208 98
109 70 129
79 108 94
296 283 130
244 298 83
291 118 14
234 286 13
30 189 86
44 131 233
12 147 46
154 46 87
84 286 288
212 197 97
6 27 212
267 270 43
182 95 160
196 29 146
41 190 167
127 233 297
192 78 277
70 64 23
156 148 141
145 60 170
74 198 196
285 297 299
28 180 94
21 208 254
298 81 144
166 207 77
295 99 286
105 169 51
259 157 31
100 134 222
270 207 120
298 25 250
297 185 262
420
16744 16267
16919 16119
14367 17219
16825 16210
17784 15115
15066 17095
16367 16545
17542 15456
14245 17244
16513 16446
17645 15310
17466 15564
14608 17183
16981 16080
16223 16667
17800 15081
17700 15232
18019 14729
17332 15730
16642 16363
16525 16434
18091 14574
17277 15790
18022 14721
14009 17254
18080 14582
17258 15813
17039 16025
16738 16281
17506 15506
15349 17028
17297 15759
17474 15553
16991 16070
18200 14354
16533 16424
18144 14450
15428 17019
17858 15008
17058 16007
17534 15460
17443 15589
17265 15802
16611 16370
13765 17261
17411 15636
14795 17148
17560 15436
16095 16719
16540 16422
15959 16794
18027 14696
16260 16642
17974 14788
18216 14312
17553 15441
18132 14489
17522 15472
17198 15878
17190 15883
17047 16011
18175 14386
18468 13229
17061 16003
16668 16328
17371 15671
16388 16530
18083 14577
15172 17075
16575 16402
15333 17037
16330 16570
15655 16917
17814 15068
13943 17258
15485 17000
17123 15955
16582 16400
18283 14109
17426 15611
17607 15357
15529 16962
13517 17280
18374 13818
17596 15375
18318 14066
17616 15353
15662 16915
15940 16798
14613 17182
17902 14920
14793 17149
17233 15835
16426 16520
16679 16319
18077 14628
17014 16034
16948 16098
17738 15189
15509 16970
17481 15542
14495 17195
15967 16783
14271 17230
18383 13800
17166 15902
16858 16173
18155 14439
15974 16782
17111 15962
16827 16203
17521 15488
18187 14364
16765 16255
17205 15862
16528 16428
14507 17191
17790 15087
17528 15468
16838 16199
16422 16522
17678 15263
17389 15664
17343 15706
13836 17260
18232 14263
17018 16031
14556 17186
17932 14883
16776 16250
14988 17118
15060 17097
15765 16886
15232 17060
16701 16314
16845 16197
17762 15136
17009 16049
16000 16779
16562 16421
16955 16096
18361 13842
18297 14077
16663 16333
16024 16764
13999 17255
16055 16742
17777 15130
15527 16968
16488 16471
16512 16447
15071 17093
18008 14733
17579 15410
14953 17128
15708 16899
18450 13254
17717 15209
18125 14518
16911 16128
16900 16146
17075 15998
17098 15972
16915 16125
17888 14965
15684 16910
15630 16939
16947 16114
14509 17190
17033 16028
17567 15413
18397 13768
16623 16367
17040 16017
18372 13823
16328 16571
16966 16095
17641 15330
13728 17276
15704 16901
14467 17197
17928 14889
17468 15560
18219 14287
16084 16731
17740 15174
17279 15782
16386 16544
17673 15291
16159 16672
16464 16481
17875 14998
17396 15647
18342 13966
17618 15342
16791 16229
16857 16174
17788 15097
17543 15446
16674 16327
18275 14169
17417 15617
17947 14861
17680 15262
17310 15738
17487 15532
17712 15223
17804 15077
17999 14773
16864 16172
16681 16316
17955 14855
18255 14213
17764 15135
17697 15234
17164 15921
18410 13705
18169 14420
14963 17122
15216 17073
16529 16425
14711 17166
17783 15125
17819 15066
18178 14370
18234 14243
17923 14894
17696 15242
18239 14218
17541 15457
17176 15890
17086 15987
16882 16166
17688 15256
18028 14687
14657 17172
16903 16136
16146 16682
15729 16897
18288 14106
17368 15696
16941 16117
17898 14949
17494 15521
17911 14915
14684 17170
17970 14812
17843 15009
17218 15860
16910 16134
17309 15749
17256 15832
17648 15309
15579 16944
18221 14267
17760 15150
16363 16549
17584 15400
15265 17049
16252 16645
17635 15338
17462 15568
17478 15548
17447 15579
17269 15792
15679 16913
15928 16818
17430 15593
17317 15734
14051 17253
15107 17092
17723 15199
16264 16614
17509 15504
16501 16468
17300 15757
17656 15303
17969 14814
16998 16056
16886 16153
16574 16412
16442 16494
18331 14003
17608 15356
18098 14555
15502 16979
18135 14464
15960 16792
18111 14530
15567 16955
16601 16397
16811 16225
16602 16380
17592 15389
15563 16957
18431 13451
18269 14194
15882 16850
16143 16705
18005 14740
16326 16579
14950 17135
17958 14826
18053 14655
17354 15700
18446 13445
16113 16709
16818 16223
16333 16569
18278 14144
17139 15924
15827 16873
14758 17162
17182 15885
16431 16502
18400 13706
14843 17138
18448 13337
18049 14680
16659 16356
18029 14683
16392 16528
17005 16054
14877 17136
17794 15082
17512 15494
17308 15755
15578 16945
18244 14217
17259 15808
17204 15872
15635 16918
16718 16307
16399 16527
14416 17210
18484 13142
16139 16707
17978 14786
17981 14782
18097 14557
14338 17226
15053 17101
14801 17145
15309 17045
18099 14532
16850 16175
17311 15737
17223 15853
17973 14801
16799 16227
16994 16057
17916 14913
17291 15764
14648 17173
13915 17259
17603 15374
18139 14451
16608 16372
17753 15166
17295 15761
17879 14976
16402 16523
17408 15638
16152 16677
18411 13683
13729 17262
17138 15935
15369 17026
17384 15667
16724 16304
17619 15341
18346 13949
16519 16438
16468 16472
17013 16043
16012 16777
14254 17231
16449 16486
16523 16435
16325 16590
16352 16553
17169 15899
17547 15442
18024 14720
17785 15103
16050 16754
14460 17201
16790 16235
14842 17141
17706 15224
14792 17158
16166 16669
15235 17053
17286 15769
18004 14746
17566 15414
14067 17247
16751 16266
15009 17110
17290 15766
17840 15034
16615 16369
17820 15037
18368 13841
17230 15846
16635 16365
18427 13509
16779 16248
18424 13620
16347 16563
15128 17084
15884 16820
15043 17107
14623 17177
18359 13886
15856 16852
16296 16611
17334 15715
18059 14631
16678 16322
