200 2
15048
196 231 168
187 145 93
130 186 288
255 133 17
53 18 286
41 62 11
193 220 86
35 95 4
186 201 146
212 63 5
23 91 236
23 110 213
115 240 231
103 28 64
251 80 213
71 253 274
213 146 28
298 14 122
3 199 155
280 111 50
284 133 141
220 288 83
265 103 155
196 39 16
92 289 95
6 192 180
112 106 159
271 104 172
93 238 203
248 218 14
297 203 278
270 255 266
186 221 202
41 249 73
56 42 194
283 179 87
295 123 192
286 95 128
290 20 67
193 100 284
39 230 20
18 200 275
116 218 29
150 92 110
222 279 283
117 95 162
36 91 118
227 209 212
187 200 231
253 93 32
71 132 94
222 281 126
30 229 45
58 80 136
1 134 115
283 250 43
146 118 133
96 177 42
8 65 74
71 18 167
234 220 131
28 143 244
154 172 173
198 63 252
166 63 219
113 46 169
155 24 287
120 119 164
294 258 61
68 30 211
67 96 131
30 124 106
273 110 111
147 140 173
231 6 68
150 250 245
152 238 269
271 190 220
267 17 12
29 85 173
239 283 268
202 14 224
9 119 34
119 265 173
124 30 11
191 179 94
136 163 32
237 134 54
290 234 71
2 262 287
7 34 270
274 235 116
199 76 235
65 194 33
238 150 62
81 41 241
174 10 236
38 79 71
92 69 5
294 202 99
281 208 132
251 16 199
200 47 275
135 111 2
167 181 284
229 262 157
3 268 166
238 139 78
141 63 278
277 57 181
76 38 221
40 121 69
72 21 115
179 287 59
13 155 239
296 216 34
154 218 3
152 288 141
229 262 203
208 239 92
221 148 129
274 20 82
44 91 103
290 269 222
49 115 77
288 111 125
22 264 175
156 117 164
129 178 126
164 218 197
255 139 45
216 246 197
298 289 287
233 112 90
155 161 204
65 281 15
189 135 112
65 291 61
61 120 71
19 284 289
215 72 128
93 288 74
289 286 195
109 52 8
198 206 1
234 103 281
82 292 116
193 189 239
86 249 192
156 267 9
145 15 80
106 107 68
12 96 186
207 205 237
47 235 276
179 170 79
160 251 203
108 276 92
48 62 173
72 50 140
80 195 155
159 133 94
60 144 190
245 183 227
16 229 162
124 108 164
35 100 115
238 208 223
162 88 284
36 159 35
8 238 62
162 229 194
256 288 38
278 67 221
205 214 282
199 38 223
64 72 155
11 142 195
234 5 282
51 172 273
217 179 44
111 174 106
5 262 94
175 73 292
228 110 206
43 9 76
98 204 280
253 48 122
148 281 258
263 164 130
69 214 142
113 25 148
218 30 110
144 37 182
137 264 291
175 139 132
84 237 37
64 190 84
18 170 197
276 133 193
410
24466 18456
24459 18719
24456 18777
24450 18872
24443 18914
24440 18972
24429 18976
24428 19053
24424 19055
24421 19111
24415 19150
24412 19183
24405 19212
24403 19284
24398 19397
24388 19416
24386 19478
24376 19497
24373 19512
24372 19580
24364 19581
24358 19595
24355 19628
24354 19671
24350 19672
24348 19696
24342 19715
24337 19793
24330 19812
24320 19852
24315 19885
24308 19913
24306 20000
24302 20008
24283 20009
24282 20010
24281 20064
24276 20072
24270 20075
24269 20116
24265 20124
24260 20143
24256 20149
24255 20152
24253 20156
24250 20169
24247 20175
24246 20181
24244 20227
24238 20261
24230 20277
24226 20281
24225 20310
24224 20316
24220 20349
24210 20352
24208 20401
24204 20409
24194 20461
24188 20495
24175 20524
24173 20568
24163 20591
24149 20626
24139 20678
24128 20759
24104 20769
24100 20774
24097 20817
24093 20821
24083 20863
24068 20872
24067 20909
24062 20919
24052 20921
24046 20943
24045 20945
24043 20972
24042 21002
24025 21016
24018 21028
24016 21064
24004 21086
24001 21090
24000 21116
23997 21138
23991 21160
23975 21182
23970 21233
23948 21236
23945 21247
23944 21263
23936 21285
23931 21298
23925 21337
23909 21342
23900 21358
23894 21373
23881 21396
23879 21406
23873 21412
23867 21438
23858 21451
23855 21462
23853 21489
23844 21505
23834 21510
23831 21516
23830 21542
23814 21546
23813 21547
23812 21554
23810 21557
23805 21573
23799 21584
23794 21594
23786 21620
23771 21625
23761 21641
23755 21662
23752 21682
23741 21693
23735 21698
23732 21709
23723 21723
23721 21735
23716 21745
23710 21746
23707 21755
23701 21756
23700 21757
23694 21763
23694 21763
23693 21777
23689 21795
23684 21804
23677 21813
23676 21825
23674 21830
23670 21848
23648 21863
23647 21875
23636 21884
23632 21886
23624 21891
23623 21902
23621 21908
23614 21916
23607 21924
23605 21937
23601 21939
23596 21947
23595 21962
23587 21964
23586 21978
23579 21981
23576 22012
23564 22015
23547 22017
23546 22025
23535 22028
23532 22030
23530 22033
23527 22040
23525 22084
23502 22089
23498 22104
23489 22106
23481 22116
23479 22117
23477 22142
23471 22143
23464 22148
23459 22162
23457 22165
23443 22176
23438 22188
23432 22214
23419 22231
23402 22237
23392 22253
23381 22254
23378 22264
23368 22274
23365 22285
23362 22287
23360 22292
23348 22300
23340 22302
23339 22318
23328 22323
23326 22327
23322 22332
23315 22335
23314 22338
23313 22349
23308 22363
23299 22378
23298 22399
23285 22416
23270 22418
23269 22439
23234 22442
23232 22457
23223 22472
23220 22479
23205 22482
23201 22486
23198 22496
23187 22503
23186 22513
23181 22529
23164 22540
23160 22542
23158 22543
23157 22553
23151 22557
23147 22559
23137 22560
23134 22572
23129 22573
23127 22586
23118 22591
23115 22607
23111 22609
23098 22626
23080 22635
23071 22642
23066 22648
23059 22657
23054 22667
23038 22690
23025 22707
23014 22708
23001 22736
22990 22740
22985 22759
22972 22776
22961 22777
22953 22781
22940 22798
22929 22799
22921 22802
22908 22804
22907 22839
22897 22845
22881 22856
22874 22863
22863 22864
22854 22865
22852 22866
22848 22876
22843 22880
22842 22902
22821 22928
22801 22934
22782 22941
22769 22956
22761 22959
22757 22960
22755 22963
22745 22967
22739 22968
22730 22975
22728 22977
22727 22999
22719 23014
22704 23025
22692 23032
22673 23044
22657 23048
22645 23051
22644 23056
22638 23063
22628 23064
22626 23067
22619 23071
22617 23074
22615 23096
22598 23103
22589 23104
22582 23107
22575 23129
22562 23161
22521 23169
22513 23170
22496 23196
22447 23205
22442 23221
22423 23229
22416 23240
22400 23244
22398 23250
22387 23262
22357 23277
22338 23281
22332 23285
22331 23307
22311 23310
22307 23324
22283 23325
22270 23335
22267 23343
22253 23361
22220 23366
22212 23372
22208 23380
22205 23399
22172 23400
22165 23406
22156 23408
22132 23409
22131 23416
22126 23417
22124 23423
22116 23427
22113 23433
22110 23441
22106 23443
22099 23446
22092 23457
22068 23458
22055 23459
22053 23464
22051 23465
22050 23475
22045 23481
22034 23495
22011 23503
22005 23517
21993 23520
21972 23525
21944 23530
21943 23551
21920 23553
21916 23560
21913 23562
21904 23579
21874 23585
21864 23597
21846 23600
21837 23604
21833 23626
21809 23627
21800 23633
21776 23634
21766 23653
21737 23654
21725 23661
21722 23665
21717 23676
21700 23688
21688 23694
21655 23696
21647 23704
21630 23711
21613 23714
21611 23725
21590 23738
21569 23749
21554 23753
21536 23756
21521 23760
21517 23774
21480 23776
21465 23787
21449 23830
21328 23835
21319 23841
21304 23842
21290 23847
21270 23851
21230 23856
21229 23861
21220 23864
21216 23866
21213 23869
21193 23874
21180 23876
21172 23882
21159 23887
21153 23913
21056 23917
21023 23924
21004 23935
20934 23939
20926 23948
20904 23960
20807 23961
20787 23966
20766 23977
20699 23987
20589 23989
20568 23992
20561 24000
20502 24007
20474 24018
20382 24021
20368 24022
20342 24026
20322 24034
20295 24039
20255 24044
20163 24047
20097 24048
20085 24049
20081 24051
20046 24053
20010 24066
19840 24071
