200 2
14271
87 48 50
255 29 126
90 114 50
114 134 26
55 232 148
96 258 44
229 172 146
165 15 276
167 272 63
61 104 95
231 190 142
113 277 4
238 199 249
120 13 84
277 67 148
258 162 106
2 224 111
147 221 125
123 220 98
19 280 34
113 44 56
87 288 33
222 227 231
172 47 76
88 157 274
235 115 269
42 116 26
284 95 246
241 51 167
171 69 279
204 181 156
92 100 144
256 23 203
20 194 83
95 281 239
202 49 54
171 222 2
196 206 96
274 148 278
141 19 47
253 56 60
109 147 160
85 104 182
288 123 76
71 51 189
142 85 237
195 88 160
29 283 198
124 90 178
103 64 197
281 17 85
42 257 231
201 174 167
83 162 123
290 65 6
179 206 90
248 233 177
240 261 292
271 218 214
149 153 277
178 134 293
262 8 83
27 208 257
26 123 251
280 113 149
118 124 55
207 205 288
216 277 82
41 248 299
255 98 284
232 108 119
59 203 258
273 229 167
230 87 289
15 68 235
163 185 59
50 225 96
170 273 74
252 147 22
84 102 251
69 166 60
20 224 262
277 198 24
276 260 110
266 107 10
34 269 28
92 20 85
21 189 190
94 273 37
115 58 138
67 258 5
258 110 61
220 87 91
76 64 184
18 162 290
160 195 93
20 119 244
104 139 265
293 65 239
163 180 129
1 79 219
137 37 29
31 89 115
253 296 11
137 14 5
260 173 32
185 25 151
129 128 122
94 254 187
165 117 199
293 249 110
212 219 146
73 249 67
188 35 195
31 5 208
36 264 214
67 281 238
50 110 199
5 36 285
24 201 234
222 27 16
32 72 234
10 144 16
208 164 51
103 195 187
143 63 151
189 261 264
260 12 74
291 148 241
276 171 142
43 93 2
58 256 73
125 98 49
272 6 213
155 240 240
42 83 135
25 272 96
288 65 107
62 56 87
4 164 257
277 206 182
278 96 270
183 220 68
65 26 73
110 180 145
182 222 228
17 246 33
112 235 97
52 129 284
138 264 148
96 75 186
110 185 281
81 201 35
148 265 192
54 207 72
198 89 293
258 105 73
123 216 8
52 100 268
36 238 233
16 166 140
201 275 25
16 188 225
182 169 23
74 55 229
145 85 18
271 44 122
44 298 171
51 51 270
151 218 41
216 234 206
56 135 15
81 282 35
6 164 203
29 237 90
90 215 175
108 186 51
62 229 49
232 112 231
36 262 150
76 179 84
115 67 51
261 147 34
295 285 30
32 146 100
121 235 15
295 175 33
178 237 94
227 169 205
158 37 299
140 113 11
223 60 78
107 21 57
272 148 174
2 179 20
101 133 88
247 260 262
112 139 199
205 198 201
242 188 237
426
25354 18866
25349 18936
25348 19023
25339 19036
25338 19163
25335 19222
25334 19256
25324 19349
25316 19370
25314 19449
25309 19519
25306 19578
25291 19616
25284 19675
25278 19804
25260 19808
25254 19842
25247 19883
25244 19942
25226 19980
25208 20022
25204 20031
25186 20035
25185 20037
25183 20052
25180 20056
25178 20060
25175 20089
25168 20111
25159 20130
25158 20151
25144 20198
25127 20208
25124 20230
25123 20240
25114 20254
25108 20278
25104 20287
25102 20288
25088 20305
25086 20329
25085 20364
25070 20385
25057 20387
25056 20412
25046 20423
25045 20453
25035 20475
25022 20558
24999 20573
24990 20578
24986 20604
24974 20619
24968 20630
24965 20681
24947 20685
24946 20696
24937 20701
24924 20730
24913 20784
24897 20796
24890 20799
24888 20828
24879 20829
24859 20856
24857 20885
24838 20911
24831 20951
24813 20955
24803 20971
24800 21008
24782 21012
24777 21023
24772 21028
24757 21031
24754 21032
24753 21040
24749 21043
24739 21051
24738 21062
24730 21072
24728 21098
24719 21119
24701 21123
24697 21155
24682 21158
24674 21170
24663 21189
24651 21215
24630 21225
24628 21230
24623 21235
24622 21250
24616 21266
24602 21281
24593 21282
24591 21286
24582 21300
24578 21303
24570 21326
24560 21338
24551 21357
24539 21358
24532 21363
24530 21382
24521 21392
24512 21393
24510 21397
24502 21415
24500 21423
24499 21428
24490 21429
24486 21434
24484 21442
24475 21444
24466 21446
24465 21451
24464 21470
24456 21475
24453 21488
24449 21493
24447 21506
24427 21514
24420 21516
24418 21539
24409 21540
24403 21553
24395 21555
24390 21571
24389 21573
24383 21581
24381 21589
24372 21599
24365 21602
24361 21604
24355 21616
24344 21631
24330 21640
24329 21645
24323 21656
24314 21666
24313 21685
24300 21700
24292 21702
24272 21704
24269 21717
24267 21724
24257 21738
24248 21756
24242 21767
24235 21774
24232 21796
24214 21800
24211 21813
24180 21817
24178 21819
24173 21839
24164 21856
24154 21885
24122 21890
24121 21895
24106 21901
24102 21906
24098 21910
24094 21916
24081 21920
24079 21931
24074 21938
24071 21949
24065 21963
24048 21964
24036 21968
24031 21971
24027 21974
24026 21977
24025 22012
24004 22023
23986 22026
23974 22033
23966 22037
23962 22043
23960 22051
23957 22073
23939 22077
23935 22094
23912 22109
23885 22113
23879 22162
23840 22176
23802 22204
23787 22209
23774 22211
23770 22236
23725 22242
23720 22258
23708 22261
23707 22262
23689 22275
23688 22277
23674 22280
23668 22287
23666 22290
23652 22300
23645 22306
23635 22312
23624 22317
23617 22331
23602 22337
23586 22340
23581 22347
23575 22354
23574 22365
23556 22378
23538 22382
23522 22390
23511 22394
23504 22402
23499 22405
23489 22408
23476 22411
23470 22413
23469 22414
23465 22415
23464 22425
23456 22429
23455 22436
23451 22437
23433 22441
23432 22442
23430 22457
23418 22464
23403 22470
23389 22492
23351 22495
23348 22503
23332 22508
23325 22509
23319 22519
23316 22527
23303 22531
23285 22534
23280 22536
23279 22552
23271 22556
23270 22563
23231 22575
23211 22580
23193 22581
23192 22588
23182 22589
23178 22610
23165 22616
23143 22621
23127 22626
23123 22628
23120 22636
23097 22648
23079 22652
23076 22667
23065 22681
23025 22685
23020 22686
23005 22692
23002 22700
22989 22701
22981 22704
22971 22716
22955 22727
22931 22736
22902 22738
22900 22744
22895 22755
22873 22756
22861 22762
22851 22763
22838 22764
22838 22764
22837 22775
22834 22783
22821 22784
22801 22790
22788 22791
22786 22799
22776 22808
22744 22810
22732 22821
22731 22825
22720 22828
22716 22836
22696 22837
22674 22841
22670 22855
22643 22863
22630 22864
22628 22866
22612 22868
22607 22880
22598 22900
22543 22909
22523 22911
22501 22913
22489 22916
22476 22923
22454 22931
22446 22935
22445 22951
22391 22952
22383 22955
22370 22961
22355 22970
22339 22971
22332 22985
22304 22986
22297 22987
22286 22990
22278 23000
22255 23015
22220 23017
22218 23020
22200 23024
22176 23027
22151 23039
22149 23041
22138 23046
22120 23050
22105 23056
22097 23065
22057 23074
22039 23078
21987 23080
21983 23091
21978 23095
21938 23099
21934 23105
21918 23109
21911 23111
21893 23115
21851 23128
21819 23132
21807 23135
21792 23136
21784 23144
21773 23147
21742 23149
21732 23153
21725 23155
21706 23166
21658 23171
21636 23184
21628 23185
21580 23193
21567 23198
21541 23200
21514 23207
21496 23210
21456 23219
21438 23223
21385 23226
21373 23228
21368 23232
21361 23234
21358 23241
21344 23244
21301 23251
21291 23253
21270 23254
21253 23259
21223 23260
21168 23263
21166 23265
21153 23272
21149 23274
21134 23275
21129 23287
21126 23289
21063 23292
21041 23293
21023 23297
20993 23301
20959 23303
20956 23308
20929 23318
20926 23320
20824 23323
20806 23328
20794 23329
20786 23333
20761 23337
20741 23338
20719 23342
20707 23344
20689 23348
20675 23355
20666 23362
20648 23366
20561 23368
20507 23375
20489 23379
20474 23383
20455 23385
20407 23389
20324 23390
20320 23391
20317 23393
20296 23395
20281 23402
20176 23403
20169 23405
20167 23408
20161 23410
20140 23414
20134 23416
20125 23418
20062 23423
20053 23430
20035 23434
19895 23436
19774 23438
19770 23439
19750 23443
19702 23445
19695 23447
19677 23451
19668 23453
19650 23457
19611 23468
