300 2
22017
196 231 168
187 145 93
130 186 288
255 133 17
53 18 286
41 62 11
193 220 86
35 95 4
186 201 146
212 63 5
23 91 236
23 110 213
115 240 231
103 28 64
251 80 213
71 253 274
213 146 28
298 14 122
3 199 155
280 111 50
284 133 141
220 288 83
265 103 155
196 39 16
92 289 95
6 192 180
112 106 159
271 104 172
93 238 203
248 218 14
297 203 278
270 255 266
186 221 202
41 249 73
56 42 194
283 179 87
295 123 192
286 95 128
290 20 67
193 100 284
39 230 20
18 200 275
116 218 29
150 92 110
222 279 283
117 95 162
36 91 118
227 209 212
187 200 231
253 93 32
71 132 94
222 281 126
30 229 45
58 80 136
1 134 115
283 250 43
146 118 133
96 177 42
8 65 74
71 18 167
234 220 131
28 143 244
154 172 173
198 63 252
166 63 219
113 46 169
155 24 287
120 119 164
294 258 61
68 30 211
67 96 131
30 124 106
273 110 111
147 140 173
231 6 68
150 250 245
152 238 269
271 190 220
267 17 12
29 85 173
239 283 268
202 14 224
9 119 34
119 265 173
124 30 11
191 179 94
136 163 32
237 134 54
290 234 71
2 262 287
7 34 270
274 235 116
199 76 235
65 194 33
238 150 62
81 41 241
174 10 236
38 79 71
92 69 5
294 202 99
281 208 132
251 16 199
200 47 275
135 111 2
167 181 284
229 262 157
3 268 166
238 139 78
141 63 278
277 57 181
76 38 221
40 121 69
72 21 115
179 287 59
13 155 239
296 216 34
154 218 3
152 288 141
229 262 203
208 239 92
221 148 129
274 20 82
44 91 103
290 269 222
49 115 77
288 111 125
22 264 175
156 117 164
129 178 126
164 218 197
255 139 45
216 246 197
298 289 287
233 112 90
155 161 204
65 281 15
189 135 112
65 291 61
61 120 71
19 284 289
215 72 128
93 288 74
289 286 195
109 52 8
198 206 1
234 103 281
82 292 116
193 189 239
86 249 192
156 267 9
145 15 80
106 107 68
12 96 186
207 205 237
47 235 276
179 170 79
160 251 203
108 276 92
48 62 173
72 50 140
80 195 155
159 133 94
60 144 190
245 183 227
16 229 162
124 108 164
35 100 115
238 208 223
162 88 284
36 159 35
8 238 62
162 229 194
256 288 38
278 67 221
205 214 282
199 38 223
64 72 155
11 142 195
234 5 282
51 172 273
217 179 44
111 174 106
5 262 94
175 73 292
228 110 206
43 9 76
98 204 280
253 48 122
148 281 258
263 164 130
69 214 142
113 25 148
218 30 110
144 37 182
137 264 291
175 139 132
84 237 37
64 190 84
18 170 197
276 133 193
238 202 107
212 147 132
60 197 293
2 41 30
16 10 126
139 18 97
271 101 34
140 296 56
56 14 59
85 122 191
277 61 225
85 105 204
49 165 101
42 298 274
203 15 283
161 153 133
257 256 233
124 96 229
12 283 76
70 68 197
94 178 257
151 95 195
56 143 60
288 17 190
262 52 204
79 45 58
211 134 146
277 257 242
39 269 58
114 171 126
12 264 4
101 116 230
295 171 73
187 159 221
78 254 272
114 33 149
4 76 282
150 53 73
92 92 174
149 38 45
107 181 10
242 282 125
172 110 128
77 130 119
297 40 73
102 153 237
250 157 14
233 7 198
6 230 122
179 211 160
56 19 41
65 93 155
22 265 98
281 174 227
101 172 266
6 273 119
76 57 108
221 122 114
119 127 44
241 138 88
233 193 106
106 91 31
261 112 128
59 94 3
118 27 174
216 164 279
35 239 168
143 160 289
89 112 116
265 53 86
53 285 279
290 91 70
21 184 14
149 75 239
151 25 98
157 240 262
268 275 34
137 250 27
126 39 138
75 136 23
160 188 140
271 178 63
173 199 80
187 180 154
126 31 179
224 20 251
19 287 226
184 124 9
210 250 180
180 25 16
202 17 204
174 288 214
237 161 113
17 48 292
3 7 155
14 63 174
265 213 162
24 97 118
165 8 68
45 20 224
824
29594 35575
32901 34255
32223 34704
33591 33655
33811 33420
35003 31481
29175 35627
34292 32799
30114 35494
35211 30863
33603 33638
29030 35645
31601 35034
33266 33971
34228 32881
35027 31456
33068 34144
29316 35608
34502 32474
34974 31548
32230 34702
34435 32582
32943 34229
30840 35323
32889 34258
32637 34433
30894 35303
32270 34676
34909 31683
31986 34844
33402 33854
33055 34146
35052 31341
30007 35515
33878 33334
33936 33266
33658 33578
34635 32230
35436 29893
33040 34148
31209 35197
31082 35242
32141 34750
35330 30396
35374 30192
33963 33243
35413 30031
32392 34597
33711 33525
35172 30978
32447 34560
34326 32755
32157 34739
33328 33909
34670 32165
33657 33590
34688 32124
28555 35662
34370 32690
34831 31853
32916 34239
35458 29818
32799 34328
32865 34273
32741 34368
29282 35618
34796 31913
34061 33112
31582 35038
35399 30095
30296 35460
29106 35630
34695 32114
35558 29185
31423 35121
35481 29639
34844 31837
34252 32856
31169 35223
31735 34969
35243 30750
35485 29609
34683 32139
32606 34463
29994 35521
34607 32275
32544 34497
34438 32555
30618 35385
35256 30725
35109 31182
34864 31769
31374 35130
34542 32392
34212 32904
35147 31074
30886 35312
33935 33279
31581 35041
34406 32626
33848 33372
33790 33449
33091 34104
34944 31645
33617 33625
34283 32802
33319 33940
31369 35136
32345 34628
29797 35542
34208 32906
35307 30501
35356 30277
35373 30208
31020 35266
32403 34587
29296 35614
34986 31525
31108 35235
34399 32631
33920 33280
31193 35202
34795 31930
33417 33837
33273 33963
34081 33072
34702 32098
31496 35078
35623 28118
35574 28918
34026 33163
33472 33772
31324 35151
35076 31283
34386 32661
32667 34418
34566 32353
34726 32064
34196 32927
35472 29791
34073 33085
34475 32500
32260 34683
34310 32778
35493 29603
32326 34637
30797 35341
33994 33197
35158 31038
34674 32148
32563 34482
34446 32540
33565 33694
33324 33915
35579 28843
35222 30820
34863 31781
35351 30314
32926 34237
32636 34444
34904 31697
32582 34473
33582 33657
31208 35200
32314 34640
34410 32604
31080 35252
30013 35511
32693 34398
35452 29835
35293 30565
35192 30937
35017 31475
30892 35308
32759 34352
32357 34619
35390 30107
31468 35095
35610 28551
35244 30727
35171 30981
31373 35132
29761 35551
30258 35463
32686 34404
28796 35650
28866 35647
31353 35141
35573 28925
33616 33627
30115 35490
32949 34225
34613 32266
34875 31759
33354 33883
35229 30805
31280 35183
34341 32728
34525 32409
34637 32223
34594 32289
31788 34943
35033 31415
30908 35302
30762 35355
29872 35530
33843 33391
33082 34125
34972 31566
32670 34409
35196 30902
30529 35409
30693 35368
33809 33425
34908 31685
34721 32069
30574 35398
34147 32993
33538 33703
35125 31143
32461 34555
34139 32998
33969 33224
34660 32184
32743 34362
33760 33477
31654 35011
34521 32425
30804 35329
32766 34345
35142 31079
31377 35129
35301 30550
33982 33208
35132 31114
35484 29616
33432 33824
33455 33789
33039 34149
34846 31821
29760 35558
29475 35593
35050 31346
35389 30119
33511 33735
33725 33515
33131 34088
34757 32014
33014 34177
33800 33438
32375 34608
33517 33733
30092 35506
32410 34584
33023 34173
34622 32243
34934 31664
32151 34747
35483 29628
33761 33473
32821 34312
34854 31820
33490 33760
31284 35170
34801 31912
34119 33028
32015 34831
34281 32816
34077 33077
33283 33952
35631 27841
32796 34331
34135 33027
34214 32893
32298 34658
33977 33218
35276 30600
34112 33034
34621 32246
33537 33706
33186 34046
34899 31702
33850 33370
33772 33469
32395 34590
34106 33067
30325 35452
33330 33901
34508 32454
35552 29219
31580 35042
34858 31786
33964 33239
34064 33097
31914 34887
34436 32560
34107 33040
32174 34734
33883 33332
33498 33759
35305 30528
30647 35377
35612 28461
35388 30163
32351 34623
35148 31057
35133 31105
34632 32233
32816 34314
30459 35424
33623 33619
31087 35240
35233 30783
35401 30083
34825 31873
30226 35478
35065 31315
35504 29547
33011 34180
33913 33305
33263 33977
31171 35220
33132 34070
31976 34858
30803 35337
35053 31337
35432 29945
35449 29876
31452 35099
35325 30484
35331 30378
33948 33262
31133 35230
33486 33762
35241 30768
34592 32299
31094 35238
33279 33954
35106 31217
35568 29024
34459 32538
30914 35298
34201 32917
30523 35413
33294 33942
35539 29243
35048 31397
35437 29888
35353 30294
32169 34735
35066 31302
30356 35448
34820 31884
33242 34007
34728 32048
35462 29810
31718 34975
34740 32022
31444 35108
33708 33541
34265 32839
32258 34687
33642 33614
35335 30361
31937 34879
31102 35237
30149 35481
29969 35523
32196 34721
31875 34913
33216 34009
34412 32601
35011 31478
33729 33511
33822 33410
34063 33109
32855 34286
29900 35527
32382 34600
34233 32864
33329 33904
34906 31690
33909 33307
30543 35404
32317 34638
31236 35191
32882 34267
34055 33132
30853 35319
34760 31990
32711 34385
34225 32887
30408 35435
30653 35373
34339 32738
35326 30442
33474 33769
32053 34802
34716 32087
31891 34889
34376 32665
34161 32987
33212 34025
33783 33459
31443 35116
32815 34316
31189 35218
32509 34520
35110 31177
35061 31321
34491 32489
34979 31526
34483 32494
31213 35193
34623 32236
30144 35482
35538 29256
35387 30188
33505 33743
34519 32444
33285 33950
35480 29669
33036 34167
32974 34201
32885 34263
33751 33502
31563 35046
35440 29879
30764 35348
34039 33151
32378 34602
35608 28569
32079 34791
31860 34914
32060 34796
35543 29235
33908 33323
33967 33229
29552 35584
35405 30061
31247 35190
32299 34650
31482 35093
34192 32929
29647 35574
34658 32188
34543 32387
31678 35004
29862 35535
33837 33393
29769 35545
35056 31331
34070 33088
33134 34068
34856 31791
32803 34323
35181 30944
32625 34447
35479 29704
30136 35487
33465 33777
31990 34839
31059 35260
35422 29996
34836 31840
33457 33782
35130 31127
35081 31262
34775 31982
32963 34204
30817 35327
33269 33969
35180 30975
31339 35143
31447 35103
30595 35390
34687 32134
33990 33207
33090 34110
31835 34928
30473 35419
33836 33396
33968 33225
33156 34064
31451 35100
32873 34270
33805 33436
31335 35145
30040 35509
28691 35655
35629 28070
30338 35450
34555 32356
29578 35582
34443 32551
33367 33875
33672 33577
28745 35653
35526 29384
32749 34356
32508 34531
34651 32189
31786 34946
31627 35020
32574 34476
33916 33299
35412 30054
34791 31931
33575 33671
31489 35086
31885 34897
34998 31497
34860 31783
35274 30614
34550 32380
32393 34595
33374 33864
34589 32317
34394 32645
33405 33851
33110 34092
32484 34542
35595 28710
31570 35043
29323 35607
31562 35048
34961 31578
32613 34454
35619 28429
34240 32861
35581 28802
35289 30589
34787 31938
34343 32706
33826 33401
33539 33698
35164 31003
33355 33877
32368 34614
30414 35431
35055 31334
34763 31989
32477 34548
31808 34938
34422 32599
33687 33560
34895 31727
31519 35073
32528 34513
32833 34304
29888 35528
32779 34333
33820 33415
35001 31488
32771 34338
35586 28782
29857 35540
34010 33194
34678 32143
33382 33863
35051 31345
34912 31672
33691 33544
33383 33855
34786 31941
35521 29430
35113 31176
35527 29324
31592 35035
30844 35321
35600 28649
30770 35344
34602 32287
33675 33563
33256 33988
35117 31161
35269 30633
34534 32408
33722 33522
33597 33652
30712 35357
31616 35028
35121 31149
34199 32921
33688 33547
32988 34200
32338 34631
35260 30660
34235 32862
31311 35164
31546 35067
33347 33900
34896 31704
32535 34498
32307 34643
35273 30617
34270 32819
32190 34732
35578 28876
32430 34579
33201 34029
34136 33004
31538 35068
31638 35015
31785 34948
34522 32411
33322 33919
33276 33961
32271 34671
32767 34340
33533 33721
35565 29040
31635 35018
32283 34663
30467 35423
35170 31000
31135 35226
34964 31569
35372 30213
32957 34208
34641 32218
31019 35271
30873 35315
34650 32205
35468 29799
35049 31393
31812 34934
30589 35394
35580 28805
35137 31097
32589 34464
35328 30399
33624 33615
31750 34968
33957 33257
33287 33948
31153 35225
34806 31900
34085 33070
34948 31611
34183 32949
32864 34277
35278 30592
32442 34566
30425 35425
33863 33353
29421 35605
35589 28727
32035 34813
30838 35325
30108 35498
32728 34380
32303 34645
35136 31100
35621 28307
33193 34043
33502 33746
31319 35158
33456 33788
34617 32261
35531 29316
35337 30354
31296 35165
31758 34958
32198 34717
35418 30022
32526 34519
34203 32908
33756 33500
31396 35127
34782 31965
32840 34297
34190 32947
33847 33377
34215 32891
33605 33633
28671 35661
32085 34782
34959 31579
29905 35525
32302 34649
32127 34769
35203 30893
33541 33697
32279 34665
34738 32025
31850 34915
35371 30248
31799 34940
29588 35579
32046 34808
30391 35436
32736 34370
31949 34866
35510 29490
32585 34466
34893 31755
32101 34780
30968 35295
31692 34999
32534 34500
34357 32705
35348 30349
32437 34567
33450 33807
34023 33174
34472 32521
33525 33730
34690 32115
33088 34119
33981 33214
31356 35138
32560 34494
31752 34967
33373 33870
35267 30644
33089 34111
31557 35066
33835 33397
35394 30101
32205 34711
34261 32840
31710 34988
32464 34553
29222 35624
35094 31255
34076 33078
30478 35417
29508 35587
34068 33092
34664 32174
34108 33039
35145 31077
33108 34102
35427 29981
34552 32378
34505 32455
35272 30632
32398 34589
33372 33873
29249 35619
35327 30406
34476 32495
33419 33832
34975 31532
31784 34951
35583 28791
33859 33359
33917 33291
33650 33603
31625 35025
31006 35285
32236 34693
34673 32151
33918 33283
34870 31762
32952 34213
32658 34422
33795 33441
31499 35074
32448 34558
31394 35128
35534 29307
35095 31224
33855 33361
31876 34899
32890 34256
35362 30265
34174 32970
34540 32399
31771 34953
34736 32045
35207 30876
35157 31055
33877 33348
32913 34248
31845 34920
29309 35610
34576 32321
34955 31594
29870 35534
32851 34291
34994 31522
33649 33606
32995 34183
32107 34776
34712 32092
32131 34752
34408 32611
34444 32543
32734 34376
35219 30831
35069 31301
30612 35389
34620 32247
32533 34511
33458 33778
31117 35232
35262 30649
35160 31019
32699 34391
29709 35567
33162 34063
34813 31887
32211 34707
34440 32554
34575 32333
33349 33889
34202 32911
32309 34641
34090 33069
35098 31220
29996 35516
32645 34428
32030 34826
33353 33886
34118 33033
35503 29584
29157 35629
35257 30682
30138 35483
30385 35440
34905 31691
33611 33628
