400 2
29164
87 48 50
255 29 126
90 114 50
114 134 26
55 232 148
96 258 44
229 172 146
165 15 276
167 272 63
61 104 95
231 190 142
113 277 4
238 199 249
120 13 84
277 67 148
258 162 106
2 224 111
147 221 125
123 220 98
19 280 34
113 44 56
87 288 33
222 227 231
172 47 76
88 157 274
235 115 269
42 116 26
284 95 246
241 51 167
171 69 279
204 181 156
92 100 144
256 23 203
20 194 83
95 281 239
202 49 54
171 222 2
196 206 96
274 148 278
141 19 47
253 56 60
109 147 160
85 104 182
288 123 76
71 51 189
142 85 237
195 88 160
29 283 198
124 90 178
103 64 197
281 17 85
42 257 231
201 174 167
83 162 123
290 65 6
179 206 90
248 233 177
240 261 292
271 218 214
149 153 277
178 134 293
262 8 83
27 208 257
26 123 251
280 113 149
118 124 55
207 205 288
216 277 82
41 248 299
255 98 284
232 108 119
59 203 258
273 229 167
230 87 289
15 68 235
163 185 59
50 225 96
170 273 74
252 147 22
84 102 251
69 166 60
20 224 262
277 198 24
276 260 110
266 107 10
34 269 28
92 20 85
21 189 190
94 273 37
115 58 138
67 258 5
258 110 61
220 87 91
76 64 184
18 162 290
160 195 93
20 119 244
104 139 265
293 65 239
163 180 129
1 79 219
137 37 29
31 89 115
253 296 11
137 14 5
260 173 32
185 25 151
129 128 122
94 254 187
165 117 199
293 249 110
212 219 146
73 249 67
188 35 195
31 5 208
36 264 214
67 281 238
50 110 199
5 36 285
24 201 234
222 27 16
32 72 234
10 144 16
208 164 51
103 195 187
143 63 151
189 261 264
260 12 74
291 148 241
276 171 142
43 93 2
58 256 73
125 98 49
272 6 213
155 240 240
42 83 135
25 272 96
288 65 107
62 56 87
4 164 257
277 206 182
278 96 270
183 220 68
65 26 73
110 180 145
182 222 228
17 246 33
112 235 97
52 129 284
138 264 148
96 75 186
110 185 281
81 201 35
148 265 192
54 207 72
198 89 293
258 105 73
123 216 8
52 100 268
36 238 233
16 166 140
201 275 25
16 188 225
182 169 23
74 55 229
145 85 18
271 44 122
44 298 171
51 51 270
151 218 41
216 234 206
56 135 15
81 282 35
6 164 203
29 237 90
90 215 175
108 186 51
62 229 49
232 112 231
36 262 150
76 179 84
115 67 51
261 147 34
295 285 30
32 146 100
121 235 15
295 175 33
178 237 94
227 169 205
158 37 299
140 113 11
223 60 78
107 21 57
272 148 174
2 179 20
101 133 88
247 260 262
112 139 199
205 198 201
242 188 237
75 29 182
217 84 74
127 190 226
184 162 75
190 296 86
43 229 51
262 10 12
224 121 150
256 159 180
289 233 68
59 8 96
74 58 13
147 184 202
74 200 197
148 91 26
66 265 254
117 227 96
128 151 217
110 239 208
289 228 141
189 120 281
285 193 39
130 40 55
32 113 255
61 93 178
218 291 143
6 108 70
101 68 53
150 10 125
58 131 185
32 20 5
13 137 197
51 266 70
237 131 15
192 24 108
202 242 99
45 247 39
246 180 106
299 31 115
256 88 78
141 119 97
146 263 234
175 146 33
244 84 163
259 275 187
199 178 261
130 55 208
168 2 220
106 133 250
53 89 39
130 62 289
226 207 253
292 215 99
26 159 182
21 250 290
40 149 1
1 278 187
41 278 188
261 84 153
211 136 74
82 265 136
204 25 175
289 149 90
88 7 82
103 28 32
225 67 14
58 200 124
244 240 103
133 201 186
118 245 155
192 159 120
160 63 276
167 52 258
90 272 264
171 207 291
35 132 191
180 22 91
5 265 163
107 230 65
125 49 142
279 73 1
232 65 64
41 231 247
298 21 219
263 24 258
87 191 90
277 203 111
200 207 209
64 146 139
260 104 187
102 83 92
234 147 156
130 188 220
78 19 73
129 114 229
88 201 120
10 11 23
253 211 63
162 107 41
1 67 144
21 1 60
244 234 39
233 197 59
153 107 78
58 235 191
286 155 224
238 165 235
94 250 278
156 112 85
29 244 283
173 97 116
65 42 182
103 107 79
294 92 185
204 149 253
95 136 108
20 206 105
87 299 55
197 155 298
281 184 76
97 189 172
45 86 46
226 21 152
6 15 243
23 218 225
275 146 193
216 297 99
153 84 99
41 280 86
39 94 269
246 23 290
251 67 76
296 292 229
281 130 243
57 285 294
281 260 140
7 9 269
106 162 185
204 202 165
289 73 91
92 20 245
214 103 144
123 99 136
52 212 99
127 269 84
121 83 176
93 90 18
62 195 179
246 231 213
243 53 285
166 144 137
243 59 239
87 181 171
56 65 83
154 191 184
70 145 100
78 70 22
95 132 49
106 210 279
19 286 32
137 284 9
273 228 199
46 15 212
49 70 276
263 56 167
280 257 144
80 36 214
101 130 178
281 236 220
93 87 206
124 223 24
264 30 251
163 207 265
75 255 168
51 218 223
51 198 181
27 110 49
240 43 11
118 24 79
171 116 166
209 73 89
232 169 250
183 33 157
281 239 112
281 123 163
204 6 193
217 32 4
98 272 178
109 222 35
187 225 150
53 135 55
274 67 224
224 250 89
214 64 28
26 45 282
21 81 287
214 131 20
50 228 124
227 37 178
261 57 104
1328
48173 41242
48574 39371
44582 45454
42383 46333
48658 38547
41697 46530
39540 46911
48261 40982
43504 45950
42161 46405
48474 40043
48286 40895
45587 44865
45957 44584
42601 46267
40611 46762
45560 44884
47566 42676
44493 45502
41850 46484
39726 46899
47678 42445
47549 42709
45952 44590
45792 44717
47225 43258
47477 42841
44427 45534
43242 46048
44373 45563
43273 46035
37888 47010
46053 44506
47702 42406
48472 40072
47751 42298
47996 41720
40473 46782
42260 46373
48462 40180
41490 46576
39729 46894
48445 40212
48215 41098
40722 46740
43108 46102
47101 43447
47670 42472
43699 45868
44762 45365
47754 42285
48422 40349
46442 44192
48272 40935
47924 41915
47433 42909
44292 45600
47657 42510
39523 46923
44450 45521
48603 39126
48135 41352
43052 46119
44226 45632
42768 46216
46524 44094
43410 45985
48180 41215
47595 42633
46575 44037
44788 45349
46696 43918
46499 44127
43191 46067
42247 46378
42408 46332
46940 43640
47937 41880
48444 40219
47600 42603
48676 38018
41573 46555
47990 41742
45601 44855
42465 46313
39400 46928
43552 45938
47640 42532
48628 38880
45965 44579
45736 44756
41906 46471
41229 46637
47986 41749
48339 40704
47156 43363
45426 44980
48208 41124
47544 42721
45732 44763
46202 44383
42485 46304
40762 46734
48530 39719
45441 44964
48134 41359
46910 43688
45682 44798
45822 44692
40059 46847
45081 45188
45557 44888
47407 42958
45817 44698
39915 46875
44980 45257
48331 40718
41132 46658
44734 45381
40345 46809
44942 45266
42143 46409
40915 46701
43690 45875
46651 43976
47354 43044
46343 44268
44174 45664
47586 42649
48599 39170
44498 45495
46315 44291
48305 40794
44417 45543
46046 44511
47033 43524
44826 45333
46538 44076
45537 44899
45085 45184
45635 44833
48539 39654
47907 41958
48124 41398
48347 40652
48560 39484
43962 45757
44736 45380
47679 42444
46537 44088
44898 45298
46190 44389
45972 44575
41025 46679
43316 46032
38653 46992
45987 44560
48275 40906
43331 46017
48212 41115
47850 42074
47222 43265
44347 45581
40115 46844
43804 45827
42963 46151
48520 39775
47489 42827
42030 46440
47800 42194
38751 46982
47992 41726
44497 45497
43730 45855
42505 46296
39756 46888
38746 46988
48384 40502
48528 39728
44848 45323
45532 44909
44007 45732
46100 44463
47178 43328
43484 45956
48156 41289
41708 46523
45126 45165
47995 41722
46806 43806
45544 44896
45470 44946
44770 45358
46913 43681
48673 38114
46481 44136
45145 45155
42796 46206
45784 44733
47352 43054
44665 45421
44107 45688
40897 46702
44689 45405
44049 45719
48102 41452
47537 42726
41854 46482
48127 41365
43641 45893
43753 45842
43868 45792
46778 43842
45927 44610
46130 44444
47726 42369
44789 45348
47520 42758
45721 44770
44291 45602
43926 45769
38403 47003
39443 46925
46736 43881
47364 43041
47791 42211
48299 40811
48311 40785
47528 42740
48427 40322
43983 45750
42588 46274
45643 44828
48534 39667
47432 42924
45667 44812
45040 45208
47050 43496
44365 45564
44311 45593
46586 44035
46371 44232
38460 46997
42194 46397
48404 40437
44221 45640
47383 43008
46924 43662
46797 43823
47010 43558
46852 43758
46919 43668
46813 43803
48047 41604
48626 38922
38928 46971
44807 45341
48573 39440
47334 43101
47933 41889
48498 39940
39278 46945
46024 44528
48234 41034
43648 45890
47607 42599
47231 43251
45247 45101
41726 46519
39960 46871
41006 46687
48470 40084
43352 46013
48642 38735
44383 45557
43005 46134
47854 42066
47459 42885
43282 46033
42856 46190
42729 46235
48588 39294
46300 44296
39136 46959
48465 40126
46662 43974
45993 44553
43125 46091
47574 42664
46054 44505
45379 45004
44232 45630
41400 46596
45922 44614
46097 44466
44533 45478
44201 45642
44865 45313
48241 41033
46385 44231
45374 45010
45984 44561
42518 46293
40975 46690
40223 46826
47862 42061
41186 46644
44752 45377
45890 44639
45173 45141
43994 45735
48654 38699
47622 42573
47858 42063
43558 45927
47683 42439
42698 46237
47918 41933
40646 46757
48368 40592
43435 45978
45703 44790
44185 45652
47877 42017
42085 46424
42311 46358
47643 42524
44100 45693
42277 46365
44240 45624
48178 41227
47844 42105
48535 39658
48024 41663
48602 39159
44459 45518
44405 45547
48203 41176
48436 40295
44423 45537
40952 46696
47629 42566
47865 42056
47052 43494
39741 46892
46973 43609
44702 45402
48182 41210
42061 46430
40264 46825
43819 45814
46929 43660
42893 46173
43712 45867
41250 46632
46182 44405
43439 45974
46964 43623
45956 44587
47565 42680
45933 44603
48354 40625
44019 45731
42443 46323
48165 41283
46557 44058
46724 43906
44297 45595
41884 46481
45335 45035
47162 43350
42594 46268
47703 42398
47959 41829
47249 43210
47613 42589
45226 45105
46508 44115
48298 40822
40691 46744
48562 39476
40037 46857
41042 46678
44523 45483
41826 46494
45342 45028
48131 41360
46880 43735
46263 44324
48358 40621
42382 46339
48639 38770
48595 39221
46739 43880
47564 42682
47065 43492
41750 46512
45079 45189
41371 46601
44920 45281
42528 46290
42841 46192
47981 41779
45505 44924
44507 45493
43652 45882
44315 45588
46032 44526
45303 45054
48391 40487
40007 46861
48032 41637
44060 45712
47248 43218
47673 42458
48143 41324
42676 46245
45071 45198
41046 46674
48591 39241
47018 43551
48516 39821
47713 42386
48006 41705
47259 43204
40545 46778
48395 40470
46067 44496
47116 43420
47216 43278
40927 46699
44603 45451
41683 46533
45023 45219
48634 38807
47495 42814
40671 46751
48378 40543
47874 42029
46672 43951
44730 45389
46366 44253
48150 41295
47128 43407
48632 38854
48541 39639
48188 41178
46773 43853
43855 45799
47968 41812
45519 44911
47415 42948
42515 46295
43763 45837
44854 45316
45981 44568
45062 45201
41618 46543
42638 46258
41925 46465
46292 44317
46312 44295
44765 45359
42821 46199
47818 42146
45058 45203
47144 43370
46515 44101
45949 44593
45286 45066
48421 40351
42299 46360
45105 45176
47780 42240
45332 45038
45856 44666
46694 43928
45647 44821
41844 46490
42234 46379
47805 42189
46186 44397
46726 43889
48330 40735
47171 43336
46804 43808
40834 46717
48112 41415
44965 45258
47163 43337
42578 46282
43170 46077
46799 43814
41794 46502
47760 42280
47441 42908
43409 45986
43166 46079
48584 39316
48099 41453
42794 46207
47410 42957
46849 43792
44872 45309
45835 44682
43842 45809
46084 44483
46961 43624
47808 42185
47691 42423
42054 46438
44818 45337
47449 42889
43335 46014
43838 45811
45879 44644
46936 43652
47206 43284
46592 44028
45180 45137
42008 46443
42808 46204
47675 42450
45203 45120
46170 44420
42935 46164
46787 43830
44616 45445
47369 43023
44089 45699
41115 46661
43419 45984
41456 46582
47634 42539
46143 44438
48432 40304
45568 44881
47385 43003
47261 43196
44555 45470
43262 46042
42605 46266
46092 44477
43588 45919
47771 42256
44327 45584
46909 43689
44273 45613
41380 46600
43249 46044
40894 46706
47102 43446
45676 44800
48523 39761
41058 46670
42497 46301
46905 43696
48065 41548
46038 44519
48077 41522
47404 42970
38799 46981
45830 44691
42064 46427
48231 41063
45345 45027
48510 39840
47525 42743
44936 45273
48303 40795
46544 44075
47974 41788
48549 39624
45729 44765
45612 44854
43849 45806
46294 44314
46648 43988
46903 43720
45842 44678
40541 46779
48136 41333
47468 42860
43898 45783
41988 46450
45911 44634
39016 46964
44519 45492
48664 38456
47901 41960
46219 44377
47729 42347
48467 40098
47376 43019
45377 45006
48500 39902
42776 46213
43629 45900
48596 39201
39701 46900
46967 43610
43887 45786
41398 46597
40038 46850
47002 43573
43018 46133
47017 43552
44796 45346
45225 45114
48633 38831
46519 44098
47552 42700
46664 43958
41959 46462
42120 46416
45534 44902
47200 43300
42918 46166
48536 39657
43698 45869
44634 45441
43221 46060
48508 39860
40961 46694
43694 45871
47287 43160
44402 45548
46620 44014
43864 45793
45989 44556
39975 46864
39007 46967
44006 45733
45574 44871
47741 42325
46958 43636
45918 44617
43651 45886
47802 42191
43241 46051
48263 40945
48373 40551
45942 44601
47470 42849
46566 44056
48531 39712
44244 45618
48068 41528
45515 44915
40659 46755
46702 43916
43912 45782
42952 46154
48382 40528
41894 46480
45190 45123
41449 46587
45484 44932
43555 45931
38414 47001
44294 45596
47748 42318
47426 42941
48587 39297
48220 41081
46233 44354
47943 41855
45572 44873
39598 46908
46148 44431
46553 44071
45402 44992
38470 46995
44447 45522
48012 41703
48583 39340
45871 44652
42740 46225
39387 46931
47341 43075
40727 46736
47849 42090
44880 45302
44193 45647
43735 45852
40548 46770
47131 43387
39612 46905
40066 46846
48325 40743
45324 45049
45111 45170
45459 44950
44104 45690
41479 46577
47707 42392
47522 42755
43246 46046
46674 43942
46256 44332
47513 42791
42468 46309
43396 45990
47530 42736
47752 42291
47024 43538
43453 45971
39242 46948
41258 46627
46073 44489
45735 44759
47233 43244
46205 44379
40619 46761
40799 46728
46629 44010
48590 39287
47289 43153
47662 42495
47735 42336
48514 39822
45435 44969
43791 45835
45629 44834
48277 40898
47392 42985
41410 46594
46260 44328
46131 44443
43492 45953
45261 45081
45133 45161
42973 46147
40706 46742
47827 42131
45129 45163
47389 42988
43031 46124
40480 46780
45045 45205
42682 46241
48533 39705
46403 44210
44364 45566
47500 42796
43764 45836
48477 40038
47316 43124
47872 42030
41765 46511
48023 41674
44280 45608
42121 46410
47412 42953
45795 44713
46987 43600
43676 45880
47755 42281
45163 45151
46281 44318
42048 46439
41022 46680
47999 41716
43948 45763
47548 42719
41397 46599
48080 41496
48126 41383
44638 45428
46052 44508
46009 44546
39900 46882
45098 45183
47738 42326
48343 40679
46683 43938
48507 39884
48609 39114
44441 45529
43256 46043
39149 46955
47244 43224
42917 46168
47149 43364
37988 47008
47030 43529
39606 46907
43383 46003
41653 46537
47596 42628
41550 46561
44927 45278
48302 40804
47271 43182
47786 42236
44429 45532
44576 45465
47160 43351
42592 46269
48014 41685
48493 39962
40209 46832
41914 46470
45456 44962
48616 39022
45923 44613
47267 43189
48579 39369
47359 43043
43025 46128
43717 45861
38890 46978
46230 44360
44421 45541
47095 43463
45690 44797
46444 44176
47826 42141
40869 46711
48558 39552
48067 41529
47809 42173
46911 43683
47398 42984
43989 45744
48149 41311
45930 44606
48029 41660
43128 46089
47631 42553
48429 40318
41545 46562
47793 42206
46128 44447
47531 42731
42590 46270
47599 42606
47270 43184
47349 43068
46058 44504
44683 45415
48487 40035
48624 38957
45646 44824
38436 46999
44112 45684
40479 46781
41431 46590
48071 41526
46753 43874
40409 46801
44987 45245
45820 44694
48245 41009
43562 45926
43611 45904
43085 46117
47482 42829
48415 40373
43224 46052
45882 44641
45742 44751
47194 43306
46938 43645
45022 45221
41368 46604
48090 41493
43151 46081
41981 46458
48458 40204
47727 42349
44558 45467
42559 46285
42103 46420
47003 43566
43915 45775
47983 41753
43884 45787
45851 44671
43177 46074
48211 41122
47570 42666
48079 41497
45707 44779
43854 45800
47682 42440
42858 46186
45745 44747
45819 44696
43872 45790
47185 43327
48333 40716
40718 46741
48186 41191
46920 43666
43726 45857
43003 46136
41613 46546
43368 46005
48036 41633
44708 45401
47047 43519
42275 46372
44037 45727
47816 42160
43268 46039
44754 45373
48563 39470
44395 45556
46266 44323
46340 44272
48473 40070
41563 46558
45493 44930
43991 45737
48388 40493
43649 45887
47698 42410
48580 39351
43471 45966
42980 46143
47795 42199
46480 44144
46351 44258
46021 44532
40820 46720
45136 45158
42976 46145
47027 43531
44685 45407
45722 44766
47770 42263
43002 46138
45877 44645
48323 40754
44649 45426
45546 44890
44287 45604
43922 45771
46297 44300
48318 40760
48106 41435
42336 46355
44151 45679
43390 45995
47688 42435
47899 41981
45593 44863
47911 41955
42738 46227
47762 42277
45752 44743
48621 38969
41114 46662
46133 44440
48048 41587
48559 39524
43929 45764
48517 39792
47306 43142
44951 45265
44814 45339
43636 45898
44838 45324
45700 44794
43456 45967
46082 44487
40880 46709
40269 46821
48527 39733
47108 43427
47188 43307
45499 44925
48610 39093
44939 45268
43208 46066
42523 46292
44772 45356
47919 41921
42837 46195
45868 44656
46117 44457
44189 45650
48443 40241
46943 43638
42537 46289
46089 44480
47318 43106
46417 44202
45580 44868
44792 45347
43040 46122
45483 44935
42499 46298
44293 45599
47084 43469
41312 46622
38230 47004
46597 44024
41055 46673
40048 46848
45103 45180
41369 46603
44783 45355
44312 45590
48267 40937
48169 41268
43393 45994
46572 44052
44485 45517
47446 42895
42902 46170
42457 46314
43716 45865
39079 46963
43881 45789
44802 45345
48233 41037
42318 46356
48492 39985
48187 41186
46201 44387
42766 46223
48227 41078
48364 40594
44359 45575
43723 45859
45625 44842
44998 45238
42778 46210
48033 41635
47598 42610
43119 46094
41498 46572
41537 46563
44401 45549
42866 46179
47775 42242
47237 43241
44281 45605
46072 44492
43020 46129
44196 45646
48273 40919
48504 39885
45661 44814
46854 43746
41992 46446
47245 43222
48672 38306
41211 46640
47365 43031
48094 41483
44763 45362
47256 43209
39561 46910
45283 45068
44238 45625
48635 38804
45509 44922
46513 44104
45649 44816
40778 46730
44319 45586
48463 40131
45741 44755
43606 45915
43861 45796
48219 41082
46278 44322
48674 38099
43118 46097
46728 43884
47942 41856
48310 40791
46861 43739
44499 45494
48663 38471
40374 46803
39774 46887
47327 43102
43741 45851
41899 46473
41666 46536
47697 42411
43618 45902
47871 42038
41176 46645
39306 46939
46114 44461
41991 46448
47576 42651
44071 45703
42017 46442
40464 46794
48147 41312
42466 46310
41811 46495
41091 46663
43660 45881
42661 46256
47141 43374
43513 45947
47689 42425
43026 46125
47516 42762
46317 44281
47463 42872
45349 45021
46527 44090
40590 46767
48426 40332
44912 45285
45962 44583
39614 46902
48499 39912
46227 44364
46402 44216
41623 46542
46184 44402
45461 44947
45016 45234
47430 42937
47837 42129
42891 46178
41141 46654
41174 46651
45108 45173
46258 44329
47784 42238
40858 46716
40124 46842
43752 45846
40044 46849
45766 44741
45043 45206
41469 46581
44529 45479
45348 45024
45038 45212
44525 45481
42230 46386
45298 45059
42986 46140
41216 46638
47813 42170
48296 40863
43136 46084
48525 39752
43328 46025
44551 45474
45035 45215
46464 44158
45262 45077
47878 42012
47890 41986
44275 45612
42633 46259
47602 42602
45413 44986
45181 45125
47695 42421
48042 41625
46043 44515
45914 44630
48001 41709
42212 46387
47239 43229
41610 46547
44602 45453
45207 45118
44177 45655
39364 46936
44154 45671
42495 46302
41605 46553
47285 43173
46882 43722
41637 46541
46616 44017
48466 40101
41533 46569
45278 45075
48140 41328
48614 39032
41082 46669
43135 46087
44331 45582
41280 46626
41246 46633
46604 44020
47309 43134
46368 44237
42476 46306
42789 46208
47618 42577
48442 40251
46151 44424
44234 45626
41234 46636
45854 44667
43568 45923
42363 46342
40554 46769
45804 44702
39005 46969
46490 44132
39191 46952
45983 44566
42359 46349
46520 44096
48597 39176
45800 44709
47958 41849
46337 44276
45292 45062
40324 46814
44242 45620
47929 41907
47661 42501
41414 46593
45928 44607
48551 39595
45029 45218
42946 46159
43522 45946
44269 45615
48413 40420
46719 43909
45575 44869
48353 40634
45358 45020
42589 46271
45718 44774
47140 43385
43995 45734
42420 46327
47787 42222
47799 42196
47888 42008
47941 41871
45395 45000
48396 40465
47847 42092
43795 45829
47884 42010
39538 46919
46020 44536
44873 45305
40648 46756
47867 42042
46064 44498
43814 45820
48121 41406
41348 46614
46990 43580
46461 44170
43810 45822
44268 45617
43179 46068
41745 46515
41777 46504
43214 46062
40087 46845
45596 44859
42627 46265
48617 38990
48063 41585
45943 44594
48117 41413
41707 46524
40800 46723
44114 45680
47303 43150
39613 46903
45845 44674
42289 46363
41355 46608
44930 45277
38543 46994
43386 46001
47644 42518
48030 41650
48254 40986
47940 41878
45221 45116
48205 41129
40391 46802
45864 44664
43871 45791
44549 45477
45054 45204
46332 44280
41779 46503
45674 44805
47716 42371
46063 44500
45480 44939
40811 46722
44063 45704
48369 40571
47419 42943
42814 46202
45472 44940
47503 42793
42863 46180
45074 45195
43148 46083
47562 42698
38462 46996
45197 45122
41529 46570
46589 44034
43850 45802
46253 44350
43493 45951
40681 46746
44764 45360
43759 45841
40177 46840
44486 45509
43365 46007
48419 40359
47715 42378
47068 43470
41805 46500
43977 45753
44988 45239
