400 2
29556
196 231 168
187 145 93
130 186 288
255 133 17
53 18 286
41 62 11
193 220 86
35 95 4
186 201 146
212 63 5
23 91 236
23 110 213
115 240 231
103 28 64
251 80 213
71 253 274
213 146 28
298 14 122
3 199 155
280 111 50
284 133 141
220 288 83
265 103 155
196 39 16
92 289 95
6 192 180
112 106 159
271 104 172
93 238 203
248 218 14
297 203 278
270 255 266
186 221 202
41 249 73
56 42 194
283 179 87
295 123 192
286 95 128
290 20 67
193 100 284
39 230 20
18 200 275
116 218 29
150 92 110
222 279 283
117 95 162
36 91 118
227 209 212
187 200 231
253 93 32
71 132 94
222 281 126
30 229 45
58 80 136
1 134 115
283 250 43
146 118 133
96 177 42
8 65 74
71 18 167
234 220 131
28 143 244
154 172 173
198 63 252
166 63 219
113 46 169
155 24 287
120 119 164
294 258 61
68 30 211
67 96 131
30 124 106
273 110 111
147 140 173
231 6 68
150 250 245
152 238 269
271 190 220
267 17 12
29 85 173
239 283 268
202 14 224
9 119 34
119 265 173
124 30 11
191 179 94
136 163 32
237 134 54
290 234 71
2 262 287
7 34 270
274 235 116
199 76 235
65 194 33
238 150 62
81 41 241
174 10 236
38 79 71
92 69 5
294 202 99
281 208 132
251 16 199
200 47 275
135 111 2
167 181 284
229 262 157
3 268 166
238 139 78
141 63 278
277 57 181
76 38 221
40 121 69
72 21 115
179 287 59
13 155 239
296 216 34
154 218 3
152 288 141
229 262 203
208 239 92
221 148 129
274 20 82
44 91 103
290 269 222
49 115 77
288 111 125
22 264 175
156 117 164
129 178 126
164 218 197
255 139 45
216 246 197
298 289 287
233 112 90
155 161 204
65 281 15
189 135 112
65 291 61
61 120 71
19 284 289
215 72 128
93 288 74
289 286 195
109 52 8
198 206 1
234 103 281
82 292 116
193 189 239
86 249 192
156 267 9
145 15 80
106 107 68
12 96 186
207 205 237
47 235 276
179 170 79
160 251 203
108 276 92
48 62 173
72 50 140
80 195 155
159 133 94
60 144 190
245 183 227
16 229 162
124 108 164
35 100 115
238 208 223
162 88 284
36 159 35
8 238 62
162 229 194
256 288 38
278 67 221
205 214 282
199 38 223
64 72 155
11 142 195
234 5 282
51 172 273
217 179 44
111 174 106
5 262 94
175 73 292
228 110 206
43 9 76
98 204 280
253 48 122
148 281 258
263 164 130
69 214 142
113 25 148
218 30 110
144 37 182
137 264 291
175 139 132
84 237 37
64 190 84
18 170 197
276 133 193
238 202 107
212 147 132
60 197 293
2 41 30
16 10 126
139 18 97
271 101 34
140 296 56
56 14 59
85 122 191
277 61 225
85 105 204
49 165 101
42 298 274
203 15 283
161 153 133
257 256 233
124 96 229
12 283 76
70 68 197
94 178 257
151 95 195
56 143 60
288 17 190
262 52 204
79 45 58
211 134 146
277 257 242
39 269 58
114 171 126
12 264 4
101 116 230
295 171 73
187 159 221
78 254 272
114 33 149
4 76 282
150 53 73
92 92 174
149 38 45
107 181 10
242 282 125
172 110 128
77 130 119
297 40 73
102 153 237
250 157 14
233 7 198
6 230 122
179 211 160
56 19 41
65 93 155
22 265 98
281 174 227
101 172 266
6 273 119
76 57 108
221 122 114
119 127 44
241 138 88
233 193 106
106 91 31
261 112 128
59 94 3
118 27 174
216 164 279
35 239 168
143 160 289
89 112 116
265 53 86
53 285 279
290 91 70
21 184 14
149 75 239
151 25 98
157 240 262
268 275 34
137 250 27
126 39 138
75 136 23
160 188 140
271 178 63
173 199 80
187 180 154
126 31 179
224 20 251
19 287 226
184 124 9
210 250 180
180 25 16
202 17 204
174 288 214
237 161 113
17 48 292
3 7 155
14 63 174
265 213 162
24 97 118
165 8 68
45 20 224
192 55 241
228 228 62
143 297 222
255 146 103
81 149 241
68 294 4
242 92 216
236 116 13
54 113 152
254 157 172
11 181 226
84 110 286
145 252 284
200 40 130
3 252 111
243 21 238
79 95 30
127 31 277
139 216 90
124 3 79
128 14 260
186 97 70
172 75 22
288 274 193
251 276 146
62 52 166
132 262 260
162 89 123
271 227 171
62 183 174
140 11 20
232 196 248
2 201 23
155 189 296
49 140 105
27 35 288
192 166 250
284 160 39
239 132 99
242 26 281
116 165 125
267 230 153
216 231 54
238 219 76
68 100 215
172 126 249
293 18 248
243 134 108
282 73 239
213 147 97
194 263 95
151 63 25
5 278 88
190 50 7
265 117 106
14 121 231
95 114 81
43 190 214
151 5 119
222 217 266
20 243 62
114 95 256
270 231 235
58 121 117
65 219 233
3 232 186
234 27 133
147 202 23
194 53 159
145 107 76
243 258 19
137 204 113
94 174 176
29 65 297
145 129 49
210 263 280
228 30 139
61 177 41
215 71 225
74 48 165
281 291 123
1 128 160
245 221 166
122 82 230
251 226 191
299 268 155
112 197 184
83 90 193
124 138 96
181 44 144
46 26 135
2 158 95
161 103 17
159 57 98
90 8 157
113 139 125
100 83 22
284 166 244
10 122 82
106 3 125
1352
44685 44118
43718 45120
45599 42732
45145 43465
39978 47137
43971 44891
44477 44354
45877 42224
44325 44522
44030 44833
44594 44237
43149 45578
39836 47174
45463 42965
45958 42041
46629 39994
38372 47455
44797 43964
45057 43594
41667 46520
45108 43532
46612 40062
39265 47299
39445 47266
41371 46643
43640 45191
44057 44805
40848 46867
41170 46738
43230 45521
43067 45643
40467 46995
46705 39593
46005 41954
41578 46568
39116 47333
43888 44968
37012 47577
40835 46869
40747 46905
45860 42246
44954 43752
39490 47250
44154 44714
43623 45200
44206 44653
43713 45129
44284 44572
46533 40402
46682 39707
41631 46529
43619 45207
38985 47356
44322 44540
41000 46811
45092 43555
46008 41950
46622 40043
42389 46099
46337 41078
44174 44683
46383 40965
39330 47288
41104 46760
40785 46894
45427 43028
44071 44791
40405 47023
42853 45802
38608 47424
46751 39303
41916 46386
40454 47000
43085 45635
46836 38443
45361 43139
39108 47337
42017 46325
45896 42171
45100 43549
39661 47220
39418 47270
42969 45725
39861 47165
46662 39840
41882 46402
41935 46377
42547 46001
45721 42520
41743 46472
45618 42693
45040 43619
38695 47405
46458 40720
40251 47063
40156 47091
41959 46361
42423 46087
46213 41446
45430 43023
42082 46288
43393 45392
43837 45023
44334 44517
41924 46380
41338 46665
41369 46652
42503 46029
42128 46268
43610 45223
43404 45383
46596 40150
43820 45032
45063 43593
41037 46794
42650 45940
44917 43804
40642 46938
46741 39341
46203 41472
44494 44344
38813 47386
45328 43194
44082 44781
46676 39742
46195 41504
42016 46332
42817 45829
42492 46032
37946 47513
37322 47569
46369 40987
46475 40596
46654 39844
46549 40316
42209 46210
44786 43971
40807 46875
44553 44263
39251 47302
45117 43518
43501 45306
45753 42453
44391 44466
40012 47134
42580 45978
45353 43156
39738 47196
45685 42583
43930 44930
44207 44650
45348 43163
44474 44356
42402 46093
42608 45969
40883 46847
45829 42303
45624 42688
45047 43616
44046 44817
40488 46991
45737 42485
43174 45562
44658 44149
46075 41806
40035 47131
44758 44007
42894 45773
45480 42945
44120 44739
46625 40000
46740 39343
42390 46096
44694 44107
42716 45888
46509 40499
37759 47533
46886 37596
41822 46434
40319 47047
38289 47469
45728 42499
45399 43077
44411 44434
44856 43881
39060 47351
45849 42267
38281 47470
44074 44785
46161 41599
40655 46937
45101 43541
40529 46983
44900 43816
44190 44672
45523 42861
44445 44404
45591 42766
44745 44027
39664 47214
43472 45331
45747 42461
45840 42280
46460 40676
44618 44187
44068 44803
44143 44717
46351 41034
41374 46642
46478 40586
44104 44761
43511 45299
42065 46303
45447 43000
44804 43946
43429 45382
40506 46984
37057 47573
45779 42426
46405 40902
44135 44726
42408 46089
38056 47499
44957 43751
43752 45110
44768 44000
44835 43910
43157 45574
44460 44378
46131 41659
46300 41208
40168 47087
42177 46233
41300 46683
44245 44611
43884 44977
45555 42816
45127 43501
43214 45533
42543 46002
40356 47035
44263 44600
43191 45549
46140 41641
42326 46153
39788 47188
44787 43968
43487 45318
43553 45263
42365 46117
46426 40771
46032 41900
43210 45540
46246 41371
45755 42445
44614 44197
44526 44313
46863 38157
45687 42575
43630 45195
42384 46107
45362 43129
44170 44687
44752 44023
38234 47472
41674 46505
46422 40814
42179 46232
44610 44204
43156 45576
42152 46251
42873 45782
44660 44141
38459 47446
45111 43524
39692 47210
42523 46019
40765 46900
43490 45313
40385 47024
42396 46094
38767 47390
43579 45247
45186 43410
46212 41448
38840 47380
44380 44478
44162 44701
44240 44620
46191 41510
44035 44825
42059 46306
45798 42374
46174 41578
45657 42636
46015 41935
43543 45279
43314 45456
46840 38405
46796 38893
43695 45147
43131 45599
45569 42793
45765 42439
46707 39574
46574 40213
45110 43527
44995 43689
43015 45689
43692 45150
45919 42124
44976 43712
40197 47084
38591 47425
46841 38347
46774 39111
45690 42566
45851 42254
40787 46891
45568 42805
43504 45300
40810 46874
41818 46435
44392 44456
45242 43314
42294 46171
46834 38465
40442 47008
38507 47439
41402 46641
45532 42860
45166 43440
43827 45028
38972 47358
42309 46155
38785 47388
39698 47206
43886 44970
45003 43683
40921 46840
38411 47448
42701 45897
41583 46550
46285 41268
41640 46526
41156 46742
44532 44299
42793 45836
45692 42565
46845 38343
42937 45737
45592 42743
45651 42649
46348 41041
43096 45622
42933 45744
42836 45811
40660 46933
45889 42189
44938 43773
43328 45455
45977 42009
42974 45717
36800 47578
46104 41741
43476 45326
43570 45253
44831 43911
43991 44874
42796 45832
42579 45983
45740 42483
39663 47215
45752 42457
41417 46629
46364 40998
42917 45749
42173 46234
43799 45054
44828 43914
43648 45186
45268 43288
43445 45351
37487 47560
46590 40155
46871 38039
40544 46977
46785 39018
44961 43746
43768 45079
46877 37825
39744 47194
45299 43252
40114 47105
42878 45775
40245 47067
46288 41222
44732 44044
44354 44507
43806 45047
43456 45343
43697 45140
44500 44332
44276 44587
43390 45397
43207 45541
45627 42681
39495 47248
44229 44628
46782 39026
42780 45855
43924 44931
44843 43889
45223 43356
46062 41827
46177 41548
46229 41415
43203 45548
46205 41466
43982 44877
45407 43063
39823 47176
43962 44898
46775 39080
46139 41642
39956 47147
43397 45391
44452 44389
45574 42772
45519 42873
45462 42976
45811 42343
45262 43296
41793 46451
40804 46876
42109 46278
39815 47185
43388 45399
37589 47552
40496 46988
45473 42963
41712 46498
43868 44989
43300 45471
43272 45489
41951 46371
43970 44893
45694 42558
44424 44425
42043 46310
38081 47497
46258 41324
44534 44296
45210 43384
45997 41957
40293 47051
45871 42226
44185 44673
44515 44319
42295 46158
43673 45172
41242 46711
41292 46684
39619 47227
45341 43170
41742 46475
41345 46659
45799 42364
46708 39551
44909 43814
44739 44040
42565 45995
41874 46406
41457 46612
45147 43462
44664 44131
44212 44645
45306 43226
39153 47325
38615 47421
45602 42730
43349 45438
45241 43325
41784 46454
45846 42272
43902 44949
39351 47282
42403 46090
44168 44695
45580 42768
44126 44734
46829 38519
42430 46084
40259 47061
43793 45055
45254 43313
42693 45905
44667 44127
38838 47383
42113 46269
44015 44844
40692 46921
44857 43878
42785 45844
41599 46542
45717 42521
44545 44286
43852 45002
41283 46687
44195 44667
40749 46902
46493 40532
42510 46026
38900 47372
44289 44566
45934 42087
44982 43706
45857 42249
38690 47418
40458 46996
46543 40361
43449 45348
44473 44359
46778 39037
40733 46907
39312 47293
38560 47429
45126 43504
45796 42395
44643 44173
44717 44059
45631 42673
45074 43578
46859 38221
46535 40375
43574 45248
43142 45591
42610 45959
45672 42602
43546 45271
45018 43655
44315 44550
41367 46653
45006 43680
38937 47370
43364 45416
45212 43376
43204 45543
45224 43350
46410 40851
44744 44030
46168 41583
42502 46030
46440 40730
44725 44053
39242 47309
43920 44937
41324 46668
46824 38626
39380 47279
44827 43920
42909 45752
39892 47161
44708 44085
42521 46021
45403 43069
44340 44512
38738 47402
43187 45552
43032 45678
38765 47392
39989 47135
45169 43432
43876 44987
39613 47229
42261 46182
42207 46211
46127 41680
43975 44885
46511 40479
42633 45946
46686 39693
42006 46342
41224 46715
40593 46961
44465 44376
46123 41687
46650 39892
45803 42356
44894 43820
46413 40824
42250 46185
46728 39438
38189 47479
41150 46743
44709 44076
42246 46192
46371 40984
38875 47375
45924 42106
46544 40358
40868 46862
46791 38923
46811 38752
43116 45616
46320 41144
46767 39240
44111 44749
46700 39595
45782 42408
40712 46916
43058 45652
44008 44862
41823 46430
45946 42078
43814 45033
42341 46132
44924 43787
42168 46240
43069 45638
46044 41868
45915 42132
45369 43127
38546 47431
38202 47478
43914 44948
44055 44807
42187 46231
42705 45891
45305 43227
45055 43610
45935 42082
42156 46243
46786 38955
43252 45507
38568 47427
42798 45831
38041 47501
46308 41173
42988 45699
44620 44184
43469 45334
43563 45261
46142 41634
38225 47474
45237 43334
41095 46769
44455 44381
46306 41184
46754 39245
43513 45296
41989 46344
42767 45857
45122 43505
42542 46004
45201 43389
42491 46038
43792 45061
44277 44581
44355 44500
46314 41165
42189 46230
39473 47258
42658 45927
43789 45064
44329 44520
46248 41341
44097 44771
44650 44166
40146 47099
43041 45664
45181 43424
46310 41172
42827 45820
42232 46205
39324 47292
41098 46764
43949 44914
46826 38586
45833 42302
42723 45884
45593 42735
44784 43994
39561 47240
39488 47256
44023 44835
43901 44958
45144 43482
40383 47025
46670 39771
46360 41006
45707 42549
37953 47512
46534 40377
46679 39712
46137 41644
42692 45910
41659 46521
41598 46547
43052 45663
43596 45238
39706 47204
39430 47269
44970 43729
40929 46838
41809 46442
40367 47034
45424 43032
44386 44468
44351 44510
45990 41988
38150 47486
42305 46156
45856 42253
43968 44894
44147 44716
42676 45919
45343 43165
44225 44635
46719 39509
42218 46209
43776 45074
41914 46392
45744 42462
45220 43359
37724 47535
41520 46581
45815 42342
44397 44454
39721 47201
43444 45360
46499 40530
45056 43601
43284 45487
44201 44664
44179 44682
45686 42578
44716 44068
46435 40751
38719 47404
44867 43864
36612 47579
46050 41848
46078 41803
42528 46016
39900 47157
41069 46784
45032 43643
43401 45388
40056 47117
42869 45792
37398 47561
46430 40770
44413 44429
46776 39049
40282 47056
46550 40314
45838 42292
45323 43195
42714 45890
40634 46949
46069 41816
44554 44261
40658 46934
38138 47492
43502 45304
38763 47400
45071 43589
44447 44399
41485 46604
45255 43297
46481 40569
46048 41850
39773 47192
44696 44093
41647 46522
45087 43569
43498 45311
42554 46000
43475 45327
45923 42120
42651 45932
43345 45446
39524 47246
40041 47127
46570 40246
46033 41884
45665 42620
46045 41858
44964 43741
45187 43404
43097 45618
45734 42490
42446 46065
42190 46225
46412 40833
43938 44921
43462 45342
45537 42856
44372 44480
39328 47289
44888 43844
39226 47314
46501 40509
42256 46183
38377 47453
41529 46577
41045 46793
46417 40817
45951 42064
45392 43089
42499 46031
44454 44383
45131 43499
42987 45705
46880 37810
45817 42334
39214 47316
40480 46992
42766 45858
43622 45205
42572 45992
42143 46260
45281 43271
41953 46365
46513 40474
46698 39616
44466 44370
44000 44863
44923 43791
41544 46574
46798 38885
42537 46012
46819 38715
42949 45727
37621 47545
44837 43909
41510 46590
46035 41873
41864 46413
39871 47162
46696 39669
41213 46717
43251 45512
40767 46896
44324 44528
45014 43663
44568 44250
42247 46186
45420 43038
44085 44776
43309 45458
45173 43426
44860 43869
40879 46849
43838 45020
43959 44901
42243 46193
41717 46492
42591 45973
45026 43650
44139 44724
41140 46745
45185 43414
43690 45163
42924 45745
44112 44748
46701 39594
45272 43274
41628 46540
40959 46827
45820 42325
43499 45307
45384 43106
40077 47113
40372 47030
42483 46044
45502 42918
44249 44609
43585 45239
41724 46485
46347 41059
46201 41499
46865 38132
45160 43455
42696 45900
46646 39900
37994 47506
38341 47464
42908 45755
44304 44558
43601 45224
43464 45335
44099 44763
46806 38841
37148 47570
41798 46448
46872 37889
44359 44493
46469 40653
45956 42054
45418 43053
46477 40593
46193 41508
42439 46071
46233 41401
45354 43153
40014 47132
45659 42626
43068 45641
44009 44846
40686 46923
45952 42061
42877 45780
44287 44567
45450 42982
44866 43865
42079 46294
45726 42508
44209 44647
43432 45364
45439 43009
42202 46221
45843 42275
45239 43329
46847 38339
45374 43108
45319 43209
45115 43522
44899 43818
44764 44002
38967 47364
43865 44995
41936 46372
42067 46297
39349 47285
46053 41833
43642 45187
42787 45841
40577 46970
46732 39417
46709 39550
45914 42168
42473 46059
45322 43196
46790 38949
43529 45287
44941 43769
43486 45325
43303 45469
46241 41372
44577 44246
39257 47300
45103 43538
43892 44966
42203 46212
46089 41768
43626 45197
46597 40108
43766 45091
46425 40792
43381 45402
42101 46285
42794 45834
44513 44324
41503 46595
46636 39928
44841 43901
44043 44824
46672 39743
45931 42103
45863 42233
43851 45004
40407 47020
44502 44327
45822 42317
46121 41710
40354 47044
46640 39911
46545 40317
44972 43724
42907 45765
45413 43057
44032 44828
39669 47211
43566 45257
40108 47109
38416 47447
42453 46061
46832 38517
41776 46456
41444 46620
44404 44448
43267 45496
45373 43114
45621 42690
45890 42177
44278 44573
37679 47539
46318 41162
44825 43924
44019 44843
43812 45038
38473 47441
46838 38430
39331 47286
42952 45726
46487 40567
46252 41338
43368 45412
45862 42235
45495 42936
42588 45974
40173 47085
43092 45629
42432 46077
41846 46425
42335 46144
45289 43254
43651 45183
45516 42887
42870 45786
46157 41608
43781 45069
42754 45876
45986 41996
40913 46844
46669 39774
45156 43461
46153 41615
45825 42307
44753 44010
46095 41759
46386 40919
45184 43415
43980 44882
43635 45193
43305 45467
42084 46287
40725 46914
45216 43367
46356 41012
41317 46681
37781 47531
46491 40540
46181 41546
41976 46358
42939 45731
46022 41903
39147 47329
46827 38544
43177 45559
46214 41435
44761 44004
42823 45821
45188 43403
40977 46818
46747 39311
41408 46632
45172 43431
44598 44211
39174 47324
42146 46252
46490 40557
42269 46179
42982 45706
40813 46873
39655 47224
39372 47281
43443 45363
38360 47457
44986 43690
45088 43558
45168 43438
46567 40260
46334 41104
41682 46503
41319 46680
37708 47536
45969 42031
39739 47195
46218 41423
45993 41979
45163 43444
43931 44929
44985 43703
42129 46261
45598 42734
43518 45290
44131 44730
44731 44051
45617 42724
38776 47389
44672 44122
42694 45903
45449 42996
46188 41529
46857 38246
43915 44939
43172 45569
46565 40289
41492 46598
45554 42825
43215 45530
42040 46323
44216 44643
41431 46624
41173 46737
40876 46859
43160 45572
39397 47277
43066 45644
41449 46613
44854 43888
43993 44871
42279 46172
43517 45292
43821 45029
41831 46427
41862 46414
45681 42591
40788 46881
40608 46950
44565 44256
42675 45921
44858 43871
43147 45587
41881 46405
45918 42130
44948 43764
41264 46702
43735 45119
44876 43861
39852 47173
40052 47118
43236 45520
41211 46731
40754 46901
46851 38291
42410 46088
46019 41930
41136 46758
46739 39366
43061 45645
42359 46127
46874 37870
37931 47515
46390 40911
46330 41125
37884 47524
42627 45955
43379 45410
39932 47155
45576 42770
45011 43666
45476 42948
43859 45000
39408 47271
43702 45138
43550 45269
43616 45214
39542 47243
44485 44351
45121 43515
38869 47379
44113 44744
46063 41818
40564 46972
39939 47149
46738 39369
45572 42785
42680 45915
46814 38726
43967 44896
43150 45577
41887 46400
45336 43187
44998 43686
44820 43945
44124 44736
43940 44915
45284 43262
42374 46115
45435 43022
46532 40445
44927 43783
46710 39548
45371 43122
45391 43100
40602 46953
46322 41129
45233 43337
42664 45925
46589 40197
43002 45691
43526 45288
44803 43954
43180 45554
43254 45503
41078 46774
42994 45692
44496 44333
42652 45928
42609 45966
42049 46309
43849 45016
44800 43957
46144 41630
42730 45883
45888 42198
39177 47318
46206 41461
45084 43572
45647 42666
39598 47231
41729 46483
44107 44758
44362 44490
37807 47526
43383 45401
46665 39796
45828 42305
40825 46872
38223 47477
42718 45886
46628 39999
43129 45606
44182 44680
43359 45430
42981 45707
39958 47142
46598 40092
43265 45502
44973 43717
40931 46830
45714 42525
44076 44783
42760 45865
42993 45695
46392 40904
41762 46470
44550 44271
42153 46248
39459 47264
46472 40639
43226 45529
41773 46457
38997 47354
45948 42072
42842 45804
46081 41778
44602 44209
38252 47471
46345 41070
38989 47355
37676 47540
46237 41393
45041 43618
44439 44416
46274 41311
43895 44963
42237 46196
42613 45958
42516 46025
42636 45941
41261 46703
46261 41313
46036 41869
46697 39665
41896 46396
44628 44180
45630 42678
46853 38255
45458 42980
44232 44625
38382 47450
44255 44608
46354 41024
40800 46880
44048 44809
43295 45474
46609 40087
40676 46929
39964 47138
40239 47077
45709 42539
43291 45476
41007 46805
45866 42230
43923 44935
46631 39961
42275 46176
46253 41327
44892 43830
44722 44056
43189 45550
46735 39380
40446 47002
44471 44367
46652 39876
45512 42905
46671 39746
42879 45774
38621 47420
40902 46845
39293 47297
44297 44564
38015 47503
46438 40748
43952 44911
45039 43633
44172 44685
39075 47339
38576 47426
38346 47458
46803 38859
45230 43349
45197 43401
41479 46605
46373 40968
42078 46296
45269 43276
41244 46707
41356 46656
46480 40578
45995 41961
44935 43781
41268 46692
40426 47014
38522 47432
45971 42012
46809 38767
39064 47342
39584 47234
42522 46020
46725 39483
40093 47111
45316 43221
46465 40655
45680 42600
41025 46798
38166 47481
43953 44902
40503 46987
44160 44706
42487 46040
45200 43396
43659 45178
46190 41511
45551 42836
41017 46799
40307 47048
