500 2
35146
59 207 296
69 110 158
11 55 99
199 205 47
203 67 70
53 78 192
193 279 153
245 60 114
217 288 140
248 91 176
113 149 215
241 217 26
99 60 80
30 259 285
76 294 52
145 179 261
169 72 240
22 149 1
135 66 121
107 15 44
115 127 192
31 200 242
56 298 2
267 160 93
252 235 219
136 212 98
229 81 169
170 102 19
3 69 216
255 176 230
298 123 189
23 153 89
264 41 219
99 9 79
191 93 146
111 62 58
41 290 138
43 160 239
193 294 9
109 249 17
40 247 139
61 270 125
150 67 165
201 165 6
113 57 99
258 299 292
149 40 282
286 82 275
59 274 102
199 84 52
215 255 131
186 16 233
11 297 1
176 32 165
14 276 54
244 234 185
236 215 225
52 35 139
27 93 114
260 291 30
12 39 117
275 224 132
208 68 130
208 76 293
206 89 269
92 34 36
277 102 251
35 153 285
173 12 210
119 272 201
280 116 72
97 91 128
229 299 28
191 40 103
184 78 25
285 170 58
21 279 159
271 14 145
89 19 156
298 138 128
32 118 77
235 48 167
64 276 298
91 299 171
27 16 248
51 1 250
108 153 229
99 257 75
243 46 94
232 45 64
192 208 181
268 144 228
268 207 37
266 130 168
137 156 16
218 39 148
168 278 2
230 78 258
137 153 4
230 217 180
126 110 221
8 210 65
68 178 104
237 277 66
237 246 55
253 164 93
101 165 72
102 227 149
192 64 134
29 127 52
41 252 293
261 92 203
26 292 214
261 229 191
28 298 137
82 251 2
174 53 298
78 286 225
59 12 121
193 40 80
77 80 165
202 42 256
105 199 81
19 293 142
42 21 141
179 234 92
13 240 276
143 19 96
200 77 107
21 102 146
233 11 58
98 212 99
54 18 131
267 168 124
109 43 276
249 221 210
42 66 282
150 41 1
245 240 210
52 260 12
30 26 23
88 123 234
19 10 84
281 276 85
237 85 127
213 35 180
255 208 78
238 58 118
71 136 58
280 20 150
292 50 176
15 269 298
81 287 140
165 269 116
82 206 201
208 252 68
88 207 275
297 277 165
115 49 1
172 29 21
154 21 202
30 167 171
161 81 158
1 78 259
117 159 298
150 67 250
50 286 289
25 283 267
22 230 16
23 102 44
175 88 197
77 118 196
247 111 276
237 111 54
30 60 212
28 42 111
110 91 229
99 247 212
198 269 274
213 124 208
90 298 296
119 207 114
15 286 224
124 223 167
177 252 227
222 112 101
33 221 192
95 153 139
139 51 240
114 97 64
22 186 194
18 137 233
263 151 219
187 107 275
187 284 60
114 39 172
47 203 225
238 297 78
210 137 129
282 250 225
179 271 243
73 122 80
139 85 63
58 272 170
33 291 286
93 105 25
97 283 227
22 222 225
100 264 62
61 246 144
285 125 115
61 31 69
140 169 154
35 59 258
204 224 249
23 149 186
47 245 169
107 266 91
164 198 187
58 258 134
201 76 91
148 136 121
217 108 122
71 143 181
29 179 105
277 202 253
163 81 31
32 187 129
255 183 28
142 240 118
108 141 27
199 122 162
152 39 103
274 241 78
287 269 256
224 79 290
10 74 204
40 237 223
1 25 107
28 167 47
278 107 21
5 6 142
298 290 13
233 264 253
11 84 55
100 8 265
222 149 39
126 21 108
50 21 133
156 181 132
35 159 238
55 295 77
196 293 67
208 227 163
293 70 79
48 169 86
13 92 67
183 217 87
291 99 107
256 254 287
88 122 278
158 176 273
67 205 100
133 245 159
128 239 228
206 286 230
124 132 22
190 147 71
276 270 170
216 226 256
203 146 78
15 137 87
287 203 291
219 37 236
78 296 175
139 203 294
69 27 258
222 50 237
292 158 208
294 74 266
84 110 113
161 124 249
80 243 284
71 163 153
140 73 150
147 44 53
273 112 211
231 166 260
169 159 119
209 153 25
175 69 134
287 230 90
69 142 34
186 213 29
39 185 233
188 32 277
73 6 221
117 69 88
209 237 246
160 146 231
185 22 1
19 141 63
109 43 204
274 228 249
3 99 134
68 287 166
45 192 4
266 9 72
54 218 142
132 210 287
195 95 141
28 246 115
90 187 289
127 161 50
76 295 148
43 63 267
41 108 160
44 206 1
115 259 51
256 223 261
77 118 56
50 146 134
296 68 21
285 194 181
35 103 9
183 145 204
282 18 12
142 61 50
143 8 141
26 97 64
286 6 14
175 55 159
9 52 227
30 169 253
43 204 188
52 219 165
255 201 182
99 176 75
280 151 83
121 176 12
17 295 17
30 170 203
22 178 87
81 40 256
34 83 292
222 266 211
87 54 244
102 284 252
176 264 103
91 217 279
234 233 274
250 95 276
286 116 286
73 196 27
161 63 241
153 117 207
196 36 93
273 137 77
225 146 173
29 236 222
140 171 287
246 253 82
222 72 198
208 277 226
67 138 121
8 124 237
47 152 106
139 125 242
48 183 220
53 44 157
107 183 160
94 261 245
176 16 18
206 56 127
132 123 264
253 130 220
23 10 73
128 280 30
203 161 45
123 213 88
112 21 103
104 114 64
50 122 79
199 28 135
26 160 90
122 245 52
43 267 61
247 228 42
109 131 202
154 86 247
74 31 100
177 134 47
73 183 168
284 214 29
251 239 188
41 194 265
92 69 65
285 16 292
159 256 255
193 242 174
140 17 204
73 26 38
251 98 54
251 214 267
279 165 40
299 38 233
264 262 2
162 247 149
286 106 237
75 131 180
248 103 29
152 175 54
22 258 283
75 210 198
175 189 195
47 22 233
112 118 195
113 279 274
94 266 212
163 41 43
43 121 145
203 105 153
256 126 111
73 34 21
270 41 43
165 87 64
98 198 181
125 143 293
99 69 92
11 231 132
185 107 85
31 10 189
183 99 15
293 171 180
147 141 220
22 138 139
217 69 37
98 193 12
223 125 80
15 267 144
278 153 250
63 16 92
251 198 190
99 24 61
278 3 34
199 24 172
38 240 240
207 171 265
51 94 90
263 109 190
107 87 43
189 150 58
280 101 88
171 32 111
64 11 114
98 42 269
269 211 210
42 250 81
7 2 174
97 264 115
119 71 35
161 92 184
51 72 117
138 75 149
81 139 291
27 236 33
129 38 243
39 79 194
251 217 28
125 146 291
73 264 194
107 257 285
123 8 189
239 277 264
220 191 103
211 50 171
76 178 41
20 216 251
46 167 168
205 125 147
196 30 111
222 136 69
207 258 208
96 30 186
192 250 77
127 293 126
130 70 137
170 221 53
253 99 53
254 4 10
101 32 39
44 253 7
112 292 264
21 220 293
39 113 76
115 239 202
73 70 271
42 72 25
95 158 255
279 112 91
2101
49609 60906
57106 58501
60479 53572
51071 60786
58948 56567
60491 53546
54386 60053
58727 56864
51845 60674
57612 58080
58624 57000
53052 60444
50686 60831
59469 55780
55587 59520
53918 60213
59548 55664
56787 58756
60156 54388
56341 59084
56461 59000
58234 57461
60512 53497
60565 53360
58656 56961
61379 49821
58723 56871
53842 60232
61143 51350
59964 54833
59846 55106
57667 58029
56620 58885
56807 58748
54740 59926
59712 55371
57581 58105
51501 60733
52227 60608
60442 53675
50544 60845
58734 56857
57498 58192
58557 57081
54363 60060
60631 53138
57850 57862
59812 55170
57336 58315
53369 60370
54206 60112
59596 55582
58552 57087
60894 52321
58710 56886
56441 59012
59652 55482
52250 60605
58262 57433
56042 59272
54075 60159
60917 52224
51521 60724
51883 60668
60996 51959
59082 56385
49885 60893
57378 58289
58928 56592
55036 59793
54470 60019
60925 52200
59027 56454
60727 52859
53189 60416
54036 60172
59174 56244
59966 54832
60000 54745
61266 50629
51543 60720
54347 60070
59894 54992
58990 56508
61492 47859
60782 52687
60466 53613
56965 58622
53841 60234
57389 58275
58002 57715
51535 60721
59890 54994
60399 53788
52444 60568
60665 53041
60138 54427
57752 57954
60081 54567
59197 56204
57338 58314
57471 58206
57725 57973
58765 56812
57529 58147
59448 55822
58662 56948
60474 53594
61445 49072
55786 59421
56250 59147
58025 57681
61402 49604
58426 57238
56273 59130
51920 60661
58883 56659
61487 48107
60260 54137
59595 55589
54135 60140
56720 58808
59415 55887
59994 54776
55119 59758
56693 58827
54004 60187
53621 60306
56758 58776
56359 59067
58895 56647
61352 50025
56894 58673
56642 58866
53082 60442
59314 56041
56591 58900
58705 56900
57689 58009
57101 58513
57276 58365
59554 55650
51123 60780
58469 57190
60222 54244
60104 54517
57112 58500
56957 58626
61102 51553
51110 60782
59164 56259
57622 58076
55296 59668
59896 54982
55921 59348
59921 54926
56560 58926
59303 56045
59565 55636
54296 60084
56537 58942
58143 57555
60768 52732
61327 50215
59092 56355
56067 59258
61345 50120
53563 60318
60784 52676
53981 60193
60766 52744
56532 58948
53092 60440
54227 60105
57777 57927
61321 50293
55531 59548
59438 55838
60393 53815
57856 57847
59025 56458
54438 60037
59451 55812
54853 59870
58149 57547
61491 48057
60071 54595
61173 51194
59350 55967
59323 56013
60205 54266
59876 55030
57181 58445
55541 59547
53448 60358
56152 59206
58522 57132
55357 59646
58645 56973
60185 54329
58028 57679
52213 60611
61190 51075
60377 53861
54476 60018
60026 54686
52706 60516
61033 51807
59932 54907
61196 51047
61349 50057
54533 59999
60671 53031
56835 58724
51506 60726
55229 59702
58993 56501
58960 56553
60459 53642
56458 59002
58259 57445
61301 50430
60487 53560
60037 54672
49494 60909
59573 55620
59055 56417
59182 56229
59878 55029
61226 50866
61019 51885
58854 56692
52793 60502
58007 57695
52648 60529
60517 53480
53064 60443
61490 48064
52610 60538
60855 52428
60736 52822
58122 57574
60591 53257
57863 57844
60884 52347
57437 58230
60446 53662
56924 58648
59207 56191
57523 58153
60598 53238
60167 54363
58976 56523
56578 58913
52842 60492
59529 55689
59914 54942
58944 56576
52239 60607
56942 58637
58478 57185
57565 58127
59987 54782
60257 54148
52976 60464
55391 59624
60595 53246
53347 60376
53964 60195
57912 57798
54582 59979
60462 53619
51571 60714
60992 51978
55324 59655
61126 51420
59760 55269
60832 52520
59496 55754
56279 59124
55679 59474
54331 60073
56931 58641
58848 56701
59341 55996
57043 58553
51929 60660
58481 57173
59273 56090
56771 58768
59624 55530
58802 56770
56978 58609
60777 52705
52673 60525
61306 50425
57463 58214
60648 53085
55613 59506
60432 53726
54862 59866
59260 56128
60040 54662
59808 55179
59364 55956
61131 51368
55586 59524
54132 60142
56946 58633
60072 54587
60618 53183
55084 59771
58773 56805
58293 57400
58840 56715
55147 59747
59248 56131
61179 51157
58564 57076
55925 59340
58198 57513
57870 57827
58654 56969
58701 56901
60506 53508
57051 58547
59926 54919
57935 57776
55358 59643
55821 59404
54024 60177
54877 59864
60752 52782
60232 54207
53104 60436
57810 57897
58884 56649
58998 56491
57967 57737
60136 54440
59946 54874
59983 54792
56607 58892
59995 54766
60408 53772
54173 60133
54750 59916
58315 57372
56018 59293
60853 52438
58041 57663
57284 58358
51772 60684
58511 57140
59010 56478
52917 60479
59157 56268
56292 59123
56164 59203
60589 53267
59439 55837
58856 56685
58186 57528
57280 58360
53659 60298
60788 52658
59153 56270
59105 56342
61233 50830
59767 55266
60023 54697
56614 58886
50965 60798
55331 59651
55277 59680
60194 54292
59792 55215
59295 56066
58032 57676
53518 60336
59925 54921
49820 60895
57684 58018
59196 56209
60625 53166
53713 60282
60031 54679
59961 54843
59901 54978
54458 60027
59973 54817
51527 60722
57509 58165
61259 50716
54388 60048
55072 59777
58634 56999
58579 57063
58681 56931
50455 60853
57700 57998
53134 60431
61275 50580
55276 59692
59550 55659
58898 56636
57880 57821
59271 56100
58369 57311
60697 52939
61381 49779
60518 53462
60613 53205
55530 59549
61116 51467
60013 54723
56017 59295
59883 55022
58530 57120
61311 50330
60213 54259
60956 52088
53878 60224
52874 60484
50900 60807
58855 56687
57301 58350
60931 52180
55634 59498
56334 59092
53150 60424
56400 59037
58870 56672
58788 56782
55164 59734
60860 52421
50854 60812
56913 58655
61249 50741
59641 55502
59614 55548
59052 56419
58558 57079
61054 51734
52118 60627
54241 60104
58539 57102
53988 60189
58921 56609
56908 58661
54637 59960
56442 59011
55943 59327
55600 59519
60919 52219
60160 54382
57827 57884
60984 52019
60253 54164
59083 56384
57400 58262
58534 57108
55456 59590
61214 50940
60103 54521
61355 49982
52033 60646
61053 51746
60620 53176
58082 57621
57176 58453
59608 55567
54956 59834
59838 55126
57220 58416
52132 60624
56551 58931
59633 55516
59564 55645
59394 55908
60099 54528
60871 52384
51285 60760
56598 58899
60291 54060
54065 60161
55422 59610
60725 52860
59072 56387
55360 59635
59673 55444
59219 56177
52660 60528
56090 59251
59805 55191
60807 52606
59585 55596
57169 58463
60955 52095
54087 60157
58989 56510
56563 58918
61315 50308
55240 59696
58427 57237
49780 60900
56252 59141
60803 52613
58660 56950
52892 60482
58462 57194
61263 50648
60586 53289
58482 57172
57570 58110
57441 58225
56043 59269
59440 55829
60261 54135
59911 54956
52502 60561
61310 50350
61422 49359
56019 59289
51628 60708
52674 60524
58778 56798
51811 60680
53026 60454
58023 57682
55938 59337
60544 53413
58458 57201
57941 57765
59931 54912
56993 58600
61244 50791
58829 56735
56527 58950
59769 55258
58156 57546
59484 55769
59170 56247
60747 52810
61153 51283
58877 56668
61048 51755
54789 59894
61403 49588
57125 58495
60244 54181
60086 54561
60433 53702
58038 57675
48354 60933
59512 55723
57098 58514
58940 56580
56515 58953
55896 59353
59119 56322
55467 59584
60264 54131
57093 58520
55892 59355
56181 59192
58320 57365
55386 59632
60744 52818
50659 60836
54905 59853
60967 52072
55012 59799
61180 51133
60293 54050
60041 54652
59788 55226
52001 60650
51853 60672
61013 51895
57569 58112
60285 54082
59906 54958
60866 52407
60272 54112
56146 59212
52776 60503
51257 60763
57780 57923
60048 54632
61152 51308
56116 59225
59349 55979
51325 60753
57588 58103
57479 58196
60912 52235
58335 57363
60862 52414
60924 52209
60628 53150
59755 55291
59999 54748
57873 57826
54281 60087
53354 60371
60175 54336
50517 60850
57713 57990
54708 59931
54251 60101
57078 58531
61494 47751
60694 52951
60536 53417
55524 59556
54788 59896
60869 52394
58433 57232
60420 53730
60195 54286
58453 57210
60243 54183
58092 57613
58268 57430
59228 56160
60949 52130
58682 56926
60701 52931
58938 56586
57295 58357
54815 59891
60354 53906
58163 57529
58304 57388
60523 53455
59848 55086
60318 53989
58951 56561
58575 57064
56907 58662
61308 50383
59840 55118
55570 59536
58375 57304
58279 57416
60076 54577
55863 59380
61366 49915
60552 53374
58643 56975
57771 57949
60304 54026
60338 53939
50212 60873
60007 54742
60901 52295
59240 56147
56219 59163
59917 54934
58370 57310
61219 50920
61260 50692
58708 56896
55450 59597
58619 57004
56646 58863
60190 54310
57345 58312
59328 56008
53683 60285
58547 57100
60810 52599
58017 57694
54311 60082
56134 59218
54216 60110
54518 60003
61289 50467
50698 60828
57789 57915
58417 57255
60193 54293
56708 58815
56060 59268
60608 53223
57537 58145
54369 60059
60333 53958
57649 58057
48861 60927
55438 59599
60680 53019
60030 54680
55547 59542
61331 50176
60079 54572
53863 60229
59398 55900
59148 56283
56512 58961
61467 48761
60149 54407
56490 58979
60630 53139
54603 59974
60830 52526
59622 55537
56854 58702
59957 54852
58764 56823
58059 57645
49172 60918
57652 58044
56715 58809
59702 55385
52668 60526
52129 60626
59449 55815
58759 56829
58095 57603
55176 59733
60801 52625
56687 58831
60525 53444
55770 59425
55688 59472
60095 54534
59326 56009
58310 57384
53808 60247
59188 56224
51904 60665
60724 52872
58056 57653
59463 55791
58071 57632
59418 55868
57030 58568
53038 60450
59626 55525
59434 55849
53570 60316
60720 52879
61361 49937
59112 56328
58554 57083
57528 58148
58866 56681
59385 55928
57699 58002
51403 60746
52457 60566
49385 60913
59992 54777
59203 56194
60290 54062
57519 58156
55202 59717
51987 60653
61254 50727
60708 52917
60661 53071
54064 60162
56109 59231
58456 57204
53968 60194
58636 56991
55950 59323
56589 58901
61348 50101
50938 60803
57320 58333
53286 60398
56105 59233
52480 60563
58885 56648
56473 58991
61268 50602
59701 55401
61177 51158
54275 60094
57137 58482
56353 59074
58356 57323
58246 57451
52040 60641
59818 55168
60409 53766
54875 59865
52182 60617
56721 58804
55729 59453
59721 55356
58695 56909
58086 57619
54809 59892
59205 56193
58521 57138
60204 54277
53500 60339
61127 51399
60774 52709
56411 59028
53948 60206
57335 58330
60281 54088
56760 58773
57238 58397
61113 51500
60790 52653
58639 56986
55799 59409
60142 54423
60024 54696
58383 57294
61440 49127
57772 57931
53488 60342
55054 59785
54252 60100
61427 49273
59865 55053
54617 59969
55949 59325
61188 51099
55745 59446
50967 60797
58612 57009
55521 59558
52509 60557
52085 60638
60045 54647
59086 56376
54423 60039
58663 56947
57932 57780
58108 57597
56864 58699
56930 58644
56701 58821
58003 57696
60689 52969
58833 56725
59719 55357
57663 58042
59800 55202
54985 59820
60761 52765
60437 53687
60499 53519
52566 60546
59536 55686
58351 57332
60549 53376
52631 60532
60478 53581
53353 60373
61008 51940
58844 56712
55988 59307
55528 59551
60457 53643
57838 57871
59820 55157
60060 54617
53774 60258
60535 53418
58753 56831
49987 60888
56732 58799
56030 59281
54912 59848
54401 60047
58229 57468
61193 51059
57050 58550
57705 57993
59049 56420
60494 53538
61251 50740
56793 58750
51230 60765
56588 58906
59129 56305
57951 57761
57066 58536
58591 57038
53920 60209
54987 59819
58142 57557
58831 56727
60693 52965
55512 59561
61267 50613
57923 57783
58760 56824
58725 56866
61394 49606
60531 53438
60223 54225
56879 58686
61081 51626
59836 55127
57393 58269
61328 50191
54403 60046
59069 56388
54031 60174
56238 59156
58114 57593
56184 59185
60358 53896
53874 60227
57606 58089
56661 58850
57139 58474
52836 60494
61408 49518
56847 58711
59231 56157
56544 58939
49538 60907
61356 49965
57536 58146
53866 60228
58208 57492
53177 60420
59710 55373
59100 56353
50923 60805
59462 55802
58047 57660
57224 58410
61084 51613
60419 53740
58590 57041
58535 57105
55755 59430
58657 56951
58981 56517
59949 54873
61443 49107
59847 55091
59810 55172
60055 54631
54780 59902
60927 52196
52466 60565
60989 51991
53736 60275
60948 52139
56630 58875
57154 58466
58950 56565
58550 57089
59944 54879
61106 51529
60181 54334
58385 57287
60851 52471
58863 56682
61332 50151
57938 57766
58914 56620
56738 58794
57392 58272
55874 59363
60986 51999
55823 59397
56939 58640
51690 60702
60547 53385
57605 58092
60930 52183
59200 56201
50154 60878
59167 56252
59912 54945
59843 55111
56866 58691
56637 58868
58803 56766
55241 59693
57992 57719
57808 57898
56610 58887
59243 56134
59569 55630
59111 56329
57266 58374
60804 52609
56632 58874
57002 58593
60348 53912
60217 54246
51144 60776
58243 57458
56652 58861
61288 50485
60327 53974
56346 59083
57087 58529
58294 57396
49426 60911
57348 58304
52774 60504
55426 59607
53562 60327
57278 58361
58075 57622
55673 59484
54913 59845
56407 59034
59282 56080
58274 57422
60993 51969
61287 50497
59830 55131
59421 55866
58676 56944
56260 59137
59806 55182
58093 57612
56163 59204
55359 59638
56686 58836
58581 57057
60495 53534
52193 60615
53106 60433
55769 59429
56753 58782
60503 53511
53210 60410
60820 52549
58466 57191
60008 54736
52109 60630
60066 54597
56697 58822
59773 55247
57554 58134
55969 59315
55649 59490
61211 51014
59222 56163
53761 60261
53530 60328
59825 55150
59110 56336
59736 55337
55089 59768
61424 49293
55452 59591
54886 59854
55316 59667
51841 60676
56670 58845
50368 60866
60836 52506
57055 58543
56569 58915
56643 58864
60434 53694
59915 54935
54951 59839
61291 50462
57632 58066
57145 58473
57854 57850
56135 59217
60581 53304
58074 57624
59008 56482
60012 54724
53910 60217
53519 60332
60154 54399
50113 60883
60311 54010
59003 56488
60342 53933
61411 49452
56981 58607
60483 53563
59951 54871
59873 55031
58607 57018
60938 52157
55621 59503
56104 59242
59886 55006
56673 58841
50259 60870
60785 52674
56119 59221
49097 60922
60101 54522
60590 53258
54512 60011
60605 53237
50948 60799
57592 58100
60248 54168
57897 57802
54324 60076
60130 54441
56394 59052
58406 57270
60073 54581
61189 51078
55640 59493
60970 52059
57016 58583
61030 51844
57817 57894
54885 59856
51577 60713
57794 57910
57105 58511
58367 57314
54854 59868
59388 55911
51726 60692
58926 56603
60256 54149
61456 48919
61290 50464
61415 49412
60852 52453
61386 49763
60868 52397
59356 55963
58718 56875
58820 56743
50666 60833
53997 60188
59780 55244
60276 54099
55601 59514
59002 56490
56301 59108
55411 59619
52970 60470
61473 48491
60651 53078
59751 55302
60937 52160
61390 49625
58303 57391
51034 60792
52646 60531
57525 58149
59698 55411
60415 53746
59494 55761
58162 57537
56906 58665
50764 60824
55234 59698
60227 54220
54573 59989
55427 59604
54288 60085
54691 59944
58744 56846
56366 59065
59969 54827
60873 52381
50840 60818
57150 58472
56967 58616
57696 58008
60568 53322
61338 50122
60826 52534
60047 54639
55639 59495
61407 49547
52203 60612
51172 60775
54584 59975
55285 59677
52164 60620
59542 55671
59515 55717
59121 56315
52734 60513
56183 59186
52049 60639
54883 59862
53329 60393
60771 52719
51198 60769
59782 55243
55978 59311
51943 60657
61483 48266
59889 54997
61182 51127
61241 50804
57213 58425
55049 59787
59962 54837
60876 52368
57186 58444
59402 55897
52545 60554
58851 56697
53478 60350
58697 56904
56180 59194
52748 60510
59759 55273
54203 60116
55677 59476
60111 54492
51301 60758
57267 58373
58244 57452
61011 51896
50725 60827
61292 50454
60875 52380
58239 57459
58692 56910
59871 55041
57618 58078
58847 56704
53885 60220
59706 55382
58582 57044
58862 56683
57821 57885
56268 59135
59593 55590
51141 60777
60683 53005
56477 58985
61072 51654
61010 51908
58791 56781
58601 57029
59717 55369
53015 60458
52094 60636
54460 60020
56357 59068
61227 50859
60279 54089
60496 53529
56381 59053
59989 54781
57895 57811
58874 56671
54848 59872
59952 54862
55222 59704
60140 54424
54817 59884
56377 59055
58341 57339
58361 57317
56376 59059
59088 56370
58787 56787
60455 53654
60352 53907
55464 59587
55711 59464
60471 53598
50694 60829
59210 56188
52713 60514
60365 53882
61441 49111
56222 59158
59369 55952
59919 54927
60813 52580
59505 55733
54018 60181
56974 58613
57352 58299
49806 60897
57738 57962
53884 60223
50873 60809
55889 59362
61022 51872
54925 59844
59453 55807
56923 58652
59333 56007
52384 60581
57371 58290
52350 60588
59107 56338
57820 57887
59858 55074
55008 59814
60914 52231
57305 58344
57277 58362
56873 58687
56784 58758
60732 52834
60686 52983
54025 60175
56306 59106
60578 53306
61216 50933
59373 55940
58770 56810
61480 48419
58600 57036
58580 57058
54121 60148
58905 56625
61286 50539
53412 60362
52437 60569
58751 56832
56449 59010
56375 59061
58129 57572
60367 53881
61474 48460
57114 58497
56656 58851
58451 57214
57005 58590
56776 58767
60441 53686
49650 60904
60664 53057
60228 54216
51632 60707
60520 53457
60643 53119
54175 60132
58679 56933
49015 60923
60570 53314
54110 60151
60854 52435
58022 57688
57803 57909
59644 55485
55397 59621
54224 60109
53224 60409
60016 54719
52705 60518
48581 60932
60383 53838
60870 52385
56922 58654
55903 59349
53748 60265
52593 60542
49832 60894
55058 59782
58348 57336
58058 57646
57874 57825
59939 54886
58136 57565
55028 59796
56872 58689
54313 60079
54098 60154
60093 54535
53941 60207
60524 53446
59527 55700
60322 53985
51722 60698
54489 60017
60207 54263
59853 55083
57206 58426
57685 58015
58821 56742
60020 54702
60627 53165
61169 51233
59727 55352
59523 55702
49109 60921
60886 52342
56251 59142
54634 59962
59996 54759
57787 57919
57511 58164
54782 59897
51775 60682
61359 49938
58148 57552
56883 58680
55320 59657
55096 59763
50418 60860
61095 51554
57136 58488
59460 55803
58355 57329
50608 60840
61447 49003
60028 54683
58588 57042
58101 57598
49926 60891
61139 51367
56902 58671
58501 57159
60878 52351
55833 59396
60548 53379
57416 58254
60096 54530
59359 55957
60015 54721
49755 60901
58476 57187
58496 57165
60403 53783
55527 59554
57412 58256
56401 59035
58809 56758
58442 57230
60971 52025
53840 60235
52974 60465
57853 57854
58737 56854
52298 60596
60705 52930
54243 60103
52153 60623
57975 57736
57888 57817
57070 58533
59828 55137
48820 60929
51820 60679
53767 60259
61376 49836
58611 57016
61389 49626
60780 52700
53139 60430
60088 54544
53797 60250
60386 53829
60255 54163
56176 59195
53894 60219
58815 56751
61337 50146
57022 58577
60305 54020
60460 53634
55319 59659
53602 60312
55065 59779
53403 60368
60063 54608
56626 58878
60718 52882
58963 56541
57716 57983
61409 49474
50242 60871
59868 55048
53154 60422
51622 60712
57982 57729
60246 54176
59905 54966
54826 59883
61431 49232
58115 57584
61470 48522
60381 53848
60597 53243
55496 59570
60288 54065
57430 58240
55871 59367
57138 58477
59693 55433
57403 58259
58838 56724
61119 51454
59387 55920
59152 56282
57556 58128
59117 56324
60128 54462
59291 56068
59045 56421
56020 59287
59442 55828
58717 56884
55646 59491
57848 57863
60650 53082
56952 58629
54541 59997
61388 49670
56812 58734
57349 58301
58962 56544
52098 60631
60695 52946
60258 54140
59502 55734
48712 60931
57196 58436
60323 53977
52882 60483
52809 60499
53256 60401
58531 57116
59574 55615
59235 56149
59621 55547
56040 59278
59057 56408
57127 58494
61145 51317
55873 59366
57368 58291
54525 60002
60021 54699
60922 52211
59251 56129
52552 60549
56567 58916
61325 50237
55191 59719
52373 60583
56893 58677
59278 56088
56702 58817
58396 57277
52618 60536
60083 54566
61425 49277
55716 59460
61380 49800
59923 54922
54456 60029
53574 60315
52041 60640
50268 60867
53680 60296
56586 58907
59668 55455
53926 60208
55433 59602
55924 59345
54053 60169
57575 58109
57742 57957
57828 57880
55218 59713
61199 51041
48982 60925
53198 60414
55812 59405
59044 56423
60110 54497
54720 59930
59470 55777
58783 56796
50564 60843
59770 55251
58977 56518
53692 60284
57859 57845
55753 59440
60467 53607
55152 59745
59749 55313
59660 55464
55507 59564
58278 57419
60913 52232
55800 59408
60200 54282
56783 58759
59681 55443
53781 60253
56356 59073
55580 59525
61128 51380
54847 59876
58972 56537
58395 57279
58537 57103
59131 56301
56865 58698
60769 52731
57702 57995
56419 59026
58144 57553
59384 55929
49935 60890
61045 51768
61154 51266
59067 56401
55132 59757
58159 57538
59918 54932
55294 59675
58097 57599
58062 57641
50605 60842
56764 58772
58497 57160
51207 60767
55965 59321
55031 59795
60908 52265
51024 60794
60823 52535
59122 56314
59982 54808
59452 55811
56736 58795
55335 59648
60945 52152
53779 60255
56713 58811
58655 56964
60269 54120
60117 54480
60129 54454
59265 56106
56663 58846
51940 60658
60309 54012
59927 54913
59483 55776
57385 58278
57027 58570
55578 59532
55624 59499
59937 54899
57358 58297
60577 53310
60911 52252
60056 54627
60150 54405
56000 59297
60593 53254
56348 59077
56468 58993
51676 60705
51379 60747
58339 57351
53951 60199
61161 51236
60215 54247
60191 54298
55513 59559
57062 58541
58120 57577
57397 58265
58532 57113
56856 58701
54416 60042
51809 60681
58947 56568
51177 60770
58567 57070
59704 55384
57962 57750
60936 52178
57034 58563
61160 51248
60235 54202
61262 50658
59042 56432
53622 60302
57669 58027
59201 56196
51871 60670
60300 54038
58508 57141
57541 58143
60346 53925
52225 60609
55080 59775
60898 52308
50737 60825
57272 58368
59634 55503
57868 57841
59864 55062
55844 59389
55492 59575
48120 60934
60453 53656
55891 59357
59022 56472
52359 60586
57720 57978
57423 58249
60137 54438
60436 53688
60292 54052
55940 59334
60329 53970
60952 52112
60002 54744
50984 60795
60792 52648
52427 60576
55480 59578
59884 55017
58461 57200
61121 51432
53231 60407
59176 56242
56191 59181
60202 54280
59783 55230
60444 53664
59125 56313
59795 55204
52095 60633
60124 54476
57477 58197
59892 54993
60588 53268
53046 60446
61159 51250
61093 51570
60414 53762
58425 57254
56851 58710
57054 58544
56502 58971
57517 58162
58131 57567
55847 59384
59888 55000
59601 55581
56823 58733
52931 60473
51567 60719
56800 58749
56206 59179
58323 57364
60481 53564
56890 58679
55542 59544
59498 55753
61156 51258
57555 58129
54119 60149
60838 52489
60713 52903
56513 58957
60521 53456
58064 57634
59322 56021
58503 57150
55434 59601
58819 56749
58373 57306
56928 58647
51331 60749
56071 59255
56811 58736
49354 60917
55754 59435
60087 54548
57566 58116
49138 60920
58779 56797
56606 58897
58961 56545
61469 48577
54353 60064
61186 51114
60629 53146
54856 59867
52702 60519
57922 57792
59953 54854
59143 56297
53585 60313
59866 55051
55557 59541
52770 60509
56431 59022
60443 53671
60009 54727
58381 57295
59669 55445
51125 60778
57894 57814
54057 60164
60106 54516
56912 58656
61027 51857
61076 51633
60164 54377
53835 60236
53957 60198
49692 60902
60172 54353
53861 60230
60799 52645
59580 55610
59321 56024
58901 56633
59036 56449
59972 54822
59195 56213
57883 57818
56221 59161
58203 57499
60240 54200
59301 56050
59517 55711
61058 51714
57636 58062
57507 58177
60146 54421
57484 58193
57200 58434
59429 55863
59091 56362
56745 58793
58743 56847
56365 59066
61171 51218
61318 50297
55637 59496
60715 52893
58073 57626
58403 57272
59297 56057
60904 52271
59628 55519
57733 57972
53389 60369
55278 59679
56756 58780
57079 58530
61074 51635
52621 60533
60819 52577
58687 56923
50388 60861
59214 56180
58069 57633
59353 55966
60114 54487
56542 58941
61144 51326
60033 54678
55189 59727
61175 51170
53707 60283
59709 55377
51455 60741
60416 53741
54666 59951
56147 59207
58750 56840
51375 60748
57222 58412
56627 58877
56368 59062
56841 58720
61479 48435
49433 60910
60384 53830
55730 59448
60396 53804
61091 51593
53949 60202
59516 55713
60976 52020
56294 59117
57264 58386
59189 56221
56852 58707
60404 53780
54655 59955
60061 54609
60109 54506
57237 58405
52020 60648
61434 49164
58057 57649
58233 57466
56456 59008
56476 58986
54704 59932
56662 58847
60186 54316
57623 58067
58493 57169
53741 60266
58269 57424
61069 51667
55659 59486
52872 60491
61375 49873
54209 60111
60903 52278
58785 56788
60844 52488
59699 55402
54550 59995
61056 51733
60857 52427
56681 58838
60089 54541
61224 50908
51303 60755
57401 58260
52433 60570
60962 52076
51886 60666
58571 57065
61433 49217
53833 60246
61247 50747
60169 54362
59209 56189
54776 59906
61461 48906
55783 59422
56409 59030
59610 55566
57673 58022
53330 60384
60847 52475
58879 56664
55423 59609
51874 60669
59467 55788
60889 52328
52447 60567
53526 60331
60317 54008
59403 55888
56895 58672
57365 58292
57007 58584
54765 59910
55609 59511
50471 60852
50029 60885
60638 53132
59643 55496
60091 54540
52336 60591
57251 58391
59659 55477
52264 60602
55015 59797
50771 60820
61063 51703
61486 48130
61187 51101
53644 60300
53610 60307
52829 60496
58359 57321
57447 58222
58986 56516
58283 57411
55867 59375
53242 60405
55323 59656
60646 53113
60018 54713
60502 53514
55161 59743
59507 55729
53338 60378
60349 53909
58867 56680
57904 57801
58118 57581
57042 58559
55092 59764
54069 60160
57876 57824
61067 51686
60546 53412
57548 58138
59076 56386
56319 59103
51766 60689
56506 58966
60526 53439
54979 59828
59172 56246
61270 50595
60423 53728
60758 52778
59375 55937
51202 60768
56110 59230
55982 59310
60058 54618
56210 59174
55468 59583
58839 56716
58507 57146
59998 54752
52691 60521
55898 59352
59851 55084
55793 59415
61228 50835
60684 52986
58902 56628
60492 53539
56726 58802
55970 59313
59985 54791
60299 54047
51968 60656
61413 49425
60822 52547
55650 59488
59872 55035
59458 55804
60533 53432
59064 56402
52997 60461
51774 60683
56117 59224
59758 55278
58830 56729
60829 52527
59290 56076
60274 54111
58586 57043
58443 57223
57309 58340
56485 58982
55966 59320
49514 60908
58799 56778
56671 58843
61429 49261
58223 57485
54352 60065
57282 58359
52316 60593
58409 57266
54833 59880
57839 57867
60435 53692
58724 56869
60303 54030
54257 60098
58314 57379
58739 56848
54195 60123
51056 60789
57460 58221
59299 56053
60475 53584
60270 54118
60905 52270
60119 54479
61418 49408
60336 53956
54459 60025
54640 59957
55109 59761
52411 60578
54491 60013
59342 55992
56469 58992
54152 60138
59826 55138
55792 59418
60616 53191
56396 59038
61040 51798
61191 51064
60729 52839
58416 57259
52293 60600
