500 2
37950
130 104 20
65 75 283
6 242 274
252 65 26
84 268 161
77 278 57
171 201 228
251 37 79
242 2 112
238 165 75
71 294 179
90 60 253
205 197 196
180 149 93
205 65 193
199 141 172
88 144 73
148 96 109
226 38 242
38 109 108
244 179 102
123 102 293
209 7 23
237 19 5
162 57 69
55 88 43
59 175 186
131 155 114
72 81 152
147 250 93
254 194 271
188 150 205
182 191 212
204 260 63
208 122 119
110 9 206
152 68 213
170 31 68
284 235 280
268 82 63
193 36 257
164 56 239
70 237 262
114 274 222
176 15 176
128 124 17
166 108 84
212 278 247
112 95 15
93 195 228
155 88 96
244 84 151
16 285 89
277 231 195
199 108 209
207 68 166
224 233 273
140 145 84
219 257 11
233 182 205
161 169 125
256 114 209
240 261 27
29 239 258
56 270 198
264 178 265
130 234 31
104 74 176
20 293 265
31 59 147
68 53 16
193 141 261
234 81 223
260 241 294
51 296 264
81 261 274
46 223 208
77 159 115
85 179 108
50 209 298
29 276 51
176 2 192
138 235 105
193 29 47
187 211 43
151 292 136
126 38 60
166 246 218
280 163 97
220 45 138
219 73 247
102 249 248
126 219 17
231 112 177
277 298 88
152 281 80
288 107 250
48 106 29
98 86 192
195 7 69
33 225 142
112 27 223
61 285 274
209 216 86
86 26 216
173 177 197
253 297 137
36 177 242
64 275 28
88 3 34
157 35 91
131 279 250
54 40 235
160 248 283
245 34 9
161 39 18
190 291 148
27 159 25
101 223 132
129 11 134
294 299 169
218 130 148
168 16 20
235 175 100
218 120 265
59 113 4
208 136 128
56 162 286
213 96 42
45 224 185
179 51 184
180 101 15
160 101 162
179 36 38
111 86 289
76 276 103
79 185 71
39 73 232
26 285 160
199 31 84
84 42 267
268 221 68
115 81 169
276 92 37
146 35 123
136 110 231
71 21 116
141 60 189
205 217 7
66 116 169
281 33 210
248 133 263
149 247 44
18 56 267
54 202 134
9 170 243
240 240 97
188 81 288
209 285 38
216 183 153
217 165 18
128 245 150
91 94 229
267 111 118
67 297 152
201 138 22
276 78 261
205 99 174
193 8 291
230 56 175
216 273 40
233 233 117
216 156 211
145 255 22
262 155 151
114 56 289
135 164 199
228 70 130
102 262 138
94 26 26
101 74 131
272 7 64
89 222 53
299 200 8
154 162 294
137 109 50
126 76 47
158 5 116
287 238 210
257 164 68
283 97 141
114 69 280
11 158 202
195 289 234
35 143 97
30 280 38
211 238 113
257 228 249
205 216 21
248 173 17
16 288 114
157 235 182
137 78 172
171 272 162
106 7 137
35 36 249
204 247 21
149 37 248
231 242 296
251 190 3
267 205 123
81 194 58
96 163 135
100 167 107
261 105 246
231 139 281
13 175 61
165 24 98
246 254 40
242 38 62
77 6 266
200 218 293
90 146 156
225 246 23
164 40 259
110 103 230
224 116 105
284 113 129
214 59 215
253 134 253
15 43 91
114 242 141
107 33 287
95 90 233
250 253 105
209 196 208
140 120 156
244 236 268
205 151 160
121 236 126
206 84 168
296 197 111
137 136 275
256 63 65
22 13 150
127 55 178
35 194 297
23 270 67
123 176 50
282 129 285
108 35 69
276 163 98
219 132 66
27 89 261
223 110 273
73 236 160
251 103 54
81 125 157
279 81 165
29 63 126
15 4 292
215 112 155
146 31 286
44 57 207
5 279 18
111 184 86
270 267 189
157 181 146
14 160 226
178 189 122
4 36 125
295 83 69
282 228 99
268 272 287
176 109 99
26 219 115
111 190 83
132 47 96
278 60 255
37 70 276
158 205 12
115 200 95
183 15 155
114 282 127
233 290 69
32 148 287
147 259 10
62 91 56
157 201 247
112 71 149
221 228 54
232 176 86
159 191 100
15 138 215
273 71 38
42 103 186
162 82 277
171 143 200
60 132 102
7 76 172
156 296 232
42 62 240
128 220 264
227 234 102
274 41 172
13 214 107
198 76 21
175 247 295
75 7 127
9 145 203
13 133 199
78 175 260
18 135 14
281 194 247
215 169 120
220 181 35
27 211 110
48 218 189
175 125 28
3 134 173
205 278 138
236 56 145
30 206 279
43 20 7
122 235 175
242 155 188
109 14 231
51 61 149
240 236 273
100 71 239
105 108 218
243 44 106
88 73 12
200 247 32
39 70 266
46 144 253
66 252 266
296 3 160
277 242 96
83 43 298
23 147 106
73 222 281
11 143 187
23 175 134
186 213 203
152 258 47
105 24 298
71 152 134
230 129 208
158 211 83
288 66 63
94 270 284
76 281 259
95 4 134
228 189 47
264 173 137
11 110 292
142 13 144
275 76 105
16 66 17
99 55 214
161 280 185
277 56 166
237 282 2
71 211 190
250 175 195
87 18 5
212 159 17
188 266 92
293 115 158
142 213 45
56 74 25
73 183 213
238 120 195
239 191 106
261 273 113
156 192 131
292 104 122
142 125 89
66 118 203
56 92 248
100 279 154
125 53 37
38 290 157
65 63 180
171 24 153
283 13 177
114 5 281
69 146 238
289 212 56
25 267 279
272 200 258
126 25 11
294 194 134
151 258 196
163 129 219
148 245 64
26 191 69
139 259 47
77 248 91
264 272 191
243 77 91
201 202 115
45 30 141
178 180 99
74 176 61
125 24 138
189 181 29
90 20 121
136 228 201
60 25 7
250 267 83
41 2 118
287 178 147
260 56 159
59 261 167
251 218 24
89 107 204
250 29 57
203 297 117
104 57 142
242 139 109
158 12 242
275 298 120
254 258 8
245 149 268
113 101 187
136 189 126
172 271 155
228 174 284
46 278 41
187 53 12
128 210 23
71 18 21
23 271 111
31 50 92
131 294 192
150 130 214
109 134 185
96 63 192
80 240 3
252 259 55
263 87 265
285 289 282
138 145 87
81 8 136
172 138 262
197 121 224
243 62 58
260 157 120
152 69 192
154 21 151
42 116 71
7 101 60
121 71 204
207 283 44
175 155 182
137 184 135
61 127 196
119 220 185
71 72 253
96 59 273
246 100 221
17 238 22
209 59 224
245 99 207
289 273 194
4 243 79
270 136 38
166 87 90
51 290 162
136 86 53
109 164 152
162 14 222
16 222 280
239 299 79
278 288 185
172 124 260
83 94 96
253 92 183
43 274 173
37 110 91
89 51 254
73 212 267
294 227 22
108 298 22
186 276 142
203 149 99
163 64 192
259 17 117
274 192 91
279 228 34
70 150 84
24 55 296
124 50 56
277 157 55
298 175 31
273 79 12
72 241 76
96 33 224
2242
59208 44385
59205 44582
59202 44690
59201 44848
59199 44876
59198 44956
59197 44973
59196 44978
59195 45023
59194 45048
59193 45232
59190 45279
59189 45372
59187 45381
59186 45440
59185 45472
59184 45600
59182 45615
59180 45695
59178 45726
59177 45808
59173 45884
59171 45888
59170 45893
59169 45944
59168 46001
59165 46025
59164 46030
59163 46044
59162 46104
59161 46118
59160 46137
59158 46181
59157 46195
59156 46218
59154 46262
59153 46276
59151 46322
59149 46374
59148 46388
59146 46392
59145 46455
59144 46469
59139 46481
59138 46501
59137 46528
59136 46542
59134 46567
59133 46585
59131 46634
59130 46697
59127 46708
59126 46767
59122 46797
59121 46811
59119 46823
59118 46854
59116 46890
59115 46904
59111 46922
59110 46927
59108 46953
59107 46961
59105 46982
59104 46984
59103 47071
59101 47159
59093 47232
59092 47246
59089 47289
59084 47290
59080 47373
59077 47375
59076 47402
59073 47418
59072 47446
59070 47459
59069 47461
59068 47462
59066 47533
59062 47589
59056 47609
59055 47610
59053 47628
59051 47650
59050 47671
59049 47681
59046 47683
59045 47701
59043 47721
59042 47760
59040 47774
59039 47823
59038 47837
59033 47846
59028 47888
59027 47902
59023 47940
59022 47942
59020 47951
59019 47955
59015 47985
59011 48007
59010 48028
59007 48055
59005 48090
59002 48101
58999 48111
58996 48123
58995 48131
58994 48155
58991 48170
58990 48230
58982 48237
58981 48263
58979 48295
58972 48319
58971 48348
58966 48364
58963 48375
58961 48378
58959 48425
58956 48443
58949 48464
58948 48475
58947 48482
58946 48483
58945 48508
58939 48515
58938 48529
58937 48561
58932 48577
58929 48597
58924 48605
58922 48613
58921 48646
58917 48673
58913 48699
58910 48703
58906 48714
58905 48719
58903 48728
58902 48730
58902 48730
58901 48750
58899 48753
58898 48761
58897 48772
58895 48776
58894 48783
58892 48794
58890 48818
58887 48859
58879 48912
58872 48927
58866 48929
58865 48949
58860 48962
58859 48967
58858 48969
58856 48989
58855 49007
58849 49012
58848 49029
58845 49043
58843 49057
58840 49068
58836 49083
58835 49101
58833 49104
58830 49119
58826 49132
58823 49140
58822 49152
58819 49156
58818 49158
58817 49184
58813 49208
58812 49212
58808 49238
58802 49274
58794 49277
58793 49285
58792 49293
58790 49294
58789 49299
58788 49305
58787 49308
58786 49329
58784 49336
58783 49338
58782 49368
58773 49379
58772 49383
58771 49396
58770 49411
58767 49418
58766 49423
58763 49430
58760 49431
58760 49431
58759 49445
58757 49452
58754 49464
58753 49498
58746 49513
58743 49522
58742 49525
58740 49534
58739 49539
58737 49553
58735 49572
58732 49573
58730 49579
58727 49582
58726 49601
58722 49611
58721 49615
58720 49625
58719 49627
58718 49636
58715 49640
58713 49651
58710 49674
58707 49676
58706 49702
58704 49707
58701 49714
58700 49718
58696 49722
58695 49729
58693 49745
58690 49759
58689 49767
58687 49781
58683 49783
58681 49789
58679 49798
58678 49802
58675 49823
58674 49826
58673 49829
58672 49833
58672 49833
58671 49863
58668 49870
58661 49885
58658 49894
58657 49902
58656 49903
58655 49918
58652 49925
58650 49927
58648 49941
58646 49949
58643 49956
58643 49956
58641 49971
58640 49985
58637 49986
58634 49998
58632 50004
58630 50021
58628 50034
58625 50041
58624 50042
58624 50042
58623 50048
58622 50052
58621 50063
58618 50075
58617 50080
58614 50087
58612 50101
58611 50102
58610 50105
58607 50120
58606 50122
58605 50124
58603 50128
58602 50130
58601 50134
58599 50160
58596 50163
58595 50172
58592 50176
58591 50178
58590 50184
58589 50188
58588 50210
58587 50211
58583 50225
58582 50226
58581 50229
58579 50254
58574 50259
58572 50273
58570 50277
58569 50282
58568 50283
58566 50294
58565 50295
58563 50296
58562 50302
58559 50306
58558 50333
58555 50340
58551 50350
58550 50352
58549 50362
58548 50371
58547 50375
58544 50382
58543 50386
58542 50394
58540 50396
58539 50419
58536 50426
58535 50430
58531 50447
58527 50455
58525 50467
58522 50469
58521 50471
58520 50472
58519 50487
58518 50492
58516 50500
58515 50502
58513 50505
58512 50508
58512 50508
58511 50516
58509 50525
58508 50541
58507 50545
58504 50552
58502 50563
58498 50565
58497 50579
58496 50597
58488 50609
58487 50614
58485 50616
58484 50624
58483 50646
58477 50654
58476 50658
58474 50675
58470 50680
58468 50683
58467 50687
58466 50696
58465 50712
58461 50722
58459 50734
58454 50737
58453 50746
58452 50747
58451 50760
58449 50771
58445 50782
58443 50786
58439 50787
58438 50789
58436 50808
58435 50816
58432 50840
58429 50846
58427 50847
58425 50865
58421 50876
58417 50887
58414 50896
58413 50901
58412 50921
58405 50930
58403 50936
58399 50943
58397 50948
58396 50949
58394 50987
58386 50994
58382 51018
58379 51032
58374 51039
58372 51042
58369 51073
58361 51080
58359 51084
58358 51092
58357 51101
58353 51106
58350 51118
58349 51125
58345 51139
58343 51147
58337 51149
58336 51174
58330 51180
58326 51223
58316 51226
58311 51268
58295 51283
58294 51292
58291 51296
58287 51319
58281 51334
58280 51340
58277 51368
58267 51371
58262 51391
58259 51399
58255 51400
58254 51403
58250 51407
58248 51421
58247 51431
58241 51468
58232 51474
58228 51476
58226 51482
58225 51487
58221 51491
58219 51526
58211 51527
58208 51529
58207 51533
58205 51539
58203 51541
58202 51542
58200 51556
58198 51558
58195 51563
58193 51571
58192 51591
58187 51595
58182 51598
58180 51600
58178 51614
58177 51627
58172 51629
58170 51636
58167 51639
58165 51653
58162 51658
58161 51663
58159 51675
58154 51693
58146 51708
58141 51727
58132 51733
58128 51735
58126 51738
58126 51738
58126 51738
58125 51763
58119 51785
58113 51803
58107 51806
58103 51821
58099 51824
58093 51829
58093 51829
58091 51839
58087 51854
58085 51855
58083 51860
58080 51869
58076 51908
58065 51912
58063 51916
58061 51918
58057 51929
58056 51938
58052 51949
58046 51950
58044 51964
58041 51971
58040 51973
58039 51976
58036 51977
58035 51987
58031 51991
58030 52003
58028 52010
58023 52011
58022 52022
58014 52035
58012 52049
58005 52052
58004 52062
58001 52069
57997 52095
57991 52096
57987 52105
57983 52119
57975 52135
57971 52153
57967 52155
57965 52158
57962 52162
57961 52177
57953 52180
57952 52183
57950 52184
57948 52194
57947 52203
57943 52210
57941 52230
57932 52231
57930 52262
57921 52276
57914 52291
57908 52297
57904 52306
57902 52308
57901 52316
57896 52325
57895 52326
57892 52342
57888 52344
57887 52345
57884 52351
57883 52370
57875 52383
57872 52391
57870 52399
57868 52407
57865 52413
57863 52417
57854 52433
57848 52440
57847 52449
57845 52452
57842 52463
57835 52464
57834 52479
57829 52484
57825 52503
57823 52506
57821 52518
57809 52531
57808 52532
57806 52544
57800 52545
57800 52545
57799 52566
57796 52584
57787 52588
57785 52594
57779 52601
57778 52605
57777 52612
57774 52617
57771 52623
57770 52628
57765 52635
57762 52639
57761 52646
57760 52649
57755 52651
57753 52654
57751 52667
57750 52672
57748 52686
57739 52687
57737 52691
57734 52701
57733 52707
57731 52710
57730 52719
57728 52739
57718 52740
57717 52771
57708 52785
57698 52791
57695 52806
57694 52807
57686 52812
57685 52820
57684 52822
57682 52835
57675 52836
57674 52842
57673 52863
57663 52878
57662 52892
57659 52900
57642 52915
57638 52917
57637 52929
57632 52935
57629 52940
57627 52949
57623 52951
57622 52956
57620 52965
57614 52967
57612 52971
57609 52985
57603 52989
57602 53000
57597 53014
57595 53018
57594 53039
57593 53053
57572 53060
57570 53068
57563 53074
57562 53088
57560 53090
57554 53093
57553 53094
57551 53096
57550 53102
57549 53106
57548 53120
57540 53129
57538 53131
57536 53138
57531 53140
57529 53148
57528 53153
57527 53166
57520 53171
57515 53182
57514 53183
57512 53185
57511 53196
57508 53197
57507 53199
57506 53213
57498 53222
57495 53226
57491 53228
57489 53230
57488 53232
57486 53235
57485 53241
57483 53243
57482 53253
57475 53268
57474 53282
57465 53291
57460 53293
57457 53303
57455 53305
57453 53306
57450 53309
57447 53311
57446 53332
57441 53333
57440 53345
57433 53361
57426 53367
57421 53368
57420 53372
57416 53377
57415 53386
57411 53391
57408 53402
57407 53404
57403 53408
57399 53409
57398 53422
57394 53425
57391 53429
57388 53437
57383 53443
57381 53450
57380 53471
57366 53478
57365 53483
57363 53486
57361 53487
57360 53506
57350 53514
57349 53528
57342 53542
57337 53549
57329 53551
57328 53559
57327 53561
57326 53562
57323 53573
57317 53584
57316 53586
57315 53593
57310 53594
57305 53605
57305 53605
57297 53608
57296 53615
57292 53626
57291 53629
57286 53638
57284 53642
57279 53651
57275 53664
57268 53671
57263 53677
57260 53682
57258 53704
57246 53706
57242 53721
57238 53736
57228 53743
57226 53760
57224 53761
57221 53765
57216 53772
57214 53775
57212 53789
57206 53792
57205 53795
57196 53809
57194 53814
57190 53815
57189 53826
57184 53828
57178 53834
57177 53836
57176 53837
57174 53849
57170 53850
57168 53857
57165 53868
57158 53869
57158 53869
57158 53869
57155 53880
57152 53882
57150 53888
57148 53893
57147 53894
57143 53901
57140 53918
57128 53929
57127 53947
57120 53953
57117 53954
57115 53958
57111 53967
57108 53971
57104 53976
57103 53979
57097 53983
57094 53984
57091 53986
57089 53987
57088 53990
57088 53990
57088 53990
57087 53991
57086 54003
57085 54015
57076 54022
57073 54026
57069 54035
57067 54039
57062 54051
57058 54056
57056 54068
57052 54069
57048 54076
57047 54077
57045 54082
57042 54086
57040 54088
57038 54099
57034 54101
57031 54105
57027 54116
57022 54129
57016 54132
57015 54146
57006 54149
57001 54155
56999 54166
56994 54171
56989 54177
56988 54185
56983 54186
56982 54190
56978 54196
56973 54205
56972 54210
56967 54213
56965 54226
56958 54238
56951 54241
56950 54246
56948 54268
56941 54269
56938 54273
56937 54287
56927 54299
56923 54300
56921 54307
56918 54312
56911 54319
56907 54320
56906 54336
56895 54355
56886 54372
56879 54375
56876 54380
56870 54383
56869 54384
56868 54396
56862 54397
56860 54400
56857 54404
56856 54406
56855 54417
56850 54427
56844 54455
56828 54475
56822 54476
56818 54481
56810 54487
56808 54493
56807 54506
56807 54506
56802 54523
56789 54524
56786 54543
56778 54549
56777 54553
56771 54557
56766 54564
56765 54574
56755 54580
56754 54586
56753 54588
56744 54599
56742 54601
56737 54611
56736 54617
56735 54624
56729 54625
56724 54627
56723 54646
56717 54655
56716 54658
56707 54661
56704 54671
56700 54675
56699 54683
56692 54689
56687 54700
56682 54704
56681 54714
56681 54714
56671 54720
56670 54726
56666 54731
56662 54739
56658 54752
56652 54757
56645 54758
56641 54764
56640 54772
56638 54773
56637 54778
56633 54782
56627 54785
56626 54788
56625 54789
56621 54803
56616 54817
56611 54834
56603 54840
56592 54846
56592 54846
56590 54847
56587 54860
56587 54860
56583 54866
56579 54871
56575 54883
56567 54907
56551 54912
56550 54914
56547 54925
56539 54931
56536 54941
56532 54957
56525 54969
56518 54972
56510 54974
56509 54995
56503 55000
56496 55001
56495 55011
56493 55015
56490 55025
56479 55037
56476 55040
56472 55047
56466 55054
56463 55065
56461 55068
56455 55071
56451 55072
56447 55083
56439 55085
56436 55096
56435 55103
56434 55108
56430 55115
56423 55118
56416 55126
56414 55129
56409 55140
56406 55141
56402 55143
56400 55144
56399 55147
56398 55165
56393 55171
56385 55172
56382 55176
56381 55186
56372 55196
56369 55208
56360 55211
56357 55223
56355 55225
56343 55233
56341 55236
56336 55250
56328 55257
56326 55259
56320 55268
56316 55284
56305 55286
56304 55287
56303 55301
56298 55312
56287 55315
56283 55318
56282 55332
56270 55335
56266 55341
56265 55343
56263 55345
56260 55354
56255 55362
56254 55372
56247 55373
56241 55386
56235 55388
56231 55390
56228 55392
56227 55397
56226 55398
56217 55404
56215 55414
56213 55419
56212 55429
56195 55432
56193 55435
56192 55437
56191 55448
56190 55462
56176 55473
56175 55475
56171 55487
56168 55491
56153 55492
56152 55504
56150 55512
56146 55514
56140 55522
56132 55532
56131 55547
56122 55548
56115 55554
56108 55561
56104 55563
56099 55580
56093 55587
56087 55591
56083 55593
56079 55599
56076 55603
56072 55608
56071 55609
56067 55619
56056 55643
56049 55647
56042 55650
56039 55659
56035 55661
56033 55669
56022 55673
56021 55684
56012 55698
55998 55700
55996 55704
55994 55707
55989 55710
55988 55717
55982 55728
55975 55731
55973 55739
55965 55740
55963 55754
55957 55767
55945 55769
55939 55778
55932 55784
55931 55787
55928 55788
55925 55789
55923 55790
55922 55795
55920 55796
55916 55797
55916 55797
55913 55798
55912 55812
55907 55827
55898 55828
55895 55829
55891 55833
55890 55841
55887 55846
55881 55853
55872 55859
55871 55860
55869 55861
55863 55873
55859 55877
55856 55878
55855 55881
55853 55887
55845 55888
55844 55896
55840 55899
55839 55903
55837 55906
55828 55914
55827 55915
55823 55917
55820 55924
55815 55932
55811 55937
55804 55949
55800 55951
55795 55960
55792 55964
55789 55965
55783 55967
55779 55974
55775 55977
55770 55984
55765 55992
55761 55999
55753 56000
55751 56008
55748 56035
55728 56036
55723 56042
55718 56057
55708 56063
55700 56068
55697 56073
55695 56076
55686 56080
55685 56085
55681 56088
55678 56090
55677 56093
55671 56095
55669 56107
55665 56110
55663 56126
55646 56133
55643 56141
55637 56146
55630 56149
55628 56152
55627 56154
55621 56159
55618 56167
55611 56169
55608 56181
55608 56181
55602 56183
55598 56186
55593 56197
55586 56204
55580 56215
55573 56216
55570 56220
55568 56223
55565 56231
55558 56238
55554 56241
55552 56244
55542 56245
55542 56245
55540 56257
55537 56260
55536 56262
55534 56263
55530 56272
55522 56278
55519 56281
55516 56282
55509 56294
55502 56306
55494 56312
55491 56315
55488 56322
55484 56323
55478 56325
55474 56334
55472 56340
55463 56348
55460 56356
55444 56374
55436 56375
55435 56382
55424 56385
55420 56387
55419 56394
55416 56402
55409 56403
55405 56416
55394 56421
55391 56428
55381 56431
55378 56432
55377 56450
55366 56455
55359 56459
55357 56462
55356 56468
55353 56469
55348 56475
55343 56484
55342 56490
55332 56492
55331 56493
55325 56498
55320 56507
55314 56511
55312 56514
55306 56521
55298 56536
55292 56540
55282 56545
55278 56549
55274 56555
55271 56557
55269 56562
55262 56565
55261 56567
55258 56568
55256 56575
55254 56582
55247 56588
55246 56589
55239 56592
55238 56595
55234 56599
55233 56610
55221 56615
55213 56616
55210 56625
55206 56626
55204 56635
55203 56642
55192 56645
55189 56651
55182 56659
55177 56667
55171 56671
55163 56689
55148 56701
55146 56703
55145 56704
55134 56713
55130 56716
55123 56717
55122 56728
55119 56730
55115 56737
55104 56747
55094 56756
55085 56779
55062 56785
55061 56794
55052 56796
55049 56802
55043 56809
55035 56814
55033 56817
55029 56818
55023 56824
55022 56830
55017 56835
55011 56840
55007 56842
55006 56849
54997 56855
54994 56858
54985 56860
54984 56875
54981 56876
54975 56880
54970 56897
54956 56900
54947 56901
54947 56901
54945 56903
54943 56905
54941 56907
54939 56908
54937 56913
54931 56917
54930 56919
54927 56928
54922 56933
54917 56939
54912 56940
54911 56944
54906 56951
54904 56954
54903 56966
54889 56988
54862 56991
54860 56994
54860 56994
54858 56998
54852 57002
54849 57018
54833 57027
54832 57034
54820 57036
54817 57040
54816 57047
54814 57050
54803 57054
54800 57065
54793 57069
54791 57071
54788 57075
54782 57078
54775 57084
54771 57085
54763 57089
54762 57091
54757 57096
54755 57098
54753 57099
54749 57100
54745 57117
54738 57124
54736 57126
54728 57133
54722 57136
54713 57137
54712 57146
54705 57152
54700 57153
54698 57155
54697 57159
54688 57163
54686 57172
54684 57174
54682 57175
54676 57187
54669 57188
54664 57189
54660 57200
54656 57204
54647 57207
54642 57214
54631 57230
54619 57232
54614 57243
54601 57259
54591 57278
54575 57291
54551 57293
54549 57306
54536 57333
54507 57335
54506 57339
54505 57342
54497 57343
54493 57345
54488 57348
54485 57352
54483 57365
54475 57369
54469 57375
54467 57381
54453 57384
54451 57389
54451 57389
54444 57397
54440 57403
54437 57411
54422 57414
54417 57422
54415 57428
54405 57430
54404 57434
54403 57435
54392 57442
54388 57451
54373 57456
54368 57466
54356 57468
54350 57485
54342 57486
54334 57491
54333 57506
54317 57511
54312 57513
54310 57519
54303 57521
54300 57524
54295 57527
54290 57531
54282 57533
54277 57539
54271 57544
54264 57554
54255 57556
54251 57557
54249 57570
54247 57572
54240 57576
54229 57581
54222 57595
54211 57597
54205 57598
54203 57604
54198 57605
54191 57608
54186 57613
54184 57615
54183 57624
54169 57625
54168 57633
54165 57643
54164 57645
54147 57648
54145 57649
54142 57652
54133 57657
54131 57663
54126 57665
54124 57671
54116 57672
54114 57678
54107 57692
54090 57696
54085 57698
54079 57705
54077 57707
54074 57710
54069 57713
54066 57715
54057 57716
54054 57728
54045 57730
54038 57731
54035 57737
54028 57739
54025 57750
54023 57756
54014 57762
53997 57776
53996 57781
53979 57784
53973 57786
53965 57789
53963 57793
53962 57794
53961 57795
53960 57799
53959 57804
53957 57810
53940 57814
53939 57829
53919 57835
53908 57837
53907 57843
53901 57846
53896 57848
53890 57852
53888 57855
53883 57858
53879 57865
53867 57871
53865 57877
53857 57879
53852 57883
53845 57889
53844 57894
53828 57914
53811 57917
53803 57918
53800 57927
53793 57928
53787 57935
53779 57937
53778 57940
53774 57941
53772 57947
53771 57962
53754 57964
53751 57968
53737 57975
53733 57987
53713 57988
53710 57989
53706 57990
53705 57995
53699 57999
53695 58001
53690 58009
53684 58010
53682 58014
53677 58020
53669 58021
53667 58025
53657 58027
53654 58029
53652 58035
53650 58041
53644 58044
53642 58047
53625 58049
53622 58053
53620 58058
53619 58068
53610 58073
53599 58074
53597 58077
53595 58083
53593 58089
53587 58092
53579 58098
53569 58108
53553 58111
53549 58117
53548 58118
53542 58122
53538 58123
53528 58127
53526 58131
53519 58132
53519 58132
53515 58136
53513 58141
53509 58143
53505 58146
53495 58151
53489 58152
53484 58161
53481 58164
53473 58168
53471 58172
53464 58174
53458 58177
53456 58179
53452 58191
53441 58195
53435 58198
53432 58200
53424 58206
53421 58207
53418 58209
53414 58221
53401 58225
53391 58235
53380 58240
53371 58242
53370 58245
53361 58255
53352 58258
53348 58259
53340 58271
53325 58273
53320 58275
53319 58279
53317 58281
53314 58283
53309 58286
53309 58286
53306 58290
53296 58297
53288 58301
53286 58305
53280 58306
53278 58309
53275 58312
53272 58318
53268 58321
53257 58331
53240 58336
53239 58341
53223 58344
53222 58346
53214 58349
53213 58350
53212 58351
53210 58353
53209 58356
53205 58358
53204 58359
53201 58361
53200 58366
53196 58370
53183 58374
53182 58389
53165 58395
53154 58397
53151 58404
53139 58408
53136 58410
53127 58413
53126 58415
53125 58416
53123 58418
53118 58423
53116 58427
53111 58429
53098 58432
53094 58435
53089 58437
53084 58441
53082 58446
53078 58447
53077 58448
53073 58451
53062 58456
53060 58457
53058 58458
53052 58461
53050 58465
53047 58467
53045 58470
53042 58476
53030 58479
53027 58485
53026 58486
53022 58489
53013 58496
53004 58506
52990 58515
52984 58516
52975 58519
52970 58525
52962 58529
52956 58534
52952 58536
52946 58538
52940 58550
52929 58555
52921 58557
52917 58558
52903 58562
52903 58562
52900 58575
52890 58582
52878 58586
52874 58588
52871 58589
52869 58590
52866 58594
52855 58595
52851 58597
52850 58600
52849 58605
52840 58607
52837 58616
52823 58619
52810 58633
52800 58634
52796 58635
52795 58640
52788 58656
52761 58659
52755 58666
52751 58668
52742 58674
52734 58685
52717 58696
52705 58697
52694 58699
52692 58705
52683 58715
52679 58718
52667 58720
52666 58725
52658 58732
52653 58733
52644 58736
52640 58739
52632 58744
52615 58748
52611 58758
52599 58759
52598 58766
52591 58767
52581 58774
52577 58777
52571 58784
52567 58788
52550 58792
52547 58793
52542 58795
52535 58798
52533 58807
52516 58817
52515 58824
52495 58831
52490 58832
52481 58843
52454 58844
52451 58846
52450 58847
52448 58849
52446 58850
52439 58852
52438 58855
52437 58856
52435 58865
52427 58868
52424 58871
52420 58875
52415 58876
52401 58877
52400 58881
52398 58883
52397 58884
52393 58887
52390 58890
52387 58891
52386 58894
52381 58903
52372 58909
52353 58910
52351 58913
52347 58922
52338 58928
52318 58934
52309 58940
52296 58942
52291 58945
52288 58946
52284 58947
52283 58949
52283 58949
52278 58951
52275 58953
52274 58955
52269 58958
52267 58960
52262 58961
52260 58964
52253 58967
52247 58974
52244 58981
52226 58983
52222 58990
52213 58996
52208 59003
52188 59009
52179 59015
52174 59016
52173 59020
52160 59021
52147 59023
52146 59026
52143 59027
52142 59029
52140 59035
52139 59039
52123 59042
52120 59047
52117 59049
52102 59053
52096 59054
52094 59057
52089 59061
52081 59069
52078 59070
52071 59073
52069 59076
52057 59080
52049 59082
52046 59084
52042 59086
52037 59087
52036 59090
52032 59091
52030 59096
52021 59102
52005 59104
52003 59106
52001 59108
52000 59112
51995 59113
51987 59115
51985 59125
51969 59128
51966 59131
51961 59132
51951 59144
51935 59147
51930 59148
51925 59150
51924 59151
51917 59153
51917 59153
51913 59155
51912 59158
51907 59161
51904 59162
51900 59163
51894 59164
51893 59167
51891 59169
51885 59172
51883 59173
51874 59176
51873 59180
51871 59183
51870 59187
51858 59191
51839 59199
51836 59200
51823 59202
51822 59213
51807 59218
51802 59219
51794 59220
51786 59221
51785 59226
51783 59227
51777 59232
51773 59237
51767 59240
51758 59242
51751 59245
51746 59246
51735 59248
51734 59257
51731 59259
51715 59260
51710 59264
51701 59265
51696 59269
51695 59273
51692 59280
51680 59281
51679 59284
51670 59286
51663 59287
51661 59292
51649 59293
51649 59293
51646 59294
51645 59295
51643 59306
51628 59307
51626 59310
51622 59312
51619 59314
51607 59317
51605 59318
51601 59319
51599 59325
51588 59329
51580 59335
51573 59336
51567 59339
51561 59341
51556 59347
51540 59352
51537 59356
51531 59358
51518 59359
51517 59362
51514 59365
51511 59369
51500 59373
51492 59379
51484 59380
51478 59383
51476 59385
51472 59387
51467 59388
51465 59393
51452 59396
51446 59398
51444 59404
51439 59405
51432 59407
51431 59412
51412 59414
51405 59417
51401 59420
51399 59424
51389 59425
51388 59428
51383 59432
51371 59433
51371 59433
51370 59437
51361 59440
51356 59446
51345 59449
51340 59451
51331 59452
51329 59454
51323 59456
51319 59458
51318 59459
51317 59462
51312 59464
51308 59466
51305 59468
51300 59470
51294 59471
51292 59473
51291 59475
51289 59477
51286 59479
51282 59481
51271 59485
51266 59489
51255 59492
51250 59498
51235 59500
51232 59501
51230 59503
51226 59504
51222 59507
51218 59509
51213 59512
51209 59517
51199 59518
51196 59521
51192 59523
51181 59524
51179 59530
51174 59531
51170 59536
51156 59538
51154 59539
51154 59539
51150 59541
51143 59542
51142 59545
51138 59547
51134 59549
51127 59550
51125 59551
51123 59552
51119 59554
51118 59558
51115 59559
51113 59560
51106 59564
51102 59565
51094 59569
51088 59578
51069 59579
51066 59583
51060 59585
51055 59586
51051 59589
51050 59590
51044 59594
51036 59595
51035 59596
51027 59599
51026 59600
51019 59601
51019 59601
51016 59602
51015 59603
51010 59606
51005 59613
51001 59615
50990 59618
50987 59619
50979 59621
50977 59622
50970 59628
50958 59629
50954 59635
50947 59640
50945 59641
50931 59647
50916 59648
50913 59649
50912 59654
50903 59656
50901 59657
50892 59659
50891 59665
50880 59666
50879 59667
50871 59672
50862 59676
50861 59677
50854 59678
50853 59679
50850 59680
50845 59682
50841 59688
50833 59690
50828 59692
50819 59693
50813 59697
50811 59698
50803 59700
50799 59703
50797 59704
50793 59708
50787 59709
50786 59710
50779 59720
50753 59725
50750 59727
50739 59731
50728 59732
50722 59738
50714 59744
50703 59745
50702 59746
50699 59747
50694 59749
50690 59753
50678 59755
50675 59756
50674 59758
50672 59759
50666 59764
50653 59771
50642 59774
50640 59778
50621 59779
50620 59785
50610 59787
50602 59788
50596 59794
50586 59802
50570 59806
50563 59809
50556 59811
50547 59812
50543 59814
50533 59815
50531 59818
50526 59828
50515 59829
50502 59835
50499 59837
50483 59841
50477 59848
50469 59850
50448 59851
50443 59852
50442 59855
50441 59856
50441 59856
50440 59857
50438 59858
50431 59862
50424 59864
50420 59868
50419 59871
50413 59874
50398 59875
50392 59881
50378 59883
50376 59884
50373 59886
50369 59887
50359 59892
50358 59894
50349 59898
50340 59902
50334 59905
50326 59913
50306 59918
50290 59921
50281 59926
50273 59927
50264 59929
50262 59930
50256 59937
50250 59939
50240 59947
50221 59948
50209 59949
50203 59956
50197 59959
50196 59962
50189 59967
50178 59969
50161 59973
50158 59974
50153 59975
50146 59977
50141 59981
50128 59983
50124 59987
50119 59988
50111 59989
50106 59994
50105 59995
50100 59998
50098 60000
50097 60003
50077 60008
50073 60009
50065 60012
50059 60016
50055 60019
50041 60022
50031 60025
50030 60027
50021 60028
50012 60034
49999 60035
49993 60042
49974 60043
49966 60046
49962 60047
49956 60048
49955 60058
49941 60059
49931 60060
49923 60066
49919 60067
49916 60079
49896 60084
49859 60086
49857 60089
49853 60091
49843 60093
49842 60095
49833 60096
49826 60099
49816 60107
49808 60114
49782 60121
49767 60124
49758 60125
49756 60128
49747 60129
49738 60130
49731 60131
49730 60141
49695 60145
49687 60147
49681 60158
49666 60164
49640 60167
49617 60171
49615 60174
49605 60178
49595 60180
49591 60186
49575 60197
49552 60201
49532 60206
49514 60211
49501 60214
49494 60216
49490 60221
49477 60222
49463 60223
49453 60226
49444 60233
49429 60235
49427 60236
49418 60239
49415 60240
49406 60243
49405 60246
49396 60247
49390 60249
49389 60252
49380 60253
49376 60261
49350 60265
49335 60268
49334 60269
49315 60275
49304 60283
49285 60285
49275 60289
49255 60294
49240 60297
49231 60298
49221 60308
49193 60310
49185 60314
49166 60320
49160 60322
49157 60323
49155 60328
49126 60334
49106 60339
49102 60342
49071 60343
49065 60348
49050 60354
49030 60356
49023 60357
49017 60359
49011 60367
48993 60368
48973 60373
48954 60378
48947 60384
48942 60385
48927 60388
48911 60389
48904 60391
48899 60395
48886 60398
48871 60401
48860 60406
48838 60409
48827 60411
48824 60417
48805 60423
48791 60424
48783 60427
48780 60430
48763 60432
48744 60437
48730 60438
48712 60439
48698 60440
48692 60442
48687 60454
48680 60456
48649 60459
48647 60466
48615 60468
48608 60475
48588 60477
48585 60478
48547 60489
48527 60491
48524 60492
48518 60494
48500 60497
48498 60511
48427 60513
48412 60514
48390 60523
48383 60524
48360 60527
48351 60528
48330 60535
48318 60538
48298 60540
48280 60541
48278 60555
48209 60557
48191 60563
48158 60566
48144 60571
48092 60578
48055 60579
48049 60580
48035 60588
47997 60591
47977 60593
47973 60595
47966 60597
47959 60600
47939 60602
47912 60604
47908 60609
47856 60613
47828 60615
47822 60624
47771 60625
47751 60626
47713 60627
47699 60628
47696 60633
47695 60634
47676 60635
47663 60636
47643 60641
47619 60647
47586 60651
47551 60653
47550 60654
47472 60657
47441 60658
47440 60659
47421 60660
47408 60661
47406 60663
47388 60666
47365 60669
47310 60670
47308 60672
47287 60674
47286 60675
47232 60678
47201 60682
47167 60684
47110 60687
47101 60690
47065 60693
47011 60696
46974 60700
46883 60701
46854 60702
46839 60704
46827 60705
46816 60707
46773 60709
46706 60712
46687 60713
46565 60716
46526 60721
46466 60723
46417 60725
