50 2
3518
59 207 296
69 110 158
11 55 99
199 205 47
203 67 70
53 78 192
193 279 153
245 60 114
217 288 140
248 91 176
113 149 215
241 217 26
99 60 80
30 259 285
76 294 52
145 179 261
169 72 240
22 149 1
135 66 121
107 15 44
115 127 192
31 200 242
56 298 2
267 160 93
252 235 219
136 212 98
229 81 169
170 102 19
3 69 216
255 176 230
298 123 189
23 153 89
264 41 219
99 9 79
191 93 146
111 62 58
41 290 138
43 160 239
193 294 9
109 249 17
40 247 139
61 270 125
150 67 165
201 165 6
113 57 99
258 299 292
149 40 282
286 82 275
59 274 102
199 84 52
52
6309 4418
6304 4459
6259 4520
6237 4558
6234 4577
6232 4599
6222 4693
6220 4715
6191 4779
6189 4801
6186 4820
6148 4897
6103 4920
6100 4954
6096 5007
6076 5037
6052 5050
6050 5056
6024 5071
5998 5086
5993 5128
5967 5147
5964 5166
5962 5188
5921 5243
5809 5244
5779 5271
5766 5284
5763 5303
5761 5325
5749 5348
5720 5380
5608 5381
5574 5403
5544 5411
5533 5421
5528 5462
5425 5477
5388 5483
5382 5485
5265 5493
5254 5516
5166 5521
5075 5523
5029 5532
5005 5543
4883 5555
4843 5560
4837 5562
4628 5564
4549 5565
4403 5588
