50 2
3927
130 104 20
65 75 283
6 242 274
252 65 26
84 268 161
77 278 57
171 201 228
251 37 79
242 2 112
238 165 75
71 294 179
90 60 253
205 197 196
180 149 93
205 65 193
199 141 172
88 144 73
148 96 109
226 38 242
38 109 108
244 179 102
123 102 293
209 7 23
237 19 5
162 57 69
55 88 43
59 175 186
131 155 114
72 81 152
147 250 93
254 194 271
188 150 205
182 191 212
204 260 63
208 122 119
110 9 206
152 68 213
170 31 68
284 235 280
268 82 63
193 36 257
164 56 239
70 237 262
114 274 222
176 15 176
128 124 17
166 108 84
212 278 247
112 95 15
93 195 228
37
5399 4800
5394 4831
5388 4994
5385 5024
5368 5098
5364 5099
5357 5128
5351 5158
5340 5202
5323 5262
5311 5288
5299 5313
5279 5316
5274 5336
5271 5417
5251 5420
5243 5509
5164 5520
5158 5581
5156 5606
5136 5624
5129 5632
5083 5641
5072 5706
5043 5770
4967 5791
4932 5800
4905 5826
4849 5845
4848 5900
4821 5949
4695 5953
4667 5965
4593 5968
4548 6006
4422 6010
4130 6011
