50 2
3512
2 250 83
59 52 131
120 8 36
174 253 148
165 200 153
231 26 31
86 172 25
186 36 25
221 247 34
21 50 31
240 52 114
155 110 297
119 62 138
154 68 223
134 233 123
119 296 281
150 82 285
7 101 21
163 22 268
196 175 150
59 247 201
5 234 144
135 53 205
272 40 273
195 173 39
151 292 35
132 274 248
117 280 49
270 143 203
71 171 78
220 229 157
254 67 91
98 201 144
3 173 183
108 200 188
278 51 180
145 15 154
94 132 134
142 234 109
177 5 279
254 224 42
243 178 108
35 275 9
11 111 14
193 51 46
81 30 97
94 174 111
247 267 75
214 242 9
23 119 13
51
6286 3231
6249 3702
6178 3760
6166 3787
6144 3886
6126 3919
6109 3934
6090 3995
6052 4038
6034 4048
6030 4072
6017 4220
5966 4240
5954 4242
5937 4253
5912 4288
5883 4314
5864 4338
5847 4349
5819 4353
5817 4354
5815 4437
5802 4510
5772 4520
5744 4528
5735 4595
5652 4680
5563 4713
5560 4755
5513 4771
5495 4781
5474 4801
5381 4826
5371 4871
5283 4874
5278 4896
5239 4898
5197 4920
5136 4968
5094 4990
4918 4999
4917 5013
4890 5018
4821 5042
4760 5059
4752 5060
4596 5064
4349 5065
4341 5066
4290 5076
4280 5083
