50 2
3776
87 48 50
255 29 126
90 114 50
114 134 26
55 232 148
96 258 44
229 172 146
165 15 276
167 272 63
61 104 95
231 190 142
113 277 4
238 199 249
120 13 84
277 67 148
258 162 106
2 224 111
147 221 125
123 220 98
19 280 34
113 44 56
87 288 33
222 227 231
172 47 76
88 157 274
235 115 269
42 116 26
284 95 246
241 51 167
171 69 279
204 181 156
92 100 144
256 23 203
20 194 83
95 281 239
202 49 54
171 222 2
196 206 96
274 148 278
141 19 47
253 56 60
109 147 160
85 104 182
288 123 76
71 51 189
142 85 237
195 88 160
29 283 198
124 90 178
103 64 197
58
5818 3879
5790 4049
5785 4066
5781 4120
5762 4239
5724 4243
5722 4253
5711 4268
5705 4362
5687 4366
5684 4368
5671 4412
5653 4419
5635 4423
5629 4432
5611 4440
5581 4442
5580 4449
5578 4546
5547 4551
5531 4645
5513 4649
5472 4678
5464 4686
5430 4698
5422 4710
5404 4714
5390 4772
5370 4796
5300 4802
5296 4856
5252 4860
5211 4896
5141 4902
5085 4908
5068 4918
5052 4933
5026 4938
5013 4949
4995 4953
4947 4976
4917 4988
4908 5002
4842 5035
4798 5039
4710 5055
4692 5059
4584 5066
4536 5072
4518 5076
4503 5080
4485 5084
4427 5086
4401 5098
4371 5109
4227 5115
4157 5121
4126 5149
