750 2
56430
202 165 140
4 254 90
45 89 174
254 71 18
186 103 192
107 65 87
201 24 200
274 291 274
254 166 174
114 216 34
12 118 32
283 253 285
74 297 207
80 84 277
97 269 81
122 209 145
208 110 1
240 84 291
215 38 289
221 283 205
87 295 156
118 111 109
104 184 239
11 263 23
120 193 292
200 15 201
177 55 11
10 295 94
2 43 263
290 263 247
29 50 75
184 168 185
292 104 70
64 114 165
87 233 58
79 266 204
112 275 92
122 285 87
48 119 261
143 109 224
90 269 106
296 153 273
182 278 77
84 42 23
81 128 89
139 39 187
43 150 294
266 104 279
53 283 230
14 127 40
70 49 141
176 46 294
281 60 105
191 275 146
46 56 107
266 194 277
153 70 260
280 36 196
92 221 180
23 67 139
194 269 187
35 145 65
29 258 124
133 149 231
112 28 287
218 293 14
28 279 215
287 259 84
184 51 5
196 73 203
35 266 172
221 2 149
119 162 240
75 295 89
7 239 116
293 289 242
139 17 221
55 137 180
138 21 230
274 216 136
10 250 102
15 4 235
163 122 98
103 197 225
25 203 164
272 29 153
214 167 2
267 54 138
147 24 290
210 297 206
46 140 288
279 154 292
215 149 246
145 85 275
70 241 178
66 213 39
51 260 39
52 227 92
23 207 116
13 249 245
52 127 85
40 106 71
164 153 220
243 297 137
218 199 78
229 97 123
267 147 83
6 32 143
230 54 182
178 198 131
255 249 257
173 122 195
243 285 49
295 61 178
132 279 210
209 208 7
165 175 286
247 14 150
222 76 203
104 253 233
67 208 183
24 213 137
219 157 122
100 284 16
277 117 294
20 158 202
159 23 209
145 103 55
294 25 130
30 261 215
262 28 256
277 184 169
114 103 26
69 202 11
84 12 259
210 32 117
244 23 272
153 167 75
208 293 231
170 23 25
86 117 185
174 227 69
43 173 4
201 241 38
44 157 181
3 199 45
251 143 67
56 296 233
262 37 226
27 39 81
51 256 31
68 130 257
136 173 130
271 74 204
9 249 193
190 84 93
234 35 235
2 223 64
67 185 100
126 211 271
206 95 227
236 162 58
193 131 230
156 102 136
60 243 85
85 265 168
177 32 35
245 33 257
9 232 275
241 58 186
212 96 113
139 33 275
29 58 238
91 46 40
226 237 115
143 23 80
143 32 112
11 276 276
267 118 41
75 191 98
94 103 27
206 74 59
181 235 248
119 26 127
291 252 64
106 227 218
19 71 250
130 81 59
238 180 9
279 255 199
209 49 2
235 254 208
126 268 143
207 219 168
34 43 252
229 281 180
148 299 83
230 261 163
288 32 175
130 11 262
29 53 11
163 287 98
71 114 198
46 21 249
46 186 292
131 115 106
11 262 237
225 192 198
220 14 62
95 143 205
58 171 257
200 166 244
130 236 190
28 114 210
110 160 96
234 290 44
40 133 6
276 190 31
7 110 176
200 204 151
105 261 154
62 294 21
7 124 256
29 284 203
239 94 195
167 28 18
210 199 150
49 8 40
79 14 281
87 213 185
237 151 279
91 212 273
111 51 229
200 80 213
103 151 139
130 150 298
147 61 30
129 241 37
1 152 182
281 238 96
166 175 246
277 98 290
83 209 42
13 241 121
58 176 104
30 6 253
160 152 146
190 280 87
226 113 238
109 94 176
37 92 183
115 202 114
105 284 23
146 129 96
99 20 271
35 49 109
288 208 260
134 230 73
221 157 18
291 265 111
1 2 35
16 116 236
129 53 221
283 32 182
79 262 201
182 297 82
290 285 123
83 251 53
287 172 209
5 296 7
115 296 140
150 12 88
218 141 141
139 124 5
154 36 266
55 217 263
269 208 81
92 290 33
276 278 37
19 282 33
157 230 29
297 212 173
217 130 146
58 102 102
62 255 137
161 10 55
124 111 95
205 35 85
237 12 195
273 162 11
7 19 240
167 16 152
172 233 114
150 123 215
252 18 170
221 178 13
108 2 123
202 39 158
120 275 2
147 82 163
157 220 181
97 219 197
81 92 262
195 74 85
110 26 102
113 80 112
125 187 114
247 222 152
237 174 260
238 21 174
101 178 94
282 274 145
12 188 69
273 83 143
190 25 1
125 137 80
236 261 100
182 42 22
167 278 195
259 50 48
133 150 225
59 264 33
203 108 220
272 213 135
247 104 291
247 61 129
28 129 222
127 12 96
280 11 207
8 269 256
55 234 238
280 125 203
145 28 11
197 132 224
32 79 160
155 27 220
283 186 181
39 145 192
134 257 35
41 264 4
129 151 70
68 263 194
103 108 222
245 5 186
2 168 265
293 24 124
46 139 10
227 177 286
119 144 243
154 17 207
289 146 190
192 46 154
86 148 261
140 225 99
27 227 99
124 220 122
247 266 94
89 193 103
75 144 246
18 130 263
57 252 241
246 144 286
232 62 266
194 202 191
125 61 250
223 17 171
178 96 269
104 184 294
206 91 270
153 240 233
248 129 18
22 207 161
140 140 55
106 166 89
129 290 149
80 46 297
83 56 93
184 159 109
178 66 32
280 51 271
213 131 232
230 152 140
223 291 279
111 229 277
199 58 100
181 137 277
178 219 34
271 103 25
212 113 222
244 94 105
48 139 235
280 202 219
120 257 210
231 68 139
208 100 30
8 280 166
284 158 218
150 261 21
8 174 266
229 250 192
35 297 31
102 277 65
22 229 155
64 160 55
36 200 154
65 40 134
230 157 125
148 7 218
2 146 224
267 76 174
291 242 172
22 44 281
219 197 211
74 261 203
260 296 104
115 61 275
81 123 132
38 104 271
256 105 117
180 204 192
187 195 266
191 49 11
172 100 40
83 6 1
286 266 129
222 81 189
197 161 145
30 199 248
1 287 53
249 299 89
142 186 283
240 77 164
83 249 264
123 164 269
123 282 235
85 37 16
106 234 10
250 96 41
198 228 160
83 177 159
171 151 178
286 92 254
151 174 36
247 296 33
216 252 15
152 37 184
299 142 118
141 93 46
14 123 273
173 39 150
165 209 134
43 29 225
296 12 99
165 258 228
30 174 180
176 158 216
60 290 190
177 263 115
55 277 238
28 282 276
11 147 18
144 189 178
201 19 189
299 183 147
227 212 154
239 88 12
287 280 134
178 157 98
125 45 75
195 72 189
4 214 37
22 190 225
32 91 243
221 223 258
200 282 3
54 222 223
198 209 203
32 219 192
129 45 236
36 239 141
225 76 55
94 229 78
151 260 168
95 181 91
185 82 74
21 267 295
243 165 37
278 197 89
170 158 133
239 27 204
80 84 279
266 177 208
44 160 169
45 87 182
135 272 96
41 125 64
168 68 228
205 178 257
293 48 248
258 119 107
162 31 190
274 297 199
182 173 59
183 217 146
198 185 250
293 225 75
57 94 274
118 131 152
75 256 32
155 47 151
261 41 181
283 15 11
182 30 17
74 45 233
52 242 250
2 236 176
208 125 102
182 242 65
34 150 153
197 5 199
48 99 239
62 82 87
72 97 116
220 170 160
154 221 235
236 55 171
112 95 295
46 276 238
242 142 220
95 39 57
293 219 155
66 280 237
152 184 34
267 105 36
259 91 89
194 27 275
197 271 70
193 17 46
263 92 20
183 186 58
239 13 109
227 78 89
164 229 106
30 29 210
197 287 133
118 15 291
93 211 262
294 236 112
40 199 203
191 214 221
81 286 233
190 213 11
278 209 72
216 71 100
126 267 220
91 217 234
83 10 277
45 4 214
288 175 113
191 198 160
113 278 146
178 168 191
189 279 100
260 195 3
193 154 102
113 244 19
47 159 160
24 37 295
237 25 170
183 49 200
43 293 178
21 171 179
211 192 158
143 285 185
145 178 39
246 290 116
97 169 107
256 192 143
251 262 1
253 277 49
153 152 174
163 172 45
42 215 237
32 190 222
217 35 100
88 113 222
203 42 91
143 297 115
285 81 77
285 34 186
166 19 38
40 14 42
217 56 89
286 219 278
208 136 145
140 224 90
194 259 131
284 102 128
99 220 41
9 38 206
27 37 224
65 76 71
238 292 258
28 278 177
138 19 14
283 290 70
73 184 161
204 168 263
164 100 16
205 240 53
111 266 221
36 163 297
238 102 122
196 261 233
73 99 84
218 82 75
287 155 91
149 191 92
244 55 191
92 259 263
276 71 229
198 238 93
195 176 27
149 72 287
82 144 218
298 63 1
73 182 287
163 31 178
87 107 65
277 198 25
73 175 95
3 73 165
227 100 41
86 248 244
205 163 220
123 161 115
255 66 297
75 61 160
85 148 267
150 257 297
174 31 5
101 165 77
265 92 9
138 10 90
82 214 85
2 169 245
117 257 143
114 32 203
106 117 51
205 99 141
203 105 171
207 205 36
117 3 259
257 140 268
47 54 15
131 55 183
208 4 272
51 249 5
87 56 253
269 260 52
110 295 156
280 36 193
148 284 195
107 241 167
207 288 220
221 251 107
237 160 243
42 43 192
46 129 80
298 99 173
182 208 168
170 22 36
63 169 20
90 276 261
256 16 82
9 70 165
248 139 25
191 180 200
83 226 29
295 57 259
168 72 168
168 241 189
204 137 190
223 226 298
17 16 15
230 156 84
96 104 222
252 127 234
152 43 292
14 38 182
272 205 253
272 73 27
293 276 163
184 33 222
182 181 237
196 244 225
112 172 162
166 256 288
101 241 31
225 254 68
107 59 272
192 32 46
219 157 154
214 41 186
136 223 200
205 251 144
131 196 148
292 62 104
280 294 45
144 220 131
211 159 190
184 52 54
62 270 210
215 17 251
234 153 7
266 190 90
242 21 118
90 145 180
26 258 7
71 102 59
201 13 218
223 29 269
276 222 72
187 138 88
270 204 73
109 3 263
31 244 116
149 166 261
161 191 52
167 261 153
226 295 297
276 218 159
78 195 81
149 214 51
69 17 87
142 257 89
105 287 33
220 136 31
14 129 222
65 129 16
50 187 11
48 163 229
39 240 256
119 221 170
170 289 186
89 131 275
178 68 262
43 121 231
74 134 60
128 199 188
4397
94841 70992
94840 71181
94838 71288
94837 71368
94835 71445
94834 71594
94832 71648
94831 71731
94829 71784
94826 71820
94825 71846
94824 71960
94821 71985
94820 72009
94819 72039
94817 72132
94815 72134
94814 72176
94813 72182
94812 72213
94811 72283
94809 72312
94809 72312
94808 72325
94806 72397
94805 72407
94804 72431
94801 72459
94800 72481
94799 72516
94798 72549
94797 72640
94792 72664
94791 72732
94787 72771
94785 72789
94784 72793
94783 72815
94782 72834
94781 72936
94779 72960
94777 72961
94776 72968
94775 73040
94772 73044
94771 73079
94769 73120
94766 73152
94763 73205
94762 73254
94758 73275
94756 73304
94754 73326
94752 73356
94751 73377
94749 73419
94747 73450
94745 73459
94744 73488
94743 73499
94741 73530
94740 73570
94737 73577
94736 73595
94735 73597
94734 73611
94732 73621
94731 73642
94730 73661
94729 73706
94727 73742
94725 73744
94724 73790
94723 73795
94722 73814
94719 73860
94717 73872
94713 73907
94711 73928
94709 73940
94706 73969
94705 74008
94702 74043
94699 74069
94698 74075
94697 74081
94696 74084
94695 74091
94693 74105
94692 74131
94690 74162
94686 74184
94685 74194
94684 74220
94682 74230
94681 74236
94680 74241
94678 74297
94672 74317
94671 74340
94667 74374
94666 74383
94665 74420
94662 74433
94659 74455
94657 74460
94656 74473
94655 74519
94654 74525
94649 74538
94647 74542
94646 74566
94645 74600
94642 74617
94640 74663
94635 74688
94631 74696
94629 74711
94628 74730
94626 74754
94624 74764
94623 74770
94622 74775
94621 74786
94619 74804
94617 74812
94615 74823
94614 74846
94612 74859
94610 74864
94609 74870
94608 74932
94602 74944
94599 74964
94598 74966
94594 75030
94588 75042
94587 75073
94583 75079
94581 75089
94580 75095
94578 75133
94574 75147
94573 75171
94566 75193
94565 75194
94564 75198
94562 75208
94561 75227
94560 75271
94556 75290
94549 75311
94547 75312
94546 75340
94540 75349
94538 75355
94537 75376
94536 75428
94527 75459
94521 75473
94520 75487
94516 75499
94513 75507
94512 75509
94511 75526
94509 75544
94507 75547
94504 75557
94503 75572
94502 75592
94497 75595
94495 75615
94492 75621
94491 75626
94490 75641
94489 75647
94488 75655
94486 75663
94485 75666
94484 75704
94476 75730
94473 75744
94470 75750
94468 75760
94467 75769
94465 75797
94460 75814
94455 75826
94454 75829
94453 75832
94451 75854
94449 75873
94447 75885
94441 75895
94439 75905
94438 75921
94435 75930
94433 75942
94430 75943
94429 75946
94428 75964
94427 75965
94426 75997
94422 76017
94417 76033
94413 76053
94412 76054
94411 76058
94410 76077
94409 76083
94403 76090
94402 76092
94401 76113
94398 76117
94394 76123
94393 76140
94392 76156
94387 76162
94386 76177
94384 76185
94382 76198
94381 76215
94377 76223
94374 76229
94372 76252
94368 76284
94364 76294
94362 76313
94358 76328
94352 76332
94352 76332
94350 76340
94349 76345
94348 76356
94346 76361
94345 76369
94343 76387
94342 76391
94339 76401
94335 76429
94331 76438
94328 76444
94327 76453
94326 76465
94325 76475
94321 76493
94317 76514
94312 76529
94308 76566
94303 76568
94301 76569
94300 76578
94298 76580
94296 76607
94292 76610
94291 76630
94286 76636
94283 76658
94281 76665
94279 76683
94278 76684
94274 76685
94272 76697
94271 76701
94270 76715
94269 76720
94265 76757
94258 76767
94256 76774
94251 76791
94248 76804
94245 76837
94244 76850
94234 76868
94229 76880
94228 76897
94226 76914
94220 76918
94219 76933
94218 76936
94212 76940
94210 76947
94209 76960
94208 76965
94206 76972
94205 76982
94204 76985
94203 77000
94202 77003
94201 77004
94199 77021
94195 77027
94192 77039
94189 77042
94188 77052
94185 77056
94183 77075
94179 77086
94176 77088
94175 77093
94174 77102
94171 77117
94167 77124
94166 77126
94165 77146
94160 77159
94159 77166
94158 77171
94157 77187
94152 77190
94149 77194
94148 77203
94146 77211
94143 77218
94141 77235
94140 77238
94137 77249
94135 77252
94134 77276
94132 77294
94126 77298
94123 77299
94122 77301
94122 77301
94121 77313
94120 77325
94118 77330
94116 77342
94110 77344
94109 77356
94107 77374
94102 77377
94101 77381
94100 77384
94100 77384
94099 77410
94094 77416
94093 77422
94090 77425
94088 77460
94082 77472
94079 77473
94076 77478
94075 77488
94074 77500
94072 77508
94070 77512
94067 77519
94066 77532
94065 77550
94060 77559
94057 77564
94055 77568
94054 77570
94052 77571
94050 77573
94049 77575
94049 77575
94048 77607
94044 77615
94041 77627
94038 77632
94037 77638
94031 77649
94030 77661
94029 77679
94024 77682
94022 77690
94021 77698
94016 77707
94015 77718
94013 77725
94012 77730
94008 77738
94007 77744
94005 77758
94004 77761
94002 77768
93998 77793
93990 77811
93987 77812
93986 77813
93985 77819
93985 77819
93984 77831
93982 77836
93980 77843
93979 77847
93977 77848
93976 77868
93971 77885
93968 77896
93964 77903
93961 77906
93960 77910
93960 77910
93958 77914
93956 77929
93955 77933
93954 77934
93952 77954
93950 77956
93949 77966
93946 77968
93944 77971
93942 77984
93938 77992
93937 77994
93936 78004
93934 78006
93932 78012
93930 78019
93930 78019
93928 78026
93925 78037
93924 78043
93923 78054
93917 78056
93917 78056
93916 78077
93914 78085
93913 78086
93908 78094
93908 78094
93906 78106
93903 78130
93896 78135
93894 78142
93892 78160
93886 78176
93882 78179
93880 78193
93878 78208
93871 78210
93871 78210
93870 78224
93869 78235
93862 78241
93861 78253
93856 78283
93850 78287
93847 78297
93845 78305
93844 78316
93840 78318
93837 78333
93836 78344
93833 78358
93828 78359
93826 78376
93824 78383
93822 78391
93815 78404
93814 78406
93811 78411
93809 78428
93808 78439
93801 78443
93801 78443
93800 78454
93797 78458
93793 78479
93786 78514
93778 78529
93771 78540
93767 78564
93759 78579
93757 78584
93751 78596
93749 78599
93748 78609
93745 78620
93740 78624
93737 78635
93735 78637
93729 78671
93723 78676
93721 78684
93715 78693
93715 78693
93713 78699
93709 78708
93709 78708
93706 78726
93701 78740
93696 78745
93695 78754
93693 78768
93690 78786
93682 78800
93679 78801
93676 78804
93675 78815
93672 78823
93671 78829
93668 78836
93664 78841
93663 78843
93660 78846
93658 78848
93657 78876
93647 78883
93646 78885
93643 78893
93641 78897
93640 78901
93638 78921
93635 78931
93631 78934
93627 78946
93625 78949
93622 78951
93621 78955
93619 78963
93619 78963
93618 78991
93605 79006
93602 79008
93601 79018
93598 79041
93594 79054
93586 79068
93580 79084
93573 79090
93571 79101
93567 79104
93564 79108
93563 79115
93561 79126
93559 79128
93556 79136
93553 79146
93552 79148
93549 79158
93547 79161
93546 79162
93544 79171
93543 79173
93541 79175
93538 79177
93536 79190
93530 79213
93527 79224
93524 79226
93523 79236
93521 79240
93514 79246
93513 79251
93509 79261
93506 79264
93505 79300
93490 79303
93488 79315
93483 79333
93476 79339
93474 79360
93467 79361
93466 79367
93464 79381
93457 79382
93457 79382
93456 79386
93455 79402
93453 79403
93450 79417
93445 79422
93444 79430
93441 79442
93440 79443
93436 79455
93434 79477
93422 79494
93418 79501
93414 79517
93406 79520
93405 79537
93397 79548
93394 79552
93393 79555
93390 79574
93384 79587
93377 79598
93374 79607
93369 79616
93368 79617
93366 79621
93365 79629
93360 79632
93359 79634
93358 79657
93350 79664
93348 79672
93346 79674
93343 79691
93334 79692
93332 79700
93330 79708
93328 79710
93327 79717
93323 79736
93319 79751
93313 79764
93311 79774
93306 79788
93295 79804
93290 79811
93285 79836
93279 79837
93276 79848
93272 79868
93262 79875
93259 79878
93258 79879
93257 79881
93256 79892
93251 79898
93251 79898
93249 79903
93248 79915
93247 79916
93243 79928
93234 79935
93233 79943
93232 79944
93230 79961
93224 79964
93223 79970
93221 79978
93217 79986
93209 79993
93208 80014
93206 80018
93204 80023
93194 80026
93193 80029
93192 80038
93191 80040
93190 80045
93188 80054
93185 80061
93180 80075
93177 80089
93169 80097
93166 80100
93164 80105
93163 80109
93162 80115
93158 80116
93157 80118
93155 80120
93153 80141
93150 80145
93146 80150
93142 80151
93140 80157
93138 80168
93134 80169
93131 80192
93125 80200
93122 80202
93120 80203
93118 80229
93109 80238
93104 80248
93101 80251
93099 80253
93096 80261
93093 80263
93091 80277
93085 80279
93084 80286
93082 80298
93077 80299
93076 80305
93075 80306
93072 80307
93072 80307
93071 80314
93070 80320
93067 80326
93066 80334
93063 80339
93062 80341
93060 80356
93051 80376
93043 80378
93040 80385
93038 80392
93036 80402
93031 80404
93030 80411
93024 80425
93020 80428
93018 80440
93013 80441
93012 80447
93009 80452
93008 80456
93007 80458
93005 80466
93004 80468
93000 80478
92999 80481
92995 80483
92994 80493
92992 80516
92985 80521
92982 80525
92978 80529
92974 80531
92971 80535
92970 80548
92963 80554
92962 80565
92960 80567
92955 80568
92954 80571
92950 80586
92949 80600
92941 80608
92938 80613
92937 80616
92936 80620
92936 80620
92934 80643
92927 80648
92918 80651
92917 80654
92916 80659
92914 80670
92912 80675
92907 80676
92904 80683
92903 80686
92902 80687
92900 80689
92898 80699
92895 80700
92892 80713
92889 80722
92885 80726
92883 80732
92878 80750
92874 80765
92869 80770
92868 80773
92863 80778
92862 80790
92854 80792
92852 80797
92850 80800
92849 80802
92848 80803
92846 80812
92843 80813
92839 80821
92837 80827
92835 80834
92830 80851
92824 80854
92823 80856
92820 80877
92813 80882
92809 80892
92808 80895
92807 80908
92799 80909
92797 80911
92795 80929
92788 80939
92780 80942
92779 80946
92778 80953
92776 80958
92773 80959
92772 80970
92771 80984
92763 80987
92761 80990
92760 80999
92755 81004
92754 81007
92751 81009
92750 81011
92748 81021
92747 81030
92741 81038
92737 81056
92729 81059
92729 81059
92728 81061
92727 81082
92717 81083
92714 81085
92713 81086
92712 81092
92708 81110
92707 81120
92700 81121
92698 81123
92696 81136
92693 81146
92686 81151
92685 81156
92683 81161
92678 81170
92673 81174
92671 81190
92665 81194
92661 81197
92660 81203
92658 81206
92658 81206
92657 81218
92650 81220
92649 81223
92647 81232
92642 81233
92642 81233
92641 81237
92640 81240
92639 81247
92635 81265
92630 81266
92629 81268
92628 81270
92627 81276
92622 81286
92620 81289
92617 81293
92615 81294
92613 81316
92605 81317
92603 81327
92599 81328
92594 81331
92593 81354
92583 81358
92581 81365
92579 81370
92577 81378
92574 81387
92571 81392
92569 81395
92564 81404
92558 81406
92557 81417
92554 81420
92552 81421
92551 81430
92548 81431
92545 81439
92544 81440
92541 81446
92539 81447
92538 81449
92538 81449
92536 81454
92533 81458
92531 81464
92530 81466
92528 81467
92527 81472
92525 81476
92523 81482
92520 81484
92519 81491
92516 81492
92513 81497
92511 81498
92510 81505
92509 81508
92508 81517
92503 81527
92499 81531
92495 81536
92492 81544
92491 81549
92486 81551
92485 81562
92483 81563
92480 81578
92472 81585
92471 81587
92466 81589
92465 81596
92464 81600
92461 81603
92460 81614
92456 81615
92455 81619
92450 81621
92449 81653
92436 81657
92435 81662
92434 81665
92430 81666
92429 81668
92428 81671
92425 81690
92420 81692
92417 81697
92414 81708
92406 81712
92405 81718
92403 81722
92401 81726
92400 81729
92399 81730
92395 81733
92394 81741
92392 81743
92389 81749
92386 81754
92386 81754
92384 81756
92383 81783
92374 81786
92370 81787
92369 81792
92368 81793
92363 81798
92361 81801
92360 81802
92358 81819
92353 81837
92341 81839
92340 81840
92338 81862
92337 81863
92335 81868
92330 81871
92330 81871
92326 81873
92322 81874
92320 81878
92319 81882
92318 81887
92316 81895
92314 81903
92307 81915
92304 81926
92300 81930
92296 81935
92294 81941
92288 81947
92286 81951
92286 81951
92284 81959
92279 81961
92277 81966
92276 81976
92269 81977
92268 81984
92265 81991
92263 81993
92258 82007
92254 82008
92252 82009
92251 82010
92249 82019
92248 82022
92246 82032
92241 82035
92239 82043
92238 82045
92233 82049
92229 82059
92226 82060
92225 82063
92223 82068
92222 82070
92221 82077
92217 82079
92215 82083
92214 82090
92213 82091
92205 82098
92203 82106
92203 82106
92198 82117
92196 82124
92194 82125
92193 82131
92190 82141
92179 82142
92178 82143
92177 82148
92176 82151
92175 82162
92170 82163
92168 82166
92167 82173
92163 82178
92161 82182
92160 82183
92159 82186
92156 82211
92147 82217
92143 82218
92139 82221
92138 82222
92137 82227
92134 82230
92133 82232
92131 82242
92129 82246
92125 82253
92119 82261
92117 82262
92112 82280
92108 82284
92107 82285
92106 82290
92102 82291
92101 82305
92091 82308
92088 82316
92086 82317
92082 82328
92080 82332
92074 82337
92074 82337
92073 82352
92069 82356
92067 82360
92065 82365
92056 82373
92055 82386
92047 82393
92040 82394
92039 82398
92038 82407
92035 82409
92033 82411
92031 82416
92025 82436
92016 82458
92012 82459
92010 82465
92000 82466
91999 82468
91996 82477
91992 82482
91991 82486
91989 82493
91985 82502
91982 82511
91981 82526
91972 82527
91964 82540
91960 82545
91955 82567
91943 82572
91938 82580
91935 82582
91934 82583
91933 82599
91931 82607
91924 82608
91920 82633
91907 82634
91906 82635
91903 82642
91898 82648
91896 82651
91895 82653
91893 82664
91888 82666
91882 82671
91881 82677
91878 82688
91874 82691
91872 82706
91863 82707
91862 82710
91857 82713
91852 82728
91848 82732
91847 82739
91845 82748
91841 82754
91838 82756
91833 82757
91828 82762
91827 82764
91825 82768
91821 82773
91819 82785
91815 82791
91809 82800
91803 82804
91802 82807
91801 82808
91800 82816
91796 82817
91793 82827
91792 82831
91787 82846
91784 82855
91773 82865
91767 82869
91763 82870
91762 82878
91757 82886
91753 82892
91747 82901
91746 82907
91741 82909
91738 82913
91735 82920
91734 82924
91729 82925
91728 82938
91727 82939
91726 82942
91720 82946
91717 82950
91714 82952
91712 82954
91710 82962
91708 82967
91701 82989
91691 82991
91689 82994
91685 82996
91683 83007
91676 83013
91676 83013
91674 83020
91673 83022
91669 83023
91668 83029
91665 83031
91662 83034
91660 83036
91659 83050
91655 83058
91649 83059
91647 83074
91635 83079
91633 83080
91632 83082
91631 83089
91624 83092
91622 83093
91621 83100
91620 83101
91617 83103
91616 83105
91613 83114
91610 83115
91608 83127
91601 83132
91598 83138
91590 83156
91586 83159
91582 83164
91581 83172
91572 83180
91566 83185
91564 83189
91563 83192
91557 83193
91556 83196
91555 83198
91553 83201
91552 83209
91551 83212
91546 83213
91541 83222
91540 83244
91528 83249
91524 83250
91522 83253
91516 83265
91510 83271
91509 83272
91507 83280
91502 83281
91497 83289
91495 83293
91492 83296
91490 83297
91489 83303
91485 83304
91483 83318
91480 83323
91480 83323
91475 83325
91474 83326
91472 83332
91468 83334
91465 83335
91463 83338
91462 83347
91458 83357
91453 83374
91440 83379
91436 83380
91433 83387
91431 83396
91425 83405
91422 83412
91414 83414
91413 83416
91411 83422
91409 83430
91400 83440
91394 83441
91393 83444
91391 83445
91389 83447
91387 83456
91384 83468
91379 83470
91375 83478
91373 83485
91367 83486
91365 83490
91365 83490
91361 83496
91360 83500
91353 83512
91346 83514
91345 83519
91344 83525
91340 83527
91338 83534
91334 83538
91331 83539
91331 83539
91330 83540
91330 83540
91329 83541
91326 83542
91324 83543
91321 83549
91319 83563
91312 83567
91311 83570
91308 83579
91302 83584
91295 83586
91294 83589
91291 83592
91290 83601
91285 83603
91283 83608
91281 83611
91280 83616
91272 83625
91272 83625
91268 83627
91266 83638
91261 83642
91256 83643
91253 83644
91252 83647
91252 83647
91252 83647
91252 83647
91250 83651
91250 83651
91249 83654
91248 83659
91243 83676
91239 83678
91233 83680
91230 83686
91228 83690
91223 83694
91221 83710
91217 83712
91210 83714
91209 83715
91205 83720
91201 83724
91200 83725
91199 83730
91194 83731
91192 83733
91191 83740
91190 83741
91187 83743
91186 83745
91185 83746
91183 83748
91180 83754
91179 83759
91175 83763
91170 83770
91164 83771
91163 83785
91158 83786
91154 83790
91152 83791
91149 83798
91148 83804
91145 83808
91138 83814
91133 83815
91133 83815
91132 83818
91131 83819
91131 83819
91130 83820
91130 83820
91129 83826
91127 83830
91124 83833
91123 83842
91116 83844
91112 83848
91111 83854
91105 83869
91097 83876
91095 83880
91091 83882
91088 83886
91082 83897
91082 83897
91079 83905
91073 83914
91069 83916
91066 83920
91064 83921
91060 83926
91056 83930
91055 83932
91052 83933
91051 83935
91048 83938
91045 83941
91042 83949
91040 83951
91037 83954
91033 83961
91029 83968
91026 83972
91022 83974
91020 83983
91012 83985
91010 83986
91009 83992
91004 84001
90996 84008
90995 84013
90991 84015
90990 84016
90988 84020
90985 84026
90982 84035
90977 84037
90974 84042
90972 84046
90968 84048
90965 84052
90963 84060
90956 84062
90954 84064
90951 84065
90951 84065
90948 84071
90946 84075
90943 84082
90938 84085
90937 84092
90931 84094
90929 84095
90928 84100
90926 84102
90925 84109
90919 84115
90912 84119
90911 84136
90899 84141
90896 84144
90892 84148
90890 84158
90881 84165
90878 84166
90876 84174
90874 84178
90868 84184
90864 84188
90862 84192
90858 84193
90853 84207
90847 84211
90843 84212
90841 84219
90837 84221
90836 84224
90832 84228
90828 84241
90818 84243
90815 84247
90812 84255
90810 84256
90806 84262
90798 84269
90796 84272
90794 84273
90792 84278
90789 84288
90785 84290
90781 84296
90775 84311
90770 84312
90763 84314
90759 84318
90756 84322
90753 84325
90750 84334
90747 84339
90746 84343
90738 84349
90734 84350
90733 84351
90731 84359
90727 84373
90717 84382
90710 84386
90703 84395
90699 84396
90698 84404
90693 84405
90689 84410
90688 84414
90684 84422
90680 84428
90669 84444
90664 84445
90655 84452
90652 84457
90652 84457
90649 84461
90645 84463
90642 84466
90641 84467
90638 84470
90637 84477
90633 84481
90632 84483
90629 84484
90626 84493
90623 84496
90619 84497
90616 84501
90613 84507
90607 84513
90599 84520
90597 84523
90595 84528
90592 84529
90589 84537
90583 84538
90582 84542
90581 84547
90574 84553
90570 84559
90567 84563
90563 84570
90563 84570
90556 84572
90555 84575
90555 84575
90553 84583
90551 84596
90537 84599
90534 84601
90534 84601
90529 84605
90527 84613
90526 84615
90522 84628
90512 84630
90510 84632
90505 84641
90502 84643
90497 84655
90485 84656
90483 84664
90480 84667
90479 84677
90470 84678
90469 84679
90468 84680
90466 84688
90462 84690
90456 84691
90454 84694
90452 84697
90451 84699
90450 84705
90442 84707
90440 84709
90439 84713
90437 84720
90432 84723
90431 84725
90427 84727
90426 84730
90425 84736
90421 84742
90417 84750
90416 84753
90408 84767
90396 84774
90389 84776
90385 84779
90383 84784
90379 84799
90369 84801
90365 84804
90362 84812
90357 84815
90355 84816
90354 84817
90351 84819
90350 84823
90349 84831
90340 84833
90337 84834
90336 84848
90326 84850
90325 84851
90321 84858
90319 84861
90314 84862
90314 84862
90313 84869
90309 84871
90306 84874
90304 84875
90301 84882
90295 84890
90289 84894
90287 84895
90285 84896
90283 84903
90278 84904
90277 84910
90274 84912
90272 84919
90266 84921
90264 84924
90263 84926
90262 84929
90258 84931
90255 84932
90252 84933
90251 84935
90250 84937
90247 84942
90244 84946
90242 84950
90237 84956
90235 84957
90233 84961
90228 84964
90224 84965
90222 84974
90218 84978
90216 84980
90212 84986
90207 84991
90206 85002
90194 85005
90192 85016
90180 85019
90179 85023
90174 85027
90173 85030
90167 85034
90166 85038
90162 85040
90161 85047
90159 85051
90158 85055
90146 85058
90142 85061
90141 85064
90141 85064
90141 85064
90139 85072
90133 85078
90130 85080
90128 85082
90125 85085
90121 85090
90119 85092
90115 85100
90108 85102
90107 85106
90103 85109
90101 85110
90099 85111
90096 85119
90093 85120
90091 85122
90087 85123
90087 85123
90086 85127
90085 85131
90079 85136
90078 85140
90074 85141
90073 85151
90069 85153
90064 85160
90061 85167
90051 85173
90045 85177
90044 85180
90039 85184
90037 85186
90035 85189
90031 85191
90030 85195
90026 85198
90024 85199
90022 85205
90016 85207
90015 85212
90013 85214
90011 85215
90008 85221
90003 85223
90002 85224
90000 85227
89999 85228
89997 85231
89993 85234
89991 85237
89990 85240
89987 85244
89981 85246
89979 85254
89974 85255
89972 85261
89967 85262
89966 85269
89961 85272
89960 85279
89952 85283
89946 85285
89944 85291
89941 85293
89939 85297
89938 85298
89936 85301
89935 85302
89931 85304
89930 85306
89925 85313
89922 85317
89920 85322
89916 85325
89912 85326
89911 85329
89906 85333
89903 85335
89900 85338
89898 85342
89897 85349
89887 85354
89884 85357
89882 85358
89878 85363
89878 85363
89875 85367
89870 85369
89869 85370
89868 85374
89863 85379
89862 85383
89858 85386
89856 85389
89855 85390
89852 85392
89849 85396
89848 85399
89841 85402
89840 85403
89839 85406
89836 85409
89834 85414
89829 85417
89826 85422
89821 85427
89819 85429
89818 85431
89814 85434
89812 85439
89806 85442
89800 85448
89799 85451
89798 85453
89795 85454
89794 85455
89792 85458
89791 85460
89787 85463
89786 85465
89783 85471
89781 85472
89779 85473
89777 85477
89772 85478
89768 85479
89767 85481
89766 85482
89764 85488
89762 85491
89761 85496
89755 85497
89752 85498
89751 85505
89749 85507
89745 85508
89745 85508
89745 85508
89744 85509
89741 85513
89740 85520
89734 85522
89732 85523
89730 85525
89727 85528
89724 85529
89724 85529
89724 85529
89723 85532
89721 85537
89717 85538
89715 85544
89713 85546
89711 85547
89710 85548
89708 85549
89705 85554
89702 85557
89699 85560
89696 85563
89695 85564
89692 85565
89691 85567
89691 85567
89690 85571
89684 85575
89683 85576
89681 85579
89680 85580
89679 85581
89678 85584
89675 85585
89674 85587
89673 85595
89665 85597
89665 85597
89664 85598
89661 85600
89659 85605
89654 85609
89651 85613
89649 85614
89647 85616
89646 85618
89645 85619
89642 85620
89640 85622
89637 85627
89635 85630
89634 85633
89630 85634
89629 85637
89628 85642
89619 85646
89619 85646
89617 85652
89616 85654
89612 85659
89608 85662
89603 85669
89598 85671
89597 85673
89594 85684
89584 85686
89582 85687
89578 85689
89575 85693
89573 85694
89572 85698
89570 85699
89568 85704
89565 85705
89563 85707
89559 85708
89557 85714
89554 85719
89552 85721
89550 85723
89547 85727
89546 85729
89539 85731
89536 85735
89536 85735
89535 85737
89534 85738
89532 85743
89529 85744
89528 85746
89526 85751
89523 85753
89516 85758
89513 85762
89509 85764
89507 85769
89506 85770
89504 85771
89499 85773
89498 85782
89493 85784
89490 85785
89489 85787
89488 85794
89479 85796
89478 85797
89477 85802
89473 85803
89471 85805
89470 85807
89468 85808
89466 85812
89463 85814
89461 85815
89460 85816
89458 85821
89455 85827
89454 85828
89448 85830
89447 85834
89443 85837
89442 85838
89436 85846
89431 85847
89429 85848
89428 85850
89427 85851
89426 85852
89425 85853
89425 85853
89424 85856
89420 85858
89419 85860
89415 85866
89412 85868
89410 85869
89410 85869
89409 85870
89408 85871
89406 85876
89401 85878
89400 85879
89399 85883
89396 85889
89392 85894
89386 85899
89381 85901
89380 85902
89380 85902
89377 85906
89376 85909
89372 85910
89370 85912
89367 85913
89366 85919
89364 85921
89359 85923
89355 85924
89354 85926
89353 85931
89353 85931
89350 85933
89347 85934
89347 85934
89346 85942
89341 85944
89340 85945
89336 85951
89332 85954
89327 85955
89326 85958
89325 85959
89324 85961
89320 85962
89319 85969
89315 85976
89307 85978
89306 85981
89304 85983
89302 85985
89299 85986
89296 85992
89291 85995
89289 86005
89284 86006
89280 86007
89279 86009
89276 86011
89275 86013
89274 86015
89270 86018
89265 86025
89260 86026
89258 86030
89256 86034
89254 86036
89253 86040
89246 86043
89245 86044
89242 86045
89241 86047
89241 86047
89240 86048
89239 86049
89237 86050
89234 86056
89233 86059
89227 86069
89222 86070
89218 86073
89217 86074
89216 86076
89212 86078
89210 86079
89209 86082
89204 86086
89203 86089
89200 86093
89197 86094
89195 86095
89195 86095
89194 86098
89189 86100
89187 86101
89186 86102
89185 86105
89184 86109
89183 86110
89179 86111
89178 86115
89175 86116
89174 86118
89172 86119
89170 86121
89170 86121
89168 86123
89168 86123
89164 86129
89161 86130
89159 86133
89155 86138
89154 86140
89151 86141
89150 86142
89147 86143
89146 86145
89144 86147
89143 86148
89142 86149
89139 86154
89138 86157
89135 86158
89133 86159
89133 86159
89130 86162
89128 86163
89127 86164
89125 86165
89124 86168
89123 86169
89122 86171
89120 86172
89118 86175
89116 86177
89113 86180
89111 86181
89111 86181
89109 86185
89108 86186
89104 86191
89100 86192
89099 86195
89098 86198
89093 86202
89090 86204
89089 86205
89085 86207
89085 86207
89084 86209
89084 86209
89084 86209
89082 86212
89080 86213
89079 86216
89078 86217
89077 86219
89077 86219
89075 86220
89074 86221
89071 86223
89070 86224
89067 86225
89066 86226
89066 86226
89065 86228
89063 86231
89063 86231
89062 86232
89061 86233
89061 86233
89060 86235
89056 86239
89055 86243
89054 86244
89050 86245
89047 86248
89044 86253
89040 86255
89040 86255
89037 86259
89036 86262
89034 86264
89030 86267
89027 86269
89024 86271
89021 86274
89020 86276
89019 86277
89017 86278
89016 86281
89015 86284
89014 86287
89010 86288
89005 86290
89003 86292
89002 86295
89001 86296
88999 86297
88994 86302
88992 86308
88986 86309
88986 86309
88985 86311
88983 86315
88982 86317
88978 86319
88974 86321
88972 86322
88971 86324
88970 86326
88968 86331
88966 86332
88962 86335
88961 86336
88957 86338
88956 86341
88954 86342
88953 86348
88948 86352
88943 86354
88943 86354
88942 86355
88941 86358
88937 86359
88937 86359
88937 86359
88937 86359
88936 86366
88932 86368
88930 86369
88930 86369
88926 86372
88923 86373
88921 86374
88921 86374
88920 86378
88918 86382
88914 86383
88913 86384
88910 86386
88910 86386
88910 86386
88909 86388
88909 86388
88908 86391
88907 86394
88903 86395
88901 86396
88899 86400
88895 86402
88894 86404
88893 86405
88893 86405
88890 86406
88889 86411
88888 86414
88882 86419
88880 86422
88875 86423
88874 86424
88873 86428
88869 86431
88868 86433
88867 86437
88863 86438
88861 86441
88858 86442
88855 86443
88854 86445
88854 86445
88851 86446
88849 86450
88847 86453
88845 86458
88840 86459
88838 86460
88837 86461
88836 86465
88832 86466
88831 86469
88831 86469
88826 86471
88826 86471
88825 86474
88824 86475
88822 86477
88821 86478
88819 86479
88819 86479
88819 86479
88818 86486
88809 86490
88808 86491
88806 86492
88805 86494
88804 86498
88801 86502
88796 86504
88794 86508
88792 86509
88791 86510
88789 86516
88782 86517
88780 86519
88777 86520
88776 86523
88775 86525
88773 86526
88771 86531
88768 86533
88763 86536
88761 86538
88760 86542
88755 86546
88754 86549
88752 86550
88748 86551
88746 86555
88745 86560
88742 86561
88741 86564
88735 86569
88728 86573
88726 86578
88721 86580
88720 86582
88719 86584
88716 86587
88713 86588
88711 86590
88710 86591
88708 86593
88706 86594
88704 86595
88703 86597
88702 86598
88700 86603
88697 86605
88694 86607
88692 86610
88688 86613
88687 86616
88683 86617
88681 86620
88679 86621
88678 86624
88676 86625
88675 86627
88672 86629
88670 86630
88669 86632
88668 86635
88665 86636
88662 86640
88658 86641
88657 86648
88656 86649
88652 86652
88647 86654
88646 86655
88644 86657
88643 86658
88643 86658
88640 86662
88638 86665
88634 86667
88632 86668
88629 86672
88628 86673
88627 86674
88625 86676
88624 86680
88617 86681
88616 86683
88614 86687
88610 86691
88609 86692
88607 86693
88606 86695
88605 86696
88602 86700
88598 86702
88596 86703
88594 86705
88591 86710
88589 86711
88586 86712
88585 86718
88584 86719
88583 86720
88579 86724
88575 86727
88574 86730
88573 86732
88565 86738
88563 86741
88563 86741
88559 86744
88552 86747
88551 86751
88547 86753
88547 86753
88546 86754
88544 86757
88544 86757
88541 86759
88541 86759
88541 86759
88539 86762
88535 86763
88532 86768
88529 86772
88525 86776
88523 86779
88521 86782
88518 86783
88514 86784
88512 86789
88510 86791
88505 86794
88502 86798
88501 86801
88500 86803
88496 86807
88492 86810
88490 86812
88487 86813
88487 86813
88486 86815
88485 86818
88482 86821
88476 86827
88471 86828
88469 86831
88468 86835
88465 86836
88463 86840
88456 86843
88455 86844
88452 86845
88451 86849
88450 86850
88448 86851
88444 86855
88441 86858
88439 86861
88438 86862
88433 86863
88432 86865
88430 86870
88428 86871
88427 86872
88426 86874
88423 86878
88417 86882
88413 86883
88412 86887
88409 86889
88407 86892
88403 86898
88401 86900
88399 86902
88398 86904
88391 86908
88387 86913
88384 86915
88380 86918
88375 86922
88373 86924
88372 86925
88371 86927
88369 86928
88368 86929
88365 86934
88360 86941
88355 86942
88354 86943
88352 86946
88347 86949
88345 86950
88344 86953
88340 86963
88331 86966
88327 86967
88327 86967
88326 86976
88320 86977
88316 86990
88304 86991
88303 86992
88302 86997
88298 87000
88295 87001
88290 87003
88289 87006
88287 87007
88283 87010
88282 87013
88282 87013
88281 87014
88280 87016
88276 87017
88273 87019
88272 87021
88271 87022
88270 87023
88269 87024
88267 87026
88266 87030
88261 87034
88258 87037
88255 87038
88253 87040
88251 87044
88249 87046
88245 87048
88243 87056
88237 87057
88233 87068
88220 87077
88215 87080
88210 87084
88207 87087
88200 87090
88199 87092
88198 87093
88197 87094
88196 87095
88193 87101
88185 87105
88184 87106
88183 87108
88178 87109
88177 87116
88175 87118
88169 87122
88167 87123
88164 87127
88161 87130
88159 87140
88147 87143
88142 87145
88137 87151
88136 87153
88133 87154
88133 87154
88131 87156
88130 87158
88125 87159
88124 87167
88121 87168
88117 87176
88110 87178
88107 87181
88101 87183
88100 87185
88097 87188
88096 87189
88094 87190
88092 87191
88092 87191
88091 87195
88086 87196
88084 87201
88083 87203
88077 87209
88075 87214
88065 87219
88062 87221
88062 87221
88060 87225
88059 87226
88056 87229
88051 87231
88049 87238
88043 87248
88033 87253
88023 87260
88015 87263
88014 87266
88011 87272
88003 87279
87998 87280
87995 87281
87994 87283
87991 87289
87986 87294
87978 87295
87977 87298
87976 87304
87972 87307
87969 87308
87968 87309
87964 87310
87963 87312
87957 87320
87952 87324
87949 87327
87944 87329
87942 87332
87941 87334
87940 87337
87933 87339
87932 87341
87927 87344
87925 87347
87924 87348
87923 87351
87918 87356
87917 87361
87907 87362
87904 87368
87898 87371
87895 87380
87885 87384
87881 87387
87878 87391
87877 87392
87874 87393
87870 87398
87865 87399
87864 87403
87857 87405
87855 87407
87853 87409
87851 87410
87851 87410
87850 87417
87845 87419
87843 87421
87840 87424
87835 87428
87833 87431
87826 87437
87820 87440
87816 87445
87813 87450
87808 87453
87805 87458
87801 87459
87798 87461
87794 87466
87785 87472
87783 87475
87780 87478
87778 87481
87773 87490
87761 87493
87759 87497
87753 87499
87752 87504
87747 87505
87744 87511
87735 87518
87729 87526
87726 87527
87718 87529
87717 87534
87711 87536
87709 87537
87708 87539
87704 87542
87700 87548
87695 87549
87690 87555
87684 87556
87683 87560
87681 87562
87679 87571
87667 87574
87665 87575
87664 87579
87660 87580
87656 87584
87654 87591
87647 87593
87645 87596
87641 87597
87638 87603
87629 87605
87628 87606
87627 87607
87625 87611
87623 87612
87618 87619
87608 87624
87604 87626
87602 87627
87601 87628
87600 87640
87591 87643
87582 87647
87581 87651
87572 87658
87569 87664
87558 87665
87556 87671
87551 87672
87549 87675
87548 87676
87548 87676
87547 87680
87538 87686
87535 87687
87531 87693
87523 87698
87521 87706
87519 87709
87509 87711
87508 87715
87502 87721
87492 87726
87482 87727
87480 87736
87474 87739
87470 87740
87469 87742
87468 87744
87465 87746
87463 87747
87462 87748
87461 87751
87453 87759
87449 87760
87444 87764
87440 87767
87439 87768
87437 87771
87435 87772
87428 87784
87423 87788
87414 87791
87411 87792
87405 87794
87403 87795
87402 87796
87401 87797
87399 87799
87396 87800
87395 87801
87394 87802
87391 87810
87386 87812
87382 87813
87381 87817
87377 87818
87374 87819
87373 87821
87372 87822
87371 87825
87367 87827
87365 87830
87362 87831
87361 87832
87359 87834
87358 87835
87352 87839
87348 87841
87347 87848
87344 87849
87338 87853
87332 87854
87331 87855
87327 87859
87325 87863
87322 87864
87318 87868
87313 87871
87309 87876
87306 87878
87305 87880
87304 87881
87301 87883
87297 87884
87294 87887
87294 87887
87291 87889
87289 87891
87289 87891
87288 87893
87284 87899
87279 87904
87271 87905
87269 87907
87267 87909
87266 87912
87263 87916
87261 87917
87255 87922
87250 87925
87247 87926
87245 87927
87242 87928
87241 87929
87237 87935
87233 87937
87230 87939
87228 87942
87227 87943
87225 87948
87221 87951
87219 87954
87212 87960
87198 87961
87197 87966
87193 87968
87191 87971
87188 87976
87185 87979
87181 87980
87181 87980
87179 87981
87177 87983
87173 87984
87172 87987
87170 87988
87166 87994
87161 87995
87160 87996
87158 87999
87157 88000
87154 88003
87152 88005
87151 88008
87148 88009
87144 88010
87142 88013
87135 88018
87132 88019
87130 88022
87125 88023
87124 88025
87121 88029
87119 88030
87117 88035
87111 88038
87110 88040
87102 88048
87097 88049
87093 88052
87091 88053
87088 88058
87081 88059
87080 88060
87080 88060
87079 88062
87078 88066
87073 88067
87071 88070
87069 88071
87068 88075
87065 88080
87061 88082
87050 88084
87049 88087
87048 88090
87045 88092
87040 88093
87039 88096
87034 88099
87033 88101
87027 88105
87021 88106
87020 88110
87016 88111
87015 88112
87014 88114
87013 88115
87012 88116
87011 88117
87008 88119
87007 88125
87001 88129
86998 88134
86990 88136
86983 88138
86982 88139
86979 88140
86978 88144
86973 88152
86970 88157
86958 88158
86956 88160
86953 88161
86951 88162
86951 88162
86950 88163
86949 88165
86948 88167
86946 88168
86944 88169
86943 88171
86937 88175
86935 88183
86922 88191
86921 88197
86913 88201
86904 88207
86892 88209
86890 88214
86885 88216
86883 88220
86877 88221
86876 88222
86874 88227
86871 88230
86869 88233
86867 88234
86864 88237
86860 88238
86856 88240
86853 88242
86852 88243
86850 88249
86843 88250
86839 88252
86838 88253
86837 88254
86836 88260
86826 88272
86813 88278
86806 88279
86803 88281
86801 88286
86797 88291
86789 88295
86787 88300
86775 88305
86772 88306
86764 88318
86751 88322
86748 88336
86731 88337
86726 88341
86720 88342
86719 88344
86718 88352
86712 88354
86706 88364
86694 88365
86693 88372
86679 88373
86677 88376
86675 88380
86672 88381
86669 88384
86667 88388
86666 88398
86653 88400
86649 88401
86643 88405
86641 88408
86638 88410
86633 88413
86632 88415
86632 88415
86630 88418
86624 88421
86619 88430
86606 88433
86605 88437
86600 88440
86598 88442
86594 88446
86582 88448
86580 88451
86579 88452
86578 88456
86573 88458
86569 88459
86567 88460
86565 88463
86560 88469
86558 88472
86556 88476
86549 88478
86547 88485
86539 88487
86530 88488
86528 88490
86523 88491
86522 88497
86515 88503
86508 88505
86507 88507
86505 88509
86503 88512
86503 88512
86495 88513
86493 88518
86492 88522
86490 88524
86489 88527
86475 88533
86467 88534
86465 88538
86460 88539
86459 88543
86449 88545
86447 88548
86446 88551
86442 88555
86440 88558
86432 88561
86430 88564
86427 88565
86424 88569
86420 88570
86419 88571
86417 88575
86415 88578
86412 88581
86401 88584
86395 88590
86386 88591
86385 88592
86384 88594
86383 88597
86379 88601
86372 88616
86362 88622
86343 88626
86340 88630
86339 88631
86338 88632
86331 88633
86327 88640
86324 88643
86320 88652
86299 88656
86294 88657
86288 88673
86271 88675
86267 88682
86258 88683
86256 88686
86252 88687
86251 88688
86248 88689
86247 88692
86245 88693
86241 88702
86229 88705
86226 88715
86216 88721
86200 88727
86193 88729
86189 88730
86188 88732
86186 88735
86179 88736
86177 88738
86175 88743
86171 88744
86166 88746
86163 88751
86162 88753
86153 88755
86148 88756
86143 88758
86142 88759
86141 88761
86138 88764
86136 88765
86133 88770
86123 88771
86120 88773
86119 88776
86118 88780
86112 88782
86110 88785
86106 88791
86092 88792
86090 88793
86086 88796
86085 88799
86078 88800
86076 88806
86072 88809
86068 88816
86059 88817
86056 88820
86048 88822
86048 88822
86046 88825
86039 88831
86033 88832
86032 88833
86026 88839
86024 88842
86018 88843
86016 88855
86003 88857
85996 88858
85992 88860
85991 88862
85983 88868
85982 88869
85977 88870
85976 88871
85972 88872
85970 88875
85965 88878
85964 88891
85941 88893
85941 88893
85936 88895
85934 88898
85933 88899
85927 88901
85924 88905
85919 88907
85917 88910
85913 88914
85909 88916
85904 88922
85901 88927
85885 88928
85884 88931
85882 88934
85872 88935
85871 88938
85868 88940
85863 88944
85860 88946
85853 88947
85852 88950
85848 88952
85842 88955
85840 88957
85837 88959
85834 88960
85832 88967
85821 88969
85817 88974
85807 88976
85804 88977
85802 88978
85800 88980
85797 88982
85796 88983
85794 88986
85791 88988
85789 88991
85788 88993
85779 88995
85776 88996
85772 88998
85769 89003
85761 89009
85752 89011
85752 89011
85747 89015
85743 89017
85740 89022
85737 89023
85728 89028
85725 89029
85724 89032
85714 89034
85710 89036
85705 89037
85704 89039
85701 89040
85700 89042
85699 89043
85698 89045
85697 89047
85689 89050
85685 89051
85683 89054
85680 89059
85674 89062
85672 89063
85664 89065
85661 89066
85658 89068
85654 89069
85653 89070
85651 89074
85646 89081
85641 89085
85633 89087
85625 89088
85623 89089
85617 89095
85611 89098
85609 89100
85606 89106
85594 89111
85585 89113
85584 89118
85573 89122
85572 89125
85561 89126
85560 89129
85553 89130
85551 89131
85550 89132
85548 89133
85545 89134
85544 89135
85541 89142
85534 89144
85531 89147
85520 89152
85519 89156
85514 89160
85502 89162
85501 89163
85500 89165
85495 89167
85493 89170
85483 89173
85480 89178
85473 89179
85472 89180
85471 89181
85469 89184
85462 89188
85455 89192
85448 89194
85447 89196
85447 89196
85440 89200
85433 89206
85427 89207
85422 89208
85421 89210
85419 89217
85412 89223
85398 89227
85392 89228
85387 89230
85386 89232
85382 89233
85381 89236
85379 89237
85374 89241
85366 89242
85365 89243
85358 89246
85354 89248
85352 89254
85344 89259
85339 89262
85335 89263
85324 89264
85324 89264
85321 89267
85320 89268
85319 89269
85317 89271
85316 89275
85311 89277
85306 89282
85292 89290
85279 89293
85276 89294
85273 89296
85272 89299
85264 89302
85259 89313
85243 89314
85241 89315
85240 89319
85232 89321
85226 89322
85226 89322
85224 89325
85222 89329
85222 89329
85217 89332
85204 89335
85200 89336
85199 89337
85198 89338
85192 89341
85191 89342
85189 89343
85185 89347
85184 89350
85178 89351
85174 89358
85165 89360
85159 89361
85156 89362
85155 89364
85151 89365
85149 89368
85148 89372
85137 89374
85137 89374
85136 89375
85133 89376
85132 89377
85125 89379
85125 89379
85125 89379
85124 89380
85123 89381
85121 89386
85114 89389
85108 89390
85107 89391
85100 89392
85100 89392
85099 89394
85096 89395
85095 89396
85092 89397
85091 89400
85090 89404
85085 89406
85077 89408
85074 89410
85073 89411
85070 89415
85059 89416
85056 89421
85053 89422
85049 89423
85043 89428
85040 89429
85038 89432
85033 89434
85027 89437
85019 89439
85019 89439
85016 89440
85013 89442
85009 89443
85008 89446
85004 89448
85001 89450
84998 89451
84996 89452
84993 89455
84989 89456
84987 89457
84985 89463
84974 89464
84973 89468
84967 89469
84965 89472
84960 89473
84959 89475
84954 89476
84953 89477
84948 89479
84944 89481
84940 89482
84940 89482
84938 89489
84927 89491
84926 89498
84917 89499
84911 89500
84910 89504
84902 89506
84901 89509
84896 89511
84891 89513
84883 89515
84879 89518
84875 89519
84871 89520
84870 89525
84865 89529
84863 89534
84849 89537
84842 89540
84840 89542
84837 89543
84833 89545
84831 89551
84816 89552
84813 89554
84812 89555
84809 89556
84806 89559
84801 89564
84795 89570
84786 89573
84779 89575
84777 89578
84767 89586
84760 89588
84744 89591
84741 89592
84737 89593
84736 89596
84735 89598
84734 89609
84705 89611
84704 89613
84702 89616
84699 89622
84681 89630
84676 89634
84669 89639
84655 89640
84655 89640
84653 89645
84642 89656
84622 89663
84615 89664
84608 89670
84606 89675
84592 89676
84583 89677
84582 89687
84574 89692
84549 89696
84548 89699
84547 89700
84537 89703
84534 89705
84533 89710
84533 89710
84526 89712
84514 89723
84491 89724
84490 89726
84487 89729
84476 89730
84475 89739
84457 89742
84455 89746
84448 89747
84444 89748
84443 89756
84441 89757
84432 89759
84425 89761
84419 89764
84411 89765
84410 89766
84405 89772
84392 89782
84383 89783
84381 89788
84372 89790
84363 89792
84358 89802
84347 89804
84339 89808
84319 89810
84316 89811
84313 89813
84311 89814
84309 89819
84301 89823
84296 89825
84294 89826
84292 89832
84287 89835
84271 89839
84268 89840
84263 89846
84256 89847
84254 89853
84234 89856
84227 89858
84219 89859
84219 89859
84217 89862
84217 89862
84215 89868
84211 89870
84208 89871
84198 89875
84182 89877
84177 89884
84170 89885
84170 89885
84164 89888
84162 89890
84160 89896
84149 89901
84134 89907
84121 89911
84113 89913
84110 89916
84100 89917
84096 89918
84094 89923
84088 89926
84080 89931
84071 89932
84067 89934
84057 89936
84054 89938
84054 89938
84049 89942
84046 89945
84040 89948
84031 89959
84008 89962
84007 89965
83998 89967
83991 89973
83983 89977
83976 89985
83954 89986
83952 89988
83942 89994
83934 89998
83931 90001
83922 90005
83920 90006
83904 90010
83898 90013
83890 90019
83881 90020
83877 90021
83873 90027
83864 90030
83849 90035
83842 90037
83839 90039
83835 90045
83826 90046
83819 90047
83817 90050
83807 90051
83802 90055
83796 90058
83790 90061
83781 90063
83779 90065
83769 90066
83768 90068
83765 90075
83759 90078
83747 90082
83741 90085
83738 90086
83732 90087
83726 90090
83720 90093
83707 90095
83703 90096
83699 90101
83695 90102
83693 90103
83686 90108
83677 90109
83676 90110
83668 90111
83667 90112
83662 90117
83648 90119
83648 90119
83647 90122
83645 90123
83644 90129
83633 90134
83624 90135
83615 90136
83611 90139
83597 90141
83597 90141
83595 90142
83593 90146
83592 90149
83585 90150
83584 90153
83578 90159
83554 90167
83551 90170
83532 90172
83526 90173
83524 90176
83521 90177
83517 90178
83513 90181
83505 90183
83500 90185
83497 90188
83492 90192
83483 90193
83475 90196
83470 90199
83461 90200
83460 90201
83455 90204
83453 90208
83451 90209
83442 90210
83434 90214
83426 90219
83417 90220
83413 90222
83413 90222
83412 90224
83406 90225
83398 90227
83397 90228
83388 90230
83385 90233
83383 90236
83374 90237
83364 90245
83355 90246
83346 90248
83340 90249
83336 90260
83319 90261
83310 90263
83305 90265
83304 90269
83289 90272
83287 90273
83285 90275
83276 90280
83271 90281
83265 90282
83260 90283
83257 90285
83253 90286
83249 90289
83246 90296
83237 90297
83233 90300
83216 90302
83213 90305
83203 90306
83199 90314
83190 90315
83183 90317
83179 90318
83177 90321
83169 90323
83162 90326
83152 90328
83150 90329
83146 90330
83143 90333
83142 90334
83133 90338
83124 90339
83121 90342
83118 90345
83109 90347
83105 90353
83096 90357
83080 90359
83077 90360
83075 90362
83066 90364
83063 90367
83057 90372
83042 90373
83041 90374
83038 90375
83030 90377
83029 90378
83028 90379
83024 90380
83023 90381
83018 90382
83017 90383
83015 90386
83006 90387
83003 90388
82996 90391
82991 90395
82984 90396
82982 90397
82980 90399
82975 90400
82968 90406
82957 90408
82949 90409
82946 90411
82939 90413
82933 90416
82925 90417
82924 90420
82919 90423
82912 90425
82909 90426
82903 90430
82895 90433
82892 90436
82878 90440
82873 90444
82854 90449
82845 90450
82842 90453
82837 90457
82826 90458
82822 90459
82821 90462
82813 90464
82805 90471
82797 90472
82789 90474
82780 90477
82775 90480
82768 90481
82767 90486
82756 90487
82749 90488
82748 90490
82740 90491
82737 90495
82730 90498
82721 90500
82719 90502
82716 90507
82701 90510
82693 90514
82681 90516
82678 90522
82662 90524
82657 90525
82651 90527
82650 90529
82648 90530
82644 90531
82634 90532
82631 90537
82623 90539
82618 90540
82613 90543
82607 90544
82605 90545
82601 90547
82595 90551
82587 90555
82578 90559
82566 90561
82564 90562
82558 90563
82554 90564
82551 90568
82539 90572
82538 90576
82524 90578
82521 90579
82512 90581
82511 90587
82498 90590
82488 90592
82477 90599
82460 90601
82458 90602
82450 90603
82447 90609
82440 90612
82439 90613
82427 90614
82416 90617
82415 90618
82409 90619
82409 90619
82406 90620
82405 90624
82400 90628
82383 90629
82382 90630
82378 90634
82373 90638
82360 90642
82357 90643
82350 90645
82349 90646
82333 90651
82325 90655
82317 90656
82311 90657
82306 90658
82300 90659
82300 90659
82299 90663
82297 90670
82272 90671
82270 90675
82267 90679
82251 90684
82232 90690
82224 90693
82217 90694
82211 90700
82202 90701
82197 90704
82193 90706
82180 90707
82178 90709
82166 90716
82153 90719
82148 90721
82142 90724
82134 90726
82121 90730
82116 90731
82113 90735
82107 90738
82092 90741
82088 90742
82082 90745
82081 90746
82069 90748
82065 90749
82058 90753
82051 90755
82048 90757
82035 90758
82034 90766
82025 90768
82011 90770
82010 90772
82002 90775
81995 90777
81990 90782
81967 90784
81964 90787
81955 90788
81949 90789
81946 90790
81946 90790
81945 90792
81941 90796
81936 90797
81930 90799
81924 90804
81911 90805
81902 90811
81900 90815
81878 90816
81874 90818
81869 90821
81862 90826
81841 90828
81839 90831
81835 90836
81817 90838
81813 90839
81806 90842
81802 90843
81794 90845
81785 90851
81774 90853
81767 90854
81761 90861
81751 90864
81746 90865
81730 90866
81718 90868
81717 90869
81715 90875
81695 90884
81674 90886
81670 90889
81668 90890
81662 90893
81657 90895
81641 90896
81633 90900
81622 90905
81615 90910
81595 90912
81588 90913
81584 90914
81579 90915
81574 90917
81570 90918
81566 90920
81560 90921
81552 90925
81541 90930
81533 90934
81522 90939
81501 90946
81487 90949
81482 90951
81472 90952
81470 90955
81457 90956
81452 90957
81445 90960
81437 90961
81434 90963
81418 90965
81418 90965
81412 90970
81406 90974
81391 90978
81379 90982
81373 90983
81368 90985
81360 90988
81345 90990
81341 90995
81323 90997
81318 90999
81307 91004
81290 91006
81284 91012
81266 91013
81257 91014
81254 91015
81252 91016
81250 91019
81249 91023
81234 91025
81225 91026
81221 91029
81209 91030
81199 91031
81192 91035
81189 91039
81178 91044
81154 91047
81144 91050
81136 91051
81133 91052
81125 91056
81115 91057
81111 91058
81104 91062
81087 91066
81077 91068
81070 91073
81066 91074
81044 91080
81032 91081
81026 91083
81023 91089
80997 91094
80974 91096
80973 91099
80971 91100
80964 91101
80960 91105
80935 91106
80932 91111
80910 91112
80903 91113
80902 91116
80900 91120
80881 91121
80878 91123
80877 91124
80870 91125
80864 91132
80837 91135
80835 91138
80814 91140
80808 91141
80807 91143
80790 91146
80785 91147
80781 91148
80775 91150
80771 91153
80764 91155
80752 91157
80746 91158
80743 91165
80713 91167
80712 91168
80710 91170
80700 91173
80686 91174
80683 91175
80679 91176
80675 91178
80670 91182
80659 91184
80652 91187
80640 91188
80629 91191
80624 91194
80623 91196
80613 91197
80604 91200
80597 91203
80580 91204
80576 91205
80560 91210
80543 91213
80538 91214
80534 91216
80527 91219
80506 91223
80501 91224
80500 91226
80489 91228
80475 91229
80474 91232
80463 91234
80462 91236
80456 91237
80450 91238
80447 91241
80431 91243
80421 91244
80413 91245
80413 91245
80411 91246
80410 91248
80407 91249
80399 91252
80388 91254
80376 91258
80359 91259
80359 91259
80355 91260
80347 91262
80346 91264
80341 91265
80339 91266
80338 91268
80316 91270
80314 91271
80312 91274
80308 91279
80284 91281
80268 91282
80265 91289
80245 91290
80239 91292
80237 91294
80224 91295
80222 91297
80209 91298
80205 91300
80192 91302
80186 91307
80185 91309
80177 91310
80165 91311
80160 91312
80149 91317
80125 91320
80118 91323
80111 91325
80108 91327
80095 91328
80090 91335
80057 91337
80052 91340
80042 91344
80023 91348
80010 91349
80008 91350
79999 91351
79994 91355
79984 91359
79967 91365
79928 91368
79923 91371
79914 91373
79911 91374
79892 91378
79892 91378
79885 91384
79855 91386
79853 91395
79819 91396
79808 91397
79797 91398
79796 91400
79793 91404
79780 91406
79771 91409
79757 91412
79754 91414
79740 91417
79730 91425
79703 91426
79690 91427
79685 91428
79668 91429
79663 91434
79655 91438
79637 91442
79619 91444
79601 91446
79591 91448
79569 91449
79566 91452
79559 91457
79544 91458
79543 91461
79527 91462
79515 91463
79514 91464
79505 91468
79490 91473
79467 91476
79461 91478
79452 91479
79447 91480
79432 91483
79416 91487
79413 91488
79399 91491
79384 91493
79378 91497
79358 91498
79357 91499
79344 91501
79341 91502
79340 91503
79324 91504
79322 91505
79320 91506
79318 91508
79318 91508
79309 91510
79307 91512
79305 91513
79288 91514
79287 91515
79270 91519
79257 91521
79245 91523
79239 91526
79232 91527
79228 91530
79214 91531
79209 91533
79196 91534
79195 91538
79172 91539
79156 91540
79154 91542
79145 91544
79136 91546
79135 91547
79127 91550
79120 91551
79109 91552
79092 91553
79091 91557
79074 91559
79067 91562
79056 91563
79044 91565
79039 91566
79032 91568
79030 91569
79024 91570
79012 91572
79001 91574
78994 91576
78985 91577
78976 91578
78969 91579
78967 91580
78960 91587
78935 91588
78927 91589
78921 91593
78901 91594
78893 91596
78887 91599
78879 91603
78874 91606
78834 91608
78834 91608
78828 91610
78823 91611
78819 91615
78794 91617
78778 91619
78769 91621
78761 91624
78747 91629
78731 91630
78719 91631
78714 91632
78712 91636
78697 91640
78661 91642
78657 91643
78653 91646
78649 91648
78630 91649
78615 91655
78586 91656
78582 91657
78582 91657
78576 91660
78572 91661
78556 91664
78543 91665
78537 91667
78529 91669
78522 91670
78514 91673
78509 91674
78506 91675
78483 91676
78479 91677
78470 91678
78466 91681
78462 91682
78450 91683
78449 91688
78441 91691
78405 91692
78402 91695
78386 91699
78374 91700
78350 91701
78346 91702
78339 91703
78339 91703
78335 91704
78329 91713
78274 91716
78272 91717
78266 91718
78261 91719
78246 91722
78238 91724
78219 91729
78199 91730
78187 91732
78183 91736
78159 91739
78150 91742
78145 91743
78116 91744
78114 91745
78106 91747
78088 91748
78080 91749
78078 91752
78059 91753
78056 91757
78040 91758
78032 91759
78030 91760
78013 91764
78004 91765
77999 91766
77979 91776
77945 91778
77933 91779
77928 91780
77917 91782
77912 91785
77878 91787
77870 91788
77859 91789
77855 91790
77850 91791
77835 91793
77829 91794
77824 91796
77808 91797
77808 91797
77796 91798
77785 91799
77785 91799
77782 91801
77772 91802
77772 91802
77768 91806
77766 91807
77750 91811
77742 91813
77711 91815
77699 91816
77688 91817
77683 91819
77671 91820
77655 91821
77643 91823
77640 91826
77626 91827
77621 91830
77602 91836
77579 91840
77563 91842
77527 91845
77512 91847
77501 91848
77494 91849
77483 91850
77466 91851
77464 91852
77450 91853
77447 91854
77445 91856
77443 91861
77417 91864
77404 91866
77390 91867
77367 91870
77361 91871
77352 91872
77329 91876
77309 91877
77292 91878
77286 91880
77271 91882
77265 91883
77264 91890
77226 91894
77193 91896
77176 91899
77168 91902
77118 91903
77111 91906
77088 91911
77055 91913
77053 91914
77045 91915
77034 91916
77030 91919
77013 91920
77003 91924
76965 91927
76955 91928
76940 91931
76927 91935
76887 91937
76871 91938
76869 91943
76842 91945
76817 91946
76810 91947
76798 91950
76784 91953
76768 91955
76750 91956
76737 91958
76714 91959
76710 91961
76698 91962
76690 91963
76671 91968
76653 91969
76631 91970
76615 91973
76597 91976
76572 91980
76557 91981
76533 91983
76517 91987
76497 91988
76485 91989
76476 91992
76452 91993
76443 91994
76433 91995
76414 92000
76385 92001
76383 92003
76354 92005
76338 92009
76329 92010
76296 92013
76287 92015
76258 92017
76256 92018
76237 92020
76212 92021
76203 92022
76201 92023
76196 92026
76165 92027
76163 92029
76140 92033
76103 92034
76097 92035
76094 92038
76078 92039
76049 92041
76045 92042
76020 92043
76008 92044
75998 92045
75987 92046
75984 92048
75968 92051
75965 92052
75946 92053
75930 92056
75902 92059
75880 92061
75851 92063
75833 92065
75815 92066
75802 92070
75776 92071
75772 92075
75752 92076
75737 92079
75704 92080
75701 92081
75681 92082
75678 92083
75655 92084
75639 92085
75627 92086
75621 92087
75608 92090
75601 92092
75571 92093
75567 92095
75546 92096
75538 92099
75499 92100
75485 92102
75476 92104
75456 92105
75451 92106
75435 92107
75416 92109
75397 92113
75360 92114
75347 92116
75342 92118
75326 92119
75303 92120
75300 92121
75293 92122
75284 92124
75264 92125
75227 92126
75225 92127
75222 92128
75207 92130
75192 92131
75190 92132
75185 92136
75135 92137
75110 92138
75104 92140
75084 92141
75081 92142
75078 92143
75074 92144
75059 92146
75026 92147
75016 92148
74997 92151
74977 92152
74952 92155
74940 92156
74918 92160
74885 92161
74852 92163
74849 92165
74847 92166
74814 92167
74788 92168
74767 92169
74761 92170
74754 92172
74726 92175
74682 92176
74673 92179
74653 92181
74607 92183
74598 92186
74570 92187
74531 92188
74521 92189
74520 92193
74489 92194
74468 92195
74462 92196
74386 92200
74363 92206
74250 92207
74233 92210
74213 92211
74187 92212
74176 92215
74152 92216
74130 92217
74115 92218
74078 92219
74055 92220
74029 92222
74004 92224
73977 92228
73901 92229
73878 92231
73823 92232
73819 92233
73790 92234
73788 92236
73750 92238
73686 92239
73686 92239
73665 92241
73664 92242
73654 92243
73654 92243
73590 92244
73587 92245
73574 92246
73549 92248
73485 92249
73483 92250
73454 92252
73401 92253
73366 92254
73356 92255
73342 92256
73330 92259
73263 92260
73254 92262
73190 92263
73151 92265
73147 92267
73083 92268
73060 92269
73033 92270
73001 92271
72978 92272
72947 92273
72928 92274
72907 92277
72843 92278
72819 92280
72784 92281
72736 92283
72649 92284
72636 92288
72555 92290
72491 92291
72446 92292
72329 92294
72274 92296
72249 92298
72160 92300
71991 92302
71991 92302
71960 92304
71755 92305
71669 92307
71641 92309
