75 2
5086
202 165 140
4 254 90
45 89 174
254 71 18
186 103 192
107 65 87
201 24 200
274 291 274
254 166 174
114 216 34
12 118 32
283 253 285
74 297 207
80 84 277
97 269 81
122 209 145
208 110 1
240 84 291
215 38 289
221 283 205
87 295 156
118 111 109
104 184 239
11 263 23
120 193 292
200 15 201
177 55 11
10 295 94
2 43 263
290 263 247
29 50 75
184 168 185
292 104 70
64 114 165
87 233 58
79 266 204
112 275 92
122 285 87
48 119 261
143 109 224
90 269 106
296 153 273
182 278 77
84 42 23
81 128 89
139 39 187
43 150 294
266 104 279
53 283 230
14 127 40
70 49 141
176 46 294
281 60 105
191 275 146
46 56 107
266 194 277
153 70 260
280 36 196
92 221 180
23 67 139
194 269 187
35 145 65
29 258 124
133 149 231
112 28 287
218 293 14
28 279 215
287 259 84
184 51 5
196 73 203
35 266 172
221 2 149
119 162 240
75 295 89
7 239 116
91
10218 7526
10212 7588
10200 7695
10181 7726
10172 7756
10167 7783
10155 7912
10146 7944
10122 7980
10114 8034
10109 8144
10070 8180
10050 8214
10018 8220
9988 8222
9987 8253
9982 8280
9965 8306
9958 8309
9955 8344
9912 8376
9904 8397
9901 8402
9896 8440
9878 8473
9848 8484
9834 8492
9821 8575
9782 8591
9777 8594
9772 8629
9716 8650
9664 8657
9646 8690
9616 8701
9609 8708
9602 8709
9597 8740
9552 8745
9541 8765
9517 8769
9511 8776
9498 8791
9485 8796
9478 8798
9471 8801
9468 8836
9422 8855
9393 8866
9366 8876
9363 8891
9317 8894
9298 8898
9297 8906
9273 8907
9271 8908
9269 8922
9235 8946
9225 8984
9160 8991
9130 9002
9053 9030
9023 9041
8958 9048
8879 9052
8859 9058
8849 9063
8794 9065
8784 9070
8782 9075
8726 9077
8721 9079
8711 9081
8663 9087
8624 9094
8552 9099
8467 9103
8460 9111
8450 9116
8387 9128
8205 9129
8196 9130
8183 9134
8160 9135
8142 9141
8133 9142
7791 9157
7782 9158
7646 9166
7637 9167
7537 9171
