75 2
5978
87 48 50
255 29 126
90 114 50
114 134 26
55 232 148
96 258 44
229 172 146
165 15 276
167 272 63
61 104 95
231 190 142
113 277 4
238 199 249
120 13 84
277 67 148
258 162 106
2 224 111
147 221 125
123 220 98
19 280 34
113 44 56
87 288 33
222 227 231
172 47 76
88 157 274
235 115 269
42 116 26
284 95 246
241 51 167
171 69 279
204 181 156
92 100 144
256 23 203
20 194 83
95 281 239
202 49 54
171 222 2
196 206 96
274 148 278
141 19 47
253 56 60
109 147 160
85 104 182
288 123 76
71 51 189
142 85 237
195 88 160
29 283 198
124 90 178
103 64 197
281 17 85
42 257 231
201 174 167
83 162 123
290 65 6
179 206 90
248 233 177
240 261 292
271 218 214
149 153 277
178 134 293
262 8 83
27 208 257
26 123 251
280 113 149
118 124 55
207 205 288
216 277 82
41 248 299
255 98 284
232 108 119
59 203 258
273 229 167
230 87 289
15 68 235
93
9061 7330
9049 7351
9042 7423
9015 7474
9011 7477
9009 7652
8991 7656
8983 7671
8965 7675
8962 7706
8954 7714
8949 7794
8939 7823
8921 7827
8897 7837
8879 7858
8874 7921
8864 7950
8859 7958
8841 7962
8836 7970
8809 7983
8804 7985
8795 8038
8784 8085
8756 8105
8716 8146
8698 8150
8688 8166
8686 8169
8670 8170
8667 8195
8657 8224
8629 8244
8624 8246
8613 8293
8586 8306
8576 8335
8548 8355
8543 8357
8520 8358
8509 8369
8501 8372
8499 8398
8482 8407
8467 8431
8449 8434
8442 8445
8439 8463
8432 8474
8417 8505
8396 8513
8381 8523
8375 8525
8369 8527
8362 8538
8356 8550
8306 8556
8305 8589
8268 8606
8266 8612
8246 8630
8225 8667
8164 8686
8159 8694
8138 8727
8120 8731
8046 8750
7985 8778
7967 8782
7936 8787
7905 8794
7898 8814
7895 8823
7835 8833
7817 8837
7784 8852
7769 8860
7751 8864
7745 8878
7684 8906
7666 8910
7624 8911
7592 8929
7512 8930
7481 8958
7337 8964
7307 8975
7271 8984
7127 8990
7117 9007
7087 9018
6943 9024
