20 4
7088
788 891 500 178 489
570 380 270 498 836
534 345 561 545 228
1000 553 362 605 277
443 881 471 33 732
958 173 55 964 584
726 186 372 863 455
544 992 463 244 215
836 967 619 821 3
414 44 459 960 236
919 922 652 77 137
976 815 294 346 714
604 66 870 702 599
604 421 574 864 94
469 852 695 80 461
896 777 702 435 204
859 427 73 129 910
723 346 404 843 472
583 377 118 695 986
731 652 688 236 318
783
5500 4834 5652 6177
6479 5077 4024 6065
5693 5250 4789 6243
6648 5741 5510 4855
5641 4911 6607 5437
4828 5012 7170 5355
4537 5304 7476 4647
4638 5095 6784 5556
5399 4795 6226 5828
6171 5328 4759 5827
6544 4903 5841 4784
4820 4273 6691 5798
6625 4730 5765 5100
5880 5242 6040 5605
5638 5224 4803 6125
6740 5412 5777 4099
7362 5456 5201 4362
6834 5888 4138 5213
6131 5018 5027 6187
6830 5328 4161 5777
6502 4440 5513 5659
6915 5977 5440 4483
6797 5518 4620 5558
6489 5861 5656 4605
6448 5557 5290 5347
6768 6465 4333 4091
7345 5643 5031 4143
6492 6013 5459 4455
6644 6184 5456 3895
6562 4841 5832 5196
4605 4337 6693 6057
7196 5138 4636 5218
6696 5711 5657 3827
4700 4771 6530 5942
6174 5095 4402 6115
6645 6027 5754 4139
4556 4981 5584 6233
5526 6314 5293 4300
5185 4903 5067 6492
5832 4805 4766 6479
6261 4739 6247 5204
6410 5140 4701 5998
6817 5360 5866 4345
6015 4196 4860 6239
6071 4617 4708 6650
5806 5012 4721 6375
6444 6115 5300 4523
5632 3863 5337 6374
7659 5621 3147 3623
6692 4832 4686 6181
4714 5301 6616 5331
6657 5906 5559 3799
6283 5150 5989 5567
4992 4864 7169 4985
5762 6205 6336 3570
6133 4907 4351 6471
5065 5990 6800 4177
5261 4916 5386 6358
7278 4536 4173 5112
7347 5952 4536 3749
5149 5497 7222 4026
4543 4664 5685 6362
7421 6234 3670 3252
7110 4862 4302 5650
3478 4394 7862 3934
6889 6445 5396 3823
5227 4934 5416 6380
7854 4784 3407 4777
6492 5435 5786 4984
6589 5434 5382 5413
6693 5073 5650 5089
3967 5080 7449 5155
6465 5808 5507 4700
6343 4444 5344 5795
6295 5389 4517 5814
3842 5066 7250 5269
6698 5649 5556 4070
6358 5513 5523 5098
6961 5903 4962 4697
5677 6183 6546 3556
6764 4793 3973 5792
6620 5910 5616 4243
4508 4646 5904 6231
6379 5673 5854 4852
6927 5870 5400 3618
6416 5807 5627 4680
7008 6104 5259 3435
4840 4539 6694 5696
4384 4475 6003 6589
5883 5167 5175 6042
5905 5086 5463 5817
5908 5011 4598 6254
4662 5179 6619 5432
5102 4920 5217 6494
7313 6086 4881 3385
6426 4321 4870 6145
4799 5236 7217 5084
6926 6194 5009 4089
6209 5113 4183 6246
6108 6304 5762 3923
6348 5195 5848 5153
5504 4985 4868 6212
5310 4917 5266 6378
6126 5043 5144 5987
6180 5042 6184 5376
7227 5184 4211 5218
6944 5796 5409 3525
3646 4227 7096 6132
6285 5126 4502 6112
6361 5245 5145 5626
6223 4942 5183 5939
6242 6543 5697 3836
5830 4916 5442 6195
4203 4637 6788 5866
7206 5728 5150 3962
6328 5628 5117 5316
6733 5534 5718 4103
6855 5981 4795 4609
5987 4704 5371 6147
6207 5031 5346 6053
7383 5813 3262 3896
7863 5531 3623 3277
6641 5790 4569 5158
6912 5265 4985 5735
7240 5594 4805 4326
6848 6141 5030 4565
7697 5213 3058 4133
7819 5075 3454 4169
6755 5945 5460 4466
6803 5261 5452 4842
4619 4677 6004 6228
6096 4290 5386 5953
5601 4691 5394 6255
6421 6359 4994 4133
7822 5227 3257 4019
7168 6136 5239 3452
5461 6296 5739 4288
4465 4569 6529 6303
5025 4352 5596 6478
7044 4274 2874 5865
6538 5862 5536 4625
5208 3750 4468 6783
7034 6395 5038 3756
5525 4401 6006 5832
6987 5435 5006 5357
6339 6118 5401 4606
7060 5927 5082 4416
6689 5463 5709 4557
6654 5754 5756 3949
4858 4489 5946 6399
7348 5795 4834 3993
7321 5152 4835 5104
4902 3978 5788 6389
6655 5619 5569 4851
6845 5989 5227 4715
6843 6635 4354 3713
6463 6008 5924 3418
7127 5832 4873 4194
7540 5384 3611 4540
6333 5916 5249 4818
7199 5850 5091 3966
6883 3940 3123 5952
5667 4591 4978 6608
5731 6313 6017 4183
6457 6304 5506 3847
6172 4409 6029 5467
6611 5163 5400 5743
5208 5224 6576 5341
7584 5840 3780 3648
6644 4546 4929 5787
5416 4815 5991 6026
7124 5680 5070 4344
6453 6438 5624 3364
6613 6470 5604 3381
7701 5768 3811 3125
7233 6154 4793 3464
3695 3386 6033 6524
5317 5330 6456 6224
7159 5389 5023 4952
6824 5829 4896 4961
6851 6024 4988 4467
6485 5995 5774 4122
4871 4806 5845 6270
6971 4523 4529 5810
5682 6365 6024 3735
6228 6290 4805 4484
7256 5970 4786 4937
7741 5133 2731 4305
6277 6252 5650 4444
6958 6382 4719 3890
4994 5009 6908 5450
6372 5351 5458 5572
6258 5640 4904 5548
6954 6463 4950 3835
6590 5894 4388 5188
6355 4780 6079 4756
6365 5844 4854 5159
7504 4155 3101 5483
6156 5641 5027 5669
6333 6248 4972 4304
7359 4205 3459 5550
6389 5689 4864 5186
6270 5026 5603 5605
6541 5821 5826 4566
6896 5718 5501 3970
6095 5315 4440 5961
6332 6405 4674 4060
6523 5727 5311 4969
6069 5522 4395 5857
6686 5333 5421 5365
6631 6198 4754 4446
6371 5402 4836 5680
6736 5686 5521 3953
4790 5420 7259 4845
7541 5736 3831 3108
6049 5081 4203 6229
6802 6331 3988 4455
5902 4793 4979 6247
5876 6263 5659 4116
6266 4289 4890 6128
6136 5200 4835 6041
6799 5395 5570 4359
4719 4587 5694 6629
6404 5747 5760 4830
7033 6552 4740 3512
6541 6014 5339 4475
4972 4598 7166 5087
6446 6203 4417 4345
6874 5673 5074 5225
6012 4271 5725 5802
7202 6002 4894 3816
6252 5422 5285 5541
6324 5647 5868 4734
6989 6096 4571 4404
7043 5813 5212 4043
6752 5233 5005 5718
5313 6075 6552 3875
7233 4569 3429 5246
5328 4897 5482 6106
4859 4355 5858 6383
5877 5668 5910 5226
5730 4999 4402 6509
6568 6079 5665 3893
6312 4523 5127 5860
6634 6350 4557 4296
6270 5545 5094 5602
5499 4885 5030 6285
7024 5805 4524 5012
5376 5989 6855 3803
6302 6202 5397 4304
5968 5219 5404 5882
7700 5925 3513 2881
6222 4906 5372 5786
7341 4549 2991 5087
6359 5356 5821 5342
6856 5824 5093 4853
7738 5517 3424 3391
6409 6300 5023 4267
6780 5705 4450 5339
7272 5782 4515 4127
6488 6147 5577 3972
6304 6409 5448 3998
6337 5333 5677 5441
7193 6275 4892 4006
6888 6602 5098 3579
6247 6073 5878 5666
6419 5958 5713 4441
6488 6456 5405 3495
4157 4997 7835 4954
6890 4854 5243 5372
6665 6064 4409 4810
6082 6511 5717 3819
4503 3622 5153 6749
6163 6160 6541 5163
5957 4819 4965 6365
5315 4580 5583 6235
5906 5035 6085 5709
6333 5810 4925 5170
6141 5237 6086 5348
5794 5213 4855 5969
6377 5903 4825 5025
4924 5021 6695 5682
6951 6311 5147 3985
5428 4342 5515 6367
5340 4696 5348 6512
6089 4426 6179 5469
4795 4600 6013 6495
7221 6261 4833 4329
6919 6754 4997 3227
6702 5820 5866 3589
6648 6179 5557 3989
6283 5343 5502 5476
7158 6566 4939 3398
6768 5243 5671 4711
5858 5009 6233 5230
5478 5192 4823 6108
6776 5056 5500 5087
6172 4303 5705 5819
5655 6194 5374 4669
6704 4935 5821 4801
5866 5413 5040 5912
6453 5020 4744 6010
6261 5214 5034 5927
5549 3880 5487 6376
6488 6018 5358 4361
4513 5081 6585 5670
4110 4654 7145 5711
4774 4576 6609 5896
5178 5273 7175 4297
6117 6220 5670 4427
6479 5709 5189 4995
6382 5825 5657 4702
4960 4041 6855 5552
4804 4899 7534 4941
4071 4849 7047 5683
6572 5728 5191 4989
6225 5578 4350 5736
7265 5711 4943 4222
6519 6285 5321 4145
7203 5845 5192 4060
6928 3907 3867 5818
6844 6146 4929 4471
6387 6401 5563 3683
6558 5580 5928 3758
4752 4893 6527 5841
5537 6415 6382 3802
7107 4937 5167 5213
6875 6192 4504 4471
6952 5038 4562 5545
4693 4907 7323 5458
6495 5587 5589 4834
6448 5734 5666 4712
7224 6413 4636 4179
7040 5661 5409 4193
6524 5249 5921 4686
7369 6363 4278 4112
5868 5443 6174 5199
7325 5907 4109 5004
6950 5686 5393 5091
7047 4536 4848 5676
7508 5827 3461 3782
6779 5862 4152 5095
7732 5482 3663 3639
7535 5661 4629 4566
7729 4770 3208 4891
7584 4820 3566 4958
6776 4950 5176 5439
6495 5565 6074 4176
6980 5995 4994 4495
7234 5559 5044 4574
6610 5320 5102 5499
6990 5939 4869 4648
5347 4673 6229 5929
7269 5630 4712 4277
4954 4789 5695 6268
5566 5260 6077 5812
6934 5310 5412 4480
5578 4787 5601 6153
6679 6317 5301 4162
6681 5715 4141 5236
6573 5571 5489 5233
6471 6166 4774 4429
6928 5275 5651 4728
3617 4451 7143 5861
5797 4787 4985 6348
5264 4683 5029 6646
6301 6253 4775 4412
5686 6346 5273 4317
6273 6257 5549 4350
4718 4751 6746 5670
6679 5893 5409 4503
5391 4162 6071 5919
6820 5512 5669 4195
5860 4201 6131 5529
6257 5604 5093 5395
4617 4894 7004 5592
6516 6133 5518 4295
6378 5746 5123 5269
5265 5997 6644 4320
6878 6344 4307 4321
7095 5636 5035 5024
6608 6433 4353 4074
6813 6432 5077 3957
4862 5125 7150 4988
6423 6129 6023 3960
6893 5566 5698 4120
5629 4999 5067 6098
5682 6273 6248 3649
5150 6012 6590 4191
6597 5334 4400 6050
4782 4476 5627 6533
6491 6170 5161 4211
5015 5210 7213 4613
4761 5644 7306 4574
7504 5523 4885 4393
4503 4990 6937 5659
6395 5396 6145 3891
6381 5982 5359 4458
7069 5345 5256 4703
6748 6148 4300 4581
6026 5445 5020 5929
6065 5118 5443 5834
6319 4965 5863 5251
5781 5757 6505 5803
5964 5098 6553 4159
6475 5829 5152 5037
7065 6109 4890 4270
6481 5758 4589 5141
4427 4977 6618 5793
7315 4513 2992 5165
4617 4788 6680 5944
6965 5024 5264 4994
7898 5240 3576 3885
6732 4605 4263 5991
6879 5855 4882 5079
6448 5734 5336 5037
7135 5990 3723 5205
6997 5019 5461 4886
4883 5297 6578 5352
6343 6037 5170 4661
7272 5151 4955 5084
7459 5826 3581 3762
6555 4742 5552 5332
6498 5717 5877 4026
4798 4966 7534 4604
6206 5188 5048 5809
6793 6115 5044 4447
6966 4867 5562 5238
6447 5714 4992 5103
6716 5530 4418 5492
6462 5656 5704 4850
6949 5843 5095 4847
7366 6211 4475 4262
5857 5876 7148 5317
6296 5232 4815 6058
6387 6493 5339 3769
5842 6305 6228 3666
6878 6450 4631 3969
6399 5710 4509 5523
5776 6227 6324 3973
7197 4981 4934 5462
7735 5634 3466 3489
5850 5463 5958 5471
7695 4904 3553 4527
7218 5549 4378 5581
7304 5339 4665 4885
5819 4810 5129 6249
5935 5283 4460 5944
6513 5315 4739 5899
5657 4567 5563 6307
6420 5403 4716 5700
5941 5230 6242 5205
5892 5206 5085 6016
7770 5074 3574 4149
6182 5434 5072 5773
6422 6286 5725 3716
7365 5608 5004 4212
6582 6318 5705 3733
6630 5931 5261 4580
5170 4697 5844 6337
6962 5310 5508 4278
5855 5126 6275 5328
5817 4599 5543 6324
7472 5966 4735 3635
6847 5770 5508 3522
6070 4774 4410 6406
6803 5649 5050 5304
6257 5797 4606 5304
6087 6041 5898 5649
7694 5061 3255 4283
6297 6272 5526 3830
6635 5755 4808 5406
7374 5327 4878 4653
6324 4628 6180 5108
6872 5480 4049 5723
6551 5842 5471 4903
5184 5206 7175 4634
6588 5500 5643 4831
6600 5057 5087 5797
6931 5158 5609 4630
4383 4632 5705 6345
6418 6207 5191 4283
5533 5218 4809 6226
6781 4606 4143 6011
5475 4914 6869 5342
5490 5141 5434 6298
6555 5428 6125 3908
6555 5761 5240 4958
5417 4851 5802 6179
4077 4348 6312 6499
6906 5341 4480 5643
6125 5094 4522 6095
5819 4916 5453 5897
6758 6097 5263 4316
6040 5274 6020 5622
6771 5986 4576 4898
6754 6018 4729 4883
5896 5430 6641 4586
6993 6091 4672 4498
6329 6267 5723 3722
6799 5819 5462 4018
6614 5875 5855 4491
6289 5792 4803 5196
6378 6215 5716 4170
6599 6217 5409 4066
7379 5509 4686 4507
6377 4901 4101 6496
4776 5398 7271 4442
4901 5412 7470 4328
7303 5496 4367 4641
6346 6189 4973 4511
5335 5146 6705 5588
6734 5377 6016 4347
6050 4924 4501 6473
6332 5981 5479 4438
6685 5957 5247 4698
6329 5829 5676 4588
5875 5307 5381 5683
6307 6561 5251 3848
6334 5759 5547 5062
6377 6372 5418 3926
6676 6165 5498 4312
7691 5178 3297 4381
7158 5353 5212 4799
4934 4608 6589 5913
4541 4582 6848 6169
6337 4945 6079 4979
7344 5800 4733 3899
6420 4928 5929 4977
6390 5535 6025 4564
7237 5442 5002 4476
7162 5272 4981 4854
6020 5010 6204 5359
7265 4343 3159 5312
6710 6031 5153 4676
4454 4463 6216 6357
5672 4773 4786 6462
6342 4408 5533 5642
6438 5040 5820 4828
3871 4842 7203 5540
3996 4856 7402 5426
6442 5339 5671 5340
4769 5190 7581 4333
6410 5246 5025 5646
6688 6109 5050 4548
6852 5069 5819 4953
6184 6317 6081 3789
6421 5246 5014 5944
6080 5628 4708 5803
5892 4769 5564 5946
6201 6239 5331 4578
6524 5044 4768 5931
5968 4888 6207 5460
4801 5118 7337 4454
7469 5814 4932 3785
6764 5686 5617 3751
7180 5957 4467 5071
6920 6159 5248 4337
6652 5467 5766 5001
6384 6249 5760 3833
4502 5147 6639 5415
6634 5926 5362 4674
6665 5640 5214 5188
5895 4929 5772 5763
6459 4733 6027 5005
5500 4728 5328 6529
6759 5825 5497 4424
6381 6098 5674 4072
6392 5365 6163 4224
6559 5742 4489 5540
6990 5565 5294 4549
6847 6105 5219 4412
7010 5904 4842 4717
5544 4217 5170 6519
6924 5718 5597 3768
7200 5693 5389 4210
6451 5131 5420 5726
7230 6002 4990 3614
5730 4480 4911 6512
6666 5907 4707 5054
7234 4191 3260 5664
6045 4930 4987 6194
6483 5536 4657 5765
7615 4972 3465 4606
4668 4678 5884 6248
6430 5105 6098 4499
6381 5789 5846 4549
6727 5530 4407 5790
6390 5508 5720 4990
6731 4665 5561 5599
6430 5862 4408 5171
6617 6027 5658 4341
6737 5529 5819 4197
3982 4834 7414 5023
6343 5945 5394 4575
6603 6198 4658 4648
4153 4361 6631 6365
5959 5655 6586 3672
6346 5558 5413 5468
5721 4193 5555 6111
5804 5229 5721 5739
6837 5771 4096 5115
4803 5056 7236 4697
4658 5198 7370 4850
5067 5928 6699 4420
6959 5427 5550 4376
6785 5361 3417 5911
6825 5672 5194 5205
6829 5706 4330 5359
6958 5751 5159 4847
6146 4787 4729 6272
4652 5089 7161 5088
5424 4715 5009 6663
4832 4832 7189 4968
6497 5365 5657 5458
7738 4981 2928 4455
6661 5516 5500 4331
7573 5253 4540 5076
6453 5916 5144 4891
5492 6448 5638 3936
6443 6166 4678 4631
6616 6184 5360 4097
7380 5930 3304 3994
6421 5141 6116 4495
6799 6179 4185 4605
5841 6245 5878 3985
7377 5778 3501 4144
7706 5424 2778 3697
6022 5402 5092 5756
7019 5623 4716 5158
5936 4258 5406 5936
6001 6277 5858 4002
4566 5080 7429 4918
6572 5535 5678 5080
6692 5821 4454 5182
6847 6298 4732 4321
6640 5411 3775 5978
6806 4835 5582 5221
5398 5035 6638 5492
5989 5105 5124 5968
6999 5357 5043 4935
5525 4678 5075 6389
6910 6007 4781 4727
5101 4365 5915 6344
5964 5261 5701 5756
7104 5363 5037 4834
7490 5694 3885 4700
6374 6220 5615 4076
5801 5462 6078 5451
7007 5752 5039 4867
6533 5157 5985 4686
4484 5305 6632 5399
7895 5088 3773 4035
6207 5137 5670 5701
7314 4238 2715 5684
5783 5646 5829 6087
6093 5426 5116 5677
7773 5226 3377 3999
4378 4976 6738 5773
6634 5912 4510 5162
6033 5025 4797 6140
5112 4366 7330 4841
5837 5357 4133 5932
7698 5056 3356 4377
5576 4847 5971 6043
6190 4276 4571 6262
6790 5963 5241 4597
4963 5088 7216 4714
7135 3865 3629 5623
7625 5755 3492 3259
4757 4556 6844 5698
6882 5479 5461 4130
4795 4793 5526 6404
7189 4224 2516 5798
5981 5205 6106 5331
7539 4853 2822 5092
4186 4773 7788 5225
5403 5022 4802 6486
5048 5192 6596 5324
6375 6063 5913 4320
5112 4471 6228 6290
6729 6413 5416 3806
6613 6032 5557 4247
6653 6400 5097 3940
6430 4957 6074 4734
5651 6213 6125 4087
5648 6407 6593 3285
7267 4969 5147 5230
6334 5127 4382 6132
6350 4308 4551 6279
6403 5590 4546 5481
6669 5674 4350 5342
5010 4665 5864 6320
6017 5220 5284 5902
6250 5214 5045 5629
6692 5037 5839 4936
4259 4690 6525 5991
5921 4964 6239 5307
6964 5648 5090 4327
6276 6409 5352 4200
7028 5157 5205 5059
5683 6194 5470 4467
6041 6207 5351 4561
5564 4483 5173 6417
5251 5975 6656 3917
6672 5504 4421 5672
6768 5552 5499 4234
6790 5654 5413 5074
4451 5156 6688 5376
6447 4889 4314 6264
5743 4797 4810 6383
6426 4427 5194 5793
5911 4585 4728 6633
6917 5447 4793 5589
6130 4730 6545 4727
6749 5466 5362 5430
6633 6083 5064 4430
6609 6068 5087 4950
6413 5655 5824 4830
6692 5346 5667 4459
6727 5055 5620 5067
4833 4675 7487 5212
6879 5327 5658 4280
6343 6506 5763 3562
7680 5611 4271 4499
6413 5539 5509 5216
6749 5659 4875 5339
7082 5234 4569 5285
6635 5861 5132 5054
6651 5624 5468 4757
6546 6373 5193 4019
6231 6442 4608 4334
6673 5347 4719 5916
7037 4949 4954 5445
7793 5543 3410 3509
5850 5357 5634 5823
6400 5553 4807 5767
6950 4830 4322 5633
5159 5223 6696 5321
6183 6474 5783 3545
6368 5996 4657 5009
5542 5945 6563 5632
6475 5723 4828 5389
6882 5738 4840 4981
6518 5545 5503 5115
6923 6311 5051 4187
6711 5874 5451 4920
5048 3718 4488 6766
6714 5641 5094 5208
6717 4836 4561 5906
7229 5377 5236 4720
6337 5642 5505 4964
7739 5360 3722 3635
6738 3990 3481 6019
6673 5453 5043 5564
6075 5253 5912 5239
5571 6281 6037 4166
5623 5614 5849 6070
6323 6192 6521 5180
6102 5334 5180 5677
6366 5220 5028 5826
6631 5774 5559 4824
7073 5225 5293 4661
6454 5843 5875 4474
6704 5692 4131 5473
6695 5973 4257 5032
6576 5454 5447 5135
6589 5627 4895 5322
5083 4590 7377 4570
6465 5702 5183 5052
6590 5470 5193 5566
5366 4489 5393 6616
6506 6112 5873 3958
6437 5302 4420 6033
6457 5995 5678 4324
5227 5960 6679 4437
6590 5137 6078 4516
6651 6062 5515 3891
6440 5025 5107 5780
6714 5757 5409 4822
6147 4736 5351 6164
6474 6318 4577 4279
6409 5929 5568 4684
