20 4
7168
811 977 108 409 354
509 691 21 910 350
783 472 296 770 540
1000 833 548 260 396
513 160 960 189 439
895 998 139 131 154
961 397 134 449 917
549 366 212 925 683
430 731 163 699 548
932 764 334 682 508
671 74 971 148 769
618 386 267 695 286
536 808 106 390 602
952 579 479 471 376
665 243 390 234 969
721 305 247 952 272
552 706 613 433 527
902 674 817 948 6
450 374 964 18 566
886 616 872 325 162
961
5046 6314 5626 5148
6000 3357 6923 5799
6343 4107 5336 5998
6594 3727 5282 6010
6649 3545 6461 5124
6064 5153 5363 5618
6072 5487 5780 4949
5712 4193 5699 6649
4457 6678 4277 4646
5163 6399 5106 5400
5694 5460 5827 5311
5306 3858 5920 6738
5705 5700 6045 4467
6047 5463 5712 5690
6236 4761 6766 4378
5940 5519 6594 4615
5518 5731 6541 6017
5588 5615 6565 4215
5791 5481 6133 4748
6322 4366 6405 5421
5805 5052 5917 5688
5052 6634 4443 4061
5276 6319 6018 4698
7339 4137 4945 3777
6260 4371 6174 5565
6588 4665 6795 4778
5564 4862 6909 4909
6264 5304 5778 4941
6464 3343 5566 6110
5828 4725 5836 6445
6468 4564 4938 5810
5306 6276 5567 4717
6057 5604 6074 4867
4595 6334 5777 5029
5630 5593 6315 5030
5598 5517 6344 4631
5531 5557 4748 6547
6060 5043 5977 5110
6215 5364 6241 4266
6054 4416 6744 4919
6515 4125 5452 5922
5767 3963 6728 5980
7154 4099 5257 5107
5745 5295 5791 5915
5988 5071 5820 6633
5687 5350 5168 6071
5751 4740 7046 5244
4827 5989 6248 5012
6117 3108 6684 5678
6731 4338 5291 5389
4915 5140 6604 5225
6058 5887 4911 5680
5227 4345 5618 6720
7175 3388 5822 4738
6322 4228 6892 4868
6284 5578 5819 4154
5297 5664 5115 6534
6200 4230 4875 6681
6421 4616 6977 4510
5959 5769 5834 4487
6382 5413 6059 4534
6021 4777 4864 6184
5502 4521 6676 5813
7026 4901 5240 5135
5653 5408 6294 5270
6518 4017 5150 5903
5358 5050 6969 4923
5939 5495 5793 5274
5479 6009 5137 5993
6091 4952 6088 5365
5672 3625 6251 6350
6941 3583 6373 5092
5952 5125 5235 6060
6092 4185 7211 4756
5842 4668 6948 4571
6944 4112 5018 5235
5869 5695 5190 5530
5474 6424 5241 4964
5164 5357 4515 6956
6201 4967 6237 4943
4953 4113 6099 6616
5718 6213 5483 4617
6178 4518 6602 5217
5857 3480 6462 6482
5829 4585 7195 4745
6362 3292 6101 6296
5940 4214 6902 5047
5989 5459 6131 5290
5179 3420 6605 6463
7191 4492 5111 4893
7548 3061 5787 4128
5818 6010 4764 5486
6201 4960 4258 6119
5755 5425 5800 5722
7249 4437 5734 4737
6195 5309 6471 4663
6867 5170 5928 4745
5694 6003 5726 4279
5558 6048 4823 5917
4870 5146 4937 6738
4824 6240 6313 4600
6970 3932 6601 4770
4864 6382 6102 4798
6601 3362 6605 5036
4765 6132 5530 5709
6086 5371 5125 5764
5191 4832 5184 6662
5786 3353 7094 5672
5821 5022 6002 6365
5672 5995 5755 5192
6748 4079 5795 5809
5178 5116 4881 6566
6945 3491 5390 5669
6415 3652 6828 5111
6501 5129 4577 5154
5674 5948 5956 4676
5938 5909 4768 5418
6116 4661 5884 5914
5094 5974 5996 5239
5169 6136 6317 4862
5992 4174 5789 6289
5890 5555 6256 4599
5976 5336 6344 4880
6429 4730 5518 5682
6154 4218 6731 5174
5395 5443 6823 4709
5481 5432 6864 4379
6418 4269 5657 5621
5278 4198 6904 5539
5891 5624 5891 4910
4630 5052 6703 5376
6822 4470 6244 4424
6234 5747 3737 5482
6963 3297 5783 5533
5840 5512 5882 5141
5829 4409 6746 5507
6176 5323 4161 5896
6658 4562 6061 5307
5773 5470 6776 4347
6202 4650 5925 5584
6830 3313 5697 5420
5819 5693 4452 6127
6072 5273 6578 4447
5189 6191 6087 4465
5622 5886 5598 5310
6470 4556 6514 5185
5129 5013 4866 6746
6123 4748 5573 5886
6412 4985 6406 4897
5924 5465 6219 4861
6446 3911 5874 6034
6258 3457 5633 6178
5331 6547 4780 5647
5167 4117 5928 6743
5317 5598 6674 5208
6728 4493 5286 5198
6792 4808 5951 5011
5910 6425 4554 5334
5467 5832 5995 5110
6293 3894 6273 5961
5566 4885 6835 5112
6132 4250 7171 4649
6207 4612 7148 4383
5927 5640 5813 5374
4636 5056 5207 6832
5656 4402 6569 5614
5998 4004 7281 4945
6902 4380 5455 5116
4990 6777 3725 4758
5680 5263 5479 6099
4625 6826 3951 4893
6206 4178 5618 6416
4950 6635 3936 4560
5136 4595 5232 6783
5274 5991 5196 5777
6436 3771 6734 5278
6510 5174 5697 4907
6264 5523 6049 4551
5214 6462 5300 5395
6337 4249 5914 5607
7453 2723 5310 4498
6050 4928 6538 5936
6936 5384 5506 4633
5327 6099 5751 4930
5915 4190 6834 5788
6629 4287 5826 5575
6275 5573 4733 4985
4978 5058 5457 6816
6590 4487 5429 5656
5914 4714 5877 6115
6070 4393 6453 5346
6723 4594 6373 5123
6649 4591 4934 5500
6810 3936 6513 5112
6673 4474 4919 5545
5362 5924 5657 5741
6000 5728 5086 5334
6108 4362 6576 5294
6337 4572 6428 5072
6301 3295 6742 5293
6274 3893 5758 6110
6359 4759 6259 5207
5660 5765 5154 5855
5249 5828 5943 5328
6887 5225 5698 4348
5674 5434 5209 5864
5637 5555 6102 4890
5184 6222 5290 5613
6116 5677 5290 5578
5634 3979 6642 5867
5766 5252 5520 5769
5320 4313 6332 6207
6127 5501 5340 5396
6203 4377 6539 5459
6366 3327 7054 5109
6154 4670 5097 6120
5989 4373 6710 5332
5718 5486 5403 5836
5420 4952 4922 6735
5660 4990 6660 5307
5671 5511 4522 6082
6124 4475 6187 5761
5689 4883 6328 5941
6153 4947 6319 5221
4793 5203 5246 6684
4939 5531 6687 4986
6103 4945 5581 5818
6298 3522 5593 6071
6268 4035 6336 5719
5316 5210 6363 6551
6239 5536 5598 5217
6544 3637 6123 5755
5979 5188 5424 5928
5204 4365 5963 6663
5645 4398 7137 5130
6373 5408 4973 5365
5600 3813 7394 5203
6201 5764 5372 4997
5489 5166 4500 6623
5176 4705 6947 5464
6579 5034 6224 5165
6062 4618 5469 6458
7269 4492 5504 4340
5314 5881 4813 6313
5047 5272 5035 6704
6498 4944 5096 5570
6752 4076 4749 5633
6494 4688 5837 5552
5526 5274 6332 5119
6896 4434 5849 4358
5530 5372 6401 5054
6120 4947 6494 4929
5032 6117 5278 5936
6428 4754 5566 5485
6924 4094 4865 5557
6219 4095 6799 5044
6662 4629 6400 4712
6580 3331 6883 5236
5684 4533 6683 5450
6010 5070 5858 5904
6394 4805 5498 5477
5181 5439 6994 4582
6595 4983 3821 5674
6090 5108 5486 5610
6108 4914 5879 5474
5386 5812 6252 5096
7113 3531 5104 5435
7040 3829 5867 5299
6489 5143 5975 5107
6320 5176 4574 5410
5537 3134 6724 6241
5878 4181 7382 4629
4538 6698 4020 4660
5127 6334 5369 5162
6010 5416 5860 5144
5656 6356 4765 5314
6127 4488 5604 5961
5321 4450 5443 6915
6143 4620 6413 5686
6887 4224 4598 5588
5461 6174 6229 4830
6708 4189 6178 5273
6134 4163 6961 5571
6592 4454 5176 5531
6665 3722 5826 5662
7047 3916 5556 5271
6567 4430 5108 6272
4518 6643 4250 5057
7331 3385 5852 3894
5612 6091 5238 5373
6563 4224 5584 5677
5468 6531 5089 5415
6735 3897 7050 4843
6961 3927 5515 5601
5070 5886 5745 5773
6291 3165 6733 5486
6347 3937 6688 5417
5976 4571 6595 5418
6912 3987 5978 4926
5771 4795 6816 4847
5092 3854 6091 6611
5157 5906 5716 5525
5923 4942 5927 5671
6665 5158 5045 4855
5196 6056 5253 5538
5546 3620 6838 6054
5112 4478 6466 6018
5825 3821 6655 5814
4997 5308 4697 6688
6361 5178 4372 6028
6275 5139 6146 4980
6521 5089 5601 5321
5823 5140 5940 5416
6033 6247 5245 5048
6957 4399 5822 4769
5973 5023 6006 5358
5368 3715 6638 6041
6891 3956 6256 5126
5696 3836 7360 5170
6431 5353 5596 5209
4491 5900 6011 5605
4862 4363 5713 6679
6477 4913 5374 5770
5908 5962 3800 5618
5782 5300 4598 6341
6772 4832 5451 5115
6159 4569 4010 6195
6586 2804 6615 5035
6362 4057 5850 5758
7260 4706 4689 4781
6053 6302 5015 4651
6098 5226 5105 5664
5629 4894 7221 4725
5736 5077 6922 4561
6682 5315 5717 4613
6674 4450 4871 5742
6259 5554 5751 4895
7490 3116 5164 4284
4954 5899 5836 5300
6755 4675 4779 5357
5012 5844 6459 5144
6042 4808 4586 5984
5903 5271 6559 4695
5698 5108 6799 4613
6217 5018 5074 5898
6408 4699 5796 5882
6506 3991 6514 5272
6264 2902 6888 5507
6046 4764 6618 5385
5681 5399 4755 6107
6806 4024 6418 5653
6776 4632 4508 5211
6227 5092 5795 5378
6051 4733 6916 5041
6428 3957 6431 5431
4961 6256 4696 5885
5246 6079 6008 4916
6449 2757 7099 5639
6032 5163 4863 5766
6489 4595 4660 5610
6071 4788 6686 4644
6824 4889 4357 5245
5393 6404 5498 4950
5573 5319 6361 5024
5938 3500 6205 6496
6587 3688 5743 5821
5766 5849 4999 5712
5626 4204 5658 6979
6033 5231 5839 5384
5889 5671 5690 5426
6821 4290 4327 5521
5688 4061 6376 6282
5235 5097 4711 6603
6595 5187 5786 4380
5966 5907 4423 5462
6217 4005 5338 6463
5856 5366 4733 6214
5660 5541 4780 5992
6223 5478 4782 5438
7121 5030 5147 3994
5549 6173 5064 5478
6350 5128 5688 5594
7327 4282 5883 4238
6082 2557 6866 6048
6096 5059 5899 5574
6131 4016 5297 6793
5846 3613 6708 5851
5456 4103 7104 5552
5828 5109 6238 5072
6214 4427 5223 5893
5697 5635 5421 5824
6621 4803 5404 5209
6000 5942 4288 5836
5724 3496 6376 6369
5996 5854 5391 5262
6435 5569 4821 4643
5832 4760 6789 5258
6000 4926 4882 6172
4892 6042 5118 5997
5639 5690 4798 5980
5055 5001 5148 6870
6789 4209 5921 5287
6275 4392 5196 6304
6284 4397 6282 5473
5877 5638 5075 5971
7556 3813 4880 4011
6226 4233 5388 6019
5384 4540 6813 5653
6222 3767 6905 5151
6879 3726 5655 5789
5383 6095 4391 6201
6117 4800 4830 6151
6264 4507 6643 4887
6518 3474 6165 5933
6732 4021 4979 6030
7130 3346 5601 5801
6371 4785 4895 5838
5441 4349 5447 6847
6484 5000 5063 5742
6213 5716 4015 5682
6313 4198 5381 5886
5920 4159 7132 5444
6505 3169 6562 5613
5866 5675 5840 4963
5542 6194 5972 4844
6526 5400 4873 3856
6380 3271 7087 4937
6871 4410 5781 5099
6058 5090 5776 5626
6683 2562 6548 5285
5632 3609 6879 5724
6058 4716 5261 6070
6177 5503 6078 4799
6190 5340 6173 5007
5132 5743 6463 5076
7064 4582 5523 4605
6375 4218 6037 5555
4910 5288 4726 6936
6382 4575 4897 6140
5563 4960 6451 5462
5324 5955 5534 5793
5746 5873 4499 5816
5851 3281 6062 6545
5527 4642 4804 6724
6158 4878 6217 5490
6292 5692 4360 5326
5949 4851 6649 4407
6642 4504 5245 5528
5555 5231 6338 5296
5709 4938 6098 5544
5779 6178 5456 5028
6381 3879 5562 6218
6687 3514 6584 5072
5423 5393 6064 6387
5926 3694 6040 6370
5939 4943 6490 5094
5603 5278 6689 4898
5842 5684 6354 4235
6007 3714 5783 6384
6041 4499 5563 6291
6356 4394 6140 5532
5019 6201 5319 5729
6255 4790 5211 5964
5627 5835 5736 6441
6205 4495 5930 5775
6219 4347 6624 6136
6986 3951 5583 4860
5940 5315 4629 5909
5448 4567 6703 5425
6192 4962 5151 5774
5022 4961 6732 5516
6403 4810 6584 4646
6115 4978 6196 5273
5175 5994 5739 5253
6301 4755 6678 4807
5667 5347 5520 5892
5804 5818 5122 5660
5187 5971 5225 6025
6070 3254 6189 6328
5367 6241 5540 5128
4928 5094 5119 6800
5403 6150 4161 5804
5915 4574 7236 4415
5898 5302 6261 5039
6754 4918 5098 4770
5914 5156 5112 6112
6143 6155 3560 3921
5588 4510 6717 5483
5759 5870 5907 5078
5692 5783 4864 5839
6267 5020 5812 5301
6359 3240 7365 5137
5625 5624 6017 5374
5903 6068 5694 4749
5913 3138 6780 5848
6399 4350 5360 5922
6445 5331 6233 4429
6596 3097 5550 5942
6143 5819 4749 5153
5383 5082 4655 6766
5108 4950 6773 5186
6764 4046 6668 4838
5964 6033 5667 5160
5486 5017 6760 5408
5401 5898 5225 5847
7351 3440 5622 3497
4898 4474 6637 5891
6256 4552 6685 5058
5503 5897 5732 5348
5833 5459 5883 5563
6005 4091 6970 4917
5555 4077 6290 6169
5154 4401 5625 6647
5886 3832 5880 6175
4997 5252 6936 4967
5837 5496 5286 5773
6718 4805 4512 5388
6882 4325 5685 5513
6374 3914 6016 5975
5619 6137 5663 4898
6378 5307 3886 5440
6129 4578 7065 4542
6190 3821 7279 4937
6813 4839 5673 4811
5841 5997 5774 4944
5728 6493 5030 4984
6290 5229 3606 5610
7420 3654 5200 3385
6152 4047 5019 6593
5946 4161 5086 6661
4812 5397 6725 4835
5708 5904 4376 5868
5759 5492 6139 5127
5903 4887 6157 6068
4900 4844 6400 6034
6813 4465 5158 5255
6350 4754 5173 6038
6903 4356 5407 5313
6637 4062 6810 4463
5550 5262 6040 5640
6070 6117 5512 5017
5686 5251 6633 4396
5265 3409 6646 6133
5567 5037 6503 5422
5925 4098 6993 5101
6045 3683 5906 6332
5898 5669 4797 5771
6047 3944 6818 5620
6500 5567 5174 5097
5917 4012 5468 6666
7166 3794 5981 4136
7342 3437 5640 5006
6177 5807 5394 5006
6830 4777 6074 4959
5684 5122 5983 5674
4488 5449 5031 6620
6138 4831 4552 5951
6584 4559 4622 5684
7318 4651 5312 4625
6203 4920 6438 4427
5286 6221 5797 5114
6407 5016 6108 5241
6213 3131 6650 5645
5505 5801 6118 5058
7408 4351 4523 3665
6620 4790 5835 5087
5888 5907 4030 6015
7342 3809 5051 3884
5982 3855 5846 6142
6158 4916 6617 4877
6283 5891 5239 4863
4808 4957 6903 5389
6382 5209 4094 5828
5814 3817 7223 5330
6055 4696 5911 5503
7059 3219 6233 4991
6005 5485 5962 4875
6458 3485 6144 5719
6179 5246 4848 5678
6741 4026 6065 5199
5459 4155 5840 6711
6367 5840 5135 4558
5621 4986 4298 6682
7102 3686 6585 4602
4811 6022 5375 5983
5972 5101 5735 5956
5760 5553 5595 5719
5972 5644 5634 4924
5438 3612 5904 6570
5526 5972 4852 5518
6304 3470 6336 5806
5995 5158 6056 5340
6525 5086 4555 5145
5399 6317 5511 5527
5622 5259 5898 5699
7125 3761 5705 4772
6377 5624 4198 4799
5719 5171 4892 6173
7371 3958 4669 3879
6536 5259 5221 4758
5820 5457 6112 5538
6270 4405 6099 5862
5780 4889 6664 5239
5839 3978 5385 6825
5434 6282 5452 4766
7461 3475 4403 4381
5742 5120 6197 5402
4725 5990 5741 5511
5901 4974 6367 5146
5695 4418 5236 6867
5750 5282 4888 6357
5608 5248 6275 6519
6067 4721 6347 5239
7192 3203 6319 5104
6299 5145 4852 5610
5505 5946 5937 4924
6575 5132 6016 4777
4707 6187 4907 5865
4733 4795 6582 5766
4506 5255 5424 6484
5724 6495 3900 4143
5219 6683 4261 4329
5357 6339 5761 4712
4950 5987 5741 5841
6000 5145 5153 5782
5755 5664 6383 4483
6611 5041 4637 5453
5524 6013 4958 5543
6625 4759 6133 4743
6325 4965 6435 5145
6089 5729 5114 5176
4598 6083 5712 5441
6505 4957 4792 5596
6150 4210 6776 4944
4802 6525 5384 5495
5465 4560 6556 5667
6072 3078 7423 4074
5543 4905 7180 5055
5711 5613 6058 5044
5840 5724 4174 5927
6349 4055 6079 5733
5553 3959 6899 5853
5910 3840 7189 5297
6336 5538 4706 5396
6212 4460 5476 6018
5239 5719 4492 6690
6144 5502 4437 5794
6851 4066 6639 4590
6579 4660 5709 5609
6054 5985 4703 5292
6045 5000 4958 5974
6801 4439 6522 4624
6505 5031 4785 5542
4531 4274 6404 6300
5521 4982 6701 4647
5308 4917 4664 6914
6801 4235 4557 5918
5875 4963 6733 4422
6798 3706 5912 5775
6437 3454 6422 5919
6181 5709 5602 5394
6346 4254 7000 4776
6362 5358 6289 4931
5899 5135 6090 5373
5943 5490 5731 5019
6229 3308 6015 6183
5684 5298 6432 4912
5675 5117 4897 6505
5669 5113 6393 5049
6454 4120 6389 5253
7116 4130 5134 5159
6036 5369 4387 6361
6715 4276 5867 5245
5747 5678 5795 5282
6891 4465 5551 4702
4717 5076 4950 6846
6275 4963 5697 5742
6039 4129 5800 6148
5958 6082 5254 5196
6223 4844 5585 5750
7060 3884 5637 4902
6220 4735 6935 4793
5866 4878 6705 4909
6073 4445 5189 6505
6277 4040 7422 4888
5474 4057 6547 6155
6319 3629 6862 5144
6425 3971 6771 5258
5712 4324 7266 5255
6361 4381 5237 5974
6048 5599 4988 5698
6227 4209 5340 6216
5570 6024 5046 5490
5598 4544 6642 5780
6432 5040 6176 4500
6972 3754 5235 5648
6653 4419 5149 5942
5718 5032 5946 5936
5700 5152 5283 5985
6132 4753 6659 5055
7044 3741 5962 4758
5706 4837 6912 4779
6993 4308 4443 5445
7183 3706 6328 4616
5366 5836 5752 5200
5181 5263 6545 5344
6782 3852 7061 4702
6960 4170 5834 5014
5415 5100 4365 6750
6136 4750 5344 5911
6177 3437 5890 6164
6639 3975 6600 5385
5669 5169 4154 6770
5536 6457 4761 5382
4451 5758 6222 5407
5267 5044 6633 5625
4947 5681 4580 6722
5946 5852 4653 5859
6325 5269 5751 5352
5732 5086 6272 5105
4904 6018 5341 5570
6665 4649 5750 5279
6292 4167 5659 6086
6504 5055 4833 5345
4775 4797 5199 6827
6556 4545 6555 4855
5965 4744 6875 5371
6621 4169 6207 5521
6038 5114 5276 5730
5578 6259 5709 5082
6034 4958 6453 5259
6148 4607 5510 6128
4621 4464 5684 6655
6202 3878 7101 5265
6042 5012 6551 4690
6637 4605 6332 5453
6194 4695 5967 5755
6240 4116 6560 5126
5611 6030 5782 4781
6165 5273 5477 5462
6452 4750 6121 5321
5471 3458 6517 6431
4706 5913 6118 5304
6069 5140 4460 6060
6165 5533 4159 5594
5497 4936 6780 4784
5841 5414 5841 5392
5067 6720 3416 4812
5421 6064 4514 6149
5921 5689 5400 5410
5758 5097 5906 5829
6151 3274 5932 6342
6394 5483 5329 5240
4849 5790 6579 4621
7417 3799 5617 4740
6563 4902 5415 5440
6323 4089 5183 6320
5080 4551 5414 6891
6365 3821 4746 6439
6597 3997 6850 4570
7018 4115 6457 4858
6581 4030 5977 5541
6116 5842 5421 4595
6259 4538 6345 5231
6977 4454 5592 4372
5805 3812 6137 6161
5828 5706 5717 5015
5730 5716 6004 5173
6542 4827 5059 5565
5744 5331 4475 6393
5829 5767 5173 5607
6035 5094 5926 5163
5644 4980 6194 5476
6490 4611 6284 4788
5739 5344 5378 5951
4721 6505 5641 5481
5079 5971 5773 5286
5255 5741 5956 5905
5563 4286 6805 5388
6648 4432 6052 5500
6888 5201 5650 4545
5648 5604 5672 5431
6292 5183 5065 5750
6261 4056 5663 5902
4940 6230 5781 5291
7273 3223 6062 5118
5949 4308 6750 5439
5563 5667 6186 4905
6114 5214 4536 5862
4879 6468 5075 5549
6431 5572 5867 4819
6334 4221 6385 5321
5381 3941 6783 5929
6353 4426 5279 6145
5734 5429 4696 5977
6215 4183 6704 5585
5441 6040 5014 6045
6669 4986 5260 5297
6109 5320 6430 4993
5748 4141 7016 5520
6286 4219 4916 6351
5762 5512 5489 5694
6423 5035 5090 5331
6063 4036 7593 4761
5876 5955 5387 5330
6001 4179 6875 5458
6734 4863 5328 5167
5419 5091 6631 5283
6672 3218 6380 5881
6818 4010 5020 5700
5735 4304 6921 5312
6106 5544 5611 5542
6854 3563 6402 5340
4810 6681 4162 5025
6082 4673 5239 6061
4762 6383 5595 5297
6333 5518 5356 4829
5175 6632 3936 4890
6223 3450 6593 5792
5419 6372 5281 5130
6217 4136 6905 5069
6280 3338 7013 5439
5107 6279 5599 5559
6443 3312 5844 6310
5634 5838 4241 5995
6763 3146 5368 6210
6743 4649 6143 4726
6534 4075 5966 5682
6906 3023 5829 5527
5095 5143 4937 7068
4969 5985 4809 6051
6006 5208 4740 5774
6267 5324 5128 5508
6050 4969 5256 5630
5862 5608 5501 5558
5476 6260 5202 5581
6295 3924 5480 5910
5187 4734 5115 6727
5643 3476 6633 6355
5005 5626 5203 6566
6677 3952 6427 4999
6271 5661 4638 5526
5746 4979 6701 4977
5224 6364 5079 5811
5815 6087 4077 5704
7294 2992 5998 4108
6412 4611 5891 5341
6982 3884 5244 5455
5584 5917 5475 5362
5245 4151 6011 6584
5674 5220 6204 5258
6384 4223 7123 4724
5100 4995 6815 5357
6568 3848 7232 4575
5841 6211 4976 5446
5851 5514 4176 6229
5585 6616 4569 5667
5541 5421 5971 5595
6809 5734 4600 4477
4768 6703 4412 4210
5516 6402 4991 5779
6272 3775 6367 5794
6452 5310 5325 5063
5831 5726 5067 5582
4910 5845 5952 5643
5804 5325 5303 5813
6022 4757 6937 4251
5729 6176 4718 5625
6559 5074 5200 4998
6133 5452 5753 5360
5968 3698 7116 5131
6497 4968 5144 5373
5985 4799 6645 4974
5194 5776 5983 5494
5635 5602 5901 5406
5054 5864 4281 6558
5820 4954 6624 5132
7498 3868 4257 4167
5301 5162 6549 5276
5919 5284 4907 6109
5817 5282 6518 5025
7067 3971 5326 4874
5400 5028 6719 5738
6436 5252 4509 5284
5094 6563 5296 5463
5692 6050 5525 4795
6526 4769 4243 5786
5022 4830 5165 6910
6439 3824 6185 6062
5460 5786 5918 6173
6514 5167 6043 4366
5659 6279 5452 5096
4869 5967 5998 5827
6408 5083 6198 4509
4525 5842 4885 6406
6509 5198 5745 4710
6467 3942 5596 5834
6304 5922 4961 4663
4743 5796 6134 5375
6582 3701 6646 5379
6202 5447 5060 5638
6246 5498 5385 5077
6512 3526 5422 6198
5822 5410 6313 5022
5600 4955 4576 6882
6490 3814 7149 4734
6487 3363 6169 5749
5769 4081 6119 6296
6607 5213 4422 5011
6403 4248 6635 4882
7032 3511 5361 5421
6490 4830 6555 4398
6123 5764 4979 5550
5431 4394 7308 5003
6550 4042 6839 4711
6710 4307 5569 5589
5447 3617 6990 5739
5804 5604 5920 5158
6278 4739 6516 5193
7088 3368 5851 4986
6949 3901 6879 4970
6260 5237 5439 5536
6641 4821 5557 4887
5009 5921 5772 5362
5814 5509 5369 5803
5149 6202 4758 6188
6505 4434 5205 5779
6202 5666 5331 5248
6686 4680 5472 5079
6600 4772 5682 5409
5412 4200 5829 6852
6368 3697 6817 5252
5731 4387 7178 4800
6978 5153 4686 4677
5115 5198 4707 6671
5250 6156 6060 4876
6419 4968 4751 5926
6075 6016 4425 5092
5527 4469 7055 5123
6506 3668 6000 5807
5443 6089 5219 5621
6165 4899 4962 5906
6720 4419 6779 4610
6826 3825 6038 5172
5345 4124 7033 5664
5444 5039 7010 4593
5994 4978 4139 6437
6010 5454 6260 4531
4673 5304 5242 6752
6744 4625 6095 4923
6697 4470 5474 5381
5314 4868 5077 6878
6313 4361 5319 6252
6442 5622 4551 5253
7207 2864 6067 3875
5216 6046 4573 5933
5057 6315 5261 5543
5611 6408 5550 4732
5560 4813 4787 6684
7101 4975 5377 4391
6107 5109 4583 6008
