25 4
9566
917 173 269 117 983
872 858 389 492 115
674 767 551 368 215
468 203 974 413 182
649 660 871 690 203
419 355 799 773 149
905 670 41 556 880
938 552 608 420 427
914 423 549 433 520
805 92 173 376 987
570 243 577 542 598
866 381 347 21 995
863 22 753 232 974
914 297 679 240 458
482 321 559 114 966
966 847 793 73 668
450 351 823 625 120
944 449 898 385 296
939 110 949 541 349
728 239 795 297 800
431 208 659 319 724
1000 868 114 312 873
922 434 149 210 896
631 752 210 855 127
866 654 27 415 955
3698
5839 9192 6522 6855
6592 7521 6488 7439
6472 8404 6163 7483
6050 7127 6114 8604
6252 9420 6328 5920
6328 7345 6365 8092
5450 8553 5523 8361
6049 9700 5791 6661
5401 7053 6262 8855
4538 9203 6086 7605
6626 7566 6634 7393
5798 7703 6408 8095
4492 9566 5820 7458
7043 6933 7002 5193
6136 8778 6273 7101
6899 8549 6316 6805
7639 7954 6411 6322
5503 8549 6037 7970
7040 7671 5485 7873
7433 5533 5364 7857
5857 8611 6119 7714
6552 9076 5668 6911
6739 8914 5768 6827
5599 8990 5567 7979
5939 8514 6749 6993
6124 8843 6350 7097
5762 9294 5019 7925
5208 8151 6153 8273
5615 8571 6800 6938
5857 7514 5216 8659
6598 9189 6121 6522
6830 7928 6711 6553
6689 7525 7051 6493
5610 9946 5783 6686
5425 9783 6283 6367
4304 9218 5884 8223
5087 8439 6528 7550
5848 9244 5714 7776
4034 9566 5603 7932
3989 4957 3619 10185
6728 6021 5078 8470
5807 6930 4603 8929
6562 8801 5488 7669
6203 9207 5699 7648
5946 6784 5641 8830
5412 6653 6039 9231
5424 9000 6074 7628
5575 7390 5551 8762
5862 7918 6217 7994
5927 6395 5406 8875
6999 8985 6322 6068
5981 8877 6842 6694
5845 7604 6299 8074
5827 9527 6664 5481
5820 10120 5563 6468
5934 8678 5999 7714
5474 8772 6607 7273
6666 8633 6461 6554
5249 8092 5959 8375
6130 9181 6290 6668
4886 5984 4764 10087
6484 8159 6918 5951
6588 7345 6771 7386
4922 9921 5537 7451
6481 8191 6525 7594
5694 8935 6149 7489
5390 9061 6238 7400
5639 7802 6894 7434
5782 9131 6458 6864
4877 7420 4924 9521
6365 9206 5683 7107
6060 4212 4058 9257
4606 10234 5560 7029
5364 8022 5497 8741
5021 7323 5002 9437
5841 6189 4709 9214
6286 8172 5220 8356
6643 6306 4542 8893
5193 7810 6640 8185
5866 6701 6068 8702
6012 8868 5740 7435
4963 9582 5735 7526
4836 8462 6465 7688
6614 6348 6452 8493
5044 9090 5529 8211
5386 9588 6501 5980
5353 5686 5084 9426
5899 8764 4989 8363
4814 4096 3824 10160
5026 8313 5241 9142
4336 7775 5144 9532
5837 6031 4932 9115
7104 8188 6658 6194
5555 8868 6348 7269
5287 5780 4965 9633
6748 8969 5803 6574
5298 5965 4356 9847
5385 10280 5504 6873
5766 7491 6326 8124
4802 8221 5196 9205
6961 8222 7150 5791
5380 4783 3668 9862
4867 10174 5748 7231
6064 6774 5824 8695
5889 4416 3981 9391
5005 9784 6147 7051
6051 8967 6159 7329
6620 7308 5597 8515
6246 9295 5596 7223
4979 9596 5876 7451
5882 9967 5920 6067
7344 6263 4939 7686
6854 6480 4907 8315
5551 8297 6037 8098
6023 9972 5804 6309
6375 8575 6490 7188
6189 8062 5338 8435
7124 6324 5161 8042
6362 8423 6740 6600
5508 5178 5117 9464
5559 7070 4339 9162
5507 7107 6279 8681
6547 9601 6623 5232
5144 7724 6090 8494
6120 9264 5722 6985
5741 5375 5156 9323
7167 5511 5422 7898
7776 6995 6289 5714
4382 6985 3651 9766
6215 8532 5280 7898
7227 7942 6667 6301
4160 9436 5796 7994
6765 6741 4900 8453
6797 8263 6799 6195
5499 9998 5978 6692
6481 5343 5108 8992
6162 9627 5815 6686
6153 6481 4496 9046
4984 7063 5468 9438
7047 7617 5619 7487
5391 7332 5800 9026
6332 7147 6120 8375
5856 8057 7190 6716
5640 4999 5223 9470
6578 8701 6337 6929
5946 6712 5067 8992
4620 8846 5889 8063
5744 7554 6156 8526
5435 9008 6513 7316
7633 5957 5474 7571
5838 9519 5894 7018
6249 9515 6457 5817
6546 8787 5347 7744
6520 8438 5395 7968
5021 9798 6288 6976
4856 8099 4685 9316
5984 5001 5158 9165
6205 8076 5479 8360
6048 9054 6893 5831
6995 8440 6531 6453
5990 8999 7123 5863
5776 8046 5634 8654
5704 9954 5795 6683
6363 6190 4799 8671
5752 7702 6689 7676
5830 8997 6201 7413
7098 7363 6236 7503
5377 9491 5564 7823
6160 8746 7018 5948
6629 8440 6718 6331
4976 8864 6509 7479
6410 8582 5343 7831
6669 6365 6692 7775
5178 8978 5504 8009
6243 8699 6564 6544
5602 9158 5966 7343
5921 6925 6741 8009
7032 8390 6548 6510
4186 9785 5748 7770
4452 6019 4662 10110
5932 6939 5753 8682
5790 4540 3831 9465
6398 8256 5899 7703
5705 9627 6423 6520
5837 8901 5657 7892
5936 7674 6916 7409
5157 8973 6660 6897
5032 9398 6065 7352
4890 9461 5508 7830
5406 7673 5313 9114
5331 7444 5625 8771
6514 7947 6277 7612
6338 7477 6778 7155
5548 9532 6466 6576
6216 6569 5051 8883
3860 4898 3632 10278
5959 9883 5975 6652
6853 6104 4917 8348
5801 6921 4610 9023
5821 8208 5081 8510
5027 8453 5670 8524
5903 7225 6396 8254
6190 5134 5603 8780
5690 9091 5456 7994
4367 8538 5460 8857
7109 5983 5648 7954
6234 8382 5561 8056
6982 8139 6353 7000
4916 6386 4875 9565
6424 5863 5273 8822
7018 6145 5524 8054
5598 9595 6553 5847
7182 6739 6741 7016
4873 8829 5130 8779
5004 10129 5248 7401
5760 6647 6051 8876
5853 4997 5712 8861
4722 4757 3659 10236
3740 7102 4287 9612
6829 8262 6650 6710
6090 5180 4795 9153
7211 7928 6526 6376
7204 8114 6352 6727
5648 5871 4737 9667
6434 9643 5532 6458
5893 8273 5871 8007
5518 7775 4979 8775
7306 7441 6140 7515
5554 8069 5312 8557
5046 8369 5514 8822
4509 8347 5914 8882
6396 7896 6729 7393
6761 6765 4752 8424
5989 8860 6648 6591
5889 6706 6038 8783
6005 5133 3427 9332
4702 6299 4978 9647
6272 5708 4445 9022
5913 7258 5939 8686
5422 8238 6050 8191
6578 6047 4823 8558
6659 6143 4564 8554
5081 6398 3936 9840
6002 8882 5686 7806
6382 8242 5758 7778
6702 8707 6233 7088
5004 7808 5982 8861
6466 9557 6522 5643
6815 9231 6186 6348
5343 8701 5258 8536
6061 5075 5616 8873
5275 8563 6030 8010
6409 6721 5903 8625
6628 5965 5029 8805
5653 9072 6471 6957
5454 9199 5110 8010
5664 7845 6461 8001
5919 8337 6486 7626
5535 7786 6474 8094
6744 6519 5025 8529
6902 7897 6648 6547
7263 8564 5982 6231
3734 5028 3439 10216
5663 9272 6833 6210
5914 9513 5164 7763
4606 6839 4004 9854
5067 8132 6131 8479
6099 7363 6429 8127
5653 8245 6684 7625
5166 7949 5741 8748
7280 7345 6076 7655
5112 6678 4191 9626
7197 8295 6532 6244
7148 8405 5875 6646
4771 9518 5972 7439
6054 7103 6262 8633
5721 7194 6176 8599
5013 9214 5982 7476
6621 6341 5400 8458
5720 9968 5936 6608
5936 6083 4814 9076
6985 6200 5568 7974
5617 8054 6280 8333
6120 8852 7003 5515
4288 9204 5743 8298
5130 6813 3830 9471
7105 8317 5978 7071
6070 9025 5388 7795
4645 6785 4320 9823
6369 9047 6710 6308
6261 7714 5808 8494
5492 9348 5363 7833
5728 8552 6132 7807
4413 8840 6420 7595
5085 7547 6370 8409
5072 10680 5612 6702
5179 8587 6954 7032
4194 9201 6151 7910
5275 9047 5618 7924
6681 8565 6003 7103
6600 8262 6164 7482
5536 7603 5367 9118
6714 7762 6943 6768
5933 9534 6023 6876
6023 7849 6917 6893
5769 5058 5210 9377
6113 8457 5705 7877
4903 10365 6152 6523
5971 8817 6299 7165
5501 9862 6275 6595
7781 6680 6195 6256
5458 10135 6300 6160
4857 9507 5327 7588
5184 6707 4184 9747
4482 9824 5437 7554
6176 8281 7052 6595
7040 8159 5792 7124
5807 5901 5336 9140
5675 5620 4928 9415
6676 8766 6240 6643
6239 9336 5490 7045
6245 9733 6212 6019
5711 8412 5695 8199
6881 8576 6409 6342
3931 9856 5568 7801
6692 7204 6533 7608
5456 9638 6347 6571
5117 8332 5935 8121
5745 5203 3583 9444
6442 9167 6336 6405
5609 7538 6383 8280
4859 8887 6494 7482
5530 8976 5798 7893
5846 9011 6342 7338
4341 8189 5508 9081
4879 6757 4090 9663
6267 9275 6133 6824
4546 9640 6143 7214
4665 8751 5226 8767
6023 8946 6658 6575
5740 8112 5340 8514
6166 8487 7029 6284
5880 6186 4887 9175
5583 9666 5759 7229
6207 7072 6396 8055
4675 9081 6718 7355
5792 5301 4636 9322
6667 7777 6437 7392
5254 5544 4535 10012
6039 7384 6951 7540
5649 8331 6735 7245
6564 8382 6717 6656
5309 9833 5627 7309
4865 9378 5612 7838
5675 8750 5943 7906
4405 9429 6437 7064
5054 9420 5859 7426
7002 8259 6351 6936
6735 5645 4707 8817
4215 8319 5315 9019
4880 9719 5125 7926
5915 8349 5887 7975
6044 9084 6098 7331
5194 9809 6069 7052
5258 8052 5320 8833
6534 8953 6054 6603
4341 9006 5932 8199
5520 7942 6383 8085
5808 8269 5919 7944
7127 8212 6481 6832
5029 6431 4721 9547
6037 9265 6278 6848
5219 9871 6044 6969
6716 8369 6369 7059
6000 6667 4994 8853
5625 9339 5519 7755
6155 9194 5707 7208
6610 8855 5781 6920
5414 9687 6274 7111
6687 7958 6058 7688
5382 8798 5662 8103
6917 7969 6042 7836
5727 7998 7203 6809
5998 8898 5877 7384
6273 9156 6495 6660
6650 9311 6658 5363
6348 8714 5591 7751
5112 7359 5727 8970
6373 7736 6571 7462
5671 9862 6068 6604
5273 6083 4355 9775
7434 8825 6381 5663
6257 8325 7153 6184
6574 7913 6212 7706
6283 9083 5644 7199
4933 9521 5314 7827
4746 8877 5763 8301
4931 9045 5683 8229
6717 7404 6758 7293
5843 7881 6383 8009
6897 8803 6781 5723
5401 9130 6042 7442
5628 9366 5509 7717
6421 9731 6430 5170
5488 4620 3780 9845
7009 7947 6596 7009
6285 9376 5998 6895
5625 8579 7208 6281
4704 8514 5670 8600
4682 9383 5604 7818
6924 7652 6800 6808
5380 7732 6023 8650
6266 9337 6675 6177
6278 8463 6593 6940
6141 6066 4980 9088
6499 8908 7093 5351
6738 7298 5780 8380
7049 7867 6094 7220
5956 9715 5576 7288
6388 7400 5664 8420
6480 6116 4817 8867
5959 8239 6987 6769
5792 9323 6317 6726
6015 8235 5853 8002
6010 8441 6041 7935
6532 7711 5800 8181
6700 8355 6228 7134
6269 8197 5912 7796
5900 7600 7144 6875
5872 9360 6294 7114
5425 9283 6693 6558
6534 7203 6488 7722
5502 7841 6518 8014
5350 9459 6710 6583
5941 8966 5401 7888
6711 8829 6514 6257
7067 7491 6039 7562
6298 8188 6831 6716
6799 8536 5906 7383
4533 9150 5995 7857
6250 8713 6543 7159
6696 6986 6778 7406
7386 6465 5351 7211
6928 8246 6600 6323
5257 7787 5865 8648
5554 9020 6589 6996
4706 4259 3712 10177
5775 6434 4481 9306
7438 6409 5658 7244
6291 8764 6771 6393
5038 8113 5542 9189
6981 7446 6611 6889
5235 5227 4874 9895
4531 9299 6630 7126
7191 7751 6263 7009
5779 6546 5194 8937
5691 9706 6718 5334
7237 8277 6478 6152
6237 8682 5867 7415
5740 9079 5886 7389
7478 6736 5290 7142
5635 8830 6445 7695
5691 7657 5818 8562
5737 8761 5647 7975
4653 10085 5836 6986
6302 8172 6640 7138
6571 8196 6891 6305
7408 8476 6429 5887
6186 8006 6872 7353
6899 7682 6794 6723
5840 7898 6998 7051
6333 7965 5416 8351
5390 4719 4907 9933
6703 7972 6199 7613
6598 8930 5279 7066
5239 5203 5022 9924
4859 8835 6854 7075
7034 7180 6367 7517
7484 7707 6153 6815
6381 7147 6554 7993
7128 8068 6532 6702
6496 8532 6038 7682
7008 8080 5643 7464
6015 7008 4507 8941
6259 9240 6277 6575
5111 7896 6322 8185
5726 8948 6662 6725
6927 7820 6047 7553
4918 6465 4714 9783
5039 8202 6102 8335
5749 8014 6780 7414
5852 6024 5093 8919
5914 4499 4830 9319
6300 8560 5190 7909
7002 6767 6850 7094
6273 8748 5833 7348
6352 8415 6332 7257
7633 5763 5571 7340
5441 6611 4129 9631
5140 8781 5922 7863
6342 7259 7023 6953
5179 9155 6043 7715
7154 7616 5780 7548
5404 9352 6463 7260
6005 8874 6789 6516
6152 8792 6414 7026
5047 7634 5480 9347
5175 8393 6386 7928
6169 8129 6844 6809
6072 5614 4803 9141
6069 5947 5130 9070
5880 9314 6898 6036
4948 10270 5489 7227
4826 9484 6283 7367
5699 9401 6624 5607
6447 8533 6668 6594
5531 8898 6599 6792
5623 7982 6783 7469
5813 5895 5157 9119
6730 8173 6844 6330
5131 8860 6349 7385
6905 5583 5390 8211
5596 8731 6026 7801
5386 8576 6298 7898
6380 8628 6581 6936
5575 9068 6021 7444
5802 10137 6235 5855
6689 6484 5102 8447
6573 8648 6246 7181
4805 8603 6110 8047
3792 8697 5270 8926
5671 7309 4757 8967
4178 9187 6010 7985
7008 8488 6305 6776
5710 9217 7109 5385
6700 8255 6878 6212
6313 8033 6119 7793
4205 6233 4134 9978
6189 8591 5990 7434
6799 8407 6110 7095
5156 10348 5393 7239
5506 7623 6763 7812
6221 9916 5764 6014
5648 7432 5712 8751
5830 8184 6358 7791
5081 8404 6514 7860
6422 8990 5928 6632
4539 8262 5264 9074
6356 7417 6233 7933
6651 8026 6061 7582
4477 6946 3819 9931
5588 4839 3279 9727
6275 7745 6879 7215
6649 8497 5382 7875
5808 7622 6590 7702
7236 8752 6625 5670
6245 8295 6821 6681
6804 8818 6566 6350
5357 5662 5232 9455
5041 9062 5416 8542
5374 9322 5799 7433
5126 6837 3682 9442
6262 7727 5976 8362
5771 6247 5828 9252
5433 8367 6479 7566
6430 8202 5751 7958
5037 6085 4263 9934
6250 7927 5675 8315
5226 8927 6318 7635
6354 8971 6027 7030
7333 7147 6265 7556
6253 8088 6105 7774
7221 8003 6450 6270
4262 8855 5791 8522
7053 7458 6899 6799
6183 7571 6220 8079
4454 9530 5885 7459
7795 6652 6200 6165
5508 8333 6237 7969
6220 8946 5644 7447
5802 9456 6096 6815
6070 9433 6050 7107
5873 8823 5699 7899
5557 8788 5155 8454
7072 7267 6172 7643
5493 9021 5991 7670
6685 8553 6602 6754
3905 9507 5616 8025
7462 7202 6894 6534
5886 7446 6582 8125
5529 8554 5511 8294
4970 9884 5783 7362
5744 8497 5459 8082
4748 9711 6656 6182
5445 6587 4277 9660
5683 8927 7011 6572
4949 8506 6188 7963
6895 9061 5871 6560
5637 8553 6361 7760
4664 7006 5655 9440
7215 7714 6129 7103
5587 8817 6453 7255
5931 9649 6243 6442
5372 6003 4745 9543
5916 6925 5612 8757
4659 9067 6577 7430
6699 7984 7032 6262
5634 6019 4497 9353
4476 8199 5408 8932
4187 5030 3375 10178
6273 8791 6864 5930
6050 6760 4779 8809
6732 6807 6662 8024
6923 8939 6502 6043
4489 9097 6218 7601
6511 7512 6926 7109
5214 8855 5502 8085
5169 8384 6393 8022
6290 8491 6874 6384
5822 5160 4665 9395
7047 7970 6776 6379
5764 8622 6546 7412
5856 8938 5491 7877
6658 6765 6915 7399
6961 7348 6641 7044
7530 6042 5854 7103
6799 8400 6844 5872
5409 8659 6561 7540
7580 5961 5382 7439
6099 8237 6938 6874
6038 6051 5232 8916
5444 8264 5202 9194
4930 9494 5324 7865
4209 6209 4282 10007
6588 7679 6519 7250
6939 6282 4909 8164
4653 8951 4925 8720
5848 7599 6597 7721
5842 9097 6393 6958
7020 4889 5501 8085
6706 8293 6970 5822
6472 9298 6533 5979
4686 9099 5431 8670
5489 7046 5496 9134
5777 7447 5720 8644
6394 8568 5202 7906
5073 8976 6406 7727
5418 7497 6314 8479
6136 8991 6504 6557
6271 8927 5332 7454
6702 9115 6192 6419
6159 8804 6271 7312
5396 8911 6109 7749
5268 9970 5949 6777
6614 7222 6961 7240
7466 5461 5133 7683
6462 9119 5566 7207
6239 8327 5898 7939
5872 6072 4877 9204
7078 8244 6159 6665
6382 6426 4449 8980
6482 8825 6670 6100
5118 8203 6002 8218
6077 8489 6324 7773
7537 7509 6342 6716
6614 7694 6723 7162
6650 8170 6010 7712
6093 7406 5562 8643
6961 6367 5187 8124
6084 5932 5026 9014
6802 7570 6897 6475
6644 8970 5787 6916
5871 9275 6947 5807
6346 8534 5970 7421
6808 8726 6740 5724
6538 6486 4708 8618
4717 9763 6240 7003
5185 5934 4475 9872
5698 9194 6315 7042
5965 8863 6701 6769
5679 9278 6471 6744
5811 4795 5300 9336
4908 8880 5105 8689
6242 7576 6978 6784
5741 8441 6993 7000
6806 8219 6664 6355
6637 8148 6972 6497
6218 8628 5851 7472
5991 5655 5472 8860
5298 5380 4742 10009
6589 7494 6498 7477
4428 9589 6595 6995
4301 8269 6010 8870
6453 8763 6755 5852
5123 8823 5053 8477
6408 9294 5580 6682
5910 8713 5865 7843
6282 7557 6877 7129
4777 9118 6125 7649
5570 8201 5989 8049
6328 8783 5756 7430
5246 9121 5206 7998
6175 9499 6551 6277
5466 8999 5411 8057
5161 7815 4985 9226
6177 9113 5728 7119
6233 8006 6660 7123
5190 8272 5592 8738
6552 8506 6016 7196
6947 7847 6351 7494
5180 6731 4036 9718
7201 8207 6064 6547
6935 7252 6577 7184
5514 8962 5657 7968
6129 8433 7036 5962
5141 10007 5880 7151
5726 7571 6828 7913
6598 8784 6668 6275
6220 6545 5199 8912
6057 10066 6415 5824
6069 6414 4510 9029
5704 9127 6008 7351
5610 8998 6006 7667
5872 8952 5632 7802
5020 8020 5562 9046
7030 7530 6082 7684
7474 6118 6595 6148
5406 8081 5975 8426
5776 9788 6283 6079
4249 9509 5551 7720
4977 9291 6884 6375
5054 9904 5447 7340
6380 8574 6926 6202
5822 7129 6655 8258
5847 7169 4006 9049
6146 7616 6413 7856
5396 8503 5447 8437
6277 5241 5352 9009
4300 6194 4302 10143
6577 7742 6530 7370
6295 8333 6785 6735
6141 8028 6106 7950
6102 6704 6527 8174
6386 8171 6909 6635
5208 8364 6384 7729
5911 5609 4853 9227
5247 8262 5989 8125
6377 8673 6413 7028
6871 7601 6081 7920
5151 7608 6228 8660
4972 6343 4203 9894
5801 8904 6350 7173
6917 8927 5893 6211
6288 9497 6008 6748
5237 8527 6095 8011
7069 5041 5405 8153
4734 6159 4404 10120
6716 8622 6257 6975
6352 8372 5744 7921
4901 8098 5947 8730
6962 5361 5727 8141
7121 9012 6258 6036
7095 8876 6537 5716
5910 7325 6964 7633
5203 9061 5400 8001
5338 7530 5611 9125
4302 9719 6402 6933
4273 8455 5568 8898
6884 8690 6001 6353
6201 8347 6385 7441
5780 6927 6243 8733
5888 5686 4845 9212
7584 5937 5530 7468
6805 8825 6227 6550
4459 9465 6142 7730
6483 8284 6961 6333
6098 7810 6563 7978
6233 5405 5145 9012
5807 9664 5830 6814
6135 8656 5335 8347
5180 9774 5640 7402
5738 9096 6816 6185
7331 5958 5647 7681
5384 7382 6308 8483
6594 9278 6080 6436
5801 7808 6416 8053
6638 8479 6669 6560
6714 8730 7027 5431
6146 8503 6093 7859
4386 6961 3799 9795
5910 6539 6096 8789
5391 7883 6396 8178
6779 7791 5392 7960
5653 7716 6032 8626
7019 6445 5033 8013
6628 8754 6849 5802
6969 8793 6113 6198
5091 8391 6645 7657
6952 5619 5344 8237
6241 9820 6551 5544
5745 7889 6562 7590
7637 5739 5719 7369
6519 8975 5990 7183
7241 8059 6723 5950
6061 8954 6290 7126
6446 8949 6581 6203
6262 9195 6445 6483
4590 8443 5655 8878
4417 4685 3742 10182
6253 8183 5771 7871
6359 9253 6687 5997
6447 8778 6053 7119
5607 10041 5912 6583
5268 9143 6162 7445
5232 10026 6574 6130
4696 8077 5613 8991
5117 8740 6597 7433
6281 8851 6401 6933
7145 6315 5226 8075
5824 8530 7101 6123
5831 9497 6616 6582
5866 8247 6950 6827
5067 9250 5687 8142
5710 9629 5828 6855
6193 9482 5879 6890
6259 8713 6705 6469
5651 8928 7160 6057
5418 8853 6753 6810
5493 8613 5329 8358
6992 9166 6502 5585
4812 9036 6218 7525
5193 9319 5017 8097
6665 8511 5523 7800
6915 6780 5424 7961
4772 9065 6034 7901
6128 7189 4847 8734
6391 9555 5635 6883
5778 6101 4154 9377
6313 8934 6826 5885
6057 5099 5468 8844
6608 8714 5997 7045
6773 8051 6892 6096
4771 6063 4321 9975
5099 6635 4295 9722
6258 8286 6330 7573
5023 7133 4152 9459
5337 8210 6140 8180
5407 7897 6537 8103
6215 8940 5942 7210
4607 8530 6354 8054
5866 6663 4670 9063
5419 7626 5352 9121
5689 9613 6282 6595
5102 7522 5678 8969
6090 9078 5995 7181
5842 7737 6596 7698
6199 8462 6605 7007
4955 9543 6270 7274
6186 9095 6970 5724
4437 6443 4737 9705
6312 8769 5615 7505
5123 9231 5715 7789
5765 7615 5997 8434
7496 6487 5504 7133
6787 6824 6902 7306
6137 7244 5590 8730
6468 8504 6715 6359
6126 5725 5467 9000
4955 8534 6321 7798
5513 7441 6295 8390
6163 10245 6052 5812
5908 10316 5872 5843
5365 7695 6125 8578
5989 8047 5582 8402
5499 7804 6943 7329
6491 7126 6119 8579
5450 9349 6026 7404
6893 6797 6277 7743
6863 9390 6309 5248
5575 9564 5320 7816
4995 6039 4497 10033
5437 8444 5253 8539
5638 7375 6519 8538
6280 7797 6841 6791
6809 8607 6472 6348
5506 8855 7032 6225
7359 7492 6859 6403
7029 8071 5708 7497
5528 8993 6728 6689
5955 7460 6351 8211
6958 5385 5579 8112
7131 8182 6124 6713
6455 9623 6069 6059
6749 6894 6199 7827
7101 8404 6317 6596
7160 5697 5248 8249
6924 5941 5396 8076
6339 8382 6071 7569
4772 7947 6478 8238
5084 8572 6825 7174
5786 6580 5097 8935
6938 8191 5917 7760
6397 6889 6180 8415
5135 9108 6100 7483
6108 8829 6209 7172
4467 9361 5655 7993
7056 6181 5459 8053
6946 5819 5072 8239
5380 8036 5638 8666
4767 6087 4173 9946
5819 7158 4969 8905
6703 7968 6841 6684
5478 8272 5816 8270
5208 8769 6866 6810
4278 8869 5932 8447
5296 7938 6491 8109
5667 6445 4328 9336
4732 10104 5753 7091
5988 5547 4817 9124
6376 8806 5460 7483
4494 6221 5074 9635
5471 7874 5762 8566
6485 5319 5256 9021
6465 8605 6537 6653
5816 8149 5929 8141
5908 9022 6046 7407
6082 9456 6844 5450
4961 8306 6489 8010
5715 7185 6183 8693
6057 7947 6885 7446
5933 7768 6916 7134
4640 8218 5854 8817
5332 9120 5387 7908
5397 8176 6075 8274
6714 7549 6712 7312
6683 8262 5737 7791
6704 8037 7123 6010
5742 9628 5679 7370
5278 8051 6781 7652
6339 8590 6779 6192
5282 9406 5866 7386
5342 7180 5896 8958
6589 8662 6387 7106
4647 9000 5012 8776
5678 7508 6248 8205
6509 8420 6682 6653
6489 6060 4992 8733
5752 8041 6770 7376
6299 8530 6825 6613
6516 9131 5692 6665
6070 8609 7027 5987
6570 7095 6038 8244
6239 8906 6124 7025
5432 8573 5861 8042
7024 8094 5784 7389
6107 9640 5585 6846
5434 6987 4500 9284
5845 9338 5714 7501
5406 7940 6718 7643
5342 8368 6708 7519
6832 8637 5584 7111
6366 9067 6861 5646
7389 6871 5143 7159
6401 7949 6820 7141
5619 8151 4912 8628
6560 8600 6472 6858
6075 10049 5743 6437
4518 8941 5025 8869
6069 7973 6427 7720
6483 8681 6721 5970
6333 5494 4896 9054
5017 9057 6552 7264
5224 5627 5097 9519
4562 8149 6103 8783
5490 9269 5524 7615
6776 6045 6370 7787
5743 8893 5645 7895
5340 8645 6792 7454
6788 8804 6425 6425
6524 9441 6465 5301
4794 9570 5293 8182
5018 8863 5846 7908
6488 5483 5145 8837
6097 4472 3592 9256
5733 7961 6348 8055
6684 8880 5974 6917
4779 8821 5118 8782
5370 8562 6157 7973
6891 8514 6460 6556
4289 8469 5709 8823
5410 9247 6617 6612
7128 8014 6877 5968
5116 9540 6631 6393
6958 6539 6337 7783
5367 8457 6149 8015
5515 8635 6285 7805
6512 8007 6292 7899
6097 8443 5564 7952
5576 10186 5848 6379
5486 8512 6813 7031
4429 6087 4487 10066
6729 8317 6793 6460
4875 7749 5995 8954
5049 8189 6233 8132
7492 6581 5178 7290
6231 8264 5750 7960
6732 8150 6753 6462
5744 8088 5488 8543
4823 6664 5188 9453
5645 9513 6116 6828
6782 9063 6414 6089
5791 9725 5569 6851
6249 9040 5915 7322
5130 7452 5707 9113
4577 8898 6278 8183
6910 8145 6735 6252
4822 7947 5806 9053
4958 7871 5837 8736
5724 9664 6257 6505
4948 9241 6222 7438
6177 9468 5738 6965
6368 9374 6082 6471
7156 5721 5100 8220
5984 6245 6317 8643
5312 9860 5617 7271
5896 7818 6899 7077
6331 7663 6604 7506
6039 5981 4247 9290
6033 7782 6023 8428
6057 9385 6276 6784
5390 9929 5368 7305
4880 8210 6748 8014
6907 8315 6370 7025
5777 9603 6262 6306
5686 10203 5581 6692
6395 8241 5830 7743
6187 5830 4459 9228
5417 8232 6348 7954
5999 6586 5830 8731
6697 8981 6849 5344
6525 7955 6716 7300
4847 8805 6522 7572
7760 6734 5977 6291
6295 8546 5864 7572
5638 8731 6958 6869
5912 9312 6148 6952
5427 7402 6214 8631
7510 7895 6424 6415
4863 6743 3949 9738
6420 8771 6543 6891
5403 9679 5835 7423
4641 6809 4172 9794
5581 10313 5925 6231
6909 7407 6614 7481
6973 7288 6512 7183
5020 5525 5341 9536
5109 9167 6810 7019
7757 7387 6547 6775
4679 6367 4803 9603
5021 4707 3370 10021
5822 6242 4849 9228
6211 8334 6516 7238
5765 8915 5439 7969
5963 8771 5850 7954
6353 9033 6569 6383
6243 7746 7028 6700
7178 7926 6081 7127
6918 7915 6147 7401
5548 5660 5058 9546
5863 8348 6772 7121
5298 9420 6007 7311
4941 9380 5494 8080
5262 9468 6129 7273
4068 9326 5538 8239
6012 6467 5295 8900
5252 9276 6270 7411
6035 6005 4099 9261
4449 9130 6331 7879
6777 9010 6323 6341
4986 9353 5083 8039
6048 9054 5741 7212
5794 6887 4707 9025
5051 9980 5524 7358
5707 7671 5959 8487
4620 5465 4252 10133
5076 8877 6919 6901
5687 9186 5876 7354
5326 8354 6567 7594
5304 6262 4844 9590
6162 8517 6234 7784
6154 6019 5019 9095
6829 8414 6215 7041
6270 8026 6536 7331
4443 7455 4822 9544
4958 9444 6783 6448
6496 8794 6349 6721
6162 8250 5981 7874
5878 9094 6767 6290
6214 8803 6118 7095
5679 8594 6636 7401
5101 8726 6456 7508
5931 8077 6692 7384
5356 9143 5359 7920
6404 7591 6635 7666
7031 7956 6635 6454
5930 6062 5079 8946
4858 8405 6299 7948
6120 8315 5822 8259
6639 8772 5562 7117
4393 7608 6175 8794
4669 8237 6443 8107
4786 7754 5387 9434
6024 9095 6385 6666
6046 7561 6240 8226
6465 8120 5974 7832
5397 7707 5331 9210
4648 10436 5972 6554
5244 8692 5964 7911
5673 8336 5599 8523
6859 7269 5683 8252
5938 9198 6841 5694
4991 9205 6022 7567
4973 7932 6435 8126
6717 7397 6936 6724
5596 6103 4162 9669
4188 6888 4043 9802
6822 8233 6805 6280
6168 7230 6707 7991
6358 6108 5045 8914
6654 9102 6200 5979
4688 8626 6095 8050
6172 8852 6045 7635
6022 8335 6421 7381
5894 8817 6192 7216
6127 6581 6161 8615
5184 8462 6141 7995
6313 7753 6511 7766
7344 6743 6684 7003
5448 9116 6654 6966
7013 7859 6128 7312
5945 8468 6347 7389
5823 7625 6280 8198
5892 9005 6239 7188
6909 6903 6625 7408
5418 7028 5570 9415
5550 8535 6649 7494
7278 6156 5458 7780
7013 7855 6770 6383
5028 9555 5495 7564
5928 9326 6289 6877
4399 8452 6450 8042
5854 9533 6035 6943
5815 9504 5870 7138
5862 7504 5437 8742
6940 7937 5941 7475
6606 5861 5265 8530
6606 7286 6442 7536
6108 9112 6797 5757
6676 8358 6281 7312
6478 8285 6525 7319
5663 9059 6602 6754
4862 7079 5411 9433
5617 9766 5732 7341
6084 7519 6338 8118
6469 9130 6134 6615
6495 6457 4330 8955
7355 7710 6614 6605
6205 7490 6241 7990
5547 4797 3500 9930
5448 8587 6002 7967
5488 9990 5539 7004
5728 9049 5554 7886
6920 7003 7033 6928
6224 5439 5163 9108
5530 7112 6249 8762
5908 6903 6480 8227
5915 10135 5692 6326
5887 9701 5807 7202
5091 6743 5146 9450
6198 6609 4991 8747
5628 9774 6171 7029
5807 4819 5152 9307
6536 8452 5536 7893
6131 9272 6161 6673
6343 7277 5907 8641
6146 9613 5674 6761
3807 9446 5445 8326
5797 5077 3816 9467
6378 7333 6795 7487
6035 8974 5413 7885
6567 6927 6791 7499
5090 8718 6017 7820
5776 7145 5998 8935
5857 9438 5906 7046
6137 9896 6100 6036
6116 6981 6384 8239
7322 7547 6488 7180
4975 8793 5966 8555
5542 7438 5693 8890
5070 6798 4159 9464
6593 8373 6484 6957
5815 8127 6036 8326
5163 9141 5902 7790
5103 9967 6587 6223
4953 9247 5924 7675
6388 7894 6825 6700
6397 5645 5021 8937
5728 8761 7005 6334
6386 8384 7140 6091
5621 8814 5922 7793
4730 8863 5622 8376
4897 9280 5328 8313
5425 8673 6702 7465
6917 8650 6181 6876
5261 9870 5381 7398
5960 9148 5941 7177
6647 7977 6792 6711
6038 6123 5806 8754
6591 8809 6478 6579
5611 9072 5539 7889
6408 8336 5729 8307
6079 8212 6240 7838
6115 9737 6127 6026
6010 6730 4637 9203
5592 9700 6399 6495
5298 9825 6489 6392
5025 9048 5275 8617
5018 7980 6227 8411
4523 8862 6573 7517
6812 8508 6985 5522
6500 5660 4769 9109
5830 9845 5383 7226
6871 8610 5673 7026
5309 7714 6097 8931
4833 7547 5583 9429
5609 8565 7067 6356
6159 9485 6410 6352
6268 8738 6773 6182
6455 6899 6463 8179
6281 9678 6188 6265
5899 9172 5651 7675
4674 9408 6090 7518
5873 5345 5332 9124
7327 6762 6379 7720
7780 6777 6534 5512
6037 6550 5191 8892
5108 9494 6182 7182
5761 7433 5579 8719
4791 8621 5419 8829
5958 8584 5356 8000
5274 7906 6381 8181
6796 8494 6844 5597
5982 5056 5699 8768
5793 6193 4904 9028
5324 9110 6758 6807
5632 8395 5793 8421
5630 9921 6262 6502
6290 5965 5343 8925
5926 5950 4366 9315
5259 9033 5477 7999
5279 8274 5195 8757
6721 7676 6467 7339
5132 6288 4932 9595
6197 7267 6568 8029
6101 9222 5468 7391
5973 5758 4734 9237
5966 8128 6667 7294
6581 8343 6152 7454
6668 7921 6224 7703
5938 7821 5855 8263
6192 6323 6221 8655
5436 8273 6479 7841
6249 7326 6448 7987
4602 8069 5601 8994
6261 8243 6460 7493
5613 9025 5996 7629
4420 9770 5950 7152
5348 9930 6031 6876
4330 9406 6155 7823
6390 6637 4496 8680
7462 6722 5149 7217
5597 8950 6232 7344
6373 7541 6418 7795
5519 9120 6225 7307
5833 6729 6432 8634
5779 8963 6059 7500
6617 9158 6430 6355
5190 8734 5899 8016
6843 7608 6699 7219
6817 7414 6988 6484
6323 6249 4729 8895
5927 8578 5431 8335
5685 8677 5092 8445
6501 7787 7106 6351
6713 8303 6652 6535
6471 8466 6705 6836
5936 9702 6334 6190
6763 7185 6424 7687
6083 8296 6837 7222
6669 8539 6461 6829
5183 9801 5630 7364
5359 8715 5399 8461
6363 9847 6487 5512
5982 7074 6269 8512
4873 9154 6474 7348
6760 7693 6449 7212
5756 8782 6506 7088
5849 8917 6342 7613
6247 8278 5891 7885
7552 8258 6517 6116
6846 8077 6301 7076
5786 6996 6003 8652
4938 8906 6411 7587
6269 8765 6153 7098
6426 9045 5794 6673
6658 6769 6273 8328
5941 9374 6063 7200
5929 7272 6080 8611
5251 8452 5129 8685
6260 6874 6585 7956
4867 8338 6012 8423
6622 9078 6215 6031
5667 7333 4609 8938
5458 8779 5861 7829
5590 9409 5534 7532
6747 8680 5822 7047
4943 7530 6324 8648
6190 7735 5966 8272
5940 6409 6110 8646
6601 9144 6289 6430
5838 7483 6336 8214
4841 8111 6329 8120
7082 7009 6555 7547
6169 6783 6573 8140
7149 7389 6771 6907
5997 8247 6619 7320
6361 7996 6365 7704
5931 8360 7280 5969
7858 6759 6106 5880
6890 6739 6522 7774
5638 8752 6353 7350
5957 9121 5951 7215
6229 5429 4997 8983
5729 8156 5946 7994
5999 6994 4366 9016
5398 8316 6504 7656
6597 8545 6843 6081
5743 8164 6909 7065
5514 9927 6772 5310
6091 7952 6446 7596
6235 6886 4712 9000
6286 8985 6286 6545
6217 7822 6639 7658
6695 8670 6322 6592
5907 9346 5752 7276
5967 9315 5353 7664
5272 9476 6537 6616
5909 9158 5705 7304
5150 8684 5952 7914
4706 7208 6067 8965
6406 7314 6551 7731
5668 7308 5886 8952
6768 8744 6794 5816
6376 9214 6122 6795
5163 9950 6647 5919
6561 6546 6263 8592
6914 7927 6980 6050
5424 8797 4999 8532
5788 8795 5789 7888
5928 10007 6428 5917
4470 8248 5495 8988
4738 8401 6294 7989
6652 7662 6698 7253
4757 5772 4096 10115
6391 8224 7000 6383
7242 7324 6689 6475
6846 6366 4897 8344
4715 9955 5603 7393
5875 8854 6274 7148
6363 8758 6389 7141
5831 9089 5954 7270
4934 8312 6446 7874
5947 5817 5444 8773
5926 7949 7096 6651
5149 9507 6857 5728
6139 7393 6571 7733
6249 7274 6808 7580
6468 9408 5887 6374
5499 8621 6144 7880
6207 6664 5734 8743
4668 9700 5100 8120
5323 9864 6698 6030
6261 8309 6962 6606
5738 7597 6370 8187
4666 6106 4559 10028
6176 7946 6329 7824
5281 5405 5434 9449
5713 10064 6480 6129
3697 9429 5712 8013
6396 9334 6120 6731
7334 6122 5536 7497
5134 9843 6134 6958
5754 7667 5325 8759
6072 8288 6398 7534
6421 8184 6716 6818
5333 9181 5856 7476
7526 7909 6565 6340
6407 7496 6506 7769
4217 6565 4532 9646
5499 7593 6055 8475
6286 5989 5195 8896
4629 6771 4179 9898
5374 7192 5363 9418
5031 9990 6147 6838
4796 10051 5344 7389
7215 7340 6251 7500
6520 9659 6220 5503
5906 8228 5925 8341
6556 7346 6920 6871
5525 7883 6444 8043
6102 6069 4802 9127
5933 9555 5418 7357
6469 8777 6896 5777
5224 8783 7007 6735
6668 8204 6812 6288
5727 8879 5504 7970
6303 8028 6691 7008
5754 9110 6957 6110
5320 7314 5874 9307
5170 8960 5722 8273
3910 9156 5480 8457
5382 9688 6423 6596
5363 7402 5771 8882
5128 8758 5310 8748
5695 8471 7114 6216
4622 8871 5867 8142
5396 5281 3615 9921
5411 8095 5301 8763
5979 5524 4969 9112
5765 7409 5727 8748
5564 9221 5263 7932
6244 7602 7079 6570
3976 6994 4633 9596
6505 8097 5882 7880
4070 8791 6028 8435
5834 6117 5032 9043
4655 6506 4782 9652
6942 7660 5857 7540
6603 8091 6482 7146
5132 9081 6110 7521
4932 9663 5920 7355
5473 9099 5979 7436
4425 8679 6133 8345
6436 8770 5614 7431
5818 6266 4701 9199
6820 8140 6369 7541
4932 6740 4074 9478
6924 5900 5051 8328
4728 9363 6017 7379
5974 8840 6931 6198
6373 8019 7159 6047
6051 8988 5554 7810
7006 8041 6596 6734
5723 9042 6662 6450
4771 9410 5135 8251
5006 5189 2854 10036
5085 8716 6612 7485
5760 8511 5600 8007
6800 8478 6653 6019
6400 9116 6365 6529
5812 8639 5852 7844
6273 6347 5388 8813
6081 8822 6699 6944
6063 7381 6898 7362
5921 6098 4918 9132
6544 8267 6757 6580
7095 8663 6306 6260
5473 9120 5374 7917
5451 8658 5898 7969
6248 9634 6725 5193
5795 7268 5756 8821
6179 9714 5352 6489
7114 8511 6170 6341
5052 8501 5512 8742
6612 7777 5560 7892
7776 6121 5780 6967
4781 9260 6355 7343
4507 8848 6432 7592
6358 8819 6774 5941
5426 8844 5476 8163
5620 7955 6793 7507
6512 8268 6906 6065
6111 7303 6300 8266
4903 8043 5547 9049
5756 5716 4669 9411
6124 8029 6118 7867
7097 7755 6550 6716
7301 7756 6234 6973
6477 6878 6482 8055
5748 8608 6405 7487
5138 9572 5228 7877
4967 9283 6476 7032
5235 8438 4988 8760
7038 6588 6734 7712
6592 6694 4665 8562
4948 6815 3838 9763
5946 9990 5756 6530
5036 9639 6011 7270
4990 9443 6634 6963
5164 7923 5640 8962
4841 9825 5796 7455
5569 9073 6202 7460
5553 8804 5346 8032
6220 5463 5015 9079
5569 8304 6265 7878
5862 6881 4425 9265
5317 9729 5140 7572
5650 9171 5958 7783
6178 9141 6366 6802
7780 5903 6025 6765
5632 8868 6455 7218
4973 7463 5691 9062
6380 6027 5066 8825
5057 10339 6099 6614
5310 9565 6695 6150
5804 8809 5930 7813
4963 7118 4481 9452
5721 8747 5506 8050
6693 8441 6704 6563
5793 6079 5138 8946
7048 7773 6993 6257
6687 7954 6700 6759
4788 9079 6175 7826
6091 8478 5686 8001
5418 8306 5881 8176
6470 5743 5331 8616
5219 9668 4969 7873
5627 6585 4269 9368
6081 9291 5633 7070
5949 8594 5352 8014
7366 8274 6017 6362
6920 7155 6598 7259
6084 6288 4643 9158
6384 9168 6726 5717
5094 9310 5723 7472
6318 8474 6681 6687
5451 9022 6654 7241
6898 8328 6634 6205
6956 7951 6082 7400
6684 7114 6867 7175
5804 9496 5431 7450
5537 7509 6390 8159
6438 9061 6479 6394
4914 7286 5971 8977
5989 9515 6051 6523
5415 8952 6240 7636
5816 9245 5863 7261
7230 8058 6851 6256
7010 8581 6741 5515
6918 7911 6789 6472
6557 9326 6443 5990
5115 9658 5928 7375
6807 7110 6752 7277
5540 8154 5288 8670
5102 7991 6422 8033
6308 7906 6829 6905
4649 8732 6766 7579
5205 8936 6906 6808
5497 8325 5798 8281
6063 8046 6534 7582
4650 6092 4418 10103
5415 8948 6882 6707
6296 9192 5914 7021
5228 5603 5245 9548
4131 8646 5114 8873
6039 8473 7049 5911
5678 9605 5843 6907
5918 9193 6510 6788
5237 8935 6757 7323
7451 4846 4403 7693
4081 8391 5805 8811
6300 8968 5852 7221
6558 9333 6104 6190
6226 9565 5628 6446
7348 7896 6440 6956
5743 9301 6307 7207
4572 9989 6095 6990
6989 9260 6502 5310
7480 7925 5908 7017
5838 8951 6805 6335
5112 9223 5276 8101
5293 8189 5219 8644
4489 4217 3647 10351
5892 9008 5905 7482
4852 9833 6235 7143
7308 8040 6423 6624
6310 6782 6431 8186
5908 7951 5841 8406
4189 6219 3993 10053
5444 7787 6703 8047
7210 8403 6673 5894
6044 8405 7126 5951
6799 7998 6139 7556
6269 9170 6635 6179
4755 9504 5831 7514
5375 9992 6082 6533
6184 7298 5908 8437
6599 5802 5318 8523
6636 6682 4913 8546
6092 8418 7118 6391
6835 8481 5882 7629
4986 8389 6385 8002
4989 9788 5735 7313
5491 8262 4975 8637
4152 8999 5739 8385
6062 8154 6607 7237
7231 7728 6270 7028
6436 5213 5529 8644
6055 8684 5875 7707
5798 8328 5893 7964
4914 7643 5324 9425
5349 7681 5984 8653
5741 7912 6341 8001
6715 7874 7003 6269
5328 9329 4917 7948
4614 7869 5902 9041
3834 8899 5682 8451
3655 9227 5300 8488
5797 6945 4462 8994
6560 9302 6006 6379
5356 9339 6471 6820
6493 8626 6038 7407
7117 8418 6458 6521
5865 5845 5374 9087
7655 7968 6552 6247
5900 9794 6179 6238
6403 8678 5887 7352
6327 6225 4877 8924
6584 9682 6056 5966
6239 5780 4676 9196
7164 8419 6016 6571
5310 5363 3524 9849
7209 7177 6678 6936
4433 9116 6190 7954
5517 9397 6309 7242
5384 5739 4181 9816
6072 8085 5323 8438
5887 9289 7088 5732
5171 8107 6309 8087
6510 8304 5604 7671
6849 5857 5392 8416
6547 8460 5975 7581
6767 7930 5518 8328
6461 9504 6431 5895
4586 5560 5239 9559
5972 8020 5273 8609
5762 8864 5653 7905
4636 4839 3568 10164
6180 9026 6146 7236
5362 9150 6051 7735
5563 7046 4487 9191
5925 8071 6959 6802
4311 6573 4544 9643
5521 8442 6798 7254
5388 9338 6322 7335
7041 7126 6501 7131
5973 7693 5901 8446
7229 7631 6476 7360
5810 9893 6153 6424
5833 8903 6201 7688
4914 9965 5929 6899
4840 8723 5971 8415
7299 6079 5309 7847
6123 6291 4677 9051
5744 9874 5293 6894
5744 5952 4374 9607
6303 8599 7015 6034
7428 6330 4925 7703
6381 9262 6726 5442
4861 6687 4377 9853
6555 9104 5781 6580
6603 5778 5466 8552
6073 8571 7017 6464
4712 8052 6342 8213
6778 8469 6614 6574
6492 7787 6944 7041
6369 8035 5830 7956
6019 9845 6552 5817
6818 6543 5089 8354
5250 5568 4387 9983
5997 6969 6308 8559
6355 8604 6920 6117
4625 8621 4703 8881
6047 8222 7065 6688
5341 8802 5846 7832
5493 7584 6062 8569
5591 9082 6162 7369
5278 9482 6270 7198
5700 9426 5267 7845
7474 6122 5953 7077
5542 6848 5685 9035
6897 8590 6550 6267
6418 9019 5400 7440
6434 7578 6224 7974
6795 8618 6599 6074
5881 7761 6676 7583
5268 7495 4663 9238
6750 9149 5424 6904
4638 9744 6323 6898
5355 8986 6305 7542
5786 8290 5900 8068
6077 9316 6111 7105
5307 9037 5491 7916
5598 10007 5272 7317
6521 8721 6014 6898
6027 6808 4808 8988
5801 8512 6712 7356
5657 8578 7059 6796
5892 5662 4993 9241
6147 9091 6149 6931
5075 7564 6661 8110
5022 5570 4928 9637
7274 6374 5213 7982
5322 7869 6627 8092
5855 8043 5258 8612
6212 8137 6733 7116
4517 9136 5854 7932
6298 6842 6560 8047
6578 8525 7023 5518
4806 9310 5499 7940
6546 7606 6552 7294
6563 7637 6211 7881
6902 8110 6879 6003
4907 9580 6024 7363
6766 8246 6015 7265
7107 8563 5592 6595
5864 9300 6757 6111
6964 7839 6184 7209
4951 8006 5793 8960
5856 6356 4858 9092
5904 8222 6747 7487
7103 8911 6393 5965
5651 9397 6742 5748
5639 9179 6728 6246
5290 9910 6517 5788
7052 6205 5311 8024
7070 8018 5821 7197
6184 8169 6002 7785
5583 9258 5097 7917
6873 9115 6129 6006
6923 7850 6404 7672
4827 9377 5731 7613
6100 7533 6479 8043
5995 7692 5866 8535
5332 6556 4396 9685
6270 8158 5079 8431
6494 9265 5670 7014
6508 9436 5786 6392
5071 7782 6416 8312
6928 8466 6097 7002
6859 9608 6064 5450
6337 9498 6535 5736
5178 10291 6160 6007
5768 6987 6372 8594
6692 8372 6422 7237
5547 8912 6740 6717
6534 9166 6285 6059
5713 9535 5828 7130
7045 8695 5840 6515
7026 8649 6537 6174
6234 8699 6402 7234
5690 7634 6124 8276
6682 8647 6602 6479
5672 8845 6363 7266
5572 9441 6754 5738
6346 6799 4468 8593
7769 6303 6248 6389
6628 8275 5507 7951
6131 8587 6665 6595
5552 7404 6429 8206
6831 7736 6788 6988
6204 8523 5532 7983
5863 7183 4147 8974
5959 8026 6756 7313
5476 8741 5794 7961
4315 8657 5980 8423
6781 8445 6177 6963
6663 9012 6041 6510
6113 8151 6076 8066
5628 7650 6699 7780
5260 8706 6105 7836
6367 8756 5845 7345
6018 9227 6315 6691
7190 8607 6287 6171
4438 8759 6461 7672
4741 8428 6284 7951
4869 9579 6143 7138
6559 7661 6063 7852
5955 8528 6890 6918
6068 7547 6662 7822
6188 8866 6186 7560
4042 8977 5586 8463
4636 8860 6030 7988
5828 8653 5993 7769
6507 8128 6457 7129
5144 8772 5451 8673
5299 7993 5635 9102
5211 8586 6805 7547
6392 7376 5812 8449
5803 5925 5188 9111
5060 5083 3208 10312
6373 9572 6307 6270
6565 8829 5601 7338
5036 8034 5703 8971
6818 7584 7038 6400
5857 8607 6761 6785
6167 3892 3736 9269
6686 9385 6430 5897
5523 8674 5750 8057
6271 8644 6773 6457
6621 7321 5765 8383
5353 7871 5124 9213
5331 7580 6119 8582
5348 8859 5826 7875
6136 9278 5863 6910
4591 9545 5480 7918
6475 7438 7154 6575
4799 9623 5384 7930
5242 5081 3200 10020
6157 8103 5870 8235
6398 8043 6820 6866
4738 8279 6025 8516
5669 7906 5668 8658
6192 7227 6654 7813
6186 7343 5495 8538
5738 7598 6980 7185
4178 9309 6279 7458
5769 8675 6637 7160
6280 9178 5773 7096
4591 9893 6047 6941
5289 8247 5894 8269
6960 8057 5939 7411
5135 9516 6762 6795
6129 5889 5356 8816
5344 8374 5886 8373
6212 9443 6321 5901
6264 8142 6638 7199
6450 5447 5210 8838
6413 6697 6051 8654
7386 6402 5541 7302
6127 8805 6420 6797
4448 6043 4514 10081
5756 8373 6535 7549
5395 8073 5536 8738
4749 8419 5007 9304
6062 8567 5936 7705
7207 7273 6714 6565
6278 9209 6586 6408
6867 5741 5358 8443
6075 8464 5545 8076
5734 7812 5773 8622
5364 9580 5416 7529
4770 7740 5246 9509
5138 7300 5017 9434
5281 8027 6344 8041
5952 8974 5840 7576
6730 9549 6077 5543
6629 7097 6627 7893
5945 8208 5916 8048
5384 9093 6818 6503
6419 9302 6019 6370
7067 6546 4824 8112
5292 7606 6726 7936
6343 5767 5532 8826
5527 10211 6227 6371
6104 8301 5681 8334
7182 8170 6230 6562
6054 6073 4997 8941
6370 9666 6307 5995
5010 6394 4887 9562
5383 8471 6290 7940
5926 8625 5888 7800
4841 7758 5172 9228
6938 5705 5062 8268
6865 8113 5958 7500
6283 8516 6684 6688
7237 8215 6030 6455
5814 9675 6398 6222
5481 10171 5719 6521
5625 9051 6970 6203
6350 9975 5751 5921
6601 8327 7088 5879
7785 6462 6440 6054
5429 10028 5787 7199
6437 8443 6242 7268
5778 5738 5625 8858
5795 6011 5191 9092
5753 8347 7155 6585
5841 8597 5978 7789
5658 7874 6600 7965
5274 8950 6675 6894
5315 8596 5846 8045
4329 9751 5256 8173
5941 9107 5810 7290
7028 8608 6303 6712
5430 7011 4352 9255
6287 7242 6783 7671
6789 8811 6086 6625
4854 9238 6630 7050
5988 8034 5414 8534
7333 7143 6907 6627
5548 9752 5963 7255
6027 9754 6049 6107
6906 5906 5106 8249
5518 8536 6798 6979
5877 8667 6392 7394
5651 9809 5461 7218
5458 8758 6466 7348
6169 7657 7082 6887
4057 9726 5761 7863
7071 6522 4972 8141
6753 8016 6380 7136
5160 10049 6134 6745
5552 8258 6565 7559
6905 7609 6687 6861
5956 8384 6941 6788
6453 7690 6540 7474
5973 8033 5441 8477
6149 9842 5997 6371
4707 8420 5670 8875
5141 9599 5218 7839
6746 6175 6356 7930
5765 7267 5102 9135
6584 8244 6665 6628
6299 6003 5899 8667
6152 8876 6988 5463
5841 8607 5341 8003
6487 9445 5721 6359
5875 6983 4448 9021
6172 7563 7082 7162
5469 9948 5285 7410
6977 5702 5240 8229
7023 7580 6590 7141
5267 7512 5685 9406
6483 8894 6952 5426
5624 8152 6833 7385
4889 8843 5271 8704
4992 9166 6550 7028
5261 6347 4919 9502
6500 7622 5895 7971
4080 9126 5839 8286
6364 8560 6785 6277
6290 7148 6783 7946
5671 8492 6197 7988
6170 9081 6829 5799
4817 8970 5371 8605
6901 7492 6642 6877
4928 6186 5176 9612
6233 9383 6494 5935
6906 9069 6310 6248
5006 6418 4739 9533
6029 7446 6900 7326
6082 8488 6760 6787
6961 9027 6059 5978
6882 8075 6367 7043
6593 7023 6855 7359
5340 9129 5218 7995
5461 8132 5379 8662
5751 9255 6911 6129
6510 7206 6541 7900
5439 8102 6797 7505
5976 7648 6069 8354
6067 8710 6849 6281
7576 6179 5137 7641
6172 5489 4946 9140
5103 6611 4443 9751
5314 8742 5810 8502
4622 6853 4145 9779
6088 6264 4791 9187
5931 6371 5554 8904
6719 8577 6425 6883
5189 8922 6765 6883
6588 8860 6834 5369
3958 9309 5805 7926
6225 9073 5721 7299
6517 8115 6588 6926
6339 5791 5384 8797
5446 5814 4568 9785
5661 8459 5718 8046
5996 8527 6903 6743
4964 6829 3979 9688
5716 7846 7008 7155
4874 9228 6007 7570
6567 9120 6466 6301
6442 8092 6106 7700
5960 9556 6603 6489
5437 9435 6212 6816
5508 9362 5504 7758
6785 8898 6425 6150
5745 8170 6087 7919
4978 5323 4929 10011
6017 9223 5199 7894
6092 8830 5837 7861
6579 8937 6567 6348
7755 6198 5929 6900
4644 8318 6402 8030
5357 7929 6071 8358
7626 6139 5942 6993
6740 7858 7007 6628
6231 6554 4947 8827
6180 8806 6649 6557
5971 9152 7022 5936
5346 9136 5910 7810
5157 9614 5482 7471
6087 9303 6242 6902
6292 8432 6272 7561
5770 8478 6854 7038
7442 6385 5806 7273
6033 8809 6707 6504
6029 7806 5875 8399
6265 8415 6819 6617
4764 8628 5977 8292
5404 9436 7037 5697
6499 7606 6764 7524
5407 8110 6768 7559
6750 6400 5387 8365
5758 9642 5820 7295
6857 6080 5065 8377
5618 10049 6351 6271
7188 8008 6004 7062
6083 6705 4735 8889
6820 7319 6378 7761
6766 5115 5546 8339
5975 9897 6116 6577
6125 8586 6890 6650
6476 9282 6342 6401
5451 8614 5992 7929
5136 8296 5982 8361
5157 7617 6221 8566
6184 8875 6839 5978
4544 9290 4977 8645
5567 7336 5971 8755
4736 9805 6494 6597
6073 5923 5278 9099
7342 8155 6429 6620
5440 9014 6215 7553
6463 7415 6360 8232
5620 8168 7024 6963
6050 6771 6497 8460
4700 9614 6090 7305
5277 6059 4503 9804
6195 7283 4583 8584
5806 7023 6307 8593
5984 8092 6089 8159
4992 9341 5681 7464
4580 9885 5608 7253
7231 7724 6912 6099
5759 8950 6817 6402
5507 9952 6582 5614
6926 6789 5172 7876
7020 7543 7015 6456
4944 6839 3690 9734
4680 8608 6313 8314
5830 8468 5549 8414
6612 8698 5806 7467
4715 8114 5447 8976
5956 9586 6651 5388
5978 9581 5598 6939
6401 5295 5306 8770
5104 8753 6446 7470
6033 9568 5828 6779
6676 9447 6379 5683
5155 6075 4446 9799
6360 8035 7188 6315
5813 8927 7144 5516
5939 9603 6847 5364
5599 9036 6766 6291
6302 8999 6427 6470
6739 5621 4855 8846
6311 8568 5629 7597
5877 5321 5480 9153
4770 6702 4357 9717
5846 7505 5468 8744
4982 7837 6335 8278
6662 6114 4809 8575
4919 5912 4533 9913
6061 9167 6521 6582
6291 8576 6221 7691
5877 5677 5097 9297
5840 10024 6350 5998
5640 9797 6965 5372
7580 6155 5285 7670
7575 6470 5379 7128
6944 8260 6741 6248
4929 8392 5499 8825
6161 8844 5606 7947
5729 9010 6082 7347
4964 9255 6363 7363
5884 8423 5476 8275
5130 4503 3352 10325
7149 6097 5471 7873
4702 8065 6211 8416
6604 7497 7141 6482
5984 6653 4853 8928
6205 6619 6147 8642
5742 5856 4609 9336
5163 8573 6813 7107
6504 8634 6477 7095
6518 7918 6805 6804
6769 9191 5678 6498
5995 8100 6528 7847
4407 5874 3980 10155
5427 9266 5763 7762
5213 8309 6721 7612
7083 6863 6591 7090
5168 9460 6117 7276
5494 8217 5143 8545
6493 8619 6772 6184
6582 7427 6436 7912
6176 5627 4808 9082
6773 8679 6123 6743
5445 8118 5238 8737
6933 8664 6322 6801
5262 8299 5887 8197
6713 8565 5816 7051
6376 7925 7159 6322
6386 8137 6099 7837
5722 8420 6134 7887
5094 8297 6645 7932
5555 8588 6740 7242
4874 9581 6849 6244
5949 9548 6164 6801
5685 9085 5754 7757
5724 9660 6899 5576
5242 9212 6026 7462
6044 8199 6433 7655
5194 9805 6711 6123
6489 7885 6302 7695
4618 6877 3997 9750
5482 9013 5552 7982
6224 8974 6582 6476
5489 9113 6120 7361
7158 7592 5928 7577
6453 9024 5786 6950
5509 7791 6010 8557
5317 7465 5626 8757
6195 8006 7034 6663
6473 8563 6499 6504
5119 9502 6621 6870
4988 8894 6841 6982
6559 7852 5614 8316
7216 5663 5326 7966
7059 7949 6017 7155
5931 6443 6128 8742
5322 9378 5004 8004
6121 7978 6332 7803
6126 9546 6777 4929
4976 8647 6002 8098
6039 8680 5097 7996
6903 8331 6561 6603
6289 5073 5075 9219
6816 6987 6613 7588
5871 6341 4754 9036
6043 7656 6660 7586
5926 8766 6297 7202
5565 9839 5500 7058
5723 7665 6828 7638
5836 7569 4229 8673
4679 7347 5168 9528
5639 4136 3665 9854
7027 7362 6835 6939
5349 9239 5903 7441
5204 7410 6417 8561
7416 6324 5380 7284
6777 8602 5661 7029
5163 9755 6494 6252
5736 10100 5899 6490
5026 7265 5880 8963
5826 7793 6679 7562
7098 8497 6029 6416
6352 8220 6179 7590
5754 8897 6726 6654
5149 5584 5328 9443
6103 7148 5945 8547
5584 8649 6054 7891
6531 8446 5834 7656
6084 7367 6773 7787
6074 7642 6953 7029
5295 8819 6700 6981
5705 8250 6589 7708
6437 8368 6737 6283
6634 8156 5869 7787
4176 4617 3755 10180
6122 9555 6587 5948
5046 10331 5660 6926
5209 10150 5582 7140
6534 8077 6997 6469
6156 9530 6242 6444
5944 9134 5800 7252
5389 8690 7042 6528
6697 8988 6115 6567
6288 6688 4901 8901
5516 6929 4443 9327
6208 5697 5537 8686
5554 8732 6689 7372
5826 5136 4813 9424
6390 8916 6003 7276
6075 4839 5282 9065
5401 9535 6524 6523
6318 7980 5520 8407
6007 9498 5379 7136
5873 8556 5446 7989
5100 7888 5883 8497
6232 7937 6378 7797
4443 9930 6108 7083
5151 6773 5946 9318
5819 9150 5443 7901
4888 10024 6639 6435
6495 9126 6848 5553
5985 8375 6708 7089
5512 9458 6694 6042
4797 8837 6056 7827
5138 9058 6006 7798
5813 8721 6451 7220
6765 8431 6036 7038
6025 8230 6124 7822
5963 8101 6677 7332
6033 9281 6469 6426
6535 7547 5940 8414
6881 8789 6640 5798
6018 8063 6712 7335
4988 8681 6610 7526
6158 7505 6887 7233
6488 9312 6674 5904
6429 9027 5839 7128
5544 9007 6869 6614
6038 8349 6562 7306
5997 7823 6444 7912
6550 9577 6186 5621
6998 8153 6494 6925
6462 8963 6722 6128
5560 6508 4720 9772
6015 7895 6313 7971
6191 7307 4435 8555
4642 9351 5148 8344
5929 8789 6929 6235
4171 9036 5573 8370
5288 8393 5858 8726
6857 8347 5904 7280
7244 7972 5989 7448
5819 8584 6581 7415
5359 6851 5850 9330
5414 9279 5612 7799
6578 8855 5968 6972
5307 9240 6566 7012
4662 9209 5982 7764
7458 6746 5001 7188
7334 8389 6375 6400
4765 9246 6214 7418
6781 8249 6658 6270
5713 8491 5534 8417
6550 8488 6088 7250
5091 8809 6461 7450
6779 9157 6414 5814
5524 8399 6928 7174
6723 9337 6067 6343
5846 6383 4478 9206
5452 9776 5725 6904
6170 8471 6838 6706
6549 7952 6663 7122
6578 9264 5939 6511
5405 7604 6183 8407
6151 8242 6843 6957
6307 8024 6126 7887
5587 10194 6287 6067
5146 9201 5862 7473
6601 8463 6150 7390
3435 7030 4370 9558
5914 5581 5014 9152
6063 8198 6099 7913
6567 8024 6532 7181
5585 8542 5502 8137
5530 8564 7079 6423
5297 9515 6746 6254
7163 5861 5137 8065
4551 8549 6326 8407
6098 8637 6350 7310
6379 7704 5991 8359
5540 8289 6899 7181
6726 8704 6180 6910
5609 9037 6829 6278
6443 8311 6312 7243
6822 8287 6460 7014
5920 8885 5935 7366
6429 8619 5177 7816
4602 9431 5650 8133
6041 9371 6135 6859
5649 6659 6003 8876
5283 7620 6126 8402
5756 8126 5481 8439
5970 6674 4854 8914
6065 9029 5049 7772
6920 5924 4903 8299
5688 9805 6205 6160
4441 6419 4885 9734
5312 10268 6279 6583
5848 7070 5945 8722
6798 7782 6607 6746
7863 6444 6012 6422
5491 9896 5539 7279
5378 9893 6595 5707
5845 8926 6995 6031
5625 9460 5509 7442
5605 8800 5781 7868
5083 10276 6031 6149
6315 9309 5365 7309
4718 5107 3374 10403
6376 6981 6790 7533
6692 8982 6413 6330
6479 8924 6157 6926
6284 8752 6914 6107
5425 8470 5627 8369
5234 7343 5784 8975
7338 8171 6620 6198
5536 7956 6524 8010
5488 8208 6524 7882
5674 5311 4453 9457
6586 8391 6756 6101
4880 9587 6582 6826
5535 8283 5896 8173
4949 8699 5995 8026
6250 8801 6184 7062
6150 6510 4251 9025
4781 9710 5831 7301
5903 8323 6345 7701
6584 8990 6658 6096
4784 9282 5871 7842
6466 8754 6264 6744
6556 8734 5821 7081
6490 8191 6687 6904
4979 4987 3467 10316
6292 9149 5207 7378
4623 6280 5061 9542
6322 8365 5639 7975
6249 8662 5709 7790
5022 7762 6472 8209
5980 7351 6353 8447
6264 9046 5810 7214
6918 8124 7020 5928
6895 6035 4910 8538
5861 7023 5984 8729
6879 8027 6616 6361
6272 9071 7148 5353
5733 7859 6230 8087
6273 8627 5843 7661
5706 8406 5993 7962
4407 8928 5919 8354
5721 9759 6386 6402
6568 8922 6862 5437
6116 7923 5351 8525
5403 7965 6368 8088
5945 8807 6428 7089
5535 9639 6335 6504
6059 9425 5611 7419
5778 6989 4435 8979
6280 7423 6963 7188
6148 9904 6539 5724
6350 8865 6170 7019
5633 10390 5864 6359
6370 8849 7106 5444
6660 9036 6478 6121
5006 9457 6775 6888
5792 6589 5090 8841
5532 7972 6715 7588
5410 9442 6770 6279
5861 8940 7136 5956
5252 7561 6202 8477
6066 7947 7047 6756
6211 9628 6342 5674
4739 8901 5620 8571
5823 6052 4933 9101
6246 7373 6295 8406
5964 8528 7052 6228
6706 7801 6517 7277
7043 7986 6967 5957
6085 8443 6928 6695
6097 6228 4952 9001
6364 8158 6080 7961
7506 8113 6179 6617
6258 8407 6320 7260
6523 7607 6069 8275
6119 8642 5194 8422
6675 7665 6539 7201
6537 8735 6155 6823
6820 7732 5707 8229
4765 8433 5148 9229
6012 8407 5562 8329
5713 9656 5818 6817
5385 8903 5670 8061
5699 8389 6421 7525
5194 8519 6496 7581
5272 9071 6055 7535
5411 9252 5622 7837
5436 9435 6888 6212
6544 7511 6101 8228
6125 7712 6381 7903
6375 8167 5828 7876
5553 9059 6061 7535
6605 8311 6897 6301
5606 9423 5675 7457
6393 7995 6216 8219
7079 7807 6851 6575
5283 9079 6494 7223
5831 8141 6177 8251
4168 4993 3541 10193
6646 9529 6413 5565
6265 9664 6047 6340
6405 8018 7010 6562
5491 8109 7037 7056
6244 8979 6913 5382
4576 6429 4785 9585
5430 9701 6415 7036
6177 6805 5705 8670
5300 8974 5283 8101
6786 7789 6513 7072
6612 8740 6708 5877
4772 9591 6530 6690
5684 10023 5960 6362
7220 8128 6493 6652
6611 8052 6908 6637
5698 8150 6021 8329
6889 7752 6436 7119
7477 6240 5665 7202
5918 4475 4978 9348
5538 8718 6548 7447
7097 7350 6068 7635
5519 8968 6660 6976
5482 7984 6285 8193
6028 5193 4982 9306
5410 8065 6936 7467
6711 7486 6423 7819
6122 5749 5319 8971
5524 8132 5523 8645
6464 9410 6431 6170
6671 8632 6897 5568
5200 9010 5614 7937
5407 8298 6743 7259
6686 9172 6199 6441
4012 8575 5475 8985
7017 7267 6495 7507
5816 8748 6441 7182
4572 7667 5490 9516
5509 7529 6763 8087
4467 9483 5924 7466
5318 8840 6343 7388
5296 9724 6296 6460
6086 8881 5955 7303
5136 6264 5080 9624
5473 10476 5813 6248
5259 10058 5428 7370
5106 8732 6158 7745
5460 7639 6106 8489
6151 9119 5786 7189
6328 9464 5895 6470
6463 7950 6808 6783
6464 7842 6735 7128
4938 8094 6691 7672
6308 8663 5758 7494
6040 9166 6791 6022
6709 8459 5959 7040
5846 8482 5690 8339
5281 9383 6783 6372
6115 9950 6358 5482
5184 8725 5906 8110
5642 7860 6459 8040
6686 9101 6051 6494
6357 8012 6556 7282
5349 10066 5690 6773
6746 6424 5239 8336
7437 8099 6410 6531
6478 5741 4762 8933
5601 7001 4332 9352
6082 8275 6529 7331
5969 7957 6985 6958
4794 8805 5732 8038
5219 7751 5930 8649
6060 9708 6230 6349
5958 8175 5385 8461
6584 8248 6023 7557
6632 6706 4765 8517
5747 8953 5506 7837
6205 8318 6913 6633
4244 9456 5460 7972
6562 8511 6882 5593
6729 8579 5957 6976
4504 9438 5731 7689
5532 9738 5822 7330
6078 9387 6654 6029
6259 9027 6046 7119
5974 7642 6891 7500
4392 9071 4832 8807
4664 9073 6279 7667
5176 8564 5160 8626
6708 8996 6554 6255
4977 10097 6394 6161
6068 9662 6834 5271
6165 8685 6633 7148
6284 7745 7041 6525
6352 6984 6843 7711
4837 9084 6060 7743
7751 6416 5684 7102
6293 8804 6106 7028
5625 9868 6171 6754
4957 6002 4690 9806
6867 6701 6213 7883
6540 8296 6229 7388
5958 5417 5221 9149
5015 8713 5464 8766
4391 8914 5778 8429
6805 7387 6836 7212
6430 7602 6076 7945
5796 7281 5924 8689
6810 5963 5021 8513
6498 8753 6115 7259
5204 9530 6531 6881
6052 9606 5791 6936
5979 6732 5949 8677
5489 8704 6149 7822
6910 8149 6093 7181
6223 8313 5757 8014
4113 6581 4595 9620
5846 9838 6129 6670
5477 8599 5188 8433
4793 9132 6266 7574
5568 8917 5584 7829
5792 8723 5682 7978
5839 9276 7096 5292
6557 7202 6971 6741
4633 8718 6625 7654
6981 6224 5420 7945
6702 8299 5571 7776
4872 8113 4826 9241
4617 8818 5776 8394
5848 5055 4834 9335
6432 9463 5911 6128
6231 6910 4564 8971
5991 7989 5582 8442
7061 8709 5981 6440
6735 8808 5911 6816
6234 6525 6633 8180
4466 9221 5226 8611
5743 9507 7000 5503
5247 8045 5482 8744
5654 4477 3178 9942
6200 8889 6980 5903
4172 6874 3902 9877
4730 8828 6507 7575
5538 9807 6646 5818
7441 7881 6655 6329
6123 9170 5722 7260
5663 5856 4633 9611
6792 8712 6599 5799
4939 5786 4953 9988
5932 6301 4569 9278
5495 8093 6846 7478
6681 8974 5974 6642
5982 7657 6062 8260
6774 9297 6360 5869
5851 7281 4648 8889
6339 6945 6142 8468
6612 8130 6717 6784
5430 9293 5753 7724
5143 5888 4709 9971
6265 8837 6260 7008
5781 7423 5868 8673
7065 6219 6015 7795
6814 5939 5169 8542
5646 8426 6864 7142
5303 9256 6757 6590
4820 8640 6008 8119
4698 6323 4830 9618
7036 8374 6357 6932
5150 9857 6275 6883
6329 8948 6967 5810
4394 7991 5697 8982
6354 8835 6965 5519
5334 9445 6569 6658
6693 8228 6473 7107
5961 7753 6030 8307
5109 9651 5236 7560
5610 8590 5344 8355
6581 7921 6711 7063
7038 6962 6612 7315
4565 9544 6095 7165
5105 9059 6831 6679
5742 8555 5459 8042
6397 8797 5525 7516
5873 9933 5280 6801
6572 8840 6169 6746
6395 8088 6652 6958
4750 6742 4082 9770
6592 4999 4934 9033
7007 8680 6228 6341
7401 5983 5867 7196
7359 5781 5455 7671
6054 6429 4614 9085
6781 5341 4758 8551
5473 8690 6008 7897
6301 6330 4708 8984
7336 7311 6154 7372
5815 4623 3727 9457
5928 6325 4421 9249
6363 9166 6348 6472
5646 9189 6410 6959
5010 8299 5100 9217
5720 8591 6102 7796
4723 7652 6119 8589
6394 8422 6591 7115
5388 7164 6553 8281
6644 8289 5648 7876
5286 9390 5675 7808
5572 6849 6339 8721
6909 5559 5538 8240
6496 6763 6751 7709
5886 9124 5877 7352
5581 8936 6091 7419
7017 7641 6373 7110
4559 5699 4340 10122
6943 9276 5845 5987
5019 8557 6157 8261
6169 9225 6778 5929
7224 8722 6293 6167
4858 6569 4527 9595
6116 9674 6225 6112
6036 8626 6646 7241
6074 9019 6787 5841
6114 8112 6604 7527
5549 8880 5750 7844
6540 7225 6024 8387
4570 6478 4872 9641
6472 9085 6302 6523
7380 8243 5986 6555
6647 6282 4690 8922
5713 8708 6041 7798
6416 8499 6810 6276
7108 8218 6491 6245
5327 10609 5792 6671
5721 6556 4992 9195
4972 8667 6469 7601
5749 6850 4544 9290
5369 8180 6065 8080
5495 7307 5978 8634
5813 9733 6654 5302
6863 6919 5968 8085
6029 7659 7131 6782
6971 8292 5595 7488
4717 6808 5844 9341
5097 8882 5763 8013
5402 7483 6173 8554
6172 8444 5383 8323
6711 8424 6032 7176
6012 7310 5821 8647
5684 7859 5796 8469
5204 8919 4794 8473
5333 9589 6518 6788
6880 8720 6358 6472
6977 9041 6200 5903
5942 6736 4919 8963
5830 8180 7000 6862
6927 7588 6706 6737
5060 8182 6639 7936
5686 8281 6280 7875
5789 9155 5918 7362
5856 8529 6952 6638
4529 8541 4802 9245
5179 8672 5815 8362
6262 9141 6790 5749
7213 8309 6673 6169
5661 8767 6377 7230
5253 7598 6547 8214
3928 8907 5694 8448
6810 8415 6549 6783
6886 6763 6374 7745
7126 8539 5853 6995
6088 8912 6530 6552
5299 8803 6509 7403
5930 7933 6905 7073
6345 7165 7023 7228
5009 9726 5472 7426
6375 8781 7183 5484
5997 9623 5852 6533
5733 6352 4597 9231
4743 7928 5889 8948
7458 7420 6649 6736
4331 8671 6121 8348
5072 9303 5778 7890
7156 5915 5003 8451
4848 8296 5758 8829
5198 10550 5805 6764
5003 9640 6836 6151
4625 7469 5679 9417
6825 8756 6062 6871
7010 8635 6396 6249
5031 5125 5118 9912
6026 9135 5720 7301
6319 9010 6106 6815
6376 8337 5878 7792
6354 7286 5655 8556
5556 9239 5998 7306
5370 9531 5329 7473
7517 7713 5956 6993
4805 9170 5070 8558
6162 8705 6784 6486
5918 8664 5858 7789
4124 6843 4845 9534
6083 7061 4352 9033
6384 9388 6223 6396
5984 9462 5960 6775
5594 7819 7072 7187
6863 5765 5210 8414
6272 9483 5867 6823
5343 10078 5092 7348
5716 9440 5408 7770
6219 8041 6048 7968
6290 8903 5593 7854
4770 9565 6429 6904
6805 7391 6194 8141
5208 8624 6815 7070
7141 6339 5078 8046
6269 7827 6544 7741
5830 9824 5988 6745
5122 8393 5142 8778
6987 7389 6186 7849
6588 7338 6949 6817
6853 8859 5459 7035
5421 8689 6893 7043
6935 7873 7198 6015
5169 9413 5660 7811
7087 8897 6252 6040
4660 8332 6543 7955
5288 8386 6592 7503
6493 8214 7319 5937
5845 7583 6904 7593
6260 9048 6354 7010
5973 6645 6540 8267
5672 8528 5522 8088
6632 5941 5177 8834
5234 8973 6767 6846
7468 7693 6012 6890
5244 9717 5915 7282
4778 8791 6753 7486
4725 6851 4080 9534
6071 8488 5397 8047
5093 9153 6669 7094
4714 8853 5778 8353
4899 9624 6416 6811
6604 8364 6663 6564
6689 8659 6459 6765
5352 7802 5994 8506
7363 6522 5191 7383
5412 8925 6250 7674
4772 5290 4612 10100
5798 8181 7149 6347
6688 9347 5665 6018
6065 7520 6672 7860
5811 6642 5072 8852
6516 7697 5659 8256
5557 9317 5807 7453
5955 9138 6881 6011
5206 9677 6622 6354
4326 6892 4749 9556
5719 9468 5521 7439
6778 9079 6605 5667
5735 9241 6770 6204
4204 9536 5962 7761
5031 6582 4450 9630
4756 9177 6459 7351
6781 9116 6180 6352
6485 7315 6539 7664
6384 9102 6224 6604
6991 7171 6431 7647
6594 8715 6478 6854
5889 9447 5831 6917
7340 6961 6439 7205
4814 7684 6568 8197
5433 8246 6489 7879
5878 7932 6358 7919
5253 9629 6436 6689
4525 8455 6355 7878
6558 7899 6071 7781
6011 7032 4359 8912
5025 4683 3518 10050
6647 7169 6496 7952
6181 7631 6235 8366
7064 7058 6676 7175
5904 4757 3494 9479
4713 6838 4165 9915
6269 6371 5240 8784
5481 9603 6630 5838
5700 8599 6710 6949
5514 10339 5491 6780
6453 9402 5992 6482
4234 8356 5149 9004
5573 7345 5964 8661
6769 8269 6647 6298
5420 8259 6338 7916
6323 9004 5271 7582
4851 8323 5748 8791
6848 7818 6610 6640
6245 7040 6371 8146
3892 6927 4647 9579
6505 7040 6777 7440
6912 7071 5872 8153
5503 8954 6519 7051
5246 8191 5446 9201
6039 7171 6720 8084
5435 8600 5851 8004
6504 8226 5815 7783
5130 9999 5441 7463
4975 8694 6459 7563
6707 9323 5926 6418
5904 9788 5344 7005
4541 8469 6496 7803
7097 7879 6720 6634
5595 9605 6270 6598
5719 7471 6260 8534
6748 8948 6408 6093
5720 7710 6660 7730
6357 8877 6027 7305
5399 8934 6741 6782
5631 7517 6402 8156
6526 8856 5512 7423
6279 7728 6559 7465
5257 8730 6542 7447
5759 7606 6004 8528
4882 6008 4616 10058
5106 8379 5001 8853
5521 8117 5454 8685
6231 7855 5779 8421
6536 9062 5527 6986
6414 8278 5664 7728
6188 8458 5524 8248
5614 8512 5874 7957
6173 8117 6011 8160
6489 7881 6944 6766
6826 8827 6605 5795
5805 4881 3344 9553
5840 7702 5745 8524
5434 8539 5382 8436
4895 8551 6261 8102
6970 7848 6177 7115
7194 8389 6532 5969
5916 8431 6486 7351
4846 8989 5960 7895
5767 8790 6945 6776
5999 9803 5473 6863
5659 8736 5802 7981
6198 6332 4692 9001
5431 9447 5614 7391
5278 9566 6844 5635
5296 8347 6462 7648
5162 9328 6119 7356
5883 8956 6713 6561
6955 8278 5454 7563
6095 9694 5688 6511
5748 9354 6398 6955
6752 8730 6653 5891
6082 5887 5439 8913
5893 8681 6533 7319
5285 7506 6158 8557
5595 8249 5831 8267
6593 7901 6722 7035
6018 7850 6481 7879
7196 7677 6295 7118
5605 7206 6618 8107
6899 5817 5155 8336
6712 6647 5762 8439
6117 9236 5609 7316
4920 8130 6246 8225
6372 7592 6784 7151
5701 8691 5233 8370
5802 8304 6041 7993
4915 9031 5542 8304
6755 8928 5909 6752
6603 6748 6675 8117
4523 8050 5684 8889
7230 8463 6304 6503
5945 8803 7070 6160
6850 7583 6889 6915
6228 7422 6416 8034
6122 6903 6077 8642
6029 7450 6258 8255
5974 8985 6982 5938
4690 9422 6231 7443
5930 7867 6403 7960
4993 5664 4442 10099
7033 6903 6828 7170
5888 9164 5212 7987
5781 6315 4843 9142
5267 9065 6353 7298
5514 8342 6230 7875
7016 5239 5216 8252
6586 8949 6424 6634
5905 9847 6270 5986
6907 8244 6222 7078
5122 6567 4470 9766
7571 6494 5231 7099
6740 6543 4877 8500
6177 8858 5747 7872
4602 6863 3856 9825
5078 8850 5464 8518
6463 8792 6194 7044
4946 8479 6198 8001
5300 8255 6333 7957
5641 9517 6681 5949
5848 7478 6607 8034
5983 5500 5117 9141
6585 7703 6956 6861
6968 7168 6590 7699
5906 9662 6249 6213
6143 8876 6826 6153
5725 7411 4455 8827
6382 9566 5593 6330
6305 9584 5545 6551
6386 6402 4597 9009
6935 6999 6689 7268
4544 5358 4827 10034
5836 8193 4977 8454
6234 8787 6043 7137
5053 8802 5622 8300
7034 5968 4952 8142
6239 7549 6988 6822
6803 8318 6151 7181
5930 9237 6699 5612
4864 9573 6441 6901
6167 9133 5927 7114
5492 8755 5935 7886
6036 8647 6041 7722
4963 8029 6405 8075
6201 8609 6696 6480
5658 7587 5424 9123
5016 9384 5924 7427
5302 9446 6718 6143
6575 7978 7136 6103
6740 7898 6664 7088
5915 8353 6677 7204
6942 8162 6445 6952
5823 9178 6381 6930
5563 7360 5823 8726
5218 5882 4783 9719
5936 6439 4431 9220
5638 8884 4896 8450
5124 9508 6323 7107
5849 6069 4925 9011
5010 5804 4879 9707
6284 6712 4753 8872
5932 8504 7067 6280
4702 9113 5572 8595
6985 9478 6257 5512
6243 8171 6591 7434
5505 7193 4172 9140
6014 6512 4882 9001
4351 8524 5319 8932
5536 9312 6963 6341
7244 8033 5562 7033
5909 6158 5047 8993
5561 9845 6335 6291
6149 9150 6599 6501
4028 8589 5616 8910
6745 7731 5888 7858
5658 4259 3423 9740
7360 6277 5080 7611
7013 8494 6007 7013
6588 8989 5759 7269
7898 6362 6235 6296
6598 7063 6769 7575
4488 7999 5709 8979
6563 8923 6426 6423
4284 5142 3272 10426
6080 8390 6837 6947
6790 9311 6501 5794
4205 9341 5133 8698
7232 8970 6380 5872
6370 8985 6168 6955
5560 9223 5807 7728
6509 8633 6913 6109
5243 5944 4758 9636
5433 7838 5827 8567
6141 9405 5940 6762
6999 8222 6776 6251
4924 8658 6774 7063
5120 8767 6587 7395
4777 10495 5959 6461
4838 9224 6489 7125
6075 4553 3571 9345
5533 9411 6450 7167
6487 8878 6761 5848
7023 8829 5818 6864
5149 7851 6167 8346
4221 6541 4680 9675
6295 8546 7016 6191
5503 4961 3293 9933
6670 8477 5919 7476
6874 8839 5996 6636
6031 9717 6463 6048
4184 6912 3895 9773
6333 8373 6078 7663
7020 8360 6216 7007
5679 6908 5663 9328
5938 9661 6100 6728
6531 8038 5172 8344
5679 8186 5974 8089
6360 7911 7018 6397
6608 9119 6479 6126
5088 9317 5919 7815
5181 8560 5499 8649
6234 6577 4237 9042
6642 8874 6601 5754
5384 8898 6665 6836
5836 8804 6714 6862
6237 9171 6784 5664
5868 8348 5712 7990
5043 6382 4751 9677
5293 9823 5783 7286
5063 6736 4281 9875
6193 8914 6790 6207
5539 7728 5799 8469
6819 8332 6292 7106
6080 6150 4781 9216
5910 8756 6453 7179
5671 6421 4476 9365
5786 8637 7046 6703
6380 8836 6173 6672
6451 8424 5626 7882
6838 8518 5946 6947
5572 9658 5320 7541
5696 8071 6182 8111
5948 8430 6337 7866
5625 8008 6884 7255
4584 6626 3497 9943
5971 7474 6492 8136
5775 8163 6760 7580
4814 5492 5024 9625
5827 7749 5706 8517
4865 6663 4525 9882
5644 8608 6661 6976
6287 8658 6914 6382
6249 8911 6990 5422
6794 9093 6746 5592
5271 9049 6162 7720
6891 6059 4762 8509
6068 6720 4839 8945
6447 8093 6557 7041
5001 9043 6411 7339
6028 8877 6630 6464
6162 9127 6225 6877
6882 7201 5858 8296
5533 8866 5609 7919
6347 9223 6355 6494
6350 9053 6720 5721
6801 8912 6566 6075
6907 8528 6601 6481
7128 8018 6235 6897
6576 9120 6628 5611
4601 8804 5635 8469
4963 7945 6304 8329
6205 8605 6131 7359
4284 9488 5916 7446
6411 8237 6242 7481
6782 8260 6156 7190
6086 8064 5322 8452
5370 9939 5991 6785
5510 8025 6388 8027
5109 8638 6158 8020
5760 8102 5629 8468
4967 7088 6160 8878
5403 9009 6662 6801
5758 9382 6666 6156
6789 8065 7033 6021
6240 8988 6723 6401
5520 6905 4591 9356
5527 8375 6491 7563
7220 8738 6484 5745
6831 7998 5952 7504
6910 5882 5254 8278
6547 8052 5313 8269
5059 7434 5781 9394
5126 6543 4618 9795
5593 6436 4489 9598
4654 7488 6268 8707
5057 8962 6265 7802
5856 6000 5241 8948
5700 7873 5937 8394
4555 4743 3827 10168
7348 7643 6552 7040
5942 7890 5677 8634
7374 6122 4968 7759
3944 8921 5835 8373
6136 8866 7144 5440
4386 9387 6183 7470
5640 8454 6874 6934
5864 9258 5855 7701
4193 9650 5792 7546
5927 7549 6164 8546
6231 8954 6083 7135
6047 8226 6423 7617
6257 9142 6354 6735
4074 4985 3529 10196
5326 8202 7002 7263
6802 7899 6652 6730
6120 7267 6461 8080
6388 9086 6033 7026
5632 9772 5627 7233
6476 9845 5944 5983
6168 8739 5084 7903
4294 4863 3734 10255
6638 9092 6356 5956
6211 7981 5359 8346
4771 4909 3563 10304
5550 8748 6880 6950
4731 8128 5588 8901
4746 6766 3934 9741
6343 9239 6546 6072
4745 9169 6020 7663
7039 8204 6722 6159
5286 9919 6327 6807
6254 8424 6640 7010
6605 6967 6084 8427
7138 7793 6352 7460
5621 8539 6220 7835
6289 8805 7005 5855
4128 6819 4993 9563
5707 10183 6118 6293
6722 7082 6842 7266
5734 9385 6719 6334
6784 8066 6597 7007
6596 8684 5665 7542
5934 9207 6651 6713
5867 8332 6581 7543
6398 8611 5909 7549
7305 8766 6394 5756
4933 9929 5976 7139
4962 8545 6889 7206
5826 9079 6894 6104
6190 9013 6277 7033
5777 8382 6169 7890
5942 8780 6438 7127
4991 8708 6600 7488
7233 8433 5785 6657
6254 7327 6899 7328
4466 7346 4042 9555
5990 9191 6345 6654
6173 8113 6653 7231
6390 8368 6949 6513
7464 7911 5767 7092
4478 9021 5527 8658
6833 7459 6704 7053
6416 8979 6065 6805
7246 8477 6445 6428
5093 8624 6017 8095
5827 8157 6368 7829
5989 9120 5802 7730
4792 8710 5979 7975
6147 9286 6302 6598
4618 4276 3634 10258
5090 8313 6836 7510
6920 7870 6555 7010
6727 8843 6655 6182
6478 7756 5873 8320
6934 7446 6823 7119
6515 8230 6896 6542
6396 6144 4980 8913
5222 6623 4519 9431
5586 7289 3913 9136
5819 6270 4688 9303
5686 8350 5720 8282
6474 5719 5479 8645
6057 7161 6017 8602
6354 7694 6317 7868
6199 8724 5769 7523
5535 8589 5525 7984
5809 7762 7020 6975
4873 9275 6464 7035
5088 7453 6370 8684
6422 7792 5888 7934
7075 7963 6158 7080
6269 8197 7064 6415
5671 5644 4780 9386
6020 8633 5900 7797
5293 8797 6776 6821
6142 10023 6177 5888
6588 9464 6301 5764
5064 7964 6884 7734
6689 6002 4593 8627
6082 8088 5174 8423
5937 7752 6725 7556
4465 8599 5631 8556
5302 9388 5627 7484
5725 8738 6373 7301
6187 9193 5558 7723
5264 9191 6045 7338
5652 5847 4885 9696
6950 7748 6864 6668
6434 8730 6279 6796
4643 7888 6491 8331
5419 9693 5976 7348
6919 6697 4612 8174
5416 9780 6710 5850
5727 9287 6166 7282
6832 8163 7163 5884
6331 5119 4841 9120
6691 8699 5794 7400
5994 7354 5680 8682
6023 9280 6406 6439
6360 8323 5737 7867
6123 7536 5158 8618
5661 9530 5923 7047
5183 10209 6292 6676
6523 7603 6711 7346
5701 9099 5895 7682
6714 7709 5792 7889
5464 7421 6351 8287
6140 8853 6194 7120
6324 9626 5799 6145
6504 7813 6486 7315
5281 8006 6949 7560
5437 9155 6604 6789
7206 8621 6428 6096
6700 8894 6115 6842
5510 6367 5735 9339
6294 8477 6734 6865
7039 8843 5959 6789
6970 8729 6082 6112
4533 5758 5050 9658
4802 6316 4983 9550
7216 8956 6239 5947
6724 8800 5472 7128
7016 7761 6770 6658
4713 8709 5991 8042
4993 8208 6205 8485
5651 9242 6501 6707
6600 8258 6806 6553
6092 8570 6683 6722
5075 9754 6338 6544
6064 9068 7034 5756
5959 8030 6114 8242
4826 8475 6334 7891
5226 8941 5750 7920
5513 8610 5506 8108
4870 9248 6474 7073
6339 9457 6301 6274
5095 8724 7020 6828
4728 9301 5843 8195
5952 7684 6267 8105
6158 8533 6425 7362
5412 8517 5588 8362
6500 8999 5729 6783
6306 8917 5734 7779
4439 9189 6372 7371
6275 7738 7057 6646
6997 8480 5866 7088
5150 8215 5208 8850
7241 7658 6628 6632
5934 8139 6112 8006
6380 9320 5979 6806
5755 7824 5759 8730
6261 8313 6320 7535
5117 7979 4778 9229
6785 8283 6788 6223
6965 6343 5335 8153
5974 8371 5627 8330
5668 8586 6197 7713
6523 8481 6578 7022
6852 7319 6191 7709
5446 7791 5866 8574
4199 8850 6015 8342
5969 7751 6576 8071
6250 7545 6654 7530
5968 6703 5662 8741
7312 7822 6668 6422
7266 7838 6011 7099
6805 9506 6366 5590
6436 8083 6113 7794
6371 6061 5084 8921
6843 7763 6940 6260
5222 8186 6582 7923
5665 9981 5706 6768
4193 6195 4141 10082
5946 9427 6154 6948
5493 6696 5781 8967
5147 5864 4857 10000
5555 9964 5973 6455
4163 6724 4332 9705
5325 8338 6229 7949
6347 9152 6207 6547
7536 8244 6376 6191
7359 7243 6329 7416
4408 6766 4248 9861
6674 8167 5957 7534
7175 7737 6122 7084
4831 6358 4965 9554
5808 9142 6305 6984
5627 8314 6548 7642
4334 6586 4526 9657
5300 7847 5671 8645
6977 7664 6366 7091
6493 8366 6884 6268
7120 6348 5013 8013
6153 9624 6242 6169
7091 8679 6497 5838
7105 6007 5500 7925
5219 8159 6592 7961
5277 9809 5642 7361
7753 7605 6302 6977
6891 8301 6229 7100
5522 8869 7173 6150
6387 8755 6336 6963
5892 7937 5700 8481
5693 8714 6388 7353
5864 7832 6288 7990
6189 9439 5172 7247
6890 6065 4874 8226
5297 9519 6104 7183
6011 10026 5907 5974
6360 7826 6315 7788
4810 7902 6323 8399
6322 7956 5668 8436
5749 7873 6371 8012
5974 8779 6289 7642
6611 7799 7020 6721
6060 6828 5690 8673
7060 7467 5871 7596
6486 8807 6218 6924
6072 8763 6940 6029
5165 9433 6127 7314
5401 8917 5811 7986
5309 9421 6908 5839
5861 9352 5855 7426
4576 9204 5967 7830
4498 5229 3169 10344
6088 8085 6743 7220
4352 7789 5285 9457
5657 8187 6009 8000
5395 5617 5077 9616
5851 9620 6769 5445
5445 10042 5928 7124
6042 9313 6882 5495
5822 8560 6144 7804
5440 8811 5140 8457
4889 8804 5859 8001
5165 9025 5465 8002
5912 8237 5918 8247
6470 7805 5880 8374
6913 8125 6584 6914
5729 8910 6732 6425
6584 6958 6450 8086
6789 8882 6234 6572
6593 7027 6213 8288
6060 8419 7267 5876
5512 8861 6765 6807
4095 6671 4487 9613
6833 9259 6112 5674
5078 8283 6504 8007
7142 8553 5994 6920
5750 6926 5589 9047
5504 7387 5009 9222
4675 8673 6056 8043
5999 7130 4860 8827
6299 9097 5785 7124
6202 6952 6474 8571
6196 8820 6790 6482
5674 9077 5315 8069
5950 8153 6253 7931
4633 10095 6459 6466
5930 9099 6672 6373
5151 9320 5680 7668
5534 9984 5436 6854
5633 9822 6775 5676
6327 9532 5799 6420
7024 8502 6446 6701
6223 8356 6345 7350
4890 8498 6170 8354
5660 9854 5629 6916
6114 7687 7041 6793
7329 7361 6662 6829
5957 8709 7232 5745
6065 5097 4899 9161
6818 5721 5414 8340
5803 9136 5302 7976
5926 5136 3803 9374
5409 8456 5486 8444
5294 9492 6114 7221
5476 9555 6026 7191
6590 8731 6669 6432
5023 8258 6097 8149
5824 8283 6060 7869
7017 7637 7015 6181
5712 8538 5991 7882
6488 9099 6443 6448
5920 8764 6861 6522
4989 5688 4294 10070
5229 6247 4148 9778
5509 8634 5358 8079
6243 7533 6797 7244
7372 6077 5381 7658
5640 10209 5684 6842
5990 9804 6032 6050
5381 8162 5934 8349
5909 7312 5805 8664
6383 8270 6396 7461
5842 9093 7035 6029
5276 7629 6297 8246
5177 9669 5632 7444
5403 8684 5318 8232
6893 9021 6536 5925
5396 8999 6980 6088
6184 7532 6748 7540
5623 6609 4121 9339
4317 10060 5915 7021
5238 9710 5223 7467
5665 9855 5376 6789
5065 8460 6509 7674
5175 10390 5647 6833
6602 8405 6897 6026
5657 8730 6624 7127
5031 7620 5339 9422
5918 9214 5905 7269
6800 8482 6011 6948
5096 7147 6147 8785
6101 7582 5838 8437
4743 9704 5530 7467
6815 8414 6985 5797
6244 7677 6584 7555
6618 8621 5835 7140
5665 8151 6846 7210
6936 7169 6739 7184
5376 9807 6061 6760
6504 7814 7096 6313
5453 9169 6745 6714
5193 8023 6871 7641
6372 8758 6551 6451
6499 8695 6862 5895
5134 7102 5992 8946
5288 8648 5839 7973
5854 8965 6946 6260
5121 9073 6972 6604
5527 6339 4819 9341
5233 6223 4296 9807
6258 7396 7089 6749
4762 8777 6612 7561
5136 8979 6167 7580
6521 8111 6023 7805
6285 9184 6776 6104
6439 6204 4786 8910
5466 9363 6167 7329
6368 7608 6975 6729
5930 5479 5286 9198
4305 4463 3511 10631
5889 6578 5113 8918
5240 8989 5208 8078
5856 9346 6153 7189
4557 9648 6582 6902
6275 8562 6080 7766
4762 10154 6446 6373
5697 7734 6692 7655
6869 7956 6050 7396
5656 8151 6684 7900
4999 8699 5323 8841
6597 8357 6293 7379
4079 7051 4131 9559
6138 6140 4983 8958
6399 8368 7111 5823
4808 8724 6120 7900
6305 6306 4856 9013
5189 6066 5269 9525
6221 9353 6162 6432
5925 9097 5966 7267
5457 9903 5802 6756
6329 9753 5876 5997
5842 8498 5881 7917
6411 8712 6784 5976
5763 8949 5918 7575
7503 6441 5386 7007
5149 8079 5549 8953
6887 8624 5814 6951
5197 8295 6580 7687
5379 5119 5130 9557
6268 5752 4836 9014
4961 5652 4975 9639
5733 8692 6977 6223
4888 9495 5987 7436
5570 9209 5861 7357
5397 10029 5936 6684
6519 8563 7271 5713
6180 5603 4956 9111
7107 8693 6638 5763
4768 6551 4628 9634
7111 8198 6340 6907
7765 6521 6003 6591
6966 8817 6550 5809
5551 9653 6476 6429
5954 9675 6241 6653
6910 8163 6594 6437
4910 8164 5510 8909
4136 8985 5598 8460
5425 8406 6449 7555
6152 7908 6904 6800
5800 5195 5523 8960
5067 9449 4824 8035
5894 9913 5817 6402
5723 8233 5917 8321
5945 7796 7197 6578
5635 8914 7019 6132
5542 8447 5642 8366
5860 8513 6761 7060
6025 7822 5462 8510
6383 7173 6655 7779
5234 8500 6105 8049
4751 10146 6007 6685
6065 7641 6662 7547
5708 8304 5040 8463
4573 7026 3720 9567
6877 9007 6395 6000
4624 5441 4400 10162
7282 8606 6236 5825
4455 9621 5449 8235
5476 7360 6862 7656
5752 8142 5068 8550
5265 6323 5067 9531
6710 5458 5144 8564
6272 7839 6879 6940
7159 5885 4989 8036
6431 8367 6962 6338
5386 8789 6529 7354
6069 7974 7037 6718
6694 8553 6764 6064
5500 9121 6559 7049
5868 7385 5799 8578
6506 8519 6169 7479
6794 7791 6417 7765
6169 8133 6202 7738
5795 9023 5988 7337
5403 7913 6728 7681
6230 9281 5455 7298
4350 6600 4667 9582
6809 8132 5930 7853
6901 7471 6095 7777
5938 7821 7007 6882
6255 9329 6236 6489
6634 8564 5828 7118
7326 8141 6288 6695
6162 7838 7262 6404
5821 8416 6357 7493
6575 8795 6337 6654
6655 8786 5703 7042
4454 8234 5354 9063
5552 8024 5725 8456
5266 6459 4726 9428
6479 9112 6707 5628
5548 9207 5122 8007
5694 9619 5984 6832
5981 7809 6303 7987
7291 6941 6495 7102
5603 8831 6594 7180
6109 8427 6698 6985
6413 9421 5657 6534
7622 6357 5697 7195
5812 7408 6193 8429
5417 8452 5845 8633
6696 8083 6519 7088
6238 8697 5858 7438
5944 9542 6462 6564
6374 8354 6808 6588
6251 9261 5992 6899
5602 9425 6219 7253
5853 6045 5073 9040
4852 9425 5573 7831
6752 7589 6005 8240
6676 9660 6610 5139
6907 8925 6361 6118
5153 9399 5519 7886
5334 9725 6177 6685
6034 10186 6065 5905
5453 8381 5814 8034
5966 8263 6392 7589
5162 8523 5665 8664
6133 9157 5853 7057
5539 9145 6923 6343
6204 8932 5503 7522
6485 7163 6974 7333
5774 6125 4006 9348
5731 9484 6206 7160
6210 8003 6819 7175
4529 6636 4589 9590
4736 6451 3857 9910
5871 9687 5666 7277
5446 9788 5127 7479
6028 6998 6306 8320
7451 7606 6475 7087
6797 6321 5214 8430
6362 8895 6502 6522
6998 6985 6605 7296
5647 7987 5647 8747
7376 5859 5626 7456
5283 9484 5675 7533
6500 7675 5894 8231
6147 7909 6468 7786
5852 8818 6855 6787
5435 6214 4791 9409
4491 8948 5583 8332
5399 8938 6099 7711
7121 8331 6119 6996
5049 8446 6368 7749
4375 9379 5744 7782
6655 8220 6841 6556
6833 7883 6879 6461
7064 8737 6094 6109
5900 8417 6345 7426
6762 8455 6473 6649
4773 8330 6000 8426
5610 9119 5996 7354
6037 6962 6467 8134
4065 8377 5664 8886
6106 8024 5597 8399
6424 8392 6772 6642
5432 8289 6670 7419
6353 6468 6359 8580
5378 8151 5946 8282
6391 9600 6233 5596
6467 8270 6820 6408
5524 8275 6758 7256
7053 7711 6787 6715
6250 9323 6534 6252
7257 8073 6864 5875
5815 9483 6475 6657
5067 7940 6447 8123
4482 5215 3028 10419
5441 9297 6834 6483
6034 9359 6278 6573
5241 9282 5263 8008
7222 7773 6359 6978
7276 7563 5831 7857
6146 9201 6955 5291
6143 7784 6250 7962
6947 9058 6090 5785
5154 9072 6147 7723
6062 8975 6598 7017
6038 9217 5692 7211
4740 9163 6318 7426
5467 8672 6039 7894
6474 7011 6779 7679
5951 7188 6642 8165
6428 9550 6250 5653
5411 8382 6477 7605
6252 9416 6970 4991
7179 6913 6167 7782
6764 8962 6549 6018
6809 8003 7005 5953
6407 5532 5285 8750
5361 9477 5423 7898
5520 9298 6822 6416
6885 7970 6191 7321
6209 9059 5580 7374
6134 9461 6749 5533
5982 8733 6893 6564
6550 8771 6676 5835
5828 6236 4670 9207
5921 8569 5438 8429
6640 9132 5691 6591
5307 8355 6901 7336
5301 10260 5840 6895
5967 7542 6323 8121
5394 9428 6629 6354
6033 8191 5994 7967
4401 9728 5696 7558
5359 7258 6067 8743
4940 7227 5261 9441
5183 7844 5904 8869
6525 7547 6054 7988
6590 7449 5568 8442
5398 8812 5803 8028
4315 6549 4692 9672
4895 9928 6095 6914
5635 7887 6335 8056
6387 7455 7076 6656
5347 7458 5766 8696
6137 7652 6252 8042
6563 7145 6546 7701
6431 9456 6250 5928
4820 6518 3843 9927
5757 7387 6595 8218
4307 9246 5997 7892
6686 7261 6958 6648
5825 8184 5229 8539
6244 9796 6114 5933
6622 8273 7306 5844
5876 7364 5497 8817
7012 7582 6589 6965
