20 4
1342
196 231 168 187 145
93 130 186 288 255
133 17 53 18 286
41 62 11 193 220
86 35 95 4 186
201 146 212 63 5
23 91 236 23 110
213 115 240 231 103
28 64 251 80 213
71 253 274 213 146
28 298 14 122 3
199 155 280 111 50
284 133 141 220 288
83 265 103 155 196
39 16 92 289 95
6 192 180 112 106
159 271 104 172 93
238 203 248 218 14
297 203 278 270 255
266 186 221 202 41
76
2088 2333 2070 1811
2226 2202 2287 1885
2002 1874 2345 1973
2268 2284 1912 1434
2141 2350 2058 1744
1943 2087 2198 2030
2250 2180 1930 1978
1928 2218 2217 2123
1857 2101 2200 2176
1727 2408 1980 1699
2186 2230 2230 1783
1972 2181 2185 2319
2262 2118 2306 1878
1902 2044 2135 2352
1812 2364 2104 1839
1963 2411 1909 1482
2196 2135 2169 2106
2106 2224 2313 1647
1852 2330 2141 2028
1927 2265 1941 2126
2030 2336 2237 1552
2053 2342 2071 1833
2164 2259 2027 1719
2012 2221 2065 2266
2178 2234 2180 1921
1922 2290 1903 1915
1945 2109 2187 2087
2181 2286 2043 1692
2163 2217 2366 1809
2160 2192 2194 2021
2228 2011 1987 1975
2133 2287 2195 1817
1839 2059 2214 2276
2209 2175 2271 1912
2065 1859 2266 2049
1883 2302 1973 1930
2012 2117 2170 2267
2191 2137 2335 1940
2115 2249 2259 1845
2299 2256 1744 1336
2249 2215 2151 1859
2163 2321 2261 1808
2204 2261 2026 1853
2121 2000 2285 1973
1676 1976 1763 2406
2273 2259 1950 1645
2058 1908 2076 2342
1750 2383 1963 1860
2210 2140 2050 2031
1896 2293 2109 2224
2227 2340 2046 1520
2279 2145 2322 1851
2100 2125 2157 2178
2128 2045 2126 2309
2203 2257 2246 1756
2231 2177 2215 1887
2134 2252 1974 1936
2135 1996 2316 2016
2075 2313 2274 1897
2014 1926 1870 2357
2266 2242 2167 1832
2175 2036 2196 1963
1759 1914 1987 2359
2281 2091 1969 1728
1968 2258 2097 2070
2297 2016 1857 1343
1990 2357 2150 1757
1749 2379 2183 1763
1946 2384 1893 1509
2048 2367 2033 1622
2005 2176 2224 1930
2248 2200 2181 1932
1985 2382 2112 1546
1665 2427 1839 1720
1795 2096 2246 2080
2052 2157 2050 2214
