25 4
1885
272 241 116 89 39
211 281 189 203 253
23 131 255 103 207
91 55 132 43 292
171 69 8 21 74
219 98 195 156 41
158 128 115 107 49
153 18 30 175 220
283 197 51 71 132
90 293 187 222 36
12 93 236 151 245
142 70 43 37 226
84 28 186 198 134
235 183 151 97 190
203 212 87 253 115
52 44 109 238 98
276 249 190 46 232
267 187 2 11 57
60 94 84 79 124
50 14 139 33 242
30 235 155 248 188
269 299 64 210 70
161 187 151 183 232
83 151 119 85 161
175 276 87 91 55
133
2338 2456 2568 2692
2340 2491 2381 2597
2297 2429 2193 2893
2698 2094 2004 2350
2235 2457 2278 2826
2264 2593 2192 2724
2348 2565 2338 2790
2349 2442 2055 2899
2310 2304 2449 2877
2671 2244 2212 2343
2462 2439 2340 2568
2540 2357 2247 2746
2491 2375 2496 2493
2679 2093 2295 2114
2536 2206 2441 2435
2203 2449 2357 2709
2411 2210 2515 2672
2398 2439 2502 2628
2433 2427 2375 2462
2343 2403 2512 2487
2506 2410 2439 2219
2403 2193 2190 2926
2126 2356 2141 3080
2426 2121 2509 2606
2374 2257 2034 3001
2154 2508 2260 2895
2600 2255 2079 2710
2210 2314 2602 2546
2662 2014 2235 2341
2642 2370 2386 2684
2635 2175 2468 2157
2320 2413 2219 2975
2416 2318 2285 2872
2384 2313 2470 2849
2481 2219 2473 2579
2576 2331 2437 2642
2442 2485 2127 2738
2423 2412 2509 2841
2643 2142 2347 2376
2280 2384 2498 2869
2670 2088 2192 2534
2443 2270 2447 2570
2445 2241 2543 2597
2591 2242 2431 2576
2454 2273 2628 2421
2379 2353 2525 2591
2408 2208 2158 2875
2662 2121 2313 2315
2663 2170 2255 2150
2441 2501 2332 2655
2486 2138 2500 2496
2390 2469 2430 2698
2728 2064 2209 2206
2109 2256 2010 3099
2658 2231 2096 2382
2742 1920 1963 1957
2646 2198 2273 2351
2358 2334 1994 3037
2283 2407 2404 3054
2525 2186 2589 2479
2418 2444 2085 2840
2518 2383 2316 2611
2484 2342 1966 2830
2103 2476 2358 2938
2420 2342 2128 2890
2583 2055 2528 2177
2293 2529 2348 2649
2333 2281 2568 2892
2365 2340 2439 3018
2274 2174 2482 2917
1931 2364 2075 3085
2596 2223 2432 2325
2577 2199 2451 2485
2465 2462 2246 2753
2151 2436 2495 2703
2366 2431 2223 2834
2459 2468 2252 2564
2391 2257 2585 2564
2591 2129 2485 2370
2584 2422 2265 2653
2409 2493 2411 2538
2448 2445 2447 2370
1961 2284 2026 3093
2490 2170 2147 2881
2380 2506 2305 2604
2233 2318 2580 2658
2506 2286 2490 2427
2378 2485 2289 2798
2045 2256 2172 3159
2132 2412 2514 2863
2361 2533 2274 2773
2183 2444 2416 2820
2308 2359 2153 3011
2648 2215 2216 2475
2388 2304 2199 2893
2387 2270 2150 2962
2355 2377 2314 2924
2526 2457 2273 2804
2251 2448 2342 2944
2468 2419 1926 2866
2227 2490 2399 2607
2407 2390 2176 2930
2270 2421 2373 2775
2436 2326 2332 2855
2520 2404 2332 2417
2289 2222 2584 2642
2720 1990 2252 2013
1993 2117 2197 3059
2160 2440 2438 2708
2384 2413 2057 2915
2306 2301 2644 2415
2376 2239 2513 2656
2412 2565 2176 2730
2217 2368 2455 3012
2297 2409 2241 2863
2467 2114 2519 2656
2288 2300 2156 3019
2428 2359 2453 2636
2347 2407 2242 2994
2693 2140 2460 2006
2687 2167 2252 2307
2635 2068 2390 2183
2475 2425 2371 2847
2521 2295 2447 2501
2634 2296 2429 2491
2484 2193 2579 2429
2310 2257 2196 3061
2564 2358 2560 2250
2590 2231 2411 2584
2358 2286 2586 2552
2494 2398 2402 2678
2206 2521 2122 2901
2248 2229 2574 2592
