25 4
1729
57 93 137 66 177
222 221 264 73 53
73 193 249 178 156
116 229 32 146 297
206 6 131 223 282
264 149 136 136 49
82 192 141 219 257
151 273 11 115 46
196 20 71 145 197
226 261 126 90 239
123 129 77 87 52
59 183 34 27 19
82 109 43 56 160
132 206 133 275 21
11 171 173 81 16
70 139 109 29 61
181 283 189 257 70
74 149 85 239 175
235 21 116 277 208
275 242 246 240 217
100 250 88 272 163
235 42 2 177 202
63 190 186 84 279
88 289 128 173 228
136 240 82 251 51
216
2944 2138 2596 2470
2740 2217 2685 2071
2649 2017 2662 2602
2780 2118 2576 2532
3156 2026 2457 2408
2960 2170 2622 2446
2380 1726 2717 2672
2902 2041 2398 2747
3080 1828 2591 2510
3333 2028 2353 2260
2785 1881 2856 2426
3189 2201 2401 2017
2934 2140 2221 2499
2903 2000 2777 2359
2825 1833 2724 2553
2914 2072 2623 2569
3266 2150 2513 2235
3299 2079 2377 2230
2176 1757 2431 2817
3177 2139 2544 2063
2842 2105 2432 2573
3338 1929 2642 2216
3322 2085 2324 2257
2975 2155 2676 2372
2669 2113 2412 2533
2758 1967 2417 2787
2820 1980 2593 2718
2827 2102 2291 2616
2781 1908 2726 2595
2840 1818 2778 2479
3029 1954 2496 2633
3096 1832 2336 2658
3215 1985 2722 2350
3118 1895 2503 2489
2641 1947 2828 2432
3217 2165 2360 2128
3039 2017 2709 2483
2312 1815 2278 2895
3049 2146 2647 2231
3187 1828 2446 2542
2983 1859 2160 2687
2831 1853 2819 2310
2861 2051 2267 2646
3173 1888 2524 2627
3244 2087 2346 2404
3310 2129 2482 1984
2416 1767 2244 2848
3213 2048 2408 2565
3055 2121 2201 2506
2652 2098 2627 2596
3246 1977 2272 2560
2785 2123 2193 2592
2883 2114 2434 2477
2571 2056 2798 2184
3064 1991 2668 2482
2739 2041 2402 2620
3130 1967 2491 2501
3339 1941 2394 2416
2924 2108 2279 2490
2924 2104 2565 2578
2857 2028 2814 2475
3033 1961 2503 2627
2771 2186 2390 2517
2314 1821 2328 2867
3164 1916 2467 2531
2696 1980 2561 2746
2947 1925 2775 2317
2662 2031 2585 2716
2872 2171 2405 2474
2928 1859 2807 2184
2865 1955 2533 2640
3091 1861 2747 2215
2906 2120 2381 2504
3138 2109 2301 2434
2577 1870 2239 2862
2958 2115 2213 2632
3062 2181 2227 2380
2973 2038 2595 2534
3331 1871 2560 2246
3066 2002 2717 2390
2737 1914 2527 2759
2734 1992 2425 2654
3062 2288 2303 2131
2556 2053 2540 2746
3133 2026 2507 2441
2958 2053 2541 2608
2849 2165 2458 2447
2493 2083 2224 2718
2718 2105 2400 2601
2942 2011 2721 2609
3150 2287 2520 2103
2825 1985 2210 2778
2935 2216 2342 2356
2293 1935 2428 2873
2337 1860 2426 2831
3270 1894 2512 2501
3289 2156 2460 2262
2862 2077 2791 2441
3326 1968 2327 2386
3215 2165 2489 2403
3210 1936 2745 2384
2541 1829 2712 2686
3027 2048 2462 2471
3126 1960 2484 2507
2709 1975 2429 2719
2931 2019 2785 2334
2923 1976 2451 2663
2911 2241 2144 2303
3292 2019 2351 2356
2525 2084 2835 2300
3131 2221 2552 1970
3127 2104 2600 2407
3292 1957 2679 2332
3190 2149 2537 2289
2956 1905 2315 2658
2804 1947 2824 2559
3183 2216 2384 2098
3131 2167 2581 2179
2875 1778 2817 2268
3306 2012 2530 2421
2760 2022 2826 2601
2807 2113 2458 2531
3057 2176 2610 2320
3067 1910 2479 2657
2883 2221 2510 2228
2827 1900 2666 2626
2777 2227 2463 2273
3097 2038 2627 2506
2876 2054 2408 2603
3248 2032 2681 2374
2779 1853 2317 2781
3139 2237 2415 2349
3120 2171 2447 2216
3085 2187 2174 2407
2533 1945 2241 2904
2679 2252 2224 2373
2334 1746 2310 2900
3287 2132 2680 2399
3015 2017 2693 2558
2954 2174 2252 2391
3194 1982 2440 2432
2936 1990 2374 2777
2830 2192 2307 2450
3223 1904 2297 2433
2870 2054 2324 2636
2887 2094 2787 2376
3042 2173 2469 2363
2810 2184 2549 2433
3333 2135 2429 2011
3410 2084 2541 2229
2733 2302 2465 2315
2949 2191 2588 1986
2862 2179 2381 2561
3173 2186 2391 2379
2533 2154 2669 2470
2771 2204 2594 2029
2579 1925 2648 2676
2575 2042 2439 2627
3177 2166 2506 2072
3149 1913 2326 2574
2929 2057 2221 2586
2469 1965 2616 2688
3102 2043 2244 2566
3044 1957 2637 2590
2987 2287 2524 1976
3089 2008 2664 2417
2808 2129 2140 2619
2842 2043 2760 2549
3082 2035 2486 2549
2875 2200 2617 2127
2686 2047 2603 2626
3065 2179 2416 2390
2950 1930 2296 2692
2378 1671 2308 2858
3373 1890 2370 2446
3159 2271 2446 2241
3356 2034 2300 2287
3104 2160 2325 2404
3011 2196 2203 2548
2807 2293 2436 2174
2850 2046 2566 2619
2896 2128 2357 2591
3069 2083 2682 2384
2978 2087 2572 2500
2770 1843 2391 2754
2971 1974 2647 2586
3305 2062 2450 2245
3000 2032 2639 2632
2889 2027 2475 2633
2656 2246 2277 2346
2939 2089 2619 2504
2642 1957 2636 2728
3103 2148 2573 2204
3322 2023 2652 2233
3087 2242 2583 2221
2660 1858 2339 2790
2395 1881 2344 2854
3059 1942 2691 2516
2767 2251 2441 2345
3195 1951 2691 2458
3312 1991 2710 2224
3179 2099 2432 2535
2497 1904 2714 2728
2847 2048 2377 2609
3039 2282 2356 2104
2796 2063 2353 2777
3175 2146 2550 1928
2610 2036 2753 2588
2725 2232 2631 2145
2827 2040 2619 2592
3040 2118 2060 2549
3450 1946 2558 2415
2756 2201 2336 2591
2773 2164 2482 2501
3055 2143 2760 2469
3017 1870 2776 2356
