25 4
2055
2 250 83 59 52
131 120 8 36 174
253 148 165 200 153
231 26 31 86 172
25 186 36 25 221
247 34 21 50 31
240 52 114 155 110
297 119 62 138 154
68 223 134 233 123
119 296 281 150 82
285 7 101 21 163
22 268 196 175 150
59 247 201 5 234
144 135 53 205 272
40 273 195 173 39
151 292 35 132 274
248 117 280 49 270
143 203 71 171 78
220 229 157 254 67
91 98 201 144 3
173 183 108 200 188
278 51 180 145 15
154 94 132 134 142
234 109 177 5 279
254 224 42 243 178
74
3386 1942 2266 2564
3362 2336 2345 2522
3001 2473 2322 2089
3306 2138 2514 2129
3160 2388 2125 2347
3007 2370 1964 2559
3257 2373 2180 2485
3170 2089 2402 2444
3331 2317 2347 2254
3198 2133 2487 2288
3354 2233 2301 2531
3220 2032 1995 2756
3146 2305 2051 2691
3170 2241 2035 2720
3077 2350 2365 2114
3323 2348 2150 2648
3283 2262 2352 2338
3168 2397 2114 2439
3134 2210 2426 2061
3275 2253 2363 2246
3246 2118 2078 2745
3279 2180 2072 2656
3109 2169 2526 2092
3131 2101 2207 2570
3235 2087 2220 2652
3469 2098 2539 2430
3060 2173 2213 2553
2962 2485 2127 2215
3120 2222 1982 2753
2772 2526 1951 2018
3355 2057 2115 2681
2971 2391 2044 2592
3266 2151 2453 2094
3108 2235 2516 1997
3152 1931 1947 2786
3265 2217 2443 1999
3297 2170 2451 2362
3076 2054 1904 2761
3091 2371 2293 2380
2641 2532 1906 1940
2967 2115 1867 2825
3135 2347 2225 2378
3430 2110 2344 2556
3438 2213 2388 2547
3110 2400 2254 2175
2967 2046 2018 2752
3177 2190 2202 2574
3002 2407 2332 2184
3259 2020 2190 2630
3174 2335 2420 2252
3372 2238 2418 2384
3159 2210 2177 2627
3227 1984 2176 2661
3043 1992 1910 2850
3059 2470 2182 2353
3216 2452 2109 2355
2881 2493 2073 2301
3148 2434 2143 2549
3159 2389 2259 2186
3090 2437 2283 2285
3253 2067 2245 2599
3253 2304 2170 2624
3143 2319 2132 2660
2936 2307 2428 1929
3197 2199 2477 2193
3119 2467 2054 2217
3263 2299 2381 2448
3224 2311 2186 2574
3051 2449 2088 2411
3158 2455 2249 2091
3144 2155 1952 2731
3277 2003 2229 2628
3199 2376 2320 2221
3347 1964 2425 2449
