30 4
2135
196 231 168 187 145
93 130 186 288 255
133 17 53 18 286
41 62 11 193 220
86 35 95 4 186
201 146 212 63 5
23 91 236 23 110
213 115 240 231 103
28 64 251 80 213
71 253 274 213 146
28 298 14 122 3
199 155 280 111 50
284 133 141 220 288
83 265 103 155 196
39 16 92 289 95
6 192 180 112 106
159 271 104 172 93
238 203 248 218 14
297 203 278 270 255
266 186 221 202 41
249 73 56 42 194
283 179 87 295 123
192 286 95 128 290
20 67 193 100 284
39 230 20 18 200
275 116 218 29 150
92 110 222 279 283
117 95 162 36 91
118 227 209 212 187
200 231 253 93 32
344
2811 3677 2727 2597
2592 3189 3038 3739
3103 3170 3160 3656
3218 3335 3051 3686
2829 3495 3141 3228
2862 3145 3041 3887
2845 3222 2850 3749
3020 3375 2989 3590
3298 3300 3297 2816
2963 3056 3188 3755
3121 3319 3303 3135
3214 3250 3364 2949
3278 3097 3428 2969
3215 3379 3100 3418
3394 3484 3171 2978
3074 2917 3250 3674
3239 3558 2996 2899
3465 3232 3156 3313
3033 3442 3152 3248
3055 3201 3407 2708
3227 2871 3158 3676
3059 3355 3320 2903
3307 3217 2946 3583
3470 3463 3035 2991
3343 2929 3308 3437
3160 3351 3373 2658
3329 3167 3101 3685
3293 3462 3265 3246
3003 3504 3306 2745
3377 3224 3169 3402
3134 3319 3323 2985
3182 3298 3054 3652
3207 3116 3457 3031
3294 2889 3380 3288
3262 3043 3398 3176
3261 3444 3293 3076
2932 3149 3454 2727
3378 3185 2898 3593
2942 3214 3232 3575
3349 3219 3294 3384
3141 3074 3004 3780
2886 3528 3226 2787
2983 2877 2953 3942
3455 3192 3190 3492
3009 3240 3098 3661
3233 3480 3139 3228
3112 3298 3355 2869
2816 3428 2978 3570
3192 2936 3400 3450
3378 3426 3091 3257
3545 3410 2610 2703
3516 3382 2939 3116
2866 3326 3156 3480
3302 3297 2822 3498
3523 3406 3070 2957
3181 2925 3083 3841
3488 3235 3110 3308
3066 3489 3227 2821
3309 3368 3215 3323
2902 3185 2921 3834
3292 3341 3199 3350
3448 3195 3230 3361
3020 3408 3156 3267
3174 3372 3083 3490
3218 3489 3183 3031
3270 3216 3336 3235
3329 3252 3007 3572
3432 3384 3096 3150
3508 3272 3172 3245
3042 3217 3249 3428
3543 3337 3124 3190
3098 3484 3007 3395
3162 3571 3145 2726
3379 3441 3061 3184
2892 3213 3469 2779
3455 3329 3137 3279
3243 3113 3372 3109
3247 3156 3337 2978
3473 3218 3301 3134
3142 3447 2975 3591
3136 3607 3038 2634
3298 3311 2916 3581
3144 3143 3366 3223
3019 3325 3350 2935
3169 3247 3333 3081
3270 3306 3041 3563
3088 3284 3187 3506
3356 3532 3092 3209
3142 3362 3069 3704
3467 3364 3142 3208
3528 3383 2594 2730
3372 3487 3115 2937
3354 3444 3291 3031
3098 3399 3101 3508
3501 3138 3265 3327
3392 3344 3216 3203
3512 3426 3085 3440
3167 3265 3378 2970
3137 3009 3459 3305
2958 3601 2942 3110
3167 3485 3280 2576
3175 3339 3220 3471
3127 3456 3019 3394
3200 3362 3291 3244
3497 3379 3224 3025
3203 3344 3095 3489
3298 3226 3010 3694
3021 3172 3309 3327
3330 3580 2970 2706
3347 3257 2826 3530
3346 3194 3117 3658
3025 3061 3142 3851
3131 3228 3381 2936
3148 3297 3279 3418
3280 2944 3387 3361
3519 3413 2816 3012
3061 3121 3383 3210
3030 3286 3139 3498
3173 3419 2807 3493
3260 3080 2736 3724
2923 3644 3088 2648
3442 3289 3035 3473
3245 3016 3382 3203
3178 3553 3198 3083
3332 3192 3278 3411
3255 2921 3321 3526
3301 3251 3187 3420
3324 3514 3120 3039
3412 3423 3100 2885
3205 3080 3397 3255
3099 3451 3144 3376
3349 3408 3095 3270
3367 3568 2982 2944
3396 3383 3171 3270
3093 3306 3325 2680
3368 3068 3335 3184
3258 3186 3130 3747
3331 3262 3214 3371
3129 2844 3191 3819
3093 3597 3074 2943
3407 3393 3208 3028
3253 3279 3025 3590
3480 3352 3208 3052
3432 3299 3190 3263
3221 3563 3162 2774
3367 3120 3283 3569
3096 3042 3113 3789
3159 3134 3322 3420
3271 3576 2968 3069
3378 3341 3185 3370
3230 3266 3161 3616
3383 3523 3005 2672
3075 3250 3191 3525
3291 3166 3390 2898
3091 3292 3396 2988
3188 3049 3080 3780
3072 3225 3019 3737
2761 3501 3037 3425
2856 3654 2764 2942
3283 3209 3201 3520
2997 3141 3173 3720
3222 3107 3413 3228
3420 3200 3265 3322
2883 2958 3305 3498
3278 3556 3215 2936
2730 3229 2691 3749
3544 3302 2903 3309
3427 3272 3226 3299
2775 3189 2695 3781
3457 2935 3328 2885
3012 3191 3443 3017
2791 2894 3084 3868
2978 3073 2997 3929
3045 3346 3321 3153
3377 3457 3155 3005
2966 3245 3368 3182
3333 3024 3369 3114
3216 3002 2941 3838
3279 3197 3202 3545
3276 3335 3273 3226
3379 3219 3208 3510
3027 3282 3084 3561
3514 3438 2778 2801
3501 3435 2867 2893
3181 3584 3075 2979
3215 3193 3408 2916
3306 3476 3184 3067
2949 3173 3066 3756
3425 3165 3283 3345
2972 3355 3143 3416
3473 3494 2912 2887
3283 3294 3107 3407
3066 2975 2925 3846
3385 3095 3351 3157
3224 3270 3261 3400
3087 3520 3034 3446
2683 3670 2901 2751
3396 3056 2835 3537
3190 3089 3441 3058
3023 2813 2938 3890
3222 3327 3315 2834
3568 3360 3195 2963
3528 3381 3108 3168
3374 3555 2713 2516
2890 3357 3292 3087
3326 3276 3173 3544
3302 3454 3210 3011
3100 3074 2985 3796
3008 3600 3212 2788
3118 3492 2866 3348
3372 3222 3248 3379
3261 3529 3199 2963
3079 3392 3382 2840
3325 3058 3371 3493
3199 3559 3157 2964
3225 3154 3393 3003
3346 3279 3028 3483
3079 3477 3288 2727
2901 3608 2889 2948
2944 3435 3174 3285
2785 3617 3079 2919
3144 3067 2874 3795
3151 2975 3438 3107
2865 3274 3113 3612
3201 2985 3132 3664
3085 3213 3080 3643
3427 3470 2961 3300
3321 3467 3140 3264
3185 2851 3096 3822
3418 3225 2778 3540
3456 3076 3322 3095
3437 3291 3201 3307
3392 3259 3310 3316
3422 3495 2923 3089
3547 3354 2771 3018
3294 3377 3259 3126
3346 3279 3023 3545
3018 2853 3467 3064
3127 3371 3113 3507
3218 3404 3277 3144
2936 3303 3367 2922
2954 3313 3157 3516
3273 3331 3218 3289
3269 3592 3062 2890
3370 3323 3248 3087
3379 3304 3114 3397
3074 3265 3380 3015
2940 3606 3108 2985
3194 3243 3354 3253
3361 3318 3219 3325
3254 3486 3098 3109
3233 3395 3233 3341
3324 3377 3173 3252
3409 3371 3232 3176
3071 3007 3217 3686
3176 3609 3037 2768
3395 3125 3158 3587
3276 3057 3067 3691
3341 3541 3136 3012
3278 3182 3334 2856
2997 3589 2872 3095
3475 3438 3073 3202
3389 3259 3174 3331
3091 3653 2913 2628
3043 3557 3066 3250
3302 3212 2916 3611
3337 3417 3275 3058
3379 3430 2871 3354
3254 3280 3334 2917
3020 3290 3083 3703
3260 2995 2830 3837
3279 3560 2995 3033
3258 3375 2931 3633
3216 3097 3323 3341
3304 3062 2942 3709
3215 3464 3006 3305
3357 3496 3159 2740
3125 3064 3159 3704
3454 3314 3167 3352
3379 3356 3155 3297
3176 3161 3338 3393
3128 3193 3231 3429
3175 3424 3126 3358
3065 2997 3127 3799
3085 3128 3174 3756
3146 2865 2891 3871
2991 3573 3196 2815
3472 3356 3153 3252
3189 3027 2878 3827
2978 3158 2903 3816
3331 3177 3308 3484
2829 3580 3047 3115
3478 3292 2810 3445
3216 3649 3027 2924
3232 3151 3353 3134
3569 3325 2974 3082
3413 3066 3358 3404
2879 3671 2831 2400
3410 3126 3092 3503
3287 2938 3190 3581
3409 3475 3127 3175
3012 3656 2855 2656
3449 3411 3112 3123
2643 3668 2902 2617
3188 3271 3337 2851
3333 3398 3250 3194
3216 3368 3217 3368
3113 3069 3129 3762
3385 3507 2911 2851
3258 3271 3036 3634
3278 3471 3309 3049
3271 3434 3138 3286
3387 3504 2924 3111
3161 3170 3382 3196
3065 3101 3022 3798
3402 3249 3155 3526
2906 3617 3072 2675
3364 3180 3017 3668
3279 3112 3296 3658
2688 3645 2939 2962
3372 3513 2968 2914
3449 3326 3206 3236
3261 3400 3108 3359
3020 3323 3250 3380
3243 3358 3122 3459
3525 3299 3188 3218
3374 3199 2992 3676
3148 3198 3001 3719
3066 3574 3133 2708
2879 3069 3472 2974
3252 2896 3144 3800
3036 3098 3312 3437
2855 3650 2984 2845
3441 3071 3233 3422
2598 3714 2777 2611
3067 3118 3384 3162
3002 3564 2910 3306
3409 3286 3326 3289
3369 3435 3247 3228
3259 3030 3051 3718
3319 3152 3176 3605
3203 3224 3220 3563
3255 3289 3232 3389
3279 3301 3097 3544
