30 4
2228
57 93 137 66 177
222 221 264 73 53
73 193 249 178 156
116 229 32 146 297
206 6 131 223 282
264 149 136 136 49
82 192 141 219 257
151 273 11 115 46
196 20 71 145 197
226 261 126 90 239
123 129 77 87 52
59 183 34 27 19
82 109 43 56 160
132 206 133 275 21
11 171 173 81 16
70 139 109 29 61
181 283 189 257 70
74 149 85 239 175
235 21 116 277 208
275 242 246 240 217
100 250 88 272 163
235 42 2 177 202
63 190 186 84 279
88 289 128 173 228
136 240 82 251 51
289 60 292 236 132
42 168 83 261 140
245 196 14 80 205
216 142 95 102 58
207 189 48 167 194
369
3930 2292 3238 2785
3860 2409 3169 2816
3090 2489 3402 3018
3413 2605 3152 3089
3599 2409 3307 3183
2891 2442 2957 3239
2955 2117 2944 3404
3407 2692 3111 2933
3519 2408 3310 2971
3465 2606 3371 2870
3045 2071 2957 3343
3848 2227 3294 2849
3658 2495 3292 2775
3358 2354 3362 3141
3909 2506 3150 2535
3178 2648 2678 2958
3038 2105 3044 3332
3564 2545 3047 3001
3676 2263 3169 3136
3182 2039 3072 3326
3789 2350 3094 3085
2729 2238 2942 3361
3522 2353 3119 3214
3427 2545 3074 3004
2968 2498 3145 3208
3357 1937 2875 3323
3520 2620 3049 3043
3027 2264 3068 3327
3219 2113 3198 3254
3627 2146 3079 3207
3682 2610 3237 2874
3625 2448 3333 2751
3133 2242 3113 3297
2643 2327 2986 3323
3880 2346 3204 2969
3794 2328 3359 3009
3356 2299 2953 3327
3559 2547 3290 2997
3625 2351 3337 3012
3818 2574 3116 2650
3726 2033 3032 3166
3274 2238 3148 3298
3241 2621 3230 2824
3670 2204 3384 2874
3319 2427 3121 3187
3403 2324 3492 3110
3697 2595 3291 2800
3648 2523 3315 2782
3450 2308 3207 3194
3865 2527 3181 2786
3886 2323 3230 2839
3690 2238 3415 2766
3445 2157 3184 3199
3312 2504 3009 3148
3649 1977 2844 3197
3422 2204 3342 3132
2990 2561 3312 3039
3479 2546 3293 2785
3408 2378 3169 3195
3715 2539 3101 2869
3210 2743 3139 2776
3482 2491 3102 3028
3704 2268 2732 3087
3365 2673 3301 2733
2842 1987 3078 3322
3388 2515 2859 3186
3233 2759 2962 2406
3496 2478 3323 2843
2979 2103 3385 3223
3065 2570 3446 2643
3248 2394 3330 3153
3314 2237 3079 3319
3675 2253 3361 2840
3972 2267 3038 2997
3584 2406 3320 2822
3888 2533 3128 2813
3046 2372 3119 3196
2968 2115 3242 3309
3737 2486 2969 2985
3507 2739 3104 2427
3026 2087 3100 3307
3157 2100 3022 3323
3650 2394 3331 3015
3553 2293 3434 2738
3000 2279 3359 3237
3771 2662 3222 2558
3029 2250 3276 3263
3234 2347 3470 3113
3205 2694 3162 2810
3024 2510 3288 3069
3208 2616 3264 2915
3846 2461 3213 2653
3134 2448 3041 3133
3503 2075 2804 3231
3248 2478 3281 3101
3737 2457 3308 2986
3005 2333 3036 3322
4049 2323 3226 2966
3487 2287 3440 2962
3348 2442 3449 2800
3174 2345 2949 3242
3482 2538 3401 2928
3137 2473 3117 3102
3706 2579 3124 2728
3738 2545 3048 2896
3574 2577 2989 3010
3418 2755 3097 2264
3378 2279 3344 3174
3219 2344 3329 3156
3722 2454 3321 2625
3338 2604 3373 2934
3499 2687 2982 2763
3034 2228 3335 3267
3482 2462 3441 3029
3740 2278 3118 3067
3645 2565 3135 2957
3747 2331 3284 2885
3024 2572 2960 3093
3113 2760 2996 2666
3390 2570 3268 3000
3306 2450 3139 3099
3305 2622 3252 2789
3055 2114 3235 3261
3079 2417 3308 3156
2810 2126 3363 3226
3090 2754 3049 2639
3640 2336 3391 2938
3761 2461 3167 3038
3480 2436 2899 3134
3198 2227 3298 3260
3688 2385 3332 2968
3616 2247 3444 2907
3601 2262 3390 2981
3618 2426 3320 2805
3197 2624 3328 2640
2736 1993 3031 3367
3336 2549 2964 3120
3616 2205 2836 3187
3949 2490 3129 2638
3181 2276 2971 3330
2761 2392 3176 3196
3244 2463 3283 3058
3585 2627 3094 2764
3739 2446 3316 2699
3281 2331 3185 3197
3684 2405 2979 3069
2778 1972 3129 3391
3170 2379 3011 3224
3071 2347 3474 2986
3858 2467 3155 2912
3526 2463 3399 2886
3361 2610 3320 2961
3373 2339 3416 3067
3272 2540 3402 2842
3628 2331 3164 3184
3086 2090 2749 3443
3596 2522 3096 3001
3689 2490 3133 2915
3799 2122 2780 3099
3190 2422 3472 3155
3578 2596 3253 2530
3463 2396 3473 2896
3350 2670 3160 2776
3445 2704 2975 2841
2897 2463 3304 3071
4028 2341 3059 2802
3755 2401 3118 3055
3665 2379 3385 2941
3522 2064 2746 3311
3798 2409 2822 2963
3225 2286 3031 3311
3411 2645 3264 2617
3321 2748 3303 2775
3698 2357 3309 2961
3272 2505 3078 3127
3755 2651 3100 2746
3180 2677 3166 2875
3375 2476 3205 3074
3536 2004 2668 3226
3633 2478 3296 2840
3211 2308 3372 3149
3556 2529 3372 2787
3209 2302 3322 3177
3651 2673 3132 2421
3890 2386 3211 2611
4048 2375 3090 2694
3345 2749 2916 2596
3898 2505 3105 2806
3673 2340 3313 3026
3442 2498 3072 3028
3280 2288 3103 3289
3565 2446 3315 2804
3378 2448 3457 2685
3075 2602 3388 2652
2976 2003 2844 3398
3443 2362 3442 3004
3571 2432 2803 3098
3116 2289 3140 3296
3168 2646 2941 3053
3430 2432 3285 3186
3583 2276 2972 3192
3378 2130 2718 3317
3111 2340 2742 3291
3041 2090 3241 3264
3335 2688 3225 2690
3593 2599 3240 2891
3203 2308 2875 3219
3523 2662 3180 2816
3726 2589 3206 2623
3264 2520 3101 3100
3172 2550 3207 3047
3627 2728 3194 2564
3563 2166 3454 2991
3455 2186 2906 3286
3380 2216 3193 3268
3088 2434 2993 3204
3781 2411 2967 2943
3747 2462 2991 2913
3240 2289 3172 3268
3791 2443 2909 2952
3533 2259 3403 2846
3722 2472 3254 3060
3646 2278 3093 3093
3603 2472 3288 2955
3002 2447 3121 3238
2962 2628 3168 2860
3759 2251 3269 3064
2727 2443 3200 3166
3389 2443 2908 3090
2911 2192 2946 3446
3592 2484 3145 3041
3671 2707 3163 2313
3645 2276 3319 3045
3392 2561 3313 2901
2891 2059 3054 3340
3130 2015 2747 3401
3918 2539 3136 2698
3573 2487 3212 2912
3206 2526 2964 3178
3215 2281 3502 2980
3251 2436 3461 2926
3130 2488 3333 3039
3433 2390 3465 3011
3930 2248 3228 2797
3505 2468 3388 3056
3507 2321 3471 2854
3471 2548 3073 3025
3320 2258 3426 3151
3555 2282 2983 3209
3489 2342 3337 3070
3500 2656 3233 2789
3757 2494 2933 2922
3023 2333 3021 3232
3335 2123 2979 3313
3427 2580 3398 2719
3259 2466 3424 3015
2894 1982 2910 3450
3456 2754 3080 2595
3412 2657 3016 2817
3840 2484 3187 2783
3826 2544 3265 2868
3221 2793 3244 2530
3292 2368 3388 3136
3421 2632 3033 2848
3059 2374 2847 3225
3315 2280 3161 3227
3058 2370 3492 2898
3972 2496 3076 2665
3115 2161 3232 3301
3341 2527 3229 3044
3747 2375 3294 2873
3220 2539 3183 3061
3937 2605 3104 2831
3206 2499 3183 3077
3275 2750 3184 2497
3346 2453 2985 3178
3749 2488 3077 2899
3702 2058 2834 3113
3594 2611 3020 2902
3479 2653 2951 2871
3675 2550 3211 3000
3540 2403 3321 2801
3433 2330 3500 2995
3136 2659 2867 2942
3597 2662 3221 2663
4009 2461 3209 2780
3703 2537 2993 2955
3145 2260 3057 3322
3465 2738 3006 2733
3709 2380 3343 2798
3373 2743 3135 2903
2932 2078 2846 3440
3573 2198 3396 3000
3304 2304 3121 3199
3489 2135 2882 3316
3607 2694 3163 2672
3461 2494 3050 3034
3766 2193 2916 3104
2692 2068 3033 3409
3521 2521 3317 2846
3938 2318 3062 2967
3613 2349 3229 3098
3174 2310 3058 3319
3201 2759 3213 2638
3608 2526 2965 3040
3353 2376 3097 3217
3554 2569 3025 3073
3610 2692 2958 2576
2943 2408 2852 3305
3135 2540 3429 2845
3504 2665 3247 2687
3719 2556 3106 2816
3736 2210 3378 2650
3419 2492 3125 3001
3239 2643 3138 2840
3517 2353 3413 2863
2930 2369 3198 3193
2808 2071 2954 3412
3424 2210 3392 3104
3199 2270 3380 3168
3660 2657 3058 2559
3140 2480 3357 2952
3556 2660 3079 2815
3214 2626 3142 2905
3250 2605 3156 2962
3749 2342 3333 2793
3410 2495 3250 3033
3989 2352 3146 2824
3488 2404 3143 3184
3100 2618 3340 2766
3181 2017 3262 3264
3459 2354 3142 3187
3252 2506 3371 2950
3962 2464 3134 2656
3075 2486 3261 3061
3764 2460 2846 2933
2928 2636 3128 3022
3585 2631 2996 2841
3165 2525 3505 2888
3136 2430 3035 3194
3866 2406 3282 3054
3646 2313 3417 2808
3598 2494 3023 3031
3254 2488 3159 3091
3264 2413 3443 3014
3553 2737 3223 2705
3001 2611 3417 2793
3004 2647 2978 3060
3298 2111 3194 3207
3905 2389 3198 2972
3788 2518 3292 2717
3296 2687 2947 2934
3636 2620 3112 2565
3060 2036 3076 3337
3620 2668 3168 2690
3518 2196 3324 3022
3300 2508 3437 2944
3643 2334 3305 3141
3231 2233 3354 3182
3352 2474 3332 3010
3259 2235 3007 3341
3120 2555 3375 2919
3705 2616 3184 2901
3970 2534 2968 2826
3530 2745 3051 2454
3230 2443 3204 3119
3397 2514 3425 2818
3111 2311 3081 3292
3345 2621 3183 2810
