30 4
2370
59 207 296 69 110
158 11 55 99 199
205 47 203 67 70
53 78 192 193 279
153 245 60 114 217
288 140 248 91 176
113 149 215 241 217
26 99 60 80 30
259 285 76 294 52
145 179 261 169 72
240 22 149 1 135
66 121 107 15 44
115 127 192 31 200
242 56 298 2 267
160 93 252 235 219
136 212 98 229 81
169 170 102 19 3
69 216 255 176 230
298 123 189 23 153
89 264 41 219 99
9 79 191 93 146
111 62 58 41 290
138 43 160 239 193
294 9 109 249 17
40 247 139 61 270
125 150 67 165 201
165 6 113 57 99
258 299 292 149 40
282 286 82 275 59
274 102 199 84 52
240
3203 3221 2861 3067
2731 3056 2809 3290
2821 3031 2807 3288
2766 2961 2597 3479
2963 3268 2823 2942
2722 3300 2578 3349
2923 3333 2736 2882
2951 3078 2870 3134
2718 3558 2400 3033
3326 3120 2813 3000
2647 3106 2720 3381
2951 3395 2727 2820
2993 3472 2442 3077
3360 3144 2643 2686
3181 3179 3000 2612
3046 3388 2676 2836
2763 2953 2672 3476
3325 3114 2832 2993
3217 3145 2580 3023
2822 3295 2662 3459
3234 3208 2844 2883
2839 3529 2409 3080
2945 3375 2597 3337
2917 3492 2604 3084
2968 3056 2952 2749
2647 3366 2691 2847
2734 3490 2531 3157
3337 3040 2837 2681
2904 3206 2974 2570
2835 3247 2662 3276
2563 3494 2336 3164
3040 3391 2556 3017
2953 3206 2677 3363
2931 3441 2378 3197
3211 3310 2815 3257
2744 3332 2467 3455
2852 3468 2606 2729
2923 3073 2765 3416
2919 3061 2948 2790
3007 3023 2854 3325
2969 3234 2818 2667
3245 3029 2978 2791
2801 3026 2881 3197
2294 3041 2207 3577
2952 3401 2708 2827
2910 3062 2977 2740
3275 3117 2871 2909
3018 3326 2685 2898
3046 2994 2919 3095
2767 3452 2416 3293
3004 3424 2571 3091
3276 3112 2851 2679
2932 3165 2723 3356
2546 3601 2214 2714
3441 2844 2837 2659
2360 3403 2083 3366
3356 2938 2639 2778
3237 3245 2691 2753
2572 3260 2390 3558
2959 3221 2733 3287
2952 3013 2874 3214
2890 3100 2867 3154
2736 3249 2352 3462
2909 2787 2856 3359
2631 3473 2270 3218
2600 3582 2352 2962
2746 3496 2409 3091
3040 3206 2839 3129
3111 3128 2909 3005
2894 2677 2865 3238
2693 3504 2334 3098
2931 2744 3093 2952
3475 2784 2633 2640
2892 3346 2753 3066
2596 3456 2221 3300
2922 3434 2646 3184
2747 3340 2392 3458
3096 3336 2540 3208
3304 3078 2952 2545
2980 2709 2926 3235
3118 3071 2912 2882
3047 3394 2657 2843
3153 2857 3038 3208
2656 3527 2336 3153
3039 3200 2858 3122
3119 2944 2943 3123
3506 2978 2827 2569
3021 3239 2709 3313
3071 3315 2592 2977
3291 3027 2923 2848
3043 2990 2839 3251
3173 3330 2456 2646
3218 3151 2561 3030
2912 3032 2980 3037
2967 3422 2532 3351
2780 3177 2452 3467
2926 3248 2835 3025
2772 2505 3162 2781
2957 2844 3177 2605
2933 2550 3181 2422
3274 3111 2890 2902
3024 2719 3157 2826
2575 3446 2473 3293
3418 2969 2703 2658
3320 2987 3073 3005
2675 3428 2682 2785
2876 2950 2796 3350
2764 3571 2314 2866
3089 2853 3147 2736
3390 2841 2895 2568
2924 3079 2746 3423
2799 2984 2872 3274
2986 2926 3089 2716
2973 3437 2588 3275
3329 3157 2660 2870
2792 3194 2894 2723
2676 3562 2190 2955
2654 3156 2669 3398
3175 3159 2870 3129
2974 3066 2868 3212
3045 2988 2938 3088
2877 2890 2993 3173
2604 3584 2346 3135
3117 3065 2931 2875
2751 3520 2285 3169
2414 3608 2141 2779
2986 3284 2624 3363
3263 2899 3115 2758
3277 3200 2535 2784
3348 2842 2853 2830
3034 3258 2816 3022
2764 2959 2653 3483
2806 3567 2524 2944
3229 2996 2859 2968
2975 3072 2849 3219
2818 3440 2620 3066
3399 3071 2901 2561
2893 2707 3189 2262
3189 3005 3006 3079
3102 3063 3021 2717
3057 3387 2677 3184
2522 3073 2314 3573
3275 2971 2682 3051
2804 3067 2990 2845
3280 2799 2818 3018
3379 3036 3047 2759
3063 3338 2553 3023
3043 3014 3047 2963
3081 3040 3016 2887
3023 3070 2946 2828
2906 2851 3074 2809
2814 3393 2530 3411
3270 3175 2829 2809
3347 2931 2907 2765
3161 2943 3015 3141
3099 3040 2861 3246
3235 3082 2939 2657
2960 3227 2714 3294
3196 3034 2974 2832
2605 3097 2450 3567
3220 2992 2989 2895
3294 3015 2673 3006
3398 2934 2849 2856
3233 3202 2863 2876
3022 2978 3167 2515
3025 3163 2881 2825
2937 3289 2620 3404
2950 3058 2949 2961
3361 3150 2624 2693
3363 2902 2895 2770
3103 3069 3002 2724
2823 2508 3104 2872
3187 3035 3003 2782
3202 3215 2880 3060
2856 2513 3087 2953
3397 2837 2857 2789
2564 3191 2524 3565
3167 3073 2893 3196
3131 3366 2351 2901
2778 3245 2562 3540
2613 3350 2400 3529
3077 2993 2926 3232
3253 3237 2717 2678
2655 3192 2697 3314
2658 3487 2285 3180
3196 2767 3026 3011
3225 2879 2686 3025
2972 3068 2769 3375
2931 3159 2742 3349
2850 2906 3090 2618
3383 3079 2875 2636
2808 3079 2807 3471
3269 3169 2848 2802
2800 3020 2900 3190
2845 3136 2583 3426
3312 2904 2958 3012
3214 3141 2885 2748
3008 3029 2835 3332
2601 3398 2263 3400
2881 3344 2636 3213
2807 3441 2619 2718
3116 3045 3010 2702
3254 3243 2698 2685
3276 3194 2554 2777
2876 2884 3012 3166
2951 2613 3080 2836
3166 3067 2912 3189
2772 3394 2458 3393
3126 3050 2927 2859
2802 3441 2393 3282
3100 3379 2368 3085
3035 3345 2816 2729
3032 2778 3064 3107
3069 3167 2920 2765
2829 3483 2480 3173
2751 3438 2451 3191
2843 3084 2801 3286
3361 2980 2616 2904
3422 2946 3035 2562
3081 3481 2566 2988
2730 3116 2612 3467
2707 2371 3172 2871
2857 3300 2656 3274
3097 2912 3054 3017
2538 3486 2151 3241
2570 3206 2580 3489
3456 2886 2831 2543
2901 3560 2473 2960
3043 3171 2822 3196
2852 2609 3200 2691
2592 3253 2515 3503
2773 3303 2520 3440
3056 3053 2936 2856
3110 3122 2928 2998
3174 3153 2889 3122
2924 3339 2717 2889
2961 2856 2994 3231
2933 3509 2304 2754
2814 3212 2547 3466
3153 3117 3009 2674
