35 4
2844
59 207 296 69 110
158 11 55 99 199
205 47 203 67 70
53 78 192 193 279
153 245 60 114 217
288 140 248 91 176
113 149 215 241 217
26 99 60 80 30
259 285 76 294 52
145 179 261 169 72
240 22 149 1 135
66 121 107 15 44
115 127 192 31 200
242 56 298 2 267
160 93 252 235 219
136 212 98 229 81
169 170 102 19 3
69 216 255 176 230
298 123 189 23 153
89 264 41 219 99
9 79 191 93 146
111 62 58 41 290
138 43 160 239 193
294 9 109 249 17
40 247 139 61 270
125 150 67 165 201
165 6 113 57 99
258 299 292 149 40
282 286 82 275 59
274 102 199 84 52
215 255 131 186 16
233 11 297 1 176
32 165 14 276 54
244 234 185 236 215
225 52 35 139 27
340
3006 3952 2734 3745
3573 3391 3646 3075
3679 3604 3442 3215
3168 3674 3116 3850
3850 3364 3672 3117
3769 3398 3700 2835
3274 3951 2968 3544
3183 3557 3131 3908
3199 3593 3075 3944
3340 3655 3339 3590
3481 3810 3235 3300
3874 3322 3687 3180
2783 3968 2388 3632
3435 3116 3742 3350
4160 3308 3525 2854
3836 3587 3107 3023
3455 3901 2888 3139
3857 3551 3559 3352
3546 3600 3395 3443
3224 3647 3141 3879
3605 3725 3425 3105
3821 3403 3591 3481
3766 3580 3433 3512
3608 3354 3552 3744
3803 3582 3472 3252
3224 3732 3268 3623
3353 3876 3109 3430
3440 3058 3784 3450
3729 3630 3358 3045
3794 3419 3688 2926
3632 3599 3358 3517
2980 3702 3093 3934
3160 3421 3166 3888
3613 3475 3472 3535
3628 3396 3566 3497
3948 3345 3371 3291
3435 3206 3440 3771
3602 3713 3220 3625
2791 4083 2451 3105
3591 3861 3220 3666
3179 3526 3082 3918
2982 3756 2903 4003
3439 3909 2862 3214
3333 3829 3249 3327
3767 3401 3472 3548
3958 3408 3650 2830
3672 3656 3383 3183
3178 4014 3030 3265
3599 3259 3617 3547
3634 3039 3624 3520
3617 3628 3365 3632
3812 3574 3466 2947
3678 3789 3123 3178
3835 3509 3698 2897
2686 4087 2391 3069
3530 3214 3710 3451
3723 3593 3508 3122
3578 3409 3444 3708
3294 3224 3600 3567
3475 2953 3808 3122
3771 3221 3724 3301
3871 3475 3278 3308
3606 3731 3406 3112
3824 3623 3307 3061
3808 3631 3281 3136
3454 3350 3598 3475
3308 3975 3006 3506
3754 3709 3066 3370
3627 3767 3286 3560
3907 3567 3415 2963
3701 3664 3257 3179
3011 3894 2776 3845
3658 3754 3269 3376
3468 3566 3453 3463
3461 3877 2755 3305
3785 3696 3049 3186
3237 4009 2987 3190
3144 3986 3044 3602
3725 3645 3290 3262
3117 4003 2957 3359
3565 3001 3747 3348
3527 3627 3281 3686
3066 4023 2849 3598
3768 3443 3462 3413
3673 3461 3465 3569
3563 3117 3554 3644
3441 3607 3417 3377
3697 3344 3745 3248
3709 3645 3327 3213
3834 3616 3327 3402
3208 3935 2912 3554
2845 4064 2589 3353
3813 3580 3447 2954
3676 3424 3507 3511
3666 3237 3793 3001
3618 3383 3503 3529
3743 3183 3845 3021
3468 3723 3228 3696
3326 3439 3484 3602
3531 3763 3343 3378
3889 3412 3637 2942
4014 3474 3341 2971
3601 3103 3803 3091
3764 3452 3626 3283
3917 3229 3813 3043
3329 3758 3380 3070
3489 3416 3626 3302
3611 2923 3829 3276
3544 3430 3565 3439
3585 3413 3481 3597
3883 3326 3557 3253
2989 3814 2704 3846
3412 3895 2908 3614
3678 3049 3855 3111
2985 3534 3165 3891
3945 3357 3621 3133
3471 3794 3181 3749
3355 3871 3110 3782
3746 3524 3437 3384
3453 3314 3570 3559
3460 3897 3222 3229
3057 3602 3233 3826
3558 3652 3314 3566
3434 3955 2938 3338
3766 3389 3652 3344
3571 3197 3626 3609
3383 3933 3101 3720
3188 3741 3075 3985
3426 3939 3081 3245
3141 3800 2961 3867
3683 3710 3110 3324
3657 3417 3491 3517
3966 3234 3656 3297
3264 3880 2896 3745
3501 3705 3294 3665
3771 3719 3234 3235
3606 3091 3757 3319
3369 3717 3246 3732
3339 3962 2989 3322
3574 3397 3627 3082
3443 3889 2958 3432
3825 3438 3626 3098
3446 3524 3592 3008
3756 3393 3719 3002
3670 3581 3384 3291
3591 3619 3318 3689
3820 3397 3610 3474
3506 2939 3898 2976
3341 3655 3255 3794
3417 3283 3370 3761
3505 3586 3441 3380
3386 3942 3149 3211
3689 3675 3514 3014
3821 3406 3453 3421
4031 3341 3569 3122
3656 3411 3510 3510
3781 3617 3327 3536
3757 3399 3700 3009
3885 3507 3385 3239
3499 3349 3660 3181
4110 3216 3529 2828
3541 3862 2864 3346
3569 3819 3359 3211
3802 3511 3187 3408
3837 3102 3838 2827
3656 3729 3093 3454
4129 3114 3331 2925
3480 3660 3395 3361
3414 3920 3084 3536
2766 4072 2500 3110
3750 3666 3238 3493
3781 3587 3483 3131
3823 3617 3326 3054
3861 3377 3650 3302
3643 3587 3513 3216
3616 3622 3384 3625
3735 3370 3714 3172
2919 4063 2609 3172
3661 3353 3552 3610
3937 3381 3452 3301
3374 3558 3462 3326
3991 3370 3535 2966
3388 3820 3229 3442
3557 3560 3535 3253
3577 3403 3463 3701
3420 3468 3447 3551
3700 3718 3374 3121
3332 4002 2936 3206
3128 3590 3087 3886
3318 3613 3478 3135
3656 3723 3354 3037
3548 3465 3600 3056
3939 3429 3600 3005
3745 3539 3479 3505
2759 3805 2694 3875
3149 4000 2863 3279
3699 3663 3296 3402
3550 3100 3861 3000
3457 3578 3326 3761
3694 3721 3254 3302
3728 3624 3377 3038
3843 3335 3704 3364
3183 3799 3033 3885
3704 3655 3351 3161
2808 4068 2710 3188
3930 3524 3252 3062
3188 3630 3212 3880
3124 3982 2680 3627
3980 3450 3511 3285
4033 3366 3745 3044
3202 3690 3407 3168
3662 3797 3097 3253
2659 4090 2378 3170
3934 3129 3516 3303
3546 3676 3451 3351
3688 3699 3377 3412
3585 3489 3440 3634
3622 3570 3407 3732
3923 3499 3546 3087
3347 3785 3133 3849
4051 3167 3555 3074
3807 3625 3300 3129
2760 4086 2411 2888
3577 3645 3365 3678
3837 3593 3088 3030
4095 3174 3535 2944
3187 3992 3024 3127
3640 3256 3787 3001
3133 3999 2715 3295
4017 3232 3593 3055
3414 3809 3221 3431
3517 3547 3488 3390
3723 3497 3618 3050
3334 3575 3259 3868
3620 3555 3468 3461
3146 3745 2865 3907
3333 3569 3278 3861
3345 3597 3381 3690
3710 3651 3308 3220
3182 3890 2971 3838
3612 3711 3393 3505
3283 3781 3242 3377
3468 3542 3245 3751
3599 3705 3295 3622
3352 3914 3163 3548
2858 3832 2637 3920
3337 3584 3386 3537
3621 3564 3426 3725
3295 3230 3581 3574
3675 3489 3503 3431
3432 3575 3260 3825
3828 3483 3587 3407
3201 3573 3017 3932
3418 3525 3348 3777
3161 3427 3147 3895
3603 3412 3510 3644
3853 3431 3363 3392
3602 3781 3244 3347
3612 3469 3491 3528
2972 4057 2672 3092
3635 3783 3143 3653
3662 3359 3533 3617
3212 3937 2906 3727
3888 3538 3542 3168
3015 3593 2963 4012
3668 3711 3004 3450
3253 3848 2988 3810
3593 3244 3561 3623
3559 3748 3287 3412
3911 3335 3539 3291
3667 3465 3508 3510
3856 3545 3578 3345
3336 3982 3032 3424
3804 3588 3453 3259
3807 3576 3475 3120
3128 4054 2913 3478
3979 3444 3530 3278
3587 2880 3879 2707
3770 3375 3708 2987
3606 3454 3435 3604
3689 3705 3358 3419
3699 3218 3484 3523
3928 3441 3588 3187
3744 3533 3498 3498
3560 3181 3772 3094
3450 3887 3069 3462
3462 3520 3368 3861
3613 3551 3431 3572
3780 3611 3346 3529
3931 3530 3233 3069
3879 3209 3384 3310
3851 3348 3699 3517
3398 3877 3090 3307
3577 3663 3434 3167
3345 3848 3246 3036
4072 3299 3401 2943
2892 4072 2563 3051
3675 3569 3407 3598
3578 3669 3415 3174
2849 4066 2583 3526
3872 3294 3649 3318
3974 3317 3771 3290
3351 3981 2986 3031
4001 3261 3605 3050
3485 3602 3437 3461
3487 3489 3439 3677
3415 3579 3254 3743
3553 3881 2861 3055
3500 3699 3313 3658
3455 3484 3451 3533
3670 3627 3365 3498
3693 3530 3556 3407
2973 3990 2849 3609
3679 3493 3579 3110
3602 3801 3139 3271
3585 3074 3791 3237
3362 3897 3221 3272
4053 3401 3599 2846
3887 3532 3561 3161
3771 3395 3629 3160
3331 3946 3132 3229
3476 3736 3223 3849
3617 3598 3521 3227
3146 4042 2710 3351
3961 3475 3341 3105
3670 3223 3849 2644
2676 4082 2558 3025
4052 3264 3547 3141
3867 3352 3607 3218
4015 3310 3314 3189
2995 4055 2775 3225
3347 3788 2995 3789
3331 3381 3526 3702
3680 3610 3423 3222
3361 3891 3240 3265
3807 3187 3736 3493
3621 3586 3380 3332
3506 3592 3422 3387
4076 3276 3733 2847
3456 3884 3189 3281
