40 4
2841
196 231 168 187 145
93 130 186 288 255
133 17 53 18 286
41 62 11 193 220
86 35 95 4 186
201 146 212 63 5
23 91 236 23 110
213 115 240 231 103
28 64 251 80 213
71 253 274 213 146
28 298 14 122 3
199 155 280 111 50
284 133 141 220 288
83 265 103 155 196
39 16 92 289 95
6 192 180 112 106
159 271 104 172 93
238 203 248 218 14
297 203 278 270 255
266 186 221 202 41
249 73 56 42 194
283 179 87 295 123
192 286 95 128 290
20 67 193 100 284
39 230 20 18 200
275 116 218 29 150
92 110 222 279 283
117 95 162 36 91
118 227 209 212 187
200 231 253 93 32
71 132 94 222 281
126 30 229 45 58
80 136 1 134 115
283 250 43 146 118
133 96 177 42 8
65 74 71 18 167
234 220 131 28 143
244 154 172 173 198
63 252 166 63 219
113 46 169 155 24
1573
4077 4619 3754 3618
4156 4187 4056 4398
4217 4359 3981 4056
4270 4051 4088 4360
4372 3965 3773 4454
3791 4255 4116 4096
4344 4060 3589 4448
4142 3827 4105 4526
4406 3990 3705 4396
4419 4129 3650 4340
3704 4079 4220 3888
4351 4062 4115 4140
4003 3830 3826 4900
3908 4354 3654 4463
4249 4125 3922 4449
4069 3584 4046 4849
4249 3978 3838 4688
4089 3869 4225 4151
4366 4084 3808 4409
4146 3914 4206 4212
4379 3982 4079 4333
4460 3723 4027 4089
4260 4343 3974 4081
4231 4075 4074 4379
4358 4113 3858 4309
4200 4326 3960 4187
4177 3828 3887 4803
4107 4478 3867 4125
4137 3986 4170 4218
3512 4233 3676 4655
4250 3993 3844 4605
4400 3673 3657 4500
4298 4036 3729 4576
4191 4166 4147 4027
4391 3910 3675 4615
4104 4122 4044 4572
4260 4018 3829 4637
4228 3990 3832 4639
4027 3823 4106 4631
4001 4171 4086 4307
3884 4027 4326 3561
4328 4249 3946 4171
4353 4181 3653 4390
4312 4309 3836 4205
4250 4119 3860 4531
4084 4399 3805 4345
4000 3827 3951 4815
3993 4592 3785 3876
3940 4506 3734 4176
4249 4217 3627 4574
4032 4126 4205 3945
4421 4041 3818 4270
3825 4507 3744 4187
3938 3996 3713 4927
4236 4227 3779 4431
3710 4569 3619 4070
4022 4239 4097 4159
4044 3669 3924 4924
3690 4499 3986 3688
4291 3377 3769 4719
4475 3961 4001 4101
4238 3690 4018 4575
4217 4269 4058 4230
4349 4067 4015 4320
4460 4132 3938 4091
4261 4268 4057 4172
4450 3938 3930 4328
4137 3925 4256 4063
4274 3494 3959 4590
4432 3831 4074 3925
4303 3902 3688 4704
4146 4329 3921 4293
3809 4602 3895 3846
3869 4207 3666 4676
4235 4114 3829 4578
4428 4083 3909 4248
4109 3624 3926 4796
4362 4217 3818 4259
4257 3581 3857 4744
4323 4110 4038 4268
4288 4062 3982 4463
3975 4037 3753 4814
4333 4282 3920 4159
4169 4259 4117 4013
4214 3995 3792 4704
4397 3684 3690 4490
4269 4265 3770 4345
4403 4097 3835 4249
4415 3976 3553 4401
4382 4026 3712 4426
4284 4389 3867 4074
4273 3764 4224 4144
4343 3849 3636 4716
4149 3560 3721 4964
3963 3950 4150 4326
4037 4518 3716 4121
4111 4522 3717 3770
4238 4293 3884 4365
4075 3889 4163 4388
4146 4334 3938 4232
4306 3657 3902 4560
4358 4059 4075 4271
4438 4039 3734 4239
3932 3574 3852 4942
4326 4059 3758 4522
3601 3957 3717 4894
4391 3998 3910 4308
4291 3974 4092 4422
3860 4019 4261 3705
4016 3767 4061 4781
4346 3990 3833 4451
4167 3867 4257 4323
3954 4483 3977 3372
4131 4249 3891 4512
4028 4354 3843 4403
3929 4347 3677 4451
3998 3998 3947 4634
4267 4167 3908 4349
4248 4192 3853 4471
4200 3607 3929 4749
4149 3930 4129 4314
4209 3938 3958 4741
3959 4334 4088 3838
4303 4118 3476 4544
4317 3854 3932 4507
3958 4389 3675 4460
4354 4016 3719 4489
4133 4475 3850 4161
4428 4262 3802 3911
4302 4248 3897 4233
3998 4506 3920 3726
4172 4010 3842 4726
4140 4024 3804 4754
3845 4333 3998 4294
4202 3873 4164 4280
4184 4045 3847 4655
4179 4454 4039 3945
4070 3697 4050 4707
3982 4586 3758 4037
4389 4151 3967 4153
3885 4574 3932 3468
4355 4358 3892 3759
4234 4381 3980 4090
4502 4181 3767 4049
4308 4007 3968 4446
4277 4225 3826 4460
4423 3628 3320 4541
4314 4254 3723 4296
3944 3985 4072 4564
4311 4201 3898 4353
3600 3942 3711 4977
4083 4126 4110 4180
4174 4146 3878 4549
4235 4228 3916 4371
4201 4337 3750 4365
4253 3853 4212 4105
4442 4229 3823 3896
4387 4141 3796 4344
4314 4068 3544 4667
3785 4089 3824 4723
4172 4304 3777 4376
4313 4188 4065 4111
4215 4001 4110 4440
4238 4095 3562 4685
4328 3550 4003 4352
4186 4235 4035 4304
4277 3983 3713 4706
4100 3968 4131 4377
4210 4336 3712 4302
4365 4048 3592 4492
3907 4161 3810 4724
4002 3485 3735 5015
3769 4589 3610 3975
4256 3952 3760 4796
4211 3847 4197 4245
4250 4328 3889 4294
4360 4093 3643 4345
3803 4083 3745 4843
4404 4281 3761 3859
3913 3686 4316 4232
4312 4070 4047 4319
4363 4150 3918 4215
4200 4224 3746 4507
3854 4545 3734 4115
4183 3932 4245 4053
4205 4180 3937 4465
4319 3575 3672 4685
4134 3867 4099 4484
4378 4224 3619 4264
4244 4403 3864 4115
4146 4410 3809 4220
3721 3773 3618 4983
4288 3510 4123 4405
4311 4284 4062 4102
4213 3865 4074 4617
4144 4496 3906 3966
4350 3974 3891 4443
4327 4141 4008 4319
4270 4143 3793 4485
4375 3942 3885 4400
4137 4409 3840 4133
4231 3972 4062 4504
3955 3847 3934 4811
4267 4074 3976 4414
4220 3684 4242 4391
4361 4341 3809 4135
4136 3719 3739 4881
4300 4334 3994 3979
4326 4147 3993 4215
4170 4521 3702 3468
4200 3985 3957 4621
4271 4128 3934 4415
4349 3903 3961 4350
3974 4117 4107 4196
4031 3828 3942 4841
3548 3607 3672 5022
4199 4311 3954 4270
4158 3971 4297 3900
4299 4319 3988 4062
4386 4030 3713 4398
4326 4301 3871 4276
4188 4076 3817 4706
4248 4017 3984 4597
4326 3529 3679 4699
4298 4157 3895 4379
4338 4430 3823 3820
4190 3913 4205 4154
4303 3527 3932 4579
3528 4526 3737 4094
4354 3469 3978 4350
4183 4398 3831 4258
4156 3793 4106 4485
4237 4159 3621 4599
4273 3729 4247 4049
4311 4333 3922 4151
4363 4329 3811 3878
4211 4403 3706 4276
4097 3966 4264 4043
3845 4423 3921 4120
4004 3840 3815 4878
4301 4412 3784 3979
3705 3833 3508 5017
3410 4682 3412 3456
4030 3909 3805 4875
4288 4057 3864 4544
4326 4011 3844 4471
4272 3697 3580 4832
3819 4645 3622 3771
4298 4381 3907 4083
3794 4241 3836 4544
4197 3560 4123 4517
4168 3917 4045 4512
4424 4072 3713 4254
4365 4143 3902 4297
4074 4429 3524 4343
4339 3569 3821 4578
3888 4100 3719 4784
4242 3564 4048 4570
4162 4320 3902 4383
4004 3944 3710 4877
4405 4183 3782 4244
4240 4284 4160 3837
4216 4016 4116 4357
3863 4608 3590 3967
4134 4378 3963 4237
4170 4155 3947 4409
4314 4238 3853 4300
3977 4163 4021 4451
4340 4114 4014 4200
4325 3951 3820 4670
4279 4109 3981 4343
4222 4135 4053 4348
3914 3896 3943 4946
4276 4254 3623 4369
3899 4064 3771 4832
4248 4290 3856 4350
4225 4117 3857 4593
4324 4174 3904 4234
4196 4326 3991 4079
4121 3692 4015 4716
4418 4201 3863 3939
4036 3884 4226 4221
4200 4506 3654 4050
4431 4038 3790 4255
4307 4114 3856 4361
4367 4181 3888 4266
4251 4253 3932 4224
4337 4133 3909 4360
4314 3976 3839 4542
4106 3947 4130 4353
4533 4153 3599 3951
4338 4076 3609 4523
4121 4157 3617 4665
4315 4351 3803 4153
3957 4355 3876 4337
3874 4505 3642 4193
4051 4020 4189 4208
4107 4329 4001 4065
4303 4009 4097 4351
4400 4317 3823 4116
4250 4413 3795 4181
4154 3626 4338 3891
3985 4072 4192 4258
3921 4306 3980 4276
4316 4067 3857 4481
3959 4528 3687 4056
4222 4217 3997 4388
3962 4195 4072 4326
4262 4257 3877 4335
3829 4223 4174 3735
3796 4257 3953 4478
4362 3566 3866 4513
4151 4250 3915 4371
4285 3902 4241 3948
4132 3677 3911 4835
3837 4201 4191 3931
4082 4088 3940 4809
3990 3938 4151 4386
4238 4051 3771 4611
4142 4052 4219 3779
4340 4158 4086 4086
4184 4386 3850 4221
4014 3969 3695 4909
4364 3984 3726 4526
4310 4269 4056 4185
4327 3817 3821 4625
4251 4134 3866 4448
4206 4195 3907 4392
4404 4024 3606 4473
3736 4244 3861 4566
4108 4254 4084 4156
4422 3613 3314 4624
4246 3775 4202 4403
4089 4132 4222 3836
4172 3871 4183 4264
3979 3747 4050 4819
4387 4157 3725 4283
3958 4394 3692 4399
4421 3888 3960 4235
3867 4228 4098 4078
4138 4086 4165 4274
4273 4132 3760 4495
4029 4130 4060 4434
4130 4378 3994 4129
4221 4366 4039 3725
3752 4093 3797 4773
4239 4069 4101 4396
4386 3682 4061 4163
4300 4074 4134 4253
4477 3606 3837 4218
4077 4144 4068 4289
4317 3731 4053 4398
4346 3606 3992 4341
4110 3628 3779 4869
4210 4149 3908 4468
3910 4223 3828 4557
4151 3948 4179 4202
4109 4293 3796 4550
4351 4324 3942 4049
4374 3869 3692 4543
3560 4660 3672 3824
4223 4124 3873 4511
4289 4134 3966 4375
4110 4530 3730 3896
3886 4594 3763 3958
4082 3814 3627 4872
4254 3534 4051 4512
4494 3851 3500 4202
4185 4335 4004 3990
4076 4322 3950 4367
4300 3870 4190 4073
4291 4174 3746 4395
4255 3814 3770 4703
4266 4275 3758 4337
3789 4567 3624 4041
4208 4235 4131 3994
3873 4368 4107 3828
4300 4329 3977 4040
4312 4173 4059 4194
4123 4143 3826 4673
4207 3739 4123 4408
4397 3970 3881 4276
4104 3736 3956 4829
4465 4014 3862 4148
4300 4422 3413 3879
4207 4491 3723 3865
4030 3742 4015 4828
4394 3935 3852 4341
4350 4309 3936 4132
4131 4164 3985 4625
3907 4246 3716 4611
4405 4101 3708 4304
3891 4645 3607 3708
4029 4317 4107 3861
4137 4339 4118 3686
4180 4469 4045 3862
4472 4101 3613 4370
4006 4205 3881 4653
4387 4131 3992 4168
4259 4371 3813 4240
3776 4431 3699 4371
3938 3975 3982 4677
3993 4150 4191 3964
3873 3994 4088 4520
4161 4212 3964 4531
4134 4295 3799 4488
4182 3928 4138 4383
4343 3945 3892 4519
4404 4005 4150 4106
3979 3752 4067 4758
4003 4491 3655 4252
3967 3885 4166 4347
4183 3943 4144 4300
4282 4319 3670 4229
4374 3965 3948 4346
4326 3977 3684 4582
4308 3523 3903 4515
4042 4391 3993 4093
4313 4141 3773 4443
4212 3577 3932 4691
4173 4118 3780 4578
3993 3696 3780 4974
3860 3818 4061 4748
4247 4137 4056 4286
4262 4436 3770 3998
4162 4373 3617 4339
4493 3934 3826 4341
4015 3888 3832 4875
4275 4311 3923 4206
3954 3832 3928 4894
3900 4260 3939 4439
4278 4094 3975 4426
4086 4511 3597 4188
4183 4483 3737 4145
4196 4187 3899 4484
4298 4108 3999 4340
4444 3941 3945 4274
4367 4210 3816 4330
3965 3976 3814 4842
3957 3961 4000 4619
3524 4054 3635 4882
3936 4599 3732 3714
3938 3892 3818 4928
4280 4339 3885 4193
4257 3967 3766 4713
3992 4275 4126 3884
4487 3966 3870 3930
4331 4312 3551 4296
3945 4341 4032 4086
4356 3654 3459 4679
4028 3745 3948 4825
4285 4122 3716 4562
4298 4324 3787 4180
4417 4186 3857 4022
4400 3656 3995 4184
4241 3935 3951 4622
4389 4107 3895 4267
4344 4119 4076 4162
4328 3976 3997 4396
3968 4016 4208 4171
4007 4387 3573 4466
4160 4287 3881 4440
4159 4117 4118 4184
3999 4176 4160 4030
3602 4028 3447 4876
4393 4136 3634 4264
4297 4185 3734 4538
4058 3972 4270 3977
4186 3708 4170 4498
4075 4319 4079 3912
4107 4239 4078 4239
4524 3954 3882 4168
4339 4187 3871 4243
4366 4005 4050 4179
4065 3843 4106 4597
4395 4199 3947 4058
4291 3640 4093 4386
4126 4389 4050 3563
4084 4296 3790 4465
4133 3852 4093 4567
4224 4101 4152 4271
4224 4237 3929 4282
4153 4441 3655 4224
3655 4673 3494 3494
4234 3961 4029 4514
4305 4116 4040 4305
3947 4201 3690 4671
4120 4214 3917 4502
4245 4028 4017 4587
4449 4235 3886 3865
4121 4229 3923 4419
3981 4607 3585 3628
3980 4603 3805 3531
4526 3746 3759 3996
4027 4128 4063 4359
3885 4205 3774 4723
4467 3821 3740 4457
4356 4107 3737 4428
4407 4189 3903 4125
4271 4293 4042 4204
4299 4133 3809 4433
4065 4559 3929 3671
4156 4104 3892 4649
3934 4373 4140 3685
4309 4032 3742 4549
4402 4257 3698 4206
4420 4026 3812 4353
4210 4288 4009 4347
3955 4130 4191 3998
4263 4077 4166 4252
4287 4137 3899 4372
4312 4348 3928 4068
4342 3834 3630 4799
4239 4162 4033 4331
3954 4415 3610 4436
4263 3677 3756 4712
4403 3610 3599 4533
4220 3787 4254 4266
4263 4078 3596 4597
4266 4059 3970 4497
4201 4342 3767 4304
4380 3560 3938 4362
4337 3689 4180 4096
4117 4578 3667 3502
4156 4554 3681 3483
3731 4635 3466 3927
4189 3697 4137 4508
4298 4108 4035 4330
3961 4157 4059 4337
3723 4667 3598 3297
3550 4150 3612 4833
4541 3837 3692 4297
4347 3985 3924 4433
4464 3887 3850 4263
4090 4524 3850 3781
4297 4366 3901 4166
3745 4443 3570 4438
3598 4680 3441 3332
4234 4296 4074 4203
4095 4513 3921 3722
4424 3935 3766 4467
4452 4173 3880 4065
4170 4070 4041 4522
3966 3895 3951 4808
4573 3713 3510 4166
3806 4363 3697 4408
4234 3922 4193 4123
3986 4111 3904 4652
4228 3830 4141 4332
3600 4027 3617 4864
4411 4056 3893 4275
4095 4420 3861 4150
4265 4009 3997 4424
4169 4055 4035 4605
4083 4244 4130 4016
3605 4560 3505 4153
4367 3857 3701 4572
3883 3581 3971 4875
3975 3411 4081 4706
4246 4050 4150 4279
4288 4514 3641 3961
4379 4269 3921 3844
4386 4214 4025 4120
4143 3952 4124 4402
4159 4528 3628 3902
4282 4217 3785 4413
4323 4131 4070 4113
4070 3760 3884 4936
4104 3775 4048 4692
4273 4333 3822 4224
4051 3875 4182 4418
3880 4356 3538 4522
4309 3845 4029 4366
3895 4077 4198 3992
4143 4353 3833 4392
4442 4114 3735 4144
4247 4240 4068 4161
4396 3865 3889 4462
4029 4369 3849 4320
4302 4277 3825 4297
4263 4316 3955 4138
4078 4019 4133 4369
4085 4329 3905 4375
4159 4385 3648 4483
4082 3879 4139 4397
4117 3995 4147 4350
4322 4023 4132 4261
4185 4305 3935 4274
4338 4148 3879 4287
4262 4154 3865 4460
3926 4255 3643 4648
4156 3684 3718 4903
4356 4118 3595 4423
4172 4129 3908 4502
3851 4189 3911 4562
4105 4262 3826 4499
4055 4648 3551 3554
3737 4400 4051 3773
3833 4047 4278 3736
4371 3992 3731 4501
3962 3762 4361 4048
4007 4361 4071 3860
4062 4198 4089 4179
4356 4190 3901 4177
4250 4202 4024 4280
4319 3670 4088 4347
4334 4198 3761 4378
3999 4306 4131 3718
4406 4034 3777 4282
3937 3996 4136 4446
4223 4325 3935 4240
4120 3779 3629 4915
4270 4203 3851 4324
4094 4503 3932 3744
4272 4117 3754 4578
4161 4395 3819 4292
4082 3884 4156 4336
4084 4211 3884 4578
3588 4116 3735 4811
3825 4512 3761 4126
4339 4142 3853 4359
4371 3950 3767 4537
3929 4432 3583 4338
4343 4184 3681 4405
4145 4216 3917 4435
4226 4235 3878 4390
3730 4478 3871 4124
4362 4063 4012 4208
4171 3856 4213 4337
4361 3875 4223 3930
4251 4227 3798 4383
3980 3855 3798 4891
4028 3967 4204 4169
4336 4298 3843 4261
4415 4026 3870 4265
4370 3774 3929 4450
4150 4262 3896 4408
4345 3985 3672 4539
3896 4211 3742 4601
4246 3553 4004 4584
4348 3874 3988 4334
4289 4072 3870 4461
4404 4086 3702 4387
4440 3991 3791 4375
4437 3961 3901 4174
4377 4296 3832 3863
4261 4067 3959 4453
4235 3701 4051 4565
4321 4183 3995 4218
4253 3905 3954 4564
3838 4081 4251 3726
3830 4263 3745 4651
4133 4289 3671 4532
4283 4140 4086 4205
3814 4532 3545 4151
3780 3967 4296 3983
4445 3966 3719 4377
4185 3597 3908 4778
4298 4298 3743 4334
4062 4153 4112 4092
4160 4132 4124 4101
4501 3737 3338 4346
3676 4480 3924 3803
4197 4112 3982 4575
4292 3627 4237 3864
3503 4613 3327 3985
4226 3821 3768 4870
3927 4072 3970 4718
4332 4133 3967 4272
3986 4206 3804 4632
4385 3899 3687 4472
4357 3894 3812 4454
4241 4450 3520 3964
3976 4148 4015 4534
4220 4251 3898 4465
4012 4026 4195 4142
4065 3760 3942 4848
4171 4211 3624 4649
3909 4387 3769 4373
4345 4309 3994 4044
4405 4135 3868 4193
4220 4287 3669 4465
4185 4220 4029 4387
3887 4639 3726 3574
3859 4499 3766 4119
4137 3632 4125 4682
4438 3675 3551 4478
4122 4213 3726 4643
3737 4467 3566 4345
4294 4203 3894 4303
4009 3896 4225 4161
4428 4165 3815 4209
4207 3959 3879 4729
4192 4181 4153 3944
4124 4325 3518 4486
4209 4363 3926 4256
4132 4546 3695 3763
4388 4156 3766 4271
4260 4291 3778 4412
4027 3977 3989 4630
4505 3547 3792 4224
3985 4220 3528 4605
4528 3873 3726 4038
3745 4358 3664 4551
4080 3658 4197 4687
3830 4348 3651 4538
3909 4472 3675 4260
4352 3603 3977 4395
4361 4249 4104 4010
4373 3854 3686 4626
4362 4284 3383 4198
4511 3734 3310 4331
4201 4252 3844 4478
4452 4265 3585 4190
4101 4345 4021 4140
3887 4006 3765 4857
4393 3591 3624 4525
4285 4133 3574 4557
4331 4014 3972 4369
4019 4109 4127 4178
4399 3957 3968 4334
4279 4037 3675 4589
4481 3770 3660 4392
4159 3782 4221 4409
4169 4140 3941 4492
4335 3576 3961 4422
4180 4095 4026 4554
4220 4135 3906 4501
3919 4576 3802 3659
4098 4074 4202 3895
4213 4161 3984 4393
4402 4246 3840 4211
4225 4417 3827 4044
4441 3730 3780 4445
4283 4379 3878 4096
3966 3777 4228 4495
3954 3936 3823 4893
4264 4049 3799 4688
4278 4333 3764 4312
4440 4049 3941 4038
4416 4257 3933 4082
4152 3893 4205 4188
4183 4371 3844 4304
4090 3808 4027 4707
4561 3825 3361 4064
4547 3973 3428 3831
4293 3841 3749 4732
4078 4548 3909 4016
4355 4082 3963 4325
4299 4100 3595 4542
4320 4059 3975 4344
4411 4289 3221 3799
4268 3821 4161 4230
4137 4521 3733 3974
4376 4155 3880 4199
4195 4486 3854 4036
4315 4379 3805 3964
4389 4058 4035 4218
4185 3846 4148 4307
4467 4194 3744 4006
4335 4327 3640 4170
4340 4075 3922 4337
4144 3814 4272 4284
4082 3998 4315 3918
4281 4153 3919 4447
4170 3651 3739 4888
4375 3605 3724 4515
4122 4128 3820 4756
4197 3894 4254 4037
4183 4084 3993 4564
4153 4115 3925 4639
4085 4324 3888 4436
4388 4043 4029 4301
4286 4235 3666 4415
4282 4168 3889 4374
3818 4665 3655 3791
4513 4045 3479 4284
4311 3998 3877 4462
4237 3567 4052 4520
4274 3946 3832 4645
4481 4046 3677 4239
4327 4152 3866 4314
4379 4090 4028 4181
4004 4183 4124 4068
4078 4362 3730 4387
4286 4083 3903 4451
4007 4356 4054 3921
3867 4379 3957 4121
4124 3965 4208 4204
4376 4217 4053 4135
4415 3811 3805 4447
4094 4498 3915 3805
4296 4437 3746 3768
4216 3860 4138 4390
4052 4128 4127 4060
4276 3958 3939 4603
4105 3932 4124 4436
4085 4302 3918 4421
4020 4068 4199 3970
4029 3943 4088 4553
4126 4299 4127 3737
3825 4429 3597 4377
4403 4272 3704 4123
4208 3588 3976 4677
4338 4148 3915 4277
4012 3951 3890 4842
4005 3827 3893 4903
3831 4273 3734 4629
4102 4355 4062 3826
4392 3925 3681 4532
4519 3866 3489 4233
4128 4151 4103 4068
4550 3537 3541 3951
4015 3842 4343 3801
4392 4023 3684 4411
3888 4441 3722 4350
4053 4217 4223 3869
3941 4521 3704 4103
4364 4257 3598 4279
4301 4233 3891 4316
4273 3586 3644 4733
4082 4594 3792 3829
4352 4192 3833 4227
4037 4513 3699 4182
3992 4663 3630 3478
4097 4555 3696 3785
3711 3593 3441 5018
4405 3926 3839 4430
4149 4144 3875 4611
3598 4113 3707 4796
3919 3889 4280 4043
3653 4259 3801 4566
3940 4421 3828 4289
3964 4192 4104 4170
4150 3721 4123 4527
4238 3958 3839 4676
4043 3908 4142 4355
4453 3998 4031 4173
4284 4304 3961 4187
4245 3431 3694 4884
4197 4130 3599 4647
4269 4128 3787 4568
4190 4086 3988 4515
3690 4516 3629 4293
4439 3588 3937 4279
4496 3986 3694 4050
4138 4176 4088 4100
4377 4160 3753 4298
4174 3475 3843 4889
4195 3769 4120 4466
4235 4311 4080 4120
4437 3975 3868 4273
4477 4015 3748 4220
4355 4010 3657 4571
4328 4205 3874 4285
3746 4346 3683 4514
4549 3522 3535 4034
4021 3704 4169 4640
4319 4044 3969 4427
4348 4116 3886 4324
4339 4235 3785 4294
4330 3958 3908 4460
3560 4575 3766 3937
4003 4168 4118 4151
4245 4402 4036 3895
4409 4169 3688 4161
4262 4301 3949 4221
3784 4263 3619 4692
4469 3743 3851 4209
4405 4009 4003 4179
4218 3674 4035 4592
4300 4210 3911 4264
4347 4374 3788 4150
4071 4223 3778 4573
3551 3949 3830 4910
4301 4182 4072 4105
4251 4168 4026 4337
4107 4111 4011 4582
4320 3892 3907 4480
4140 4029 3821 4693
3999 4382 3831 4404
4282 4292 3972 4089
4143 3676 4282 4191
3335 4604 3502 4005
4363 4314 3898 4116
4360 4277 3943 4169
4186 3625 4006 4749
4091 3946 4017 4800
4173 4121 4104 4446
3984 4003 3941 4672
4200 4327 3761 4387
3993 4020 3967 4668
4232 4376 3790 4230
4423 4057 3743 4327
4289 4101 3798 4525
4545 3793 3546 3973
4159 4079 4235 3752
3765 4269 3824 4545
4134 4405 3950 4191
4388 4270 3675 4136
3830 4238 4180 3652
3962 4019 4207 4219
3723 4636 3782 3728
4055 4366 3832 4356
3825 4422 3838 4300
4213 3813 4332 4158
4208 3775 4102 4476
4113 4133 4160 3917
4347 3908 4202 3945
4416 3840 3778 4463
3997 4179 3968 4444
3929 4450 3689 4326
4340 4276 3557 4227
4042 4306 4087 4206
4125 3910 4138 4502
4461 4147 3944 4008
4338 4065 3751 4528
4241 3676 3782 4712
4310 4143 4004 4269
4304 3815 4074 4505
4257 3841 3824 4697
4326 4014 4030 4281
4088 3999 4177 4124
4104 3819 4120 4578
4324 3828 3854 4615
4408 4154 3682 4244
4155 4446 3974 4089
4340 4250 3791 4211
4406 4303 3581 4019
4267 3876 3654 4734
4012 4137 4107 4162
4148 4219 3792 4520
4169 3681 4154 4525
4237 3943 3833 4759
4374 3883 3659 4642
4055 3743 4075 4762
3487 4664 3669 3514
4404 4075 3844 4392
4160 3945 4077 4674
4330 4008 3654 4633
4289 4170 3920 4315
4323 3540 3712 4689
4158 3767 4215 4492
4271 3935 4220 3963
4301 4073 3684 4523
3838 4008 3867 4851
4402 3984 3826 4453
4026 4382 4080 3844
4321 4193 3799 4394
4182 4144 4033 4450
4084 3709 3804 4871
3449 4402 3713 4372
4127 4136 4097 4151
4425 4037 3492 4373
4436 4233 3770 4099
3898 4039 3997 4729
4180 4247 3789 4518
4239 3886 4191 4120
4162 4405 3808 4270
4188 3950 3952 4692
3385 4717 3491 3346
4293 4242 4040 4212
4267 4163 3858 4421
4108 3516 3988 4944
4376 3893 3866 4441
4417 3961 3844 4359
4560 3810 3355 4147
4137 3892 4092 4635
4453 4007 3683 4364
4355 4093 3821 4320
4331 3725 3835 4545
3628 4654 3776 3627
4290 4242 3904 4227
3791 4495 4039 3443
3986 4180 4130 4110
4467 4126 3575 4159
4055 4281 3926 4469
3954 3837 3945 4833
3956 4244 3614 4617
3881 3857 3718 4959
4320 4106 3893 4387
4079 4473 3992 4107
4126 3787 4119 4459
4391 3848 3758 4475
4144 4278 3916 4483
4252 3584 3861 4694
3809 4317 3698 4628
4119 4387 4007 4040
3988 3995 4059 4535
4221 4212 3752 4556
4378 4346 3620 4052
4036 4343 4065 3931
4295 4036 3904 4571
4365 3547 3971 4353
3925 4245 3654 4670
4355 4175 3895 4260
3794 4071 4264 3755
4284 4190 3874 4394
4072 4126 3891 4649
4198 4441 3860 3944
3946 4329 4051 4049
4239 3752 3533 4849
4043 4345 3799 4600
3989 4262 3946 4392
4305 4397 3451 4090
4122 4469 3823 4322
4466 4140 3901 4050
3909 4610 3929 3638
4233 4185 3812 4483
4470 4034 3699 4337
4433 3867 3794 4436
3922 4070 4133 4336
4380 4197 3708 4245
4250 3980 4237 4059
4168 3975 4195 4175
4250 3779 4139 4340
4399 4230 3917 4109
4313 3573 3985 4446
3572 4620 3793 3654
3804 4359 3997 4108
4096 3951 4258 4126
4285 4068 3897 4534
4179 3798 4168 4402
4058 3849 4104 4526
4150 3691 3747 4890
4364 4018 3809 4393
3792 4394 3507 4490
4110 4575 3492 3699
3833 4366 3651 4462
4309 3646 3869 4570
4238 4054 4095 4479
4095 3675 4006 4861
4060 4441 4053 3613
3989 3989 3997 4617
4075 3994 3956 4643
4171 4294 3788 4398
4296 4316 4113 3977
4417 4200 3633 4245
3767 3653 4015 4833
3879 4424 3696 4354
4050 4005 4183 4291
4172 4044 4002 4615
3795 4525 3743 4210
3906 4236 3727 4633
4311 3949 3981 4423
4229 3889 4219 4135
4119 3899 4150 4359
4316 4294 3503 4316
4268 4250 3764 4428
4280 4068 3955 4446
4281 4304 3664 4312
4260 3769 3984 4550
3963 3972 3988 4762
4426 3747 3955 4196
4337 3586 4168 4221
3973 3911 4135 4413
4004 3770 4121 4592
4214 3863 4120 4347
4101 3689 4150 4597
4298 3909 3879 4617
4278 4009 3577 4618
4156 4433 4048 3692
4273 4094 4033 4338
3972 3896 4165 4486
4386 4116 3986 4251
4273 4228 4016 4298
4228 3842 4092 4523
3626 4123 3594 4815
4136 4324 4112 3769
4365 3990 4044 4262
4529 4000 3502 4012
4221 4302 3675 4382
4104 4359 3713 4423
4194 4209 3798 4502
4244 3948 4177 4157
4225 3418 3914 4774
4002 3864 4293 3966
4318 4217 3935 4263
4341 4090 3928 4254
4128 4124 4116 4114
4411 3730 4146 4022
4199 4338 3941 4224
3888 4356 3816 4463
4209 4177 3747 4627
4369 3486 3787 4524
4284 4407 3973 4062
4212 4050 3722 4673
4222 4477 3857 4114
3948 4326 4083 3893
4006 4200 3864 4714
4150 4235 3909 4454
4053 4307 4146 3695
4323 4122 3816 4489
4055 3835 3780 4887
4158 4498 3842 3798
4286 4244 3836 4277
4481 4108 3850 4175
4227 3818 4149 4309
4349 4327 3875 4046
4027 3952 4198 4252
4321 4281 4034 4087
4008 4141 4147 4161
4262 4418 3664 4010
4375 3771 3925 4500
4040 3999 4133 4403
4401 4328 3543 3808
4312 3696 4166 4239
4104 4274 3807 4536
4364 3868 3734 4562
4084 4114 4129 4143
4351 4241 3778 4300
3996 4580 3435 3837
4291 4082 4041 4270
3764 4517 3760 4018
4262 3858 3955 4684
4295 4126 4195 4095
4163 3897 4150 4299
4299 4222 3596 4330
4091 4299 3968 4273
4066 3961 4127 4394
4122 4218 3743 4582
4228 3874 4213 4218
4393 3931 3999 4268
4096 4037 3860 4744
4174 4229 4042 4298
3642 4653 3698 3580
3845 4418 3904 4181
4480 4031 3671 4322
3880 4271 3632 4635
4247 4177 3847 4554
4112 3977 3970 4710
4211 4267 3929 4265
3655 4642 3678 3925
4436 3946 3895 4257
4377 3671 3910 4380
4500 3763 3907 4036
4272 4482 3826 3870
4036 4052 4240 4083
4096 3690 4012 4778
4068 4185 4172 3994
4263 3658 4012 4532
4333 4148 3937 4199
3548 4589 3657 4047
3703 4453 3867 4179
3926 4170 3737 4761
3959 4329 4071 3899
4131 4136 4154 3875
4306 3381 4060 4349
4333 3814 3806 4679
4363 3677 4128 4233
4542 3822 3646 3973
4129 3651 4078 4754
4083 4196 3878 4661
4304 4368 3944 3689
4001 3849 4287 4049
4277 4021 4149 4214
4184 4148 3859 4530
4424 3847 3970 4316
4112 3907 4202 4229
4222 4114 3985 4513
4374 4090 4086 4093
4387 4059 3686 4414
3951 3907 4252 4213
4108 4144 4164 4014
4411 4139 4057 4024
4232 4160 4038 4380
3961 3646 3637 4991
4303 3913 3841 4548
4218 3855 4238 4210
4229 4462 3926 3929
3989 4215 4175 3943
4137 3981 4153 4279
4468 4205 3695 4156
4272 4200 3918 4327
4470 3881 3841 4302
4313 4085 4053 4236
4219 4063 3922 4589
4119 3791 4201 4511
3245 4673 3340 3654
4223 4222 3923 4365
4153 4545 3711 3526
4086 3945 4208 4238
4003 4130 4235 3719
4390 4166 3973 4070
4071 4138 3872 4686
4404 3523 3985 4334
4057 3975 4244 4145
4261 4193 4011 4369
4266 3861 3648 4817
4393 4100 3863 4264
4146 4244 4015 4406
4207 4348 3743 4446
4184 4192 3931 4416
4000 4349 3968 4385
4307 3945 4044 4486
4136 3754 4102 4542
3949 3966 3969 4766
4221 4120 4047 4431
4005 3929 4107 4583
4140 3939 3898 4867
3889 4003 3832 4860
4240 4177 4039 4248
4372 4124 3951 4180
3824 4654 3805 3498
3912 3648 3739 4985
4315 4135 4015 4313
3759 4283 3921 4400
4144 4368 3839 4309
3946 4356 4038 4003
4389 3599 3506 4662
4082 4173 3846 4696
4116 4362 3830 4314
4093 3834 4224 4459
4323 3984 3986 4352
4252 4188 3527 4574
4316 3997 4163 4195
4160 4184 3866 4560
3910 4138 3922 4670
4193 3832 4167 4437
4000 4434 3874 4272
4422 4018 3966 4135
4377 4281 3919 4101
4080 4550 3885 3868
3906 3764 4136 4583
4108 4149 4181 3953
4125 4153 3997 4482
4079 3735 3896 4895
4456 3471 3747 4408
4576 3765 3378 3875
3815 4368 3885 4288
4373 4141 3561 4468
4353 3891 4119 4321
4259 3977 3937 4522
3949 3843 4180 4447
4169 4145 3958 4431
4267 3806 4155 4313
3831 3947 4344 3808
4386 4195 3461 4352
3824 4497 3755 4209
4026 3962 3983 4713
4406 3941 3845 4347
4172 4219 3871 4489
4286 4019 3878 4575
4315 3859 4173 4102
4228 3548 3884 4755
4541 3714 3708 4121
4031 4018 4267 4093
4148 4047 3795 4754
4270 4103 4124 4322
4045 3647 3722 4971
4191 4019 3769 4763
4081 4536 3559 3977
3683 3754 4062 4689
3892 4660 3613 3625
4108 4591 3586 3520
4235 4396 3986 4007
4197 4202 3905 4401
4140 4478 4025 3964
4415 4160 3853 4225
4389 4420 3771 3890
4351 4081 3571 4507
4237 4152 3862 4522
3808 4395 3822 4327
3872 4230 3935 4460
4002 4143 3719 4743
3878 4231 3852 4615
4198 4101 3802 4738
4161 4297 3870 4418
4109 4520 3741 3918
3960 3842 4018 4781
3973 4208 3749 4633
4375 4140 3874 4282
3938 4081 3619 4814
4157 3592 4033 4760
3746 4449 3698 4394
4120 3768 3771 4920
4216 3912 3880 4849
3928 3845 3863 4881
4079 4563 3915 3933
4068 3919 4102 4534
4269 3992 3862 4602
4128 4146 4086 4129
4199 4209 3740 4590
4284 3821 3925 4612
4110 4535 3747 3835
4362 4264 4110 3927
4007 4271 4148 4034
4023 4216 3636 4617
4036 4503 3710 4204
4453 4188 3886 3982
3866 4480 4002 3462
4372 3716 3696 4533
4564 3856 3238 3960
4275 3669 4141 4322
4222 4199 3891 4400
4097 4233 4028 4351
4195 3872 4132 4341
3903 4621 3779 3931
4198 4227 3679 4504
4246 4043 4023 4504
4324 4353 3797 3897
4540 3699 3702 4204
4337 4241 4039 4154
4061 4366 4136 3704
4065 4188 4157 3925
4108 3721 3623 4940
4062 4203 4106 4118
3930 4112 4137 4164
4248 3645 4045 4523
4004 4369 3678 4392
4362 3930 3943 4417
4277 3918 4137 4339
4257 4063 4022 4516
3935 4670 3577 3316
4060 4351 4130 3787
3790 4480 4033 3526
4411 4257 3991 3994
4316 4150 4021 4230
4273 3867 4236 4019
4390 4122 3901 4184
3946 4351 4021 4064
4062 3713 4136 4616
4445 4049 3883 4126
3784 4442 3512 4355
4494 4042 3764 4193
4205 4426 3929 3759
4420 4092 4058 4144
4250 4335 3648 4371
3809 4232 3792 4741
4255 3937 3905 4608
4180 3813 4174 4319
4145 3683 3893 4845
3977 4611 3720 3826
4165 4105 4204 3818
4265 4157 3737 4540
4250 4418 3812 4120
4264 4060 3657 4683
4029 4472 3864 4200
4391 3682 4003 4251
4422 4066 3592 4373
4368 4016 3877 4343
4370 4176 3876 4285
4356 4025 3663 4488
4329 3826 4194 4087
4210 4373 3915 4234
4390 3626 3939 4342
4289 3630 3886 4587
4196 4134 3968 4420
3944 4516 3740 4060
3934 4593 3611 3833
4162 4410 3825 4209
4079 4558 3898 3994
4151 3614 4048 4682
4265 4075 3663 4600
4047 4117 4161 4142
3816 4591 3590 4067
4299 4411 3693 4187
4436 4111 3643 4211
4214 3921 4270 4010
4423 4108 3732 4303
4350 4175 3953 4172
4035 4217 4147 3994
4054 3820 3774 4970
4389 4081 3671 4434
4249 4081 3850 4563
3934 4420 3911 4134
3918 4535 3531 4112
4134 3945 4252 3959
4341 3982 3979 4406
4133 4390 3944 4274
4258 4117 4015 4432
4171 4390 3517 4312
4441 4099 3729 4227
4263 4272 3883 4252
3862 4397 3680 4381
3936 3916 4296 4016
4303 4380 3636 3912
4159 4169 3860 4643
4258 3869 3999 4670
4131 4393 4000 4046
4275 3897 3813 4686
4087 3792 4104 4605
4306 4099 3850 4444
4220 3947 4239 4076
4346 4287 3882 4143
4122 4573 3879 3624
4098 3700 4183 4587
4211 4164 3917 4390
4166 3631 3857 4856
4412 3938 3830 4401
4292 3989 4098 4339
4221 4297 3658 4443
4452 3978 3710 4348
4249 4403 3806 4203
4344 3855 3954 4452
4354 4067 3957 4408
4296 4233 3949 4228
4237 4170 3479 4594
4248 3689 4117 4409
3907 3920 4326 3790
4299 3855 4184 4156
4343 3942 3568 4651
4340 4005 3626 4618
4000 4439 3891 4211
4171 4204 3865 4572
4162 4171 4036 4323
3872 4353 4101 3911
3881 4033 3642 4842
3960 4000 4308 3543
4171 4289 3771 4459
4161 3970 3851 4777
4262 4208 4017 4286
4429 4109 3773 4160
4495 4057 3770 4110
4559 3881 3200 3749
4187 3640 4012 4666
4326 3966 3826 4587
3982 3876 4122 4544
4147 4111 3854 4668
4178 3742 4104 4493
4007 4103 4134 4172
4017 3946 4148 4364
4091 3979 4181 4228
4160 4159 4075 4182
4278 3998 3719 4623
4349 4041 3791 4487
4134 4490 3856 4078
4297 4093 4029 4413
4210 4378 3932 4173
4285 4308 3895 4191
4199 3989 3689 4711
4224 4340 3941 4157
4368 4225 3822 4247
3889 3899 3937 4861
3790 4507 4020 3480
4433 4140 3743 4211
4300 4244 4071 4153
3776 4346 3793 4484
4484 4077 3554 4135
3676 4485 3941 3742
4219 4174 3719 4612
3919 3940 4163 4355
4421 3958 3654 4521
4275 4142 3931 4304
4184 4032 4240 4109
3928 4180 3908 4570
3947 4204 4116 4129
3987 3986 3969 4732
3914 3981 3849 4833
4525 4021 3420 4049
4151 3883 4216 4210
4209 4301 3830 4342
4313 4125 3844 4504
4102 3999 3657 4773
3957 3830 3700 4941
4250 4243 3943 4246
4319 3601 3896 4518
3851 4184 3894 4623
4502 3983 3679 4104
3956 4237 3855 4540
4167 3919 3999 4782
4232 4077 3874 4631
4015 3853 4273 4311
4161 4174 4081 4099
4171 3608 4197 4575
4454 4002 3884 4246
4299 3798 3943 4518
4294 3828 4220 4192
4446 3981 3725 4294
4097 4059 4196 3978
4429 4152 3889 3812
4350 3919 3814 4627
4160 4539 3348 3594
4084 4314 3899 4458
3528 4611 3643 3981
4263 4162 4072 4139
4151 3878 4199 4271
4337 4040 3941 4435
4234 4386 3997 4029
4310 3934 4011 4496
4429 4098 3915 4165
4289 4273 3932 4190
4195 4405 3966 4109
4165 3901 4122 4410
4338 4127 3847 4442
4371 4099 4177 4077
4406 4225 3922 4174
3871 4518 3531 4212
4189 3898 4199 4237
4182 3896 4017 4688
3880 4600 3788 3678
4334 3614 3863 4527
3988 4001 3975 4649
4182 3884 4066 4497
4199 4116 3808 4655
4381 4022 3859 4353
4272 4107 3950 4402
4436 3572 4014 4177
4083 4286 3801 4487
3763 4507 3771 4040
4186 3885 3973 4702
4328 4102 3862 4410
4089 4010 4120 4458
3430 4671 3616 3352
4034 3941 4134 4370
4339 4050 4148 4234
4162 3985 3857 4694
4455 4017 3890 4163
3949 4341 4089 3810
4240 4094 3875 4499
3722 4707 3627 3330
3807 4470 3739 4236
3884 4166 4062 4329
4016 3866 3630 4922
4290 3894 4252 3992
4105 3937 4141 4375
4030 3947 3650 4824
4335 4076 3784 4518
4163 3941 4222 4185
4055 4276 3909 4530
4013 4152 4113 4079
4134 4400 3933 4252
4356 3933 3958 4363
3973 4018 4045 4553
4290 4159 3740 4478
4253 4449 3689 4016
4455 4066 3750 4212
4135 3956 4195 4293
4347 4101 3916 4397
4074 4317 3631 4502
4160 3682 3786 4853
3930 4107 4120 4225
3775 4421 3710 4393
4299 4195 3905 4347
3826 3543 3599 5013
4195 4320 4060 4222
4133 4204 3765 4645
4262 3806 4213 4225
4262 4239 3771 4347
4132 4279 3682 4554
4144 3967 4130 4319
4201 4126 3979 4464
4468 4220 3608 3918
4229 4088 3907 4621
4238 4420 3947 3739
4150 4068 4119 4407
4347 4252 3661 4262
4277 3901 3639 4766
4308 3932 4188 3964
4141 3837 4160 4338
3964 3988 3795 4879
3909 4184 4116 4163
4241 4166 3859 4411
4339 4091 3615 4440
4183 3927 4228 4114
4179 3472 3839 4939
3964 3915 3688 4925
3922 3980 3983 4627
4410 3525 3672 4573
4195 4410 3983 4048
3801 4638 3639 3818
4261 4358 3980 3998
4302 3898 3835 4631
3822 4151 3921 4634
4114 3865 4177 4369
4227 4343 3816 4242
4038 4152 4174 4011
4129 4190 4205 3851
3958 4548 3720 4076
3924 3820 4109 4674
4195 4531 3616 3839
4091 4031 3923 4687
4177 4500 3820 3769
