40 4
2888
87 48 50 255 29
126 90 114 50 114
134 26 55 232 148
96 258 44 229 172
146 165 15 276 167
272 63 61 104 95
231 190 142 113 277
4 238 199 249 120
13 84 277 67 148
258 162 106 2 224
111 147 221 125 123
220 98 19 280 34
113 44 56 87 288
33 222 227 231 172
47 76 88 157 274
235 115 269 42 116
26 284 95 246 241
51 167 171 69 279
204 181 156 92 100
144 256 23 203 20
194 83 95 281 239
202 49 54 171 222
2 196 206 96 274
148 278 141 19 47
253 56 60 109 147
160 85 104 182 288
123 76 71 51 189
142 85 237 195 88
160 29 283 198 124
90 178 103 64 197
281 17 85 42 257
231 201 174 167 83
162 123 290 65 6
179 206 90 248 233
177 240 261 292 271
218 214 149 153 277
178 134 293 262 8
83 27 208 257 26
123 251 280 113 149
118 124 55 207 205
2271
3980 3479 4152 5013
4011 4004 4748 4247
3993 4255 4468 4284
4036 4467 4050 3755
4139 4156 4789 4037
4311 3337 4180 4762
4043 4177 4059 4614
4101 4092 4326 4499
4076 3838 4648 4553
4043 4546 3852 3936
4345 3744 4329 4385
4301 4096 4295 4142
3979 4487 4034 3970
4077 4283 4523 4050
3831 3611 4992 4586
3830 4385 4415 4389
4214 3624 4483 4622
4118 4419 3923 4097
3960 4200 4191 4555
3714 4457 4311 4174
4281 3643 4215 4746
4010 4178 4770 4244
4334 3712 4275 4579
4345 3763 3869 4516
4038 3051 4291 4926
4309 4113 4246 4012
3920 3967 4234 4844
4197 4108 4094 4430
4032 3785 4394 4823
4357 4149 3662 3894
4426 3742 3876 4338
4067 3630 4321 4859
3727 4304 4080 4577
3909 3949 4769 4645
4232 4350 4268 3869
3710 3932 4761 4803
4009 4218 4085 4531
3880 4361 4556 4058
4229 3682 4663 4384
4059 4177 4773 4162
4371 4010 3991 4186
4199 3820 4719 4101
3721 3747 4794 4752
4059 3525 4500 4857
3862 4534 3941 4076
3576 3546 5039 4357
3711 3496 4809 4840
4247 4321 4259 3666
3753 4192 4814 4253
4268 3666 4428 4619
3643 4441 4215 4354
4256 3688 4278 4707
4383 3949 3752 4234
4275 4342 4055 3826
4103 4256 4548 3759
4250 4115 4549 3952
4159 4166 4545 4226
4025 4074 4452 4554
4110 3719 4380 4765
3854 4501 3977 4274
3777 4330 4496 4337
3978 3627 4499 4896
4304 3890 4515 4146
3725 3986 4692 4647
4387 3751 4126 4354
4232 3813 4780 4278
3774 4394 4478 4076
3912 4178 4795 4187
3816 4314 4261 4572
4395 3732 4292 4224
3751 3755 5101 4317
4198 4382 4035 3920
4296 3361 3926 4756
4269 3755 4045 4684
3788 3629 4422 4966
4061 4186 4674 4211
3858 3504 4348 4990
3907 4106 4397 4647
4052 3903 4246 4779
4158 3807 4590 4568
4169 4186 4486 4246
4316 3475 3724 4837
4200 3867 4294 4543
4112 3429 4331 4836
4168 4135 3966 4602
4176 4064 4609 4084
3602 3694 4731 4943
4072 4228 3947 4471
4059 4245 4695 4158
4151 3678 4214 4823
3983 4349 4430 3897
4131 4221 4044 4446
4402 3599 3992 4545
3928 4376 3562 4447
4147 4493 4052 3591
4355 4120 4136 3905
4040 4276 4678 3876
4332 4091 4193 4181
4112 3581 4073 4891
3700 3376 5000 4481
3614 3801 4978 4422
4278 4027 3714 4388
4210 3860 4177 4763
4422 3767 3764 4351
4256 4307 4280 3843
4441 3902 4152 4049
4289 4205 3931 4029
4221 3781 4726 4472
4071 4141 4494 4397
4216 4054 4567 4081
4048 3821 4687 4525
4263 3875 4101 4500
4295 3686 4214 4671
4044 4180 4763 4139
4033 3804 4049 4860
4431 3933 3908 4250
3803 4003 4807 4524
4264 4177 3988 4220
3620 3143 3981 5210
4455 3782 4240 4006
4288 3562 4330 4516
3748 4398 4468 4265
4182 3877 4554 4547
3784 4249 4595 4433
3832 4213 4647 4407
4283 3367 4081 4823
3984 4312 4430 4255
4290 3492 4366 4458
3675 4579 3583 3930
3785 3401 4456 4990
4163 3426 4502 4853
4050 3891 4562 4544
3894 3961 4286 4796
4197 3674 4309 4660
4054 4125 4340 4411
4086 4271 3946 4396
4019 4136 4274 4631
4068 3779 4743 4509
4232 4070 4058 4420
4041 3829 4574 4641
4296 3872 4598 4244
4369 4163 4135 3830
4315 4068 4343 4280
3799 4118 4273 4698
4173 4381 4168 3969
3491 3619 4215 5045
4264 3954 4182 4460
4368 4082 4346 3912
4189 4066 4491 4287
4051 3943 4296 4692
4173 3405 4185 4886
3842 4603 3508 3659
4333 3872 4097 4389
4420 4060 4154 4046
4116 4082 4379 4407
4116 3771 4662 4588
4421 3751 4064 4266
4023 4422 4252 4148
3985 3840 5033 4076
4278 4220 3987 4145
4274 3942 4466 4230
4381 3689 4293 4299
4245 3878 4682 3927
4095 4151 4365 4390
3739 3749 4028 5002
4122 4072 4453 4408
3702 4046 4285 4856
3717 4098 4682 4557
3920 4421 4385 3874
4186 3871 4405 4540
3928 3611 4680 4855
3715 3503 4391 5067
4098 4090 4603 4284
4288 4171 4252 4033
4203 3659 4459 4564
4033 4562 3707 3819
4358 3602 4429 4015
4305 3362 4104 4704
3663 3766 5087 4234
3637 3993 4524 4843
4069 4208 4706 3948
4214 4127 4229 4384
4420 4107 4264 3968
4498 3937 3938 3931
3895 3906 4770 4720
3902 4247 4541 4431
4024 4576 3686 3642
4134 3895 4760 4254
4109 3201 4365 4860
4342 3856 3670 4472
4009 3911 4459 4822
4294 3905 4310 4463
3949 3786 3786 4951
4007 4389 4307 4204
4344 4122 4416 3834
4157 4422 3966 3958
3627 4262 4727 4177
4015 4525 4056 3776
3850 4189 4462 4646
4181 4434 4209 3682
3998 3825 4697 4601
3702 3790 4992 4505
3889 3986 4190 4786
3997 4151 4471 4404
4116 3638 4649 4788
4110 3805 4617 4560
3689 3557 4536 5005
4083 4434 4234 3625
3829 3223 3759 5143
4141 4366 4204 4068
4299 4148 4075 4089
4148 4388 4088 3934
3768 4220 4520 4631
3933 3714 4910 4484
4347 3744 4293 4456
4083 3817 4686 4502
4182 4334 4449 3828
4123 4304 4513 4124
4222 4229 3971 4299
3832 3264 4286 5082
4103 3918 4326 4704
4308 4134 4096 4266
4024 4404 4298 3921
4390 3736 4080 4413
3863 4177 4091 4664
3990 4497 4113 3967
4131 4115 4154 4476
3820 3754 4341 4921
3939 4358 4193 4552
4417 3759 4268 4256
4162 3597 3892 4932
3991 4378 4398 4083
3997 4203 4784 4050
4292 3987 4064 4418
4231 4081 4235 4401
3917 4240 4377 4525
3905 3902 4302 4825
4333 3516 3913 4664
4243 4166 4057 4256
3668 3715 4538 5002
3882 4007 4039 4798
3813 4337 4422 4335
4274 4258 4433 3745
3901 3953 4658 4645
4114 4430 4179 4001
4025 4304 4538 4067
3944 4425 4282 4046
3949 3686 4958 4119
4311 4039 4439 4202
4079 3365 4191 4944
4343 3725 4540 4142
4425 4117 4132 3794
3907 3131 4397 5002
3677 4476 4159 4121
3945 4339 4390 4287
4304 4023 4528 3946
4359 4230 4082 3810
4372 4021 4283 3903
4220 4063 4437 4265
3865 4470 3769 4359
4133 4450 4053 3666
4303 4142 4243 3830
4101 4089 4543 4313
3847 4074 4448 4675
4317 4166 4287 3725
3879 4293 4543 4327
3843 3954 4914 4443
4162 3953 4076 4657
4270 3477 4107 4776
4253 3569 3931 4749
4108 4516 3897 3533
4144 4447 3980 3764
4364 4088 4178 4171
4315 3870 4241 4647
4191 4181 4509 4127
4421 3555 4214 4105
4381 3911 4423 3860
3995 4133 3782 4678
4312 3519 4342 4490
4085 3518 3864 4994
3794 4530 4114 3725
3937 3672 4766 4699
3886 4403 4241 4259
4353 3534 3988 4647
4306 4065 4110 4349
4279 3643 4251 4675
4181 3510 4006 4888
4171 4070 3662 4540
3857 3502 4041 5074
4123 4135 4263 4415
3753 3616 4354 4971
4063 4101 4537 4504
4136 4243 4127 4307
4141 4342 4341 4016
4078 4235 4373 4317
3646 4163 4822 4463
3971 4193 4370 4505
4061 4431 4247 4137
4411 3941 4120 4069
4289 3715 4355 4394
4175 4127 4238 4437
4189 4088 3773 4452
4425 3937 4009 4072
3767 4050 4487 4732
4043 3737 4102 4880
3916 3748 4768 4723
3924 4293 4261 4533
4358 3938 3808 4267
3798 4634 3577 3543
4178 3282 4040 4912
4136 4249 4609 3936
4388 3912 4177 4345
4446 3959 4130 3797
4050 4344 4484 3969
4009 3995 4847 4198
4358 3782 4552 3737
4397 3741 4193 4273
3750 4227 4498 4496
4270 4081 4311 4289
4037 3487 4243 4889
4224 4059 4660 3989
4116 4231 4534 3953
4108 4059 4458 4383
4168 3898 4254 4547
4242 4243 4469 3844
3804 4451 4052 4351
4348 4198 4028 4004
4198 4377 4127 3898
4222 4366 4123 3752
4243 4327 4091 3925
4041 4413 4172 4154
3908 4095 4220 4666
4136 4276 4486 4002
3931 4575 3690 3821
3914 3568 4681 4930
4077 4127 4039 4749
4056 3552 4099 4900
3970 3522 4678 4894
3987 3884 4478 4726
4368 3949 4333 4112
4062 4156 4578 4378
3959 4363 4434 4182
4025 3977 4298 4728
3826 4232 4450 4672
4360 3706 4383 4204
4408 3773 4247 4079
4298 3774 4611 3794
3856 4077 4681 4606
3973 3750 4644 4870
3848 3792 4737 4882
3567 3658 5010 4385
3822 4488 4219 4017
4018 4028 4045 4705
4263 4075 4387 4228
3847 4278 4579 4426
4446 3779 4007 4075
3724 3975 4760 4728
4312 4128 4349 3948
3888 4238 4648 4388
4017 3250 3728 5076
4369 3858 4356 4374
4165 4090 4560 4089
3808 4023 4653 4692
3985 3875 4577 4677
4159 3954 4136 4628
3882 3981 4169 4814
4106 4132 4092 4493
4029 4416 4283 4236
3920 4253 4612 4289
3852 4231 4722 4390
3993 4530 4033 3895
4065 4200 4237 4387
4177 4440 4041 3941
3931 4025 4433 4709
3743 3745 5103 4109
3939 4322 4480 4160
3930 4179 4650 4327
3924 4270 4632 3961
3554 4387 4405 4451
4067 4503 3864 3910
3952 4515 3678 4213
4332 3898 3920 4424
3618 4022 4963 4303
4333 3383 3900 4864
4019 3808 4607 4696
3816 3506 4873 4724
3785 4333 4217 4514
4278 4353 4000 3945
4158 3850 4609 4380
4406 3764 4346 4030
3943 4135 4823 4016
3956 3765 4489 4815
4042 4108 4585 4451
3893 4367 4122 4437
4009 3764 4246 4835
3970 4400 4073 4414
3700 4211 4679 4455
3896 4272 4465 4373
3742 4568 3814 3992
3853 4181 4559 4559
3841 4199 4668 4584
4088 3359 4367 4857
4051 4280 4577 3790
4201 3874 4156 4586
4051 4447 4102 4020
4127 3803 4716 4394
4162 4253 4185 4253
4205 3670 4420 4660
4260 3661 4335 4711
3855 3710 4133 4947
4147 3707 4239 4740
3739 3573 4355 5046
4355 3736 4162 4453
3807 4324 4578 3742
3703 4074 4638 4662
3740 4480 4198 4051
3974 3932 4806 4598
3889 4461 4200 4009
4325 3380 4179 4687
4098 3538 4074 4966
4087 4412 4194 3882
4009 4398 4208 4253
4162 4332 4375 3965
3952 3423 4158 5063
3828 4309 4562 4144
4108 4141 3993 4542
4253 3961 4003 4510
3793 4419 3998 4545
4330 3841 4232 4444
3597 4037 4979 3901
3601 4331 4568 4294
4104 4335 4496 3842
3977 3800 4760 4575
3844 4006 4194 4771
3973 4263 4637 4251
4320 3669 4276 4654
4152 3869 4412 4645
3961 4304 4467 4312
4143 4012 4631 4383
4115 3734 4062 4840
4235 4069 4223 4363
4030 3785 4430 4752
4376 3899 4195 4270
4056 4261 4566 3896
3870 3851 4353 4904
3811 3669 4390 4964
4245 3849 4243 4543
3817 4046 4806 4449
3863 4477 4224 3727
3746 3839 5020 4167
3965 3766 4662 4699
4173 3711 4410 4648
4101 3442 4572 4818
3728 4466 4204 4217
3763 3516 5076 4207
3852 4249 4709 3943
4392 3721 4347 4105
3934 4103 4528 4478
3713 4167 4852 4144
3812 4457 4286 4231
3966 3436 4153 5088
3618 4446 4223 4417
3552 4361 4501 4124
4005 4195 4737 3898
3999 4483 4134 4144
3717 4555 3943 3967
3814 3661 4847 4675
3930 4167 4345 4526
3856 4349 4313 4334
4010 3724 3998 4956
4023 4289 4239 4348
3891 4215 4487 4625
4106 4163 4728 3860
3579 3771 4313 5024
4128 3680 4796 3953
3776 4026 4886 4289
4439 3769 4175 4178
4192 3859 4322 4623
4385 3922 4348 4027
4103 3415 3929 4992
4370 3553 4083 4497
3782 3646 4883 4774
4304 3538 4181 4684
3897 4052 4292 4738
3916 4290 4540 4356
4099 4497 4016 3737
3560 4371 4499 4332
4094 3823 4551 4663
4070 4482 3877 4003
3929 4468 4159 4344
4023 4017 4730 4322
4237 3532 4464 4588
4277 3918 4159 4389
4320 4108 4109 4274
3947 4445 4193 4003
3818 4494 4051 4276
3910 4592 3780 3726
3951 3715 4765 4624
4386 4119 3997 3955
3870 3604 4251 5019
3914 3690 4959 4142
3972 4428 4336 3831
4425 3984 4119 3994
4217 3770 3985 4688
3616 4503 3798 4310
3610 4387 4318 4373
4310 4119 4363 3958
4236 3504 4251 4731
4246 3876 4279 4527
4031 4022 4823 4230
4370 4044 4335 4005
4098 3806 4126 4784
3815 3544 4534 4960
4141 4165 4690 4086
4087 4076 4548 4288
4151 4145 4522 4336
3930 4051 4316 4734
4133 4267 3789 4288
3795 3878 4542 4841
4065 3816 4831 4362
4350 3859 4307 4427
4127 4475 3977 3608
4166 4098 4198 4448
4140 4156 3957 4443
4014 4472 4027 3874
3723 4440 4335 4271
4032 4514 3798 4130
4091 4480 3884 4016
4030 3495 3971 5054
3773 3891 4511 4829
4374 3569 4259 4407
4455 3456 3954 4449
4249 3689 4687 4070
4064 4488 3846 3915
4101 4287 4420 4222
4189 4401 4217 3467
3766 4326 4597 4423
4017 3741 4692 4711
4033 3754 4757 4539
3943 4511 4158 4269
4095 4283 4201 4341
4391 3723 4422 4040
4226 4066 3990 4432
4246 4012 3750 4487
3757 3948 4797 4529
3874 4367 4525 3970
4091 3587 4333 4833
4285 4073 4466 3694
4185 4178 4440 4337
4189 4172 4608 4078
3734 3930 4409 4896
4024 3948 4625 4639
3956 4556 3956 3876
4000 4472 3957 4163
4245 4124 4234 4326
3987 4356 4075 4450
3689 4602 3478 3813
4131 4327 4046 4157
3902 4436 4186 4203
4065 4492 4126 3696
3784 4168 4655 4587
3838 4095 4446 4655
4001 3734 4204 4894
4465 3628 3910 4239
4246 4061 4605 3973
3842 3459 5023 4116
4084 4252 4324 4384
3814 4305 4360 4523
4299 3661 4326 4658
3933 4396 4371 4068
4204 4096 4607 3873
4236 3721 4272 4588
4182 3817 4461 4561
4088 3995 4920 4125
3865 4402 4405 3929
3768 3857 4726 4729
3935 4101 4554 4487
3907 4350 4343 4317
3807 4521 4101 4039
4246 4142 4193 4285
4285 4082 4200 4254
4098 4295 4323 4309
3743 4403 4179 4504
3893 3865 4974 3955
3930 4457 3982 4363
4368 3372 3966 4644
4062 4001 4495 4557
4126 4181 4803 3843
4052 3728 4615 4647
4128 4190 4704 3892
4176 3910 4197 4628
3635 4366 4512 4061
3968 4237 4768 4305
4066 4414 4039 4105
3916 3297 4541 4901
3734 3682 4831 4800
4418 4026 3844 4052
3797 4392 4354 4212
3627 4375 4529 4013
3596 3317 5012 4455
4213 3795 3873 4701
4101 4408 4212 3699
3751 3992 4640 4695
4067 4314 4279 4251
4005 4040 4416 4687
3854 3557 4108 5069
4122 4397 4187 3786
3656 4423 4409 4144
4334 3835 4400 4185
3765 4398 4202 4385
4362 4205 3860 3888
3597 3565 4464 5068
4166 3654 4468 4829
3781 4461 4341 3855
4032 4279 4162 4411
4330 3896 4463 4194
4022 4075 4512 4525
4401 3716 4305 4260
4376 3578 4160 4456
4278 3683 4301 4588
3633 4346 4532 4195
3959 4202 4266 4490
4275 4209 4042 4026
3642 4403 4235 4391
3847 4056 4152 4776
4112 3575 4735 4518
4384 3581 3881 4633
4189 4331 4405 4054
4108 3785 3809 4817
4213 4080 4380 4261
3943 3955 4172 4743
4283 4073 4358 4169
3862 3969 4893 4410
3814 4250 4651 4161
4449 3576 4010 4265
3803 3541 5038 4316
3721 4177 4850 4352
3817 3584 5037 4241
3790 4413 4316 4263
3890 4545 3822 4090
4012 3586 4473 4979
3938 4519 3789 4210
4019 3578 4745 4814
3984 3782 4698 4676
3834 4303 4593 4232
4185 4106 3921 4470
4058 4439 4242 3688
4180 3883 4254 4632
3972 4093 4610 4651
3534 4346 4576 4008
4400 3909 4066 4263
4199 4031 4717 4180
4018 4064 4587 4358
3980 3892 4206 4891
4199 4221 4439 4262
3967 4431 4315 3835
4015 4307 4328 4294
4388 3719 3904 4588
3807 3841 4491 4964
4393 3747 4025 4532
3778 4587 3619 3907
4037 4419 4004 4413
4288 4116 4106 4224
4176 4197 4622 3884
3919 4290 4612 3931
4152 4054 4738 4091
4300 3485 4249 4678
3913 3932 4344 4766
4146 4191 4559 4032
3866 4120 4832 4361
4232 4295 4037 4119
4119 3971 4761 4459
3975 3399 4533 4920
4174 3778 4198 4731
4311 3859 4316 4480
4434 4103 4153 3971
4319 3696 4085 4664
4278 3944 4065 4493
4231 3835 4683 4002
3718 3731 4357 5043
4011 4504 4011 3969
4102 3986 4606 4404
4170 4254 4499 3977
4141 4259 4477 3762
4255 4218 4455 4038
4074 3639 4524 4687
4141 4287 4110 4266
4110 4144 4201 4484
4388 3556 3993 4620
4261 4073 4359 4321
4249 3881 4584 4228
4118 4206 4619 4260
4432 3783 4118 4072
3979 4044 4806 4213
3913 3739 4071 5009
3735 4044 4505 4739
4026 3829 3926 4853
4015 4025 4621 4370
4110 4329 4527 3930
4142 4225 3943 4360
3757 3884 4269 4908
4068 3977 4845 4142
4063 3755 4177 4863
3811 3422 4288 5079
3692 3823 4144 5026
4440 3785 3875 4263
3756 3669 4904 4639
4068 3946 4209 4775
4287 4233 4419 3939
4073 3891 4648 4464
4141 4154 4097 4466
3844 4472 4250 4132
4025 3718 4268 4829
3597 4078 4650 4651
3791 4497 3938 4344
4255 4085 4442 4238
3965 4357 4465 4270
4129 3658 4893 4229
3865 4072 4730 4470
4237 4050 4647 4303
4015 4373 4284 4311
4301 4143 4405 4064
4189 3546 4001 4819
4039 3859 4508 4738
3986 4456 3835 4304
3787 4151 4531 4611
3922 4212 3841 4617
4332 3856 4397 4304
3729 3997 4617 4814
3578 3650 5121 4054
4074 4004 4373 4572
3681 4330 4688 4211
3946 4119 4952 4278
4139 3742 4734 4557
4218 4139 4606 3798
4038 4467 3913 4102
4286 4190 3828 4093
4182 4002 4787 4007
3995 3868 4460 4897
4100 3795 4660 4527
4142 4521 3787 3574
3717 3937 4514 4865
4130 4357 4397 4132
3716 4507 4034 4278
3744 3450 4210 5072
3726 4280 4652 4238
4136 4461 3998 3785
4019 4321 4600 4077
4088 3943 4607 4479
4364 4286 4280 3804
3791 4380 4105 4439
3934 3766 4879 4635
3955 3954 4663 4519
4140 3479 4076 4905
4114 4403 4302 3935
4010 4447 4266 3954
3715 4452 4255 4242
4035 4175 4284 4458
3612 4136 4272 4723
4116 4314 4398 4207
4404 3913 4122 4198
3991 4115 4478 4471
3411 3841 4134 4966
4195 3977 4773 4201
3677 4382 4372 4445
4335 3881 3998 4438
4191 3627 4421 4735
4269 4081 4331 4241
4148 4441 4148 3505
4046 4218 4396 4318
4274 3960 4590 3962
3766 4298 4442 4531
4053 4471 4037 3791
3550 3801 4178 4985
3870 4126 4344 4687
4064 4192 4374 4392
3942 4533 4061 3993
3941 4197 4389 4499
4207 4101 4286 4222
3718 3848 4517 4865
4464 3996 3781 3840
4340 4096 4286 4089
4055 4437 4216 4049
3658 4556 3825 4066
4028 4065 4586 4526
4357 4050 4292 4106
4026 4252 4634 3981
3793 4107 4688 4445
3951 4466 4238 3810
4287 4067 4467 3946
4149 4341 4388 3651
4281 3505 4388 4697
4106 4022 3955 4603
3856 3908 4416 4878
4343 3678 4430 4220
3687 4272 4406 4653
3866 4318 4557 4133
4261 3976 4510 4239
4085 3244 4353 4886
4140 4073 4308 4548
3986 4429 3958 4238
4120 3956 4200 4664
3701 3976 4821 4654
4065 4172 4082 4495
4312 4128 4264 4007
3796 3735 4900 4626
3943 4581 3970 3682
4157 4108 4404 4386
4241 3999 4424 4501
3698 4588 3499 3990
4146 3801 4359 4797
4005 4278 4601 4152
4374 3735 4211 4400
3768 4005 4863 4399
3871 4460 4345 3869
3647 4524 3771 4260
3763 4362 4424 4270
4190 4240 4621 3809
4186 4265 4428 3977
4138 3651 4489 4661
4357 3917 4279 4306
3989 3913 4637 4602
4076 4063 4627 4252
3951 4499 3978 4128
4023 3806 4392 4803
3799 4314 4527 4452
4248 4093 4170 4403
4021 3459 4046 5028
4273 3806 4446 4562
4255 4042 4423 4426
3993 4346 4308 4279
4089 4178 4145 4440
4061 4376 4016 4387
4248 3921 4237 4516
4362 4007 3758 4255
4154 3796 4665 4401
4320 4078 4211 4106
4415 3945 4176 4004
4013 4147 4362 4405
3794 3980 4654 4767
4151 4117 4367 4444
4404 3779 4079 4338
4301 4276 4418 3864
4093 3929 4271 4758
3878 4474 4243 4027
4024 4498 4085 3597
3864 3876 4277 4846
3927 4056 4660 4505
3971 4262 4369 4439
4176 4116 4061 4456
4030 3610 4799 4620
3759 3814 5006 4361
4226 4018 4593 4497
4116 3743 4795 4483
4112 4472 4002 3931
3873 4055 4655 4631
4092 4089 4093 4568
4100 4360 4303 4010
4085 4388 4259 4111
3919 4578 3801 3903
4204 4057 4586 4126
3734 4152 4836 4546
3856 4030 4571 4684
4450 3905 4385 3980
4318 3579 4493 4194
4286 4107 4120 4234
4503 3814 3793 3957
4357 4097 4402 4028
4021 4132 4285 4533
4326 3790 3831 4566
4179 4167 4020 4408
3739 4539 3974 4082
4019 4566 3818 3816
3919 4373 4476 4185
3771 3526 5074 4415
4108 4164 3869 4452
4332 3803 3909 4467
4042 4569 3708 3777
3889 4342 4374 4511
4068 4317 4184 4217
4371 3701 4305 4430
3871 3764 3954 4937
3651 3750 4798 4863
3859 3824 4791 4688
4084 4119 4311 4584
3872 4360 4242 4334
3954 4149 4061 4627
4085 3854 4454 4656
4020 4125 4163 4602
3982 4498 3979 4089
4359 3382 4172 4582
4042 4285 4579 3925
4227 3485 4320 4819
3766 3921 4974 4283
3696 4243 4694 4219
3945 3852 4641 4856
3932 4047 4665 4466
4328 3832 4331 4395
4017 4351 4423 3792
4223 3790 4627 4521
4234 4293 4213 3901
4079 4394 4228 4023
4018 4482 4196 3735
3709 4045 4002 4884
4121 3503 3898 4907
3798 4476 3976 4293
4147 3992 4557 4619
4383 4053 4337 3709
4057 3780 4101 4805
4186 4056 4731 3986
4113 4051 4400 4528
4241 4401 3898 3735
4043 4093 4286 4605
4264 4159 4009 4309
3748 4492 4255 3941
4173 4302 4074 4167
4069 4254 4555 3864
3994 4124 4429 4435
4039 3754 4527 4759
3960 4202 4246 4538
3773 3480 4739 4875
4123 4481 3809 3867
4348 3931 4258 4129
4344 3415 3954 4670
3961 4414 4052 4237
4122 4465 4109 3782
4041 3390 4259 4951
3866 3876 4241 4917
4131 4271 4521 3909
4213 3756 4201 4691
4036 4315 4278 4290
3882 3675 4995 4241
4119 4224 3790 4363
3940 3991 4649 4507
3773 3919 4666 4721
3508 4076 3967 4824
4264 3848 4292 4490
4203 4082 4594 4203
4261 3321 4361 4721
3891 3693 4351 4907
4064 3744 4066 4834
3837 3662 4350 4987
4325 4035 4328 4205
4125 4244 4432 4196
3991 3950 4405 4756
3719 4251 4657 4162
3589 3582 5116 3972
3875 3728 4208 4930
4109 4194 4364 4315
3743 4223 4570 4454
4157 4024 4631 4377
4064 4271 4564 4104
4191 4058 4384 4521
4143 4218 4410 4270
3643 4303 4475 4537
4346 3831 3782 4459
4168 4291 4450 3903
4321 3838 3999 4513
3682 4017 4741 4579
4148 3635 4634 4778
4238 3517 4374 4625
3981 4266 4358 4428
4262 3678 4511 4536
3820 3835 4534 4863
4181 3686 4356 4725
3779 3896 4960 4477
4177 3469 4501 4778
4106 4315 4255 4147
4213 3978 4628 4341
4137 4171 4522 4345
3853 4145 4846 4167
4447 3584 3874 4341
4271 3844 4655 4435
3724 4488 4244 3960
3839 3501 4546 4934
4270 3653 4457 4613
3942 4607 3744 3627
3930 3529 4180 5016
3894 4375 4357 4123
3824 3346 3904 5117
3753 4244 4266 4625
4235 3621 4564 4446
3916 4477 4172 4030
3986 4503 3945 4226
4189 4437 3930 3859
4333 3682 4375 4307
4414 3759 3792 4431
4213 3961 4028 4540
4030 4330 4407 4013
4034 3581 4496 4860
3568 4528 3978 4007
4181 3698 4374 4641
4052 4210 3872 4488
4045 4453 4071 3932
4409 3754 4175 4348
3691 4425 4371 4370
4150 4326 4095 4104
4189 3977 3964 4605
4330 3728 4139 4470
4172 3592 4646 4752
3819 4111 4264 4762
3982 4157 4458 4461
4277 4073 4242 4210
4012 4125 4284 4575
4201 3281 3979 4986
4154 4250 4464 4076
3967 4309 4373 4267
4167 3969 4643 4357
3892 4530 4089 3782
4007 4298 4467 4209
3921 4018 4754 4488
4412 3517 3746 4455
4323 4105 4172 4004
3935 3643 4959 4194
4340 4108 4144 4051
4055 4009 4223 4722
3965 4542 3977 4053
3643 3830 4131 4990
3828 4126 4142 4743
4273 4155 4110 4105
3887 3656 4947 4658
3896 3844 4313 4927
4086 4317 4284 4206
4196 3763 4306 4660
3593 4315 4058 4610
3779 4391 4499 4072
4222 4123 4081 4329
4081 4038 3907 4645
3780 4413 4432 4166
4062 4181 4618 4279
3973 4528 3959 4032
3983 4160 4785 4125
3980 4011 4717 4440
3807 4462 3997 4470
3854 3910 4988 4366
4118 3780 4563 4637
4157 4157 4644 4177
4107 4020 3667 4618
4204 4071 4483 4174
4003 3693 4573 4758
4460 3751 4055 4213
4243 4300 4214 3859
4180 3830 4480 4554
4094 4098 3994 4617
3922 4273 4592 4155
4214 4143 4190 4268
3962 4109 4465 4534
4202 4396 4307 3703
4008 4032 4513 4600
3957 4219 4370 4514
4130 4105 4567 4185
4236 3651 4464 4718
4201 4230 4340 4311
3991 4397 4353 4113
3986 4332 4410 4121
4025 4459 4077 3957
4253 4292 4262 3848
3984 3565 4677 4819
3933 4092 4653 4438
4352 3844 4574 4119
4063 4361 4283 4079
4084 4299 4434 4306
4326 4100 4397 4086
3855 3886 4483 4784
4276 3884 4421 4429
3539 4386 4515 3930
3759 4478 3841 4454
3961 3927 4303 4806
3986 4238 4623 4445
4353 4254 4226 3998
4168 3796 4382 4678
3548 3470 3721 5133
3917 4525 4081 3719
4294 3712 4037 4706
4004 4341 4230 4505
4067 3757 4511 4752
3481 4068 4840 4408
4446 3826 4117 3997
3797 3813 5064 4143
4428 3922 3963 4131
3915 3996 4657 4570
4091 3781 4397 4668
3709 4267 4429 4534
4013 3820 4690 4613
4055 3739 4560 4766
4072 4408 4070 4193
3874 3726 4497 4900
3709 4218 4680 4413
4161 4416 4134 3699
3872 4482 4166 4003
4086 4432 4114 4088
4056 3699 4312 4887
4010 4111 4818 4048
4438 3350 3556 4530
3663 4002 4762 4612
3894 4263 4564 4324
4104 4423 4034 4094
4054 3903 4210 4850
3485 3707 4880 4802
4252 3416 3906 4871
3868 4402 4386 4119
3875 3481 4106 5045
4035 3938 4506 4640
4201 3727 4307 4618
4223 3852 4165 4679
4259 4036 4591 4167
4414 4085 4078 3988
3999 4160 4372 4453
3798 3989 4227 4862
3939 4100 4549 4474
4357 3967 3992 4261
3665 3702 4839 4680
4018 4518 3909 4127
4003 4277 4333 4340
4383 3930 4212 4103
3845 3894 4361 4882
4293 3858 4461 4340
3930 4377 4375 4099
4086 4078 3673 4639
3858 3719 4830 4661
4183 4229 4485 4171
4180 3697 4467 4754
3761 4467 4241 4135
4379 3704 4026 4607
4298 3881 4499 4293
4306 3884 4220 4470
4090 3463 4257 4864
3886 3289 4399 4999
4300 4101 4172 4072
4144 4279 4207 4179
4208 4338 4025 4145
3878 4271 4610 4233
4164 4369 4094 4029
4012 4118 4689 4316
3948 4305 4504 4257
4349 3711 4085 4494
4242 3927 4502 4329
4208 4370 4234 3749
4012 3985 4676 4516
3773 3725 4602 4886
4343 4054 4403 4103
4025 4175 4400 4361
4182 4423 4032 3701
4011 4327 4402 4058
4031 4457 4182 3929
4331 4057 4514 4185
3975 3961 4479 4687
4203 4215 4607 4003
3900 4427 4285 4154
4272 4041 4304 4363
4081 3369 4209 4890
3978 4366 4439 4137
4302 3625 3998 4669
4187 3936 4138 4640
3949 3195 4192 5087
4117 4330 4098 4292
4077 4437 3885 4091
3644 3758 4526 5028
3962 4570 3588 3860
3996 4266 4413 4403
3665 3600 4524 5031
4005 4330 4053 4524
3546 4328 4500 4407
3917 4024 4586 4747
3819 3921 4922 4586
4050 4399 4193 4331
3883 4026 4790 4493
4112 3860 4202 4706
4102 3853 4593 4604
4026 4069 4680 4266
4028 4438 4186 3960
4332 3826 4499 4136
3969 4203 4424 4486
3700 4415 4165 4432
3685 4028 4686 4698
3944 3318 4337 5061
4343 3858 4553 3942
4293 4038 4584 4062
3793 4482 4205 4036
3986 4299 4459 4249
3910 3511 4105 5033
4216 4112 4496 4076
4105 4480 3954 3727
4024 3635 4723 4562
4175 4260 4251 4237
4041 3926 4423 4723
4146 4445 4143 3902
3846 3900 4990 4158
4403 3716 4269 4331
4345 3867 4454 3991
4221 3892 4231 4569
4068 4080 4406 4399
3766 4167 4800 4447
3985 4077 4572 4454
4389 3736 4100 4365
4157 4395 4089 3892
3686 4372 4166 4507
4107 4370 4034 4183
4059 3251 4393 4863
3782 4401 4259 4373
3919 4140 4495 4523
4248 3913 4047 4681
3762 4173 4632 4706
3961 4522 3679 4171
4197 3668 4422 4622
4221 4252 4258 4046
3987 4064 4601 4448
3776 3860 4447 4906
4216 4220 4320 4199
3801 3940 4688 4656
4188 4255 4354 4117
4269 3935 4168 4406
3944 3467 4822 4565
4206 4147 4079 4268
4156 3637 4492 4639
4160 3844 4358 4722
3701 4057 4462 4837
4029 4128 4396 4533
4177 4385 4009 3983
3801 4014 4776 4504
3867 4062 4625 4490
3977 4072 4479 4546
4238 3849 4530 4422
4155 4496 3773 3768
4341 3873 4286 4250
4328 3760 3897 4469
4038 4453 4120 3856
4161 3673 4857 4130
3754 4435 4233 4310
3893 4336 4542 4252
4076 4427 4250 3998
4330 4079 4417 3909
4175 4233 4374 4171
4223 3689 4254 4711
4128 3996 4157 4557
4234 3822 4681 4327
3921 4149 4396 4572
3897 4022 4679 4496
3660 3916 4942 4762
4382 3874 4271 4328
3568 4430 4404 4376
4280 3880 4644 4153
4056 4320 3818 4393
3812 4518 4122 4035
3718 4314 4286 4515
3818 3636 5006 4392
3798 4211 4654 4512
4239 3732 4217 4707
4331 4110 4265 3912
4009 4150 3911 4619
4275 3747 4333 4496
3777 4030 4802 4482
4025 4035 4817 3843
3833 4561 3989 3882
4353 3933 4191 4184
3730 3770 5117 3915
3722 3455 4187 5191
4001 3927 4477 4651
4050 4371 4361 4035
3837 4101 4503 4608
3758 3638 4211 5057
3938 4254 4467 4429
4125 4217 4555 4130
4041 3876 4684 4563
4042 3301 4044 5031
4409 3398 3991 4623
4208 3823 4409 4609
4344 3937 4090 4388
4157 4259 4396 4097
3629 4260 4476 4612
4050 4358 4277 4215
3948 4250 4273 4507
4241 3874 4131 4556
3820 4479 4318 3968
3882 3809 4973 4355
3637 4248 4016 4659
4076 4044 4494 4482
4204 3607 4610 4653
3870 4399 4426 3925
4306 4134 4233 3919
4374 3890 4294 4221
4181 3872 4077 4651
3951 4145 4821 4224
3680 3605 5027 4383
3841 3843 4484 4859
3978 4422 4367 3919
3962 4468 4272 3722
3711 4531 4137 3854
4205 4224 4508 4052
3919 4435 4165 4172
4222 3608 4465 4793
4161 4305 4185 4249
4281 3638 4401 4497
3830 3989 5079 4035
4302 4140 4065 4178
4377 4133 3976 3778
3749 4076 4835 4341
4060 3527 4211 4887
4366 4101 3922 3972
4207 4322 4325 4060
4090 4057 4489 4507
3728 4619 3602 3743
4008 3635 4954 3977
4217 4032 4572 4320
3983 4212 4237 4497
4227 4252 4374 4005
4061 4470 3803 4063
4039 4097 4640 4332
4123 4119 4302 4531
4037 4214 4177 4564
4231 3702 4175 4766
3774 4135 4211 4715
4162 3801 4758 4309
4341 3708 4364 4317
4151 3265 4160 4945
4010 4515 4188 3950
3605 4471 4237 4223
3654 4335 4529 4343
4404 3599 3956 4616
3863 4448 4288 3979
4153 4246 4184 4295
3666 4500 4191 3846
4068 3969 4085 4685
4461 3750 3998 3872
4012 4484 4091 3763
3947 4135 4652 4363
4128 4042 4495 4367
4033 4101 4453 4537
4092 3804 4762 4420
4264 4204 4476 4215
4015 4085 4397 4608
3741 4375 4234 4394
4187 4345 4073 4092
4228 3667 4482 4547
4000 4173 3548 4672
3689 4486 4282 3734
3859 4528 4052 3996
3814 3367 4221 5084
3853 4417 4355 4193
4105 3755 4379 4807
4226 3658 4581 4498
4132 4036 4663 4108
3783 3770 5065 4218
4026 4507 3986 3646
4074 4393 4337 3885
3635 4031 4535 4750
3892 4591 3925 3586
4092 4124 4404 4492
4324 3821 3875 4537
3987 3793 4643 4795
3969 4129 4437 4498
3588 4392 4295 4492
4263 3910 4412 4424
3929 3986 4165 4756
4092 4240 4646 3752
4353 4056 4124 4365
4312 4073 4118 4198
4025 3811 4389 4785
3889 4293 4427 4424
4063 3400 4048 4967
3875 4299 4375 4586
3753 3954 4629 4788
4178 4281 4451 3870
3968 4455 3980 4164
4299 3600 4589 3797
4126 3527 4776 4335
4128 3803 3884 4800
4365 3779 4088 4391
3685 4288 4544 4426
3943 4239 4649 4243
4203 4109 4490 4212
4141 4319 4094 4146
4049 4023 4678 4370
3825 4275 3985 4592
3953 4078 4833 3705
4046 4066 4441 4666
4045 4134 4774 4237
3947 3905 4485 4737
3903 3782 4732 4664
4106 3360 3862 4997
4172 4081 4643 3972
3963 3757 4761 4650
3833 3432 4077 5095
4235 3530 4074 4766
4146 4379 4187 3885
4192 3491 3934 4824
3642 3677 4106 5112
4049 3934 4395 4643
4006 3900 4514 4703
4291 3484 4071 4730
4299 3680 4382 4412
4329 4076 4090 4245
4141 3961 3824 4709
4098 3986 4777 4057
3981 4083 4404 4713
4176 3826 4424 4619
4240 3479 4363 4718
4103 3813 4345 4725
3474 4473 4056 4333
4472 3800 3839 4164
4046 3828 4393 4748
4261 3843 4497 4439
4175 4401 4148 3835
3956 4149 4248 4580
3964 4120 4807 4418
4041 3696 4561 4841
4295 3681 4400 4422
4489 3771 3794 4032
4233 3640 4519 4599
4288 4301 4432 3670
4071 4324 4448 4112
3779 3562 4209 5033
4294 3489 4350 4500
4221 4318 4214 4063
3879 4522 4152 3716
4208 4311 4148 4079
3963 3959 4021 4801
3723 3608 4212 5069
3768 3430 4501 5122
3645 3986 4184 4918
4015 4475 3932 3840
4293 3662 4611 4179
4107 3972 4270 4683
4044 3841 4663 4563
3965 4375 4452 3823
3851 3937 4839 4604
4058 3523 4193 4941
3822 3445 4848 4687
4264 4310 4001 4020
3767 4235 4813 4178
3872 4382 4258 4278
4298 3899 4478 4204
3781 3637 4150 5131
4048 4218 4076 4478
3898 3683 4509 4874
4319 3864 4409 4388
4220 4270 4318 4018
3699 4493 4252 4023
4293 4154 4044 4001
3895 4527 4002 4253
4325 3546 4131 4680
3749 4278 3959 4595
4099 4047 4283 4569
3898 4135 4796 4262
3884 3894 4352 4829
4225 3689 4218 4782
4012 4015 4088 4721
4258 3853 4668 4121
4060 3789 4798 4519
3799 3857 4509 4793
3815 4172 4028 4736
4434 3614 3956 4446
4358 4131 4081 4024
4049 4167 4292 4443
4282 3484 4394 4538
4277 4139 4198 4227
4409 4075 4210 4162
4290 3495 4182 4759
3666 3516 5010 4531
3852 3344 4989 4322
4244 3531 4252 4714
4002 4090 4795 4158
3765 3164 3941 5177
3969 4156 4314 4564
3903 3628 4995 4293
4320 4131 3985 4184
4324 3719 4392 4359
3619 4573 3847 3998
3888 4442 4134 4365
4189 4170 4237 4362
3571 3972 4717 4784
3787 4523 4130 4098
4112 4286 4115 4333
4019 3758 4868 4536
3920 3801 4325 4901
4409 3553 4074 4444
4268 4153 4177 4050
4101 4376 4003 4095
4287 4100 4406 4139
4088 4307 4230 4225
4346 3543 4212 4504
4174 4240 3907 4261
3849 3397 4220 5072
4142 4256 4465 3793
4137 3222 4161 5020
4257 4296 4103 3862
4249 4047 4536 4221
3841 4039 4738 4613
3869 3834 4987 4161
4250 3930 4223 4506
3949 4170 4192 4732
3842 4034 4682 4681
4123 4038 4109 4589
4315 3747 4308 4466
3951 3542 4035 5016
4334 4174 3984 4109
4055 4370 4353 3915
4303 3655 4494 4399
4223 4261 4159 4095
3697 3700 3999 5052
4260 3900 3787 4508
4167 3836 4630 4557
4037 4396 4375 3841
3983 3977 4096 4784
3746 4472 4275 4075
4093 4262 3895 4441
3877 3669 4955 4412
4119 4073 4513 4379
4171 3649 3936 4821
3897 4294 4398 4467
4069 4164 3838 4484
3931 4067 4585 4672
4047 4485 3789 3927
4080 3469 4813 4509
3781 3835 4543 4916
3857 4334 4524 4276
3647 4472 4319 3888
3857 4417 4346 3944
4101 4455 4193 3807
4093 4170 3941 4450
4176 3633 4151 4862
4042 4277 3819 4468
4023 4026 4916 3794
4021 4465 3909 4216
3903 4216 4013 4568
4033 4475 4032 3829
3999 4303 4525 4094
4311 4122 4088 4097
3511 4132 4854 3934
3963 4315 4205 4526
4170 4222 4546 3826
3671 3985 4687 4773
3822 4567 3934 3909
4156 3841 4708 4331
3839 4477 3961 4371
4276 3721 4510 4461
4131 3494 4187 4847
4233 4245 4304 4212
3913 3456 4038 5038
4018 3945 4076 4809
3804 3613 4525 4988
4012 4026 4681 4341
4080 3367 4498 4860
4102 4512 3938 3822
4039 4258 4200 4360
3780 4210 4799 4372
3840 4458 3978 4349
3777 4196 4711 4425
3678 4450 4385 4176
4019 3711 4758 4614
4043 4226 4299 4405
3626 4081 4868 4347
3816 3462 4054 5073
3981 4144 4240 4517
3884 4435 4331 4063
4038 3991 4624 4564
4103 3768 4809 4289
3568 4500 4216 3789
3930 3791 4767 4648
4233 4261 4025 4105
3828 3555 4222 5069
4126 4233 4255 4215
3854 3943 3773 4853
3646 4276 4624 4299
4260 3721 4741 3876
4010 4178 4035 4618
4354 4104 4033 4054
4003 3956 4636 4527
4053 4140 4639 4257
4322 3821 3911 4466
3997 4020 4095 4709
4148 3758 4759 4384
4183 3624 4700 4558
4053 3797 4526 4684
4055 3872 4573 4566
4107 4434 3979 4213
3979 4002 3984 4797
3787 4486 4257 3791
4345 3564 4206 4663
4026 4346 4421 3657
4377 3759 4293 4286
4102 3660 4320 4847
4045 4268 4559 4149
3911 4528 3732 4185
3921 4393 4342 4242
4065 4370 4184 4128
4096 4429 4324 3861
4173 4151 4082 4456
4156 4500 4053 3549
3752 4255 4443 4606
4067 4217 4125 4425
4299 3589 3892 4732
4157 3913 4310 4663
4178 4034 4437 4481
3911 4337 4397 4392
4263 4090 4535 4146
3875 3750 4669 4813
4357 3395 4143 4588
4135 3795 4494 4636
4228 3884 4503 4404
4342 3298 3646 4718
4236 4072 4550 4027
4320 3752 3925 4549
4138 3375 4186 4898
3910 4518 4097 4092
3937 4273 4450 4451
4043 3838 4475 4690
4018 4253 4587 4346
3966 4053 4819 3899
4251 3427 4017 4900
3675 4481 4009 4299
3875 3644 4017 5013
3569 4057 4854 4491
3816 4342 4416 4464
3686 4188 4784 4572
3926 4532 4082 3677
4278 4183 4053 4204
4166 3787 4481 4629
4071 4007 4709 4485
4066 4251 4469 4244
4085 3902 4270 4775
4059 4318 4168 4251
3898 4362 4411 4198
4069 4519 3877 3645
4043 4496 3728 4000
3938 4154 4834 3910
4034 3732 4670 4673
4291 3319 4105 4779
4118 3692 4808 4084
4181 3964 4043 4550
4232 4268 4160 4053
4334 4155 4029 4079
4085 4343 4058 4151
4130 4310 4287 4210
3952 4297 4466 4354
3775 4288 4236 4593
3887 4358 4512 4284
4203 3816 4190 4668
4125 4111 4419 4396
4435 3927 4076 3991
3845 4520 4159 3821
4139 4023 4776 4237
3923 3734 4825 4829
4011 4031 4453 4629
3933 3959 4640 4638
3892 3614 4040 5035
3870 3951 4415 4803
4027 3863 4689 4538
3696 4184 4165 4687
4000 3613 4922 4240
4269 3848 4590 4347
4186 3858 4629 4353
4080 4294 4468 4169
4163 4277 3870 4241
4021 3991 4890 4444
3819 4055 4707 4498
3870 4441 4279 4225
3899 3900 4938 4461
3823 4058 4504 4683
3874 3681 4961 4464
3988 4341 4311 4170
4288 4116 4021 4283
3955 4160 4425 4561
4083 3697 4779 4485
4075 4090 4271 4595
3969 4253 4468 4390
3727 3824 5041 4200
3601 4493 4277 3966
4145 3911 4137 4703
4197 4140 4019 4346
3860 3343 4544 4937
4192 4077 4436 4406
4423 3441 3990 4548
4075 4400 4060 4282
3838 4377 4368 4237
4298 4064 4453 4008
3819 4574 3565 3935
4092 3814 4650 4614
3996 4050 4622 4625
3709 3841 4516 4907
4021 4278 4188 4480
4465 3761 3923 4039
4098 3969 4037 4752
4030 3820 4832 4385
3977 4185 4709 4067
3763 4534 3985 3889
4072 4334 4083 4205
3493 3506 4476 5042
3908 3407 4215 5026
4032 4561 3908 4052
4166 4408 3987 4135
3857 3886 4447 4855
4163 3606 4625 4575
4132 3704 4488 4694
3905 4097 4496 4598
3755 4276 4643 4239
4163 3880 4301 4528
4093 4201 4638 4112
4125 4104 4569 4223
3995 4309 4357 4353
4080 3641 4009 4968
3936 3686 4497 4957
4198 4354 3880 4028
4156 4338 4344 3877
3984 4157 4203 4529
3776 4216 4631 4631
4109 4490 4123 3588
3982 4223 4414 4478
4336 3934 4369 4211
4291 3675 4289 4504
4149 4234 3871 4316
4249 3556 4674 4270
4325 3902 4315 4405
4362 3535 4161 4531
4161 4035 4556 4544
4385 3930 4176 4174
4240 3808 4226 4679
4189 4303 4250 4162
3832 4033 4524 4685
3983 4010 4657 4469
4076 3420 4258 4939
4170 4402 4155 3876
4434 3747 3969 4246
3919 3671 4911 4559
4287 3849 4445 4487
4042 4461 4081 3843
4276 3854 4523 4261
3784 3946 4228 4937
4396 3917 4270 4253
4279 3927 4001 4474
4364 4000 4260 4013
3861 3619 4362 4961
3988 4397 4372 3923
4051 3773 4832 4437
4285 3840 4544 4438
3585 4453 4162 4240
4058 4517 3843 3733
3916 4156 4755 4444
4280 4108 4134 4304
4270 3833 4291 4501
3867 4224 4558 4484
4348 3778 3972 4452
4209 4386 3934 3834
4221 4365 4324 3985
4051 4123 4419 4414
3894 3763 3893 5011
3914 3748 4804 4652
3935 4244 4707 4128
4071 3811 4455 4731
3985 4419 4323 4145
4355 3543 3889 4696
4127 3670 4703 4594
4199 4149 3920 4395
3867 3885 4974 4560
4417 3890 3909 4325
3943 4352 4361 4293
3763 4389 4301 4336
3921 4177 4551 4464
4007 4082 4676 4431
4189 4276 4373 4096
3761 4245 4237 4668
3954 4325 4411 4464
4232 3780 4421 4583
4317 4097 4164 4155
4291 3677 4344 4487
4127 4323 4205 4143
3812 4185 4777 4205
4110 4277 4214 4284
4167 3643 4357 4800
4212 3795 4705 4295
4239 3918 4004 4585
4435 3794 4063 4191
4294 3352 4025 4707
3697 4540 3590 4301
4053 4439 4053 3911
3652 4431 4009 4416
3950 3729 4496 4882
3862 3835 4736 4807
3950 3775 3675 4922
3712 3447 4885 4698
4265 3884 4002 4549
3947 4002 4639 4563
4106 3996 4775 4265
3792 3971 4753 4718
3717 4587 3548 3937
4199 3833 4615 4547
3971 3828 4584 4669
3803 4142 4786 4250
4260 3917 4591 4037
4096 4286 4528 4005
4064 3402 4355 4883
4034 3704 4289 5006
4310 3676 4393 4434
4098 4162 4310 4509
3789 3193 4470 5003
3927 3455 4912 4571
4389 4123 3710 3679
4274 4193 3939 4175
4102 4350 4229 4150
3585 4015 4716 4709
3781 4024 4970 4223
4077 4246 4550 4298
4231 4028 4461 4323
3723 4427 4439 3825
4240 4109 3989 4357
3911 4298 4659 4083
4383 3698 4194 4348
4222 4394 4278 3644
3775 4316 4391 4485
3573 4189 4198 4693
3810 4588 3544 3758
4326 3902 4295 4453
3626 4184 4391 4676
4392 4039 4358 3886
3754 3677 5098 4027
4062 3479 4359 4839
4383 3750 4089 4381
4284 4287 4160 3887
4082 4386 4325 3936
3939 3800 4664 4735
4380 3890 4410 4180
3627 3923 4881 4585
3939 3643 4734 4661
4231 3895 4448 4523
3846 4459 4279 4126
4044 3653 4798 4545
3688 3652 4420 5043
4144 3764 4591 4643
4392 3550 4161 4361
3647 3977 4993 4314
3977 4309 4257 4364
4230 4369 3844 3929
4273 4255 4106 4081
4263 4043 4425 4224
4168 3383 4328 4800
4080 4238 3948 4401
4094 4037 4605 4326
4217 4126 4169 4413
4044 3982 4661 4506
4374 3898 4122 4368
3897 4072 3971 4817
3941 3498 4911 4496
4228 3474 4209 4790
4363 3754 4084 4419
4036 3860 4568 4709
3799 4389 4470 4013
4117 3451 4188 4922
4455 3945 4151 3974
4275 4236 4530 4021
4169 4068 4520 4346
3938 3866 4584 4750
4409 3724 4277 4180
4084 3242 4046 4970
4442 3965 3962 4056
3584 3648 4168 5050
4417 3561 4046 4364
4060 4109 4440 4591
4148 3747 4166 4764
4027 4435 3859 4296
3954 3969 4227 4739
4272 3875 4551 4245
3994 4585 3552 3761
4014 4176 4555 4351
4455 3589 3967 4249
4237 3464 4003 4852
4064 3579 4100 4883
4006 3683 4493 4846
3941 3643 4323 4904
4178 3868 4684 4363
4237 4217 4600 3898
4320 3503 4324 4661
4372 3645 4428 3940
4183 3579 3675 4855
3635 3794 4996 4372
3847 4076 4503 4658
3879 4461 4316 3912
4347 3895 4285 4167
3990 4591 3900 3643
3748 3659 4528 5024
3668 3881 4447 4945
3783 4015 4630 4709
4099 3975 3849 4643
3687 3933 4822 4729
4272 4105 4413 4127
3937 4114 4473 4597
3823 3741 4421 4927
4174 3458 4556 4659
3858 4243 4740 4031
4029 4081 4286 4611
3804 4265 4445 4462
4149 3352 3649 4954
4100 3919 4386 4675
3667 4287 4689 4286
4450 3953 3782 3915
3961 3918 4480 4762
4421 3884 4077 4066
4088 4159 4093 4555
4097 3233 4254 4866
3971 4165 4215 4613
3772 4338 4615 4064
4124 4196 4536 4151
4212 3662 4692 4495
4080 3560 4771 4617
4332 3693 4486 4336
4084 3597 4175 4866
3919 3525 4507 4877
4341 3693 4163 4528
3756 3882 3962 4992
4073 4188 4632 4184
3733 4495 4245 3918
4009 3959 3856 4757
4240 4167 4117 4227
4207 3632 4211 4787
3806 4014 4752 4643
4354 3853 4475 4168
4101 3970 4906 4319
4155 4004 3823 4634
3774 4583 3778 3893
4207 4254 4403 4064
3751 3924 4869 4615
4103 4101 4227 4548
4004 4275 4274 4488
4089 3875 4327 4779
3857 3897 4239 4897
3871 4487 4222 3935
4063 3784 4454 4748
3741 4441 4190 4411
3971 3313 4008 5114
3595 4319 4319 4521
3925 3900 4548 4691
3774 3779 4027 4990
4047 4143 4675 4286
4081 3297 4113 4965
3748 3525 4763 4869
3831 3857 4100 4923
4027 3816 4579 4616
3842 4123 4360 4694
4109 4261 4514 4199
4096 4338 3980 4377
4322 3891 4370 4286
3630 4466 4229 4160
3799 4025 4825 4363
4247 3683 4518 4524
4072 4091 4331 4566
4357 3721 4429 4145
4034 4236 4505 4343
4240 4317 4276 3654
3992 3640 4494 4921
4191 3729 4521 4560
3692 3676 4912 4600
4063 4163 4181 4446
4241 3303 4286 4738
4387 3931 4249 4076
3970 4340 4456 4030
4279 3571 3817 4749
3983 3922 4600 4660
4148 3910 4077 4732
4272 3933 4480 4240
4000 3745 4315 4923
4118 4466 4033 4019
3913 4126 4891 4101
3929 4374 4048 4435
3797 4554 4063 3884
4103 4133 4211 4428
4054 4460 4072 3890
4205 3623 4310 4738
4168 3834 4555 4622
4008 3502 4941 4177
4042 4379 4366 3601
4335 3525 3814 4713
4392 3906 4345 4086
4137 4074 4368 4519
4031 3982 4747 4376
3833 4154 4263 4687
4002 4254 3968 4588
3839 4374 4356 4268
4197 4432 3967 3619
4274 4050 4146 4448
3897 4255 4660 4158
4253 3605 3819 4785
4304 3907 4528 4025
4004 4493 4002 3970
4067 4029 4749 4228
4142 3723 4795 3878
4218 3650 4609 4578
4343 3888 4451 4110
3837 3649 3932 5042
3668 3909 4602 4837
3678 4346 4559 3949
4125 3712 4216 4859
4231 4164 3884 4296
4233 3813 3948 4684
4245 3993 4592 4242
4175 4045 3774 4527
4229 4123 4058 4331
4058 4277 4533 4016
4408 3593 4124 4357
4010 4443 4092 4025
4105 4215 4632 3946
4050 4178 4154 4493
4188 3667 4308 4702
4115 4139 4152 4415
4108 4239 4581 4105
4072 3566 4192 4866
4194 3926 4253 4557
3779 4252 4574 4437
3872 4544 3967 3950
4069 3774 4687 4577
4132 3884 4611 4416
3825 4160 4763 4399
3712 4149 4242 4712
4131 3667 4794 4278
3759 4234 4499 4454
4414 3952 4065 4188
4086 3876 4387 4750
3884 4462 4208 4129
4110 3682 4810 3876
4159 3807 4737 4360
3836 3386 4532 4963
4106 4093 4324 4461
3950 3975 4794 4624
3824 4151 4030 4756
3935 4338 4494 3804
4059 4450 3823 4197
4232 3969 3751 4562
4151 3986 4725 4360
4176 4249 4074 4256
4010 4381 4403 4038
3899 3889 4345 4841
3729 4593 3828 3798
4349 3674 4329 4398
3958 3361 4336 4986
4019 4269 4287 4431
3985 4055 4700 4399
3678 4371 4195 4464
4288 3737 3961 4648
3708 4572 3644 4107
4244 3810 4669 4196
3687 4009 4343 4884
4134 4234 4226 4258
3883 4083 4429 4656
4054 4528 3782 3806
4286 3520 4070 4772
4336 3910 4341 4283
3897 4389 4445 4070
3905 4258 4486 4550
3955 4210 4469 4465
4154 4116 4307 4473
4017 4070 4664 4300
3889 4003 4790 4587
3967 3923 4929 4410
3566 4222 4657 4488
3945 4159 4267 4565
4104 4076 4148 4636
4158 4322 4206 4104
3535 4437 4343 4199
4441 3739 4241 4081
4032 4296 4586 4271
3982 4532 3995 3599
4145 4468 3999 3743
4038 3409 4395 4860
3758 4295 4616 4139
4274 3694 3962 4723
4008 3377 4155 5027
3890 4397 4397 3866
3811 4108 4543 4585
3818 3873 4545 4770
4208 4133 4198 4296
3866 4370 4009 4505
4059 3780 4065 4876
3988 4488 4212 3918
4331 4140 4163 4080
3996 4135 4771 4319
3936 3866 4620 4679
4184 3937 4198 4611
3879 4513 3768 4284
3853 3669 4592 4908
3913 3943 4937 4386
3790 3469 4288 5027
4126 4052 4569 4227
4024 3515 4816 4545
4128 4222 4104 4417
3925 4422 4277 4091
3699 4331 4543 4351
4256 3821 4291 4507
4232 4162 4024 4319
4165 4029 4724 4285
3909 3774 4763 4685
4033 3621 4744 4739
3854 4527 4160 3779
3693 4319 4294 4578
4366 3727 4239 4480
3743 3782 4673 4998
3836 4044 4449 4852
4140 3551 4172 4830
3933 3961 4277 4743
4332 3858 4452 4287
4079 4144 4215 4574
4053 4271 4280 4326
4451 3585 3911 4314
4124 3848 4616 4485
3765 3950 4371 4860
3774 4421 4355 4142
3730 4603 3463 3891
4159 3217 4184 4901
4198 3980 4197 4536
4045 3736 4343 4812
3794 4456 4431 4091
4203 4276 4443 3807
4182 3839 4381 4603
4096 4048 4343 4540
3640 4350 4515 4207
4276 3674 4400 4539
4236 4289 4205 3860
4264 3715 4279 4690
4192 4249 4522 3858
4259 3945 4101 4487
4007 3948 4891 4519
3918 4418 4205 4160
4347 3942 4395 4089
4289 4385 4054 3751
4252 4313 4112 4102
4059 4024 4656 4320
4175 4307 4361 4159
4088 3810 4594 4679
3664 4407 4386 4251
3665 3793 4797 4788
3974 4347 4259 4332
4056 4485 4125 3738
3778 3409 4184 5155
3635 4434 4434 4057
3979 3809 4661 4624
4318 4066 4527 3871
3940 4441 4296 3690
4176 4462 3944 3665
4269 3324 4082 4898
3662 4338 4250 4520
4012 3825 4746 4545
3765 4571 3704 3953
3878 4076 4114 4740
4282 3829 4599 4319
4192 4100 4253 4352
4082 4494 3863 3839
4110 4506 3823 3673
4109 3652 4592 4682
3962 4531 4032 3934
4119 4261 4398 4296
4277 3530 4276 4710
3835 4144 4209 4706
3659 4251 4610 4493
4018 4384 4229 4430
4274 4075 4479 4030
4236 4166 4080 4254
4262 3841 4422 4504
4461 3627 3873 4266
3959 3965 4588 4686
4199 3851 4594 4458
3822 4344 4423 4293
3865 4240 4696 4257
3659 3549 4394 5103
4000 4499 3834 4229
4245 4152 4389 4218
4234 4050 4171 4478
4085 4030 4604 4368
4217 3852 4449 4598
3804 4447 4288 4023
3776 4064 4768 4443
4045 4235 4200 4454
4165 4212 4678 4000
3806 4436 4319 4043
4176 4296 4184 4178
3757 3825 4672 4923
4034 3747 4308 4818
3776 4603 3758 3759
4123 4454 3932 3801
3992 3603 4924 4032
4177 3686 4522 4635
4080 4485 3962 3790
3988 4161 4677 4342
4404 3732 3969 4416
3923 4071 4474 4672
3892 4436 4302 4106
3952 4562 3788 4135
4107 3652 4628 4611
3954 4456 4215 3832
3978 3883 4305 4842
4231 4373 4124 3710
3785 4236 4668 4318
4086 4377 4082 4130
4339 3864 4385 4201
4203 4480 3929 3784
4020 4017 4664 4389
3700 3715 4907 4675
3749 4570 3907 3868
3635 4272 4725 4385
4033 3428 4471 4982
3958 4020 4104 4762
4344 4070 4103 4188
3820 4586 4003 3688
4187 4187 4341 4386
4128 4312 4028 4162
4170 4152 4142 4427
3930 4516 4068 4033
4063 4436 4263 3684
3858 4039 4472 4733
4353 3727 4261 4404
4115 3998 4757 4326
4360 3526 4260 4482
3593 4343 4213 4502
4215 4023 4671 4271
4091 4326 4522 3975
3854 3274 4075 5098
4319 3829 4098 4464
4280 3891 4255 4486
4320 4025 4460 4379
3984 4159 4258 4512
3956 3884 4695 4662
3847 3807 5011 4129
3977 4522 4127 3773
3831 4529 3612 4268
3520 4446 4248 4360
3991 4486 3936 3986
3977 4354 4354 4188
3798 4414 4287 4306
4190 3676 4150 4787
4308 3736 4474 4362
4091 4340 4406 3606
3997 4018 4458 4604
3976 4574 4031 3859
3863 4353 4241 4376
4274 3704 4334 4636
3898 4332 4505 3595
4327 3696 4364 4323
4089 4187 4366 4329
4261 3487 4313 4714
4071 3928 4288 4636
4020 4091 4650 4298
4259 4049 4257 4483
4011 3733 4731 4599
4339 3684 4262 4479
4172 3520 4212 4826
4192 4064 4196 4412
3948 4270 3952 4586
3680 4587 3644 3850
4190 4505 3943 3590
4336 3712 4239 4650
4218 4372 3955 4011
3776 4119 4477 4805
3836 3660 4043 5071
3828 4471 4271 3816
4028 3946 4234 4805
4087 4058 4549 4478
4005 3740 3783 4915
4331 3701 4330 4460
3779 4310 4559 4226
4260 3588 4728 4076
3981 4432 4127 4220
3602 4033 4315 4867
4271 3797 4545 4513
4100 4387 4180 4076
4115 4249 3678 4376
4200 4308 4427 3902
3960 4272 4650 3937
3783 3852 4719 4741
4047 3892 4622 4515
4232 4284 4312 3852
4423 3574 4003 4348
3636 4356 4347 4466
4284 3520 4106 4701
3920 3995 4389 4736
4093 4391 3980 4288
