45 4
3402
59 207 296 69 110
158 11 55 99 199
205 47 203 67 70
53 78 192 193 279
153 245 60 114 217
288 140 248 91 176
113 149 215 241 217
26 99 60 80 30
259 285 76 294 52
145 179 261 169 72
240 22 149 1 135
66 121 107 15 44
115 127 192 31 200
242 56 298 2 267
160 93 252 235 219
136 212 98 229 81
169 170 102 19 3
69 216 255 176 230
298 123 189 23 153
89 264 41 219 99
9 79 191 93 146
111 62 58 41 290
138 43 160 239 193
294 9 109 249 17
40 247 139 61 270
125 150 67 165 201
165 6 113 57 99
258 299 292 149 40
282 286 82 275 59
274 102 199 84 52
215 255 131 186 16
233 11 297 1 176
32 165 14 276 54
244 234 185 236 215
225 52 35 139 27
93 114 260 291 30
12 39 117 275 224
132 208 68 130 208
76 293 206 89 269
92 34 36 277 102
251 35 153 285 173
12 210 119 272 201
280 116 72 97 91
128 229 299 28 191
40 103 184 78 25
901
4797 4850 5017 4430
4662 5208 4424 4228
3936 5296 4161 4625
4465 4236 5080 4904
4654 4849 4953 4795
5033 4871 4912 4502
4587 4714 5002 5108
4243 5295 3907 4864
4418 4710 4805 5147
4654 4760 4801 4987
4577 5077 4435 5039
5042 4863 4906 4197
4333 5321 4125 4310
4684 5134 4524 4412
4867 4466 4998 4775
4779 5127 4473 4428
4638 4688 4706 4990
5019 4579 5098 4477
4445 5177 4573 4744
4607 4965 4583 5069
4394 4854 4521 5150
4846 4911 4824 4875
5015 5014 4516 4330
4757 5067 4443 4704
4564 4864 4699 5118
5113 4615 4997 4503
4354 4924 4893 4697
4053 5289 4104 4723
4783 4948 4903 4623
4980 4955 4678 4743
5340 4505 4969 4078
4561 5235 4572 4479
4914 4724 5061 4460
4286 5210 4432 4861
4695 5100 4582 4623
4305 5354 4076 4444
4564 4773 4931 4961
4816 4966 4716 4839
4721 5126 4508 4421
4682 4168 5336 4472
4896 4589 5263 4407
4639 4192 5350 4505
4873 4987 4816 4571
4597 5027 4492 4941
4919 4788 5049 4229
4471 4315 5273 4658
4841 4915 4775 4847
4485 5249 4119 4829
4254 5256 4329 4722
4584 4708 5166 4489
3887 5351 4012 4492
4317 5253 4343 4757
4715 5237 4268 4499
4711 5099 4675 4550
4349 5249 4278 4738
4616 5016 4361 4968
4750 4581 5174 4665
4076 5169 3940 5041
5062 4899 4657 4697
4967 4956 4531 4651
4731 5169 4399 4623
4189 4776 4266 5260
4094 5330 4239 4329
3604 5388 3302 4436
4354 5284 4450 4342
5062 4612 5055 4412
4602 5023 4541 4969
4939 4934 4767 4463
4210 5361 4127 4428
4886 5018 4533 4704
4960 4947 4691 4408
4557 5029 4865 4538
4379 5289 4303 4529
3924 5347 3891 4657
4393 5335 4095 4655
4628 5166 4530 4557
4176 5295 4305 4465
4644 5209 4524 4786
4339 5318 4269 4373
4659 4970 4873 4586
4759 5092 4619 4626
4893 4637 5096 4660
3729 5408 3452 4253
4668 4635 4389 5013
4864 4328 5064 4770
4636 4982 4914 4313
5302 4588 4841 4193
4219 4998 4564 5193
4270 5219 4355 4794
4701 4945 4863 4792
4664 4801 5052 4581
4321 4779 4784 5188
4100 5407 3900 4289
4177 5370 3928 4281
3769 5375 3964 4421
4281 5338 4201 4585
4156 5380 3989 4180
4123 5290 4389 4486
4588 4720 4983 5115
4635 5083 4804 4401
5101 4422 5133 4515
5061 4893 4676 4690
4513 5254 4090 4690
4668 4859 5059 4343
4413 4846 4571 5158
4646 4603 5224 4372
4131 5294 4118 4638
4451 5105 4594 4872
4492 4439 5145 4889
4168 5337 3812 4650
4779 4912 4548 4861
4523 5241 4280 4677
4378 5042 4622 5057
4082 5280 4457 4432
4107 4950 4537 5250
4916 5065 4473 4814
4312 5257 4294 4729
4578 4879 5038 4377
4910 4899 4863 4472
3973 5330 4279 4612
4589 5257 4336 4667
4313 4935 4709 5232
5041 4754 4940 4603
4787 4991 4731 4500
4975 4828 4919 4755
4620 4694 5169 4491
4234 5244 4193 4827
4789 5037 4727 4662
5050 4686 5050 4724
4746 4761 4922 4912
4404 4837 4792 5108
4399 5195 4605 4446
4792 4940 4897 4318
4845 4680 5226 4042
4656 5228 4521 4495
4191 5217 4483 4845
4450 5125 4710 4552
4813 4893 5011 4659
4498 5199 4435 4868
4016 5297 4120 4714
4784 4208 5357 4292
4835 5014 4865 4355
4572 4604 5011 4987
4575 4188 5459 4033
4929 4952 4736 4652
4739 5093 4552 4496
5027 4538 5085 4615
4036 5301 4169 4622
5081 4928 4530 4492
4414 4566 4890 5135
4690 5010 4757 4444
4435 5232 4156 4766
4024 5310 4387 4373
4748 4859 4403 4941
4405 5262 4467 4668
5030 4794 4517 4703
4650 4589 5280 4015
4820 5119 4018 4585
4461 5207 4451 4859
4793 4642 4991 4903
4428 5078 4775 4538
4337 5159 4645 4674
4374 5350 4089 4332
4241 5118 4687 4911
4857 5056 4726 4810
4283 4972 4679 5041
4047 5031 4067 5199
5212 4710 4731 4156
4266 5306 4111 4619
4628 5070 4325 4950
4362 5203 4621 4437
4708 5137 4354 4868
5319 4607 4455 4050
4672 5231 4288 4974
4469 5251 3901 4715
4835 5079 4134 4678
4603 4931 4818 4873
4380 5070 4660 4919
4556 5200 4400 4875
5117 4645 5096 4376
4938 4774 5081 4201
4653 5098 4710 4543
4408 4058 5424 4236
4665 4943 4919 4423
4805 4804 5057 4469
4268 5270 3955 4802
4636 4011 5427 4309
4454 4936 4581 5129
4552 5109 4534 4735
4333 5129 4546 4801
4253 5248 4547 4725
4024 5251 4387 4725
4537 4926 4966 4624
4596 4419 5357 4016
4102 4604 4397 5276
5211 4453 4935 4554
4163 5155 4492 4907
5179 4740 4521 4303
4142 5123 4136 5065
4946 5049 4419 4364
4418 5320 4141 4322
4767 5075 4465 4517
4945 4594 5106 4661
4159 5231 4324 4769
5065 4619 4751 4671
3958 5356 4191 4349
5104 4611 5127 4430
4501 5148 4607 4578
5057 4670 5013 4312
4298 4643 4819 5168
4945 4862 4788 4591
4873 4878 4895 4265
4650 5189 4427 4519
4135 4787 4737 5151
4791 4945 4728 4748
4050 4631 4538 5267
3980 5356 4185 4431
4084 5276 4054 4768
4465 5070 4759 4547
5060 4559 5138 4305
4891 4701 4970 4662
4867 4722 5087 4497
4853 4506 5232 4509
5053 4906 4766 4304
5282 4553 4987 4391
4141 5123 4603 4801
3947 5365 3986 4284
4591 5180 4680 4515
4541 4999 4587 5008
4955 4588 5082 4623
4321 5302 4128 4601
4465 5313 3939 4475
4538 5018 4745 4937
5037 4914 4740 4379
4655 4784 4957 4875
3975 5360 4136 4403
4708 4956 4371 4923
4715 4993 4768 4426
4958 4913 4817 4288
5198 4521 5195 4384
4781 5088 4442 4429
4599 4463 5271 4508
4044 5263 3956 4822
5368 4527 4733 4266
4506 4124 5422 4135
4366 5093 4352 5089
5077 4849 4780 4251
4415 5225 4483 4561
4309 5339 4068 4554
4259 5283 4273 4698
4426 4890 5023 4379
4036 5203 4524 4854
4360 5319 4176 4315
4160 4662 4340 5306
4386 4618 5023 4934
4974 4822 4938 4748
4683 4714 4873 4914
4495 5015 4867 4583
4166 4554 4609 5234
5021 4549 5274 4066
4533 5173 4581 4541
5161 4819 4673 4319
4308 4993 4667 5132
4817 5059 4491 4850
4953 4677 5221 4654
5064 4905 4767 4652
4513 4042 5355 4536
5118 4827 4982 4418
5154 4748 4547 4355
4702 4857 5068 4414
4800 4766 4903 4785
5210 4739 4951 4535
4441 5112 4584 4835
4410 5291 4024 4615
4571 4258 5412 4045
4797 4920 4755 4763
4784 4993 4734 4781
4813 5085 4614 4412
5160 4842 4719 4206
4990 4593 5076 4438
4169 5145 4367 4989
4341 5257 4671 4636
4821 4908 4758 4939
4700 5043 4645 4872
5010 4900 4786 4779
4825 4766 5107 4781
4696 4391 5260 4856
4701 5122 4459 4513
4405 5107 4649 4815
4283 5294 4046 4720
4124 5279 4508 4345
5039 4477 5137 4520
4816 4514 5248 4500
4343 5348 4368 4246
4776 4330 5350 4335
4679 5007 4765 4424
3994 5297 4126 4632
4668 5065 4808 4783
4313 5119 4331 5058
4738 5003 4521 4835
4218 4962 4904 4433
4542 4477 5004 5008
4384 5117 4750 4574
4321 5258 4102 4868
4478 4709 5110 4545
4247 5325 4006 4737
4418 5261 4141 4674
4791 5157 4211 4691
4503 5171 4556 4604
4968 4459 4788 4781
4861 5071 4452 4382
4466 4849 4889 5041
5064 4623 5234 4252
4834 4380 5129 4754
5209 4733 4970 4528
4810 4771 5122 4299
4349 5083 4677 5103
4701 4145 5417 4219
4400 5266 4418 4640
4781 4272 5392 4435
4476 5290 4211 4381
4953 4786 5058 4300
4551 4563 5057 4980
4539 5258 3980 4347
4626 5249 4320 4676
4480 4148 5292 4641
4457 5227 4355 4641
4195 5247 4582 4718
4515 3927 5349 4571
4497 5082 4732 4565
4639 5102 4612 4653
4664 4069 5264 4653
4749 4735 5158 4351
4726 4860 5024 4350
4961 5009 4535 4457
4965 4770 5017 4527
4557 4769 4894 5072
4510 5218 4432 4577
4786 4547 5186 4857
4458 5023 4883 4574
4215 5373 3891 4048
4480 5065 4744 5029
5359 4403 4771 4175
5076 4673 5016 4149
4359 5252 4394 4670
4878 4719 5126 4440
4534 4266 5428 4036
4884 4960 4333 4820
4418 5030 4515 5235
5102 4583 5089 4568
4652 4821 4915 4933
4737 5097 4630 4505
4593 4917 4862 4943
4423 5241 4340 4654
4641 4719 4983 4981
4305 5262 3939 4811
4886 4700 4950 4760
4722 4543 5295 4385
4665 4468 5212 4756
4838 4444 5225 4701
4397 4885 4798 5141
4131 5146 4368 4992
4262 5175 4500 4817
4679 5103 4655 4496
4885 5006 4813 4280
4774 4785 5119 4297
4707 5119 4579 4332
5015 4985 4489 4436
5064 4822 5001 4545
4098 5184 4483 4856
5124 4936 4653 4312
4564 4434 5241 4601
4944 5001 4271 4660
4922 4570 5269 4407
4123 5262 4284 4786
4868 4772 5087 4306
4318 5123 4152 5006
4420 4424 5215 4821
4131 5298 4013 4794
4038 5357 4150 4438
4028 4765 4200 5267
4795 4821 4999 4745
4673 5199 4329 4564
4359 5280 4499 4370
4899 4864 4843 4534
4373 5100 4580 4957
3583 5398 3363 4335
4585 5091 4856 4476
5040 4857 4796 4242
4714 4730 5164 4536
4851 4853 4866 4975
4601 4930 4857 5096
4210 5333 4022 4728
4830 4708 5149 4881
4114 5384 3779 4102
4748 4758 5150 4199
3989 5094 4134 5125
4531 4027 5496 4009
4763 5135 4447 4503
4811 4970 4667 4811
4718 4438 5195 4870
4433 5228 4303 4776
4606 5106 4500 4833
5037 4476 5176 4743
4909 4893 4882 4465
4821 4911 4620 4879
4819 4928 4737 4632
4708 4990 4808 4409
4638 4450 5085 4899
4672 4989 4386 4997
4091 5297 4186 4604
4787 5114 4383 4814
4890 4695 4989 4655
4565 4855 4871 5005
4715 5022 4343 4932
4716 4138 5402 4525
4992 4745 4875 4767
4807 5149 4237 4616
4011 5301 4071 4686
4747 5186 4099 4293
4320 5294 4346 4604
4114 4821 3996 5259
4051 5384 3929 4144
4412 5316 4200 4537
4947 4325 5346 4198
4305 5326 3971 4744
4684 4909 4191 4983
5128 4456 5200 4074
4703 4863 5049 4421
4756 4584 5156 4666
4598 5227 4556 4488
4420 4967 4867 4741
4989 5016 4561 4375
3892 5347 4061 4520
4688 5177 4352 4289
4640 5279 4173 4285
4658 5015 4433 4986
4630 4891 4938 4732
3954 5397 3811 4371
4408 5092 4424 5107
4539 4086 5403 4290
4645 4597 5243 4365
4439 4165 5376 4483
4581 5270 4426 4281
4144 5316 4417 4204
4544 5176 4573 4561
4851 4875 4820 4582
4963 4548 5309 4059
4613 4983 4501 4933
3809 5346 3998 4577
5083 4720 4803 4642
5105 4546 5131 4510
5291 4677 4949 4482
4851 4654 5099 4682
5161 4848 4700 4213
4736 4759 5150 4373
4262 5276 4012 4746
4579 4625 5048 4918
4618 5109 4669 4692
4255 5244 4177 4832
4078 5347 3870 4565
4209 5261 4208 4798
5019 4712 5079 4148
4841 4407 5267 4643
4730 4988 4753 4908
4998 5006 4252 4533
5096 4923 4487 4383
4617 4034 5346 4562
4723 4549 5276 4392
4942 4317 5411 4076
4523 5269 4461 4274
4808 4698 4884 4958
4445 5278 4085 4673
4442 5226 4346 4977
4182 5311 4258 4540
4613 4980 4639 4993
5055 4687 4839 4598
4528 4831 5031 4427
4787 4553 5167 4864
4262 5293 4381 4597
5315 4435 4651 4267
4773 4994 4733 4433
4539 4541 5222 4458
4384 5137 4077 5042
4581 4993 4830 4514
4749 5148 4272 4609
4959 4919 4798 4295
4563 4858 4718 5111
4570 4492 5311 4501
4988 4780 4919 4572
5045 4744 5008 4624
4469 5026 4875 4594
5055 4727 5066 4348
4078 5375 3975 4265
4888 5043 4709 4626
4689 5011 4758 4584
4842 4758 4931 4778
4791 5019 4845 4271
4680 4992 4668 4859
4918 4789 5050 4369
4613 5113 4620 4664
4414 5095 4725 4345
4372 5128 4078 5062
4485 4952 4872 4751
4509 4658 5226 4246
4649 5068 4611 4670
4669 4865 5040 4350
4042 5406 3935 4282
4986 4935 4581 4476
4811 4777 5103 4306
5002 4811 4832 4589
4443 5166 4394 4904
4711 4689 5055 4888
4691 4449 5218 4756
4946 4600 5087 4668
4927 4985 4497 4495
4632 4387 5369 4384
4874 4665 4298 4853
4786 4631 5252 4288
4798 4783 5020 4538
4535 5078 4363 5021
4863 5077 4562 4337
4995 4905 4801 4297
5023 4927 4565 4485
5056 4704 5063 4157
4693 5177 4238 4775
4960 4530 5124 4723
5188 4697 5090 4080
4004 5348 3850 4746
4880 4939 4810 4538
4570 5165 4565 4550
4467 5211 4392 4644
4409 5210 4427 4637
4607 4669 4778 4993
4049 5259 4005 4850
4832 4922 4820 4400
5175 4646 5061 4383
5052 4687 5011 4501
4538 4777 4940 4924
4704 4326 5340 4415
4847 4950 4501 4820
4773 4779 5138 4290
4038 5265 4013 4805
5061 4672 5007 4485
4429 4882 4515 5194
4854 4688 5118 4551
4592 4835 4922 4899
4668 4976 4656 4975
3975 5387 3750 4472
4807 4952 4874 4417
4997 4491 5145 4505
4770 4777 4879 4793
4961 4612 5064 4767
4354 5245 4327 4766
4728 4606 5011 4900
4144 5330 4207 4283
5119 4577 5044 4527
4675 4451 5270 4480
4341 5295 4011 4727
5231 4550 5045 4300
4846 4712 5057 4582
4809 5072 4581 4464
4621 4885 4633 4981
4151 4447 4347 5239
5390 4597 4965 4104
5080 4653 5112 4367
4062 4824 4402 5255
4967 4411 5181 4433
4395 5160 4610 4681
4732 4539 5228 4727
5052 4435 4903 4600
4657 5236 4303 4492
4832 4275 5334 4526
4469 4132 5438 4126
4294 5365 3980 4291
5135 4850 4745 4258
4711 5146 4402 4359
4999 4516 5321 4427
4807 4858 4846 4891
4568 4480 5013 4992
3733 5438 3551 4126
4301 5232 3840 4938
4514 5162 4461 4940
4403 5175 4701 4664
4878 4874 4944 4293
4866 4716 5106 4490
4680 5115 4590 4680
4665 4344 5385 4034
4559 5149 4572 4585
4925 4723 5052 4504
4716 4999 4749 4433
4714 5079 4632 4448
4002 5142 3810 5050
4895 5158 4361 4527
4685 5190 4328 4389
4863 4960 4573 4635
4831 4916 4839 4393
4686 4575 5283 4017
4246 5302 4062 4711
4399 5145 4602 4791
4349 5101 4746 4592
4847 4718 5038 4589
4891 4642 4992 4860
4373 5250 4170 4702
4578 4619 5067 4911
4432 5259 3917 4706
4306 5174 3882 5038
4274 4590 5031 4938
4755 4440 5234 4610
4934 4944 4791 4411
4417 5281 4464 4377
4193 5329 4077 4674
5096 4414 5198 4393
4428 4782 4745 5123
4391 4916 4877 4706
4506 4802 5045 4590
4277 5024 4753 4805
4596 4988 4815 4996
4569 5061 4578 4946
4485 5063 4735 4856
4271 5271 4375 4459
4447 5283 4008 4624
4567 5136 4482 4971
4714 4615 4259 4982
4135 5328 4112 4667
4723 4911 4619 4922
4622 4876 4807 4897
4895 5029 4593 4366
4859 4794 5093 4444
4449 5308 4184 4546
4722 5090 4580 4886
4197 5252 4209 4818
4399 4047 5309 4601
4569 5251 4429 4572
5032 4534 5134 4643
4987 4774 4938 4565
4574 4946 4954 4541
4201 5282 4308 4691
4634 5251 3929 4363
4747 4803 4912 4777
4915 4838 4823 4602
4876 4436 5297 4550
5045 4411 5256 4302
4356 5275 4151 4786
4957 4349 5201 4527
4636 4373 5425 4027
4228 5209 4467 4854
4178 5087 4482 5110
4352 5366 3945 4298
4567 4253 5379 4474
4583 4702 5185 4482
4541 4166 5085 4902
5012 4726 5195 4408
4674 4955 4865 4529
4473 5226 4448 4568
4140 4787 4597 5259
4494 5169 4336 4995
4931 5064 4427 4421
5092 4645 4998 4440
4804 4798 5076 4462
5070 4877 4574 4373
4850 5077 4598 4421
4987 4941 4562 4483
4523 4243 5148 4883
4843 4840 4871 4822
4486 5100 4470 5002
4975 4766 5065 4210
5242 4757 4671 4266
4652 5137 4655 4355
4222 4961 4606 5135
4733 4171 5278 4563
5027 4665 5075 4410
4725 4884 4887 4748
4353 5267 4226 4783
4981 4913 4318 4561
4505 5284 3973 4631
5024 4708 5128 4176
4580 5056 4684 4872
5325 4463 4975 4194
4062 5307 3681 4775
4106 4728 4395 5271
4611 4938 4938 4550
4687 5230 4242 4581
4502 5186 4598 4725
4469 4688 4299 5131
4843 4213 5355 4113
5263 4655 5185 4294
4337 5131 4540 4974
4464 5156 4623 4569
4879 4948 4774 4429
3989 5262 4410 4736
4436 5137 4586 4800
4067 5249 3723 4875
4219 5303 4242 4549
4657 4922 4658 4975
4066 5379 3914 4626
4343 4826 4719 5202
4338 5135 4782 4276
5131 4669 5033 4131
4487 5117 4694 4561
4760 4977 4777 4900
4621 5066 4616 4926
4396 5244 4378 4679
4830 4730 5103 4488
4590 4283 5279 4640
4420 5238 4411 4611
4905 4858 4847 4848
4814 4869 5148 4261
4048 5271 4157 4740
4829 4724 5122 4481
4837 4283 5269 4648
4582 4772 4960 5008
4395 5235 4224 4732
4488 5258 4167 4320
4473 4205 5289 4764
4900 4916 4805 4748
4742 5101 4396 4636
4522 5055 4719 4865
4867 4507 5351 4296
4974 4760 5084 4203
3989 5061 3997 5140
4736 5121 4493 4903
4531 4964 4817 4641
4172 5367 3911 4523
4455 5253 4125 4683
4822 4695 5154 4728
4739 4849 5052 4423
5167 4799 4576 4052
5034 4877 4893 4509
5013 4732 5176 4415
4926 4556 5325 4050
5160 4813 4692 4312
4142 4698 4325 5237
4818 5065 4472 4857
4467 5298 4427 4440
4524 4802 4890 4949
4622 5083 4840 4485
4803 4370 5363 3953
4592 5033 4300 4956
4298 5138 4153 5030
4714 4841 5027 4641
4167 5185 4591 4780
4841 5107 4378 4600
5117 4821 5001 4411
5039 4684 5072 4119
4559 4427 5373 4007
4496 4886 4260 5110
4339 4702 4721 5207
4894 5023 4612 4359
4592 5007 4274 5046
4477 5262 4209 4443
4259 5252 4378 4750
4539 5114 4718 4783
4582 5278 4208 4278
4408 4850 4522 5130
4356 5112 4645 4856
4842 4862 4885 4555
4907 4970 4538 4617
4371 5089 4401 5117
4577 5074 4573 5099
4768 4948 4629 4871
4321 5288 4338 4522
5084 4449 5220 4204
5188 4835 4456 4500
4572 5132 4531 4999
4598 4749 4934 4900
4432 5351 4054 4339
4982 4577 5059 4737
4219 5099 4076 5122
4739 4583 4912 4964
4225 5186 4556 4787
5232 4461 4991 4365
4919 5014 4645 4524
3926 5375 4047 4183
4439 5081 4767 4558
4281 5317 4304 4366
5054 4912 4747 4311
4700 5150 4444 4482
4170 5261 4476 4643
4955 4668 5160 4540
4042 5035 4018 5171
4247 5165 4135 5034
4575 4312 5286 4755
5010 4701 5019 4486
4996 4911 4782 4304
4636 4777 4941 4881
4717 4536 4977 4950
5253 4697 4590 3871
4279 5264 3947 4847
4398 5178 4381 4887
4277 5304 4207 4556
4762 5068 4474 4510
4836 4911 5009 4716
4724 4713 5222 4260
4937 4768 5100 4194
4855 4438 5180 4660
4516 4976 4884 4482
4726 4890 4868 4755
4465 4146 5382 4483
4327 5041 4816 4648
4867 4898 4992 4532
4409 4815 4522 5168
4008 5378 3949 4619
4168 5290 3997 4803
4032 5173 4425 4981
4665 5155 4474 4587
5001 4805 4851 4582
4536 5278 4023 4449
4959 4810 4961 4649
4976 4813 4877 4634
4419 4418 5234 4814
4850 4869 4839 4575
5180 4746 4502 4310
4619 4039 5340 4656
4472 4982 4629 5036
4122 5352 4003 4517
4194 5045 4010 5187
4662 4864 4700 5075
4523 5071 4724 4554
4714 4314 5197 4875
4111 5290 4069 4730
4657 4409 5305 4475
4275 5215 4404 4822
5083 4749 4830 4536
4843 4764 4912 4785
4807 4692 4903 4951
4766 5012 4503 4873
4258 5263 4282 4724
4443 5253 3909 4751
4550 4557 5076 4973
4936 4354 4648 4787
4632 4953 4993 4449
4924 4717 5071 4497
5046 4750 4989 4631
4357 5269 3961 4762
4704 5016 4353 4909
5319 4559 4649 4262
4190 5137 4264 5007
4765 4963 4774 4748
4276 5123 4681 4726
4765 4400 5354 4305
4094 5302 4134 4629
4860 4449 4443 4865
4820 4725 5151 4431
4299 5167 4484 4826
4931 5015 4596 4368
4887 4861 4823 4584
4769 4954 4610 4878
5051 4692 5031 4731
4602 5177 4538 4568
4135 5176 4467 4865
5196 4523 5096 4547
4656 5136 4384 4862
4393 5104 4629 4865
4993 4915 4257 4598
4689 5004 4776 4437
5145 4843 4765 4599
4934 4382 5331 4517
4149 5298 4151 4611
5126 4755 4810 4061
4290 5240 4531 4734
4144 5345 4147 4335
4461 5176 4666 4671
4800 4763 5041 4845
4523 5058 4629 4844
4927 4976 4365 4525
4017 4794 4478 5258
4600 4946 4830 4696
4895 4920 4756 4720
4075 5349 4134 4447
4735 4459 4914 4969
4226 5291 3962 4810
4649 4583 5299 4008
3843 5374 3984 4240
4738 4935 4916 4445
4420 5142 4206 5004
4507 5309 4149 4553
4940 4940 4748 4470
4852 4660 5080 4689
4678 5001 4784 4417
4268 5362 4092 4435
4806 4433 5337 4406
4784 5178 4083 4302
4745 5118 4173 4736
4295 5137 4385 4953
4889 4917 4804 4400
4532 5287 4038 4326
4724 4899 4929 4869
4735 4986 4744 4735
4747 5005 4741 4444
4575 4952 4935 4548
5139 4668 4975 4218
4386 3789 5468 4189
4413 5088 4473 5135
4518 5025 4620 4992
5032 4761 5049 4210
3888 5289 4398 4461
4448 5283 4185 4463
5005 4958 4246 4500
4611 4910 4833 4850
4853 4682 5137 4544
