45 4
3795
292 192 129 166 18
31 143 223 178 48
189 237 177 223 158
282 83 73 87 284
151 80 54 229 17
187 281 75 263 137
264 88 161 225 254
179 88 229 234 266
110 124 36 119 179
193 102 262 266 188
79 249 100 265 178
116 152 291 23 248
128 286 36 122 44
289 133 132 52 67
98 161 23 265 279
202 290 81 296 89
102 207 38 34 172
215 150 25 40 5
272 299 291 140 121
35 262 86 298 14
285 96 174 8 193
153 42 184 67 38
272 168 245 143 201
249 190 183 273 229
188 78 229 12 218
182 178 180 268 177
26 253 105 199 93
298 184 135 15 83
5 286 250 82 261
284 32 152 299 5
81 20 215 10 163
133 192 42 145 292
51 170 245 155 201
170 285 217 5 132
1 10 251 83 223
212 199 254 64 199
92 145 51 139 154
214 271 178 88 248
170 138 250 247 125
283 118 243 200 122
75 200 263 26 116
187 71 15 273 134
213 197 278 97 36
265 11 139 143 98
87 14 68 169 260
2413
5099 4797 4949 4710
5395 4753 4794 4704
4909 5261 4367 4804
5123 4785 4841 4920
4759 4847 4861 4842
5355 5084 4579 4597
4697 5017 4206 5255
5063 4591 5016 5051
4610 4581 5089 4997
5255 4847 4575 5113
4498 4800 4787 5116
5034 4625 4238 5362
4815 4894 4897 4758
4731 5034 4393 5186
4698 4453 5194 5055
4793 4247 5311 4876
5223 4864 4822 4698
5363 4611 4961 4617
5054 4850 4820 4934
4897 4894 4640 5165
4963 4223 5358 4156
5087 4713 4958 4879
5415 4747 4792 4656
5265 4715 4950 4511
4441 4537 5263 4708
5184 4994 4443 5046
4904 4122 5317 4900
5016 5334 4006 4530
4611 4446 5001 5202
4988 4721 4872 5055
4786 5377 3995 4518
4878 4927 4686 5027
4402 4550 5243 4675
4853 4973 4685 4902
5010 4691 4837 5170
4527 5307 4204 4892
5490 4714 4681 5049
5003 4695 4951 4948
4780 4690 5140 4642
4330 4467 4415 5484
4898 5022 4325 5220
5171 4721 4973 4759
4670 4601 5150 4985
4636 5285 4456 4432
4892 4809 4956 4796
4405 4397 5381 4267
4818 5116 4687 4376
4722 4692 4800 5221
5026 4612 4598 5257
5325 4709 4964 4551
4780 5019 4121 5248
5144 4554 4996 4983
5054 4596 4959 5117
4831 5051 4604 4932
5143 4507 5136 4836
4731 4420 4727 5362
4542 4979 4741 4837
4750 4608 5165 4774
5547 4927 4310 4514
5267 4282 4889 5128
4947 4890 4918 4161
5208 5010 4508 4796
4931 4454 5233 4373
4945 4363 5082 5090
4590 4466 5358 4564
4692 4451 4736 5358
5260 4883 4787 4672
5188 5150 4328 4959
4664 4638 5180 4673
4919 4475 4590 5320
5294 4812 4742 4984
5074 4796 4927 4724
4856 5184 4444 4817
4636 4762 4782 5219
4586 4579 5219 4710
5261 4983 4289 5051
5310 4864 4526 5106
5093 4847 4572 5248
4969 4781 4764 5139
5000 5341 3898 4186
5310 4973 4615 4465
5161 4744 4908 4904
5514 4684 4733 4530
5112 5107 4618 4723
4612 4864 4734 5086
4558 4525 4934 5233
5210 4944 4165 5077
5161 5111 4416 4731
4806 4899 4840 4824
4974 4879 4861 4799
4578 5136 4314 5102
5106 4699 4950 4951
4818 5031 4621 4924
4926 5017 4638 4951
5212 4896 4657 5066
5061 4864 4819 4833
4639 5180 4559 4511
4792 5265 4406 4380
5209 4840 4728 4967
4629 4843 4664 5212
5097 4161 5266 4667
4720 4375 5275 5025
4686 4508 5205 4814
4830 4297 5376 4272
4560 5166 4566 4428
4630 5296 4183 4928
4565 4564 5199 4735
5011 4198 5325 4734
4956 4445 4780 5238
5011 5246 4027 4878
4881 4470 5057 5049
4914 4917 4692 4938
4681 4902 4854 4769
4960 4843 4771 4945
5154 5112 4483 4753
5114 4619 4847 5135
4666 4663 5137 4657
5250 4843 4291 5199
5288 5030 4494 4809
5041 4876 4706 5174
4624 4564 5270 4213
5109 4746 4924 5036
5020 5085 4467 4978
5107 4512 5136 4620
5132 4812 4739 5119
5050 4237 5247 4869
5211 4365 5219 4657
4973 4925 4911 4737
4225 5207 4513 4549
4527 5471 3791 4295
5095 4313 5259 4688
4530 4570 5293 4461
5107 4770 4957 4873
4612 5137 4179 5192
5377 5061 4355 4517
4998 4859 4864 4765
4816 4592 4783 5279
4232 5462 3656 4403
4383 4787 5152 4162
5091 4966 4491 5065
4907 5080 4650 4859
4806 4009 5490 4282
4878 4559 5010 5175
4857 4942 4899 4529
4664 4366 5349 4776
4895 4866 4950 4774
5404 4600 4990 4752
4751 4262 5479 4358
4415 5254 4390 4787
4771 4851 4998 4412
5152 5238 4328 4678
4747 4801 4959 4919
4735 5006 4793 4417
4754 5370 3913 4784
4535 4949 4675 5048
5248 4966 4602 4583
5004 4822 4834 5077
5297 4971 4270 4988
4461 4134 5476 4619
5120 5103 4387 4999
5087 5108 4480 4953
4743 4622 5219 4376
5044 4577 4667 5289
5199 4771 4687 5161
4663 5375 4113 4443
4173 4727 5162 4159
4726 5032 4710 4860
5154 4972 4625 4831
5083 5190 4169 4791
4449 4330 4535 5450
5424 5052 4361 4655
4634 4707 4955 5169
4739 5267 4339 4755
5057 5063 4635 4871
5477 4687 4753 4782
4771 5085 4390 5132
5112 4802 4836 4956
4714 5090 4296 5164
5293 5090 4373 4980
5067 5035 4681 4348
5066 4690 5085 4596
5084 4878 4839 4687
4954 4936 4778 4853
4750 4866 4782 4985
4420 5021 4824 4314
4573 5431 3957 4302
5068 5159 4383 4825
4756 4803 4777 5090
4801 5276 4349 4517
4781 4965 4517 5223
4997 4976 4771 4845
5172 4923 4675 4931
4533 5001 4715 4845
4721 4180 5504 4490
4786 4846 4856 4978
4459 4598 5241 4585
4695 4703 5135 4660
4748 5273 4372 4707
5019 4426 4846 5279
5037 5148 4425 4559
5144 4843 4873 4539
4478 5347 4275 4759
4684 4848 4900 4838
4675 5079 4710 4348
5259 4849 4324 5151
5367 5013 4378 4719
5010 4909 4690 5032
5048 4719 4409 5284
4930 4352 5264 4985
4997 5142 4420 4771
4942 4551 5141 4917
5392 4809 4750 4571
5126 4838 4813 4974
4473 4353 4878 5316
4892 4673 4169 5335
5146 4579 4953 4967
4521 4869 4934 4745
4524 4992 4629 5028
5086 5176 4399 4377
4952 5026 4684 4621
4606 4424 5287 4867
4798 5365 4000 4322
4883 4707 5032 5015
4408 4708 4320 5428
5083 5034 4598 4758
4410 4551 4333 5431
5048 4943 4726 4829
4764 4820 4953 4854
4698 4963 4602 5230
4542 5467 3680 4175
4819 4779 5087 4280
5069 4607 5145 4624
4766 5053 4711 4682
4980 4696 4968 4905
5049 4865 4682 5086
5224 4705 5010 4762
4928 5104 4300 5088
4647 4335 5000 5208
4687 5244 4181 4994
5019 4932 4758 4883
5224 4893 4569 5168
4923 5073 4630 4731
5127 4847 4663 5112
4941 4823 4581 5194
4662 5231 4475 4076
5052 4620 4992 4954
4821 5097 4694 4534
5143 5034 4592 4809
4674 4797 5076 4351
5071 5110 4568 4760
5519 4849 4732 4818
5241 4892 4802 4859
5041 4565 5113 4927
5089 4689 4925 5042
5498 4683 4556 5007
4446 4879 4960 4479
4540 4132 5564 4491
4834 4737 4963 4896
5125 4546 5149 4437
5008 4933 4723 4869
4527 4628 5164 4825
5219 5094 4491 4939
5077 4569 5163 4342
5006 4991 4236 5193
4500 5192 4612 4236
5145 4837 4893 4636
5200 4681 4875 4923
4885 5353 3883 4678
4177 4480 5342 4050
4787 4472 5227 4866
5150 4993 4578 4956
4635 5439 3834 4539
5168 4672 4952 4923
4799 4561 4922 5303
5047 4749 5040 4662
4944 4226 5378 4541
5145 5177 4064 4809
4684 4460 5335 4316
4878 4616 5093 4780
5057 4869 4686 5046
4705 5040 4569 5027
5234 5059 4527 4616
4457 4804 4877 4989
4980 4421 5303 4896
5080 4319 5222 4737
5015 4759 4759 5249
4583 4916 4660 5090
4808 4802 4843 5016
4213 5149 4624 4259
4963 5269 4041 4783
4604 5076 4547 4975
4987 4635 5042 4980
4775 4787 5053 4607
4798 4956 4734 4909
4906 4900 4673 5117
4401 4965 4871 4175
4977 4701 5009 4767
4835 5190 4406 5061
4860 5332 4152 4541
5363 4902 4585 4895
5129 4840 4910 4576
4906 4521 5312 4684
4722 4384 5386 4561
5376 5019 4411 4671
5269 5127 4286 4968
4454 4902 4980 4293
4945 5065 4701 4362
5344 4761 4771 4898
5016 5272 4008 4315
4681 4831 5009 4402
5073 5042 4537 4889
4678 4976 4538 5187
5343 4942 4654 4986
4876 5015 4695 4872
4664 5047 4712 4765
5018 4334 5224 4642
4890 4368 4938 5302
4775 4966 4668 4951
5054 4963 4779 4746
4878 4847 4956 4839
5094 4448 4612 5259
4639 5033 4663 4898
5391 4761 4691 5117
5114 5016 4531 5044
5086 4731 4969 4823
5376 4750 4798 4611
5174 5043 4513 4807
4857 4605 5199 4680
4761 4928 4898 4573
4366 4795 5042 4532
4297 5463 3922 4163
5185 5074 4503 4743
5127 5026 4701 4458
4604 4764 4982 4891
4677 5278 4313 4694
4643 4746 4911 5052
4513 4837 4994 4591
4855 4882 4556 5233
4892 4963 4776 4881
4619 4562 5168 4854
4544 5180 4482 4872
5165 4671 4235 5282
4940 5239 4435 4599
5259 4932 4781 4405
5290 5055 4451 4793
4981 4980 4641 5071
4917 4910 4710 4908
5188 4759 4835 5061
4521 4145 5424 4494
5307 4707 4925 4755
4921 5249 4372 4608
5474 4923 4392 4924
4856 4901 4783 4903
4191 5466 3841 4039
5179 4569 5129 4814
4885 4334 5018 5231
5088 4830 4849 4957
4924 5180 4450 4539
5228 5012 4474 4965
4789 5129 4764 4272
5185 4957 4484 4979
4752 4916 4764 4958
4808 4990 4279 5222
5009 5050 4406 5147
5119 5026 4562 4814
5250 4432 4897 5070
4491 5186 4579 4284
5452 4693 4769 4706
4880 5102 4660 4572
5104 5110 4540 4674
4895 5318 4153 4262
4624 4753 4065 5429
4349 5497 3815 4263
5488 4738 4714 4886
4463 4822 5080 4288
5584 4663 4614 4716
4763 5098 4584 4850
5093 4659 5013 4842
5162 5044 4376 5060
5023 4792 4615 5245
4728 4535 5169 4923
4694 4129 5482 4492
4799 4524 5244 4676
4632 5290 4360 4499
5418 4599 4638 5060
4661 4890 4973 4207
4973 5173 4527 4271
4853 4614 5027 5091
5173 4697 4940 4922
4581 4622 5216 4511
5149 5136 4341 4834
5404 4780 4692 4903
5219 5180 4257 4449
4250 4716 5198 4258
4902 5131 4387 5052
4993 4307 5260 4771
5039 4988 4675 4819
4709 5200 4168 5032
5090 5097 4513 4853
5075 5184 4337 4618
4898 4616 5009 5169
5219 4919 4303 5099
4783 5259 4373 4428
4363 5075 4748 4403
4995 4795 4936 4878
5514 4573 4428 4889
5024 4942 4863 4395
4723 4149 5427 4485
4746 4795 4859 5032
4982 5171 4419 4770
4557 4871 4756 5018
4807 5080 4474 5012
5182 4713 5035 4518
5222 4925 4618 5010
4920 5084 4634 4685
5094 5252 4011 4677
5405 4991 4401 4892
5120 4422 4220 5288
5100 3907 5283 4673
5005 4996 4227 5212
5002 5160 4457 4686
5162 5153 4360 4577
4616 4540 5278 4562
5106 5011 4688 4794
5199 4446 5140 4649
4654 5150 4537 4876
5120 4723 5044 4682
4700 4109 5431 4504
5321 4714 4868 4618
5059 5088 4592 4855
4976 4359 5111 5131
5085 4996 4668 4819
4179 5161 4635 4120
4408 4579 5079 5007
5357 4692 4717 4966
4757 4403 5354 4532
4788 5123 4664 4385
5410 4744 4648 4911
5039 4589 5146 4764
4850 4934 4644 5151
4941 4440 4542 5340
5043 4967 4536 5089
4624 5063 4611 5018
5217 4679 4830 5084
4652 5036 4305 5314
4916 4797 4848 5006
5076 4671 4931 5198
4933 5332 4091 4537
4922 5340 4029 4778
4537 4741 4969 4916
4788 4946 4593 5191
5627 4366 4479 4329
4950 5042 4430 5116
4543 4620 5172 4860
4671 4111 5465 4579
4950 4771 4980 4888
5587 4555 4729 4696
4898 4401 4794 5298
4979 4159 5388 4571
5217 4777 4966 4743
4774 5009 4696 4955
4727 4996 4556 5065
5006 4647 5051 4876
4832 5314 4171 4370
4743 5277 4239 4833
4601 5412 4070 4450
4573 4572 4781 5283
5360 4954 4518 4858
5162 5135 4503 4567
5193 4884 4648 5170
4593 4764 5141 4122
4931 4505 5190 4892
5102 4430 4329 5264
4989 4523 5227 4677
5116 5037 4529 4914
4881 5314 4159 4471
5319 4805 4832 4981
4966 5236 4403 4981
4852 5132 4497 4838
5047 4840 4725 5102
4845 4686 5120 4672
5226 5036 4507 4802
4817 4554 5202 4734
4623 4704 5090 4807
4914 4144 5403 4673
4786 4842 4641 5197
5292 4433 4710 5138
5148 4821 4243 5224
4503 5001 4835 4266
5122 4871 4521 5193
5186 4798 4718 4997
5040 4927 4689 4892
4859 5356 3915 4296
4558 5287 4417 4410
4795 4816 5000 4268
5191 4826 4883 4772
4925 4820 4965 4458
5021 4421 5235 4503
4537 5298 4330 4644
4886 4871 4948 4490
5384 4515 5117 4946
4991 4350 5298 4476
4758 4540 5058 5081
4827 4980 4342 5213
4481 5010 4834 4379
4807 4574 4562 5408
4679 4335 4771 5343
4986 4928 4553 5153
4789 5266 4229 4969
5029 4966 4706 4798
5092 4322 5011 5145
4860 4746 4847 5190
4384 5393 4131 4448
4538 5016 4723 4759
4741 5289 4243 4874
5353 4881 4640 4956
5291 4692 4780 5108
4913 5044 4669 4787
5355 4716 4746 4937
5151 5057 4612 4623
4871 4713 4947 4943
4655 4954 4867 4616
5023 4389 5235 4639
5001 5118 4513 4840
5303 4759 4876 4381
4601 4592 4669 5381
4647 4948 4167 5344
4826 3993 5434 4501
4548 5322 4224 4867
4954 5037 4526 5049
5107 4405 5108 5051
4847 4892 4697 5086
5523 4458 4803 4376
5481 4979 4570 4839
5154 4748 4637 5191
4337 5195 4429 4824
5176 4951 4451 5027
5182 4456 4993 5049
5156 4700 4876 4935
4635 4894 4861 4769
4646 5312 4246 4673
5034 4662 4967 5090
5166 5046 4125 5098
5253 4469 5120 5026
5026 5210 4392 4537
4675 5374 4047 4676
4677 4665 5146 4558
4687 4915 4948 4549
4546 4279 5405 4394
5369 4536 5059 4527
4826 4971 4557 5139
4326 4758 4880 5069
4757 5369 4090 4195
4544 4955 4708 5000
5194 4623 5035 4894
5331 4856 4805 4454
4932 5099 4396 5021
5496 4710 4772 4588
5343 4576 4897 4924
4642 5381 4075 4687
5321 5004 4524 4958
4959 4405 4611 5372
5200 4979 4472 4977
4941 4651 5071 4846
5377 4523 4519 5153
5180 4631 4776 5250
4730 5007 4791 4401
4257 4524 5328 4260
4630 4977 4801 4637
5209 5144 4366 4715
4410 4086 5491 4617
4412 4574 5175 4940
4627 5279 4423 4480
4395 5155 4661 3986
4738 4947 4703 4977
4827 4523 5224 4812
4789 4790 4834 5120
5063 4423 5218 4889
5502 4635 4771 4686
4763 4688 4710 5348
4961 4268 5323 4608
4954 4541 4320 5415
5036 4852 4863 4771
5171 5050 4409 5012
4528 5119 4548 4870
4955 4762 5015 4877
5119 5050 4530 4889
5222 4444 4268 5263
4364 4797 5117 4407
5157 5139 4370 4693
5375 4683 4900 4430
4660 4650 5128 4908
4510 5254 4467 4426
5484 4927 4637 4876
4796 4284 5377 4773
4737 4605 5153 4785
4686 4764 4725 5298
5062 5255 4337 4717
4886 4534 5248 4641
4486 4313 5398 4554
4856 4075 5409 4369
4924 4854 4803 4985
4440 5333 4337 4484
5410 4741 4865 4926
5266 5051 4461 4752
5143 4733 4105 5254
4667 4713 5117 4628
5092 4761 4742 5173
5124 4862 4846 4811
4942 5261 4339 4718
4721 5008 4552 5066
5231 5082 4496 4743
4901 4977 4703 4856
5279 4977 4560 4849
4354 4395 5370 4557
5175 4763 4657 5166
5551 4567 4748 4759
4879 4645 4840 5250
4774 4737 4865 5058
4973 4732 4795 5140
4563 5083 4690 4713
4426 5028 4807 4484
4608 4742 4894 5121
5269 5040 4431 4818
4689 4287 5309 4765
4801 4264 5422 4437
4758 4600 4572 5378
4660 5049 4088 5253
5392 4416 5005 4561
4511 4136 5419 4698
4611 4704 5191 4379
4443 4513 5230 4871
5321 4607 4840 5049
4907 5064 4260 5160
5324 4552 4731 5025
5218 4674 4895 5002
5085 4915 4679 4941
4258 5000 4862 4206
5183 5049 4546 4759
4734 4096 5387 4720
5325 4979 4426 4936
5150 4837 4854 4637
4488 4903 4612 5227
4912 4608 5168 4639
4725 5383 3990 4680
4835 5283 4220 4626
5150 4921 4803 4482
4833 4638 4993 5104
4455 4359 5392 4609
4966 5332 4063 4451
4531 5160 4569 4374
4777 4451 5282 4927
4775 4680 5161 4407
5172 4845 4660 5120
4867 5040 4572 4892
4477 4434 4173 5491
5489 4647 4783 4868
4800 4780 5047 4373
5265 4726 4874 4984
5046 4803 4885 4848
5080 4833 4823 4826
4759 5047 4789 4404
5053 4948 4446 5126
4800 4932 4701 5072
4956 5171 4467 4550
4846 4933 4720 5004
4604 4142 4971 5253
4853 4896 4941 4409
5196 4539 5133 4928
4986 5096 4583 4818
5054 5161 4227 4794
5122 4779 4741 5033
5282 4660 4401 5164
4669 3765 5541 4311
4164 4204 5496 4400
4628 5205 4353 5013
4794 4697 4631 5346
5150 4805 5019 4550
5228 5134 4429 4706
5101 4820 4836 4841
4522 4990 4923 4156
5170 4759 4373 5252
4925 4881 4829 4810
5063 4649 4187 5307
5214 5032 4605 4182
4604 5185 4531 4492
5234 5165 4097 4852
5242 4962 4651 4557
5045 4839 4917 4552
4818 4444 4914 5253
5201 4659 4216 5219
4948 4766 4744 5164
4485 5180 4489 4711
4752 4633 5122 4758
4599 4928 4895 4708
5340 5127 4336 4609
4887 4355 5323 4554
5160 5019 4419 5076
5333 4746 4781 4822
4739 5135 4497 4838
4585 4892 4918 4690
5272 4370 5027 5098
4714 5046 4602 4979
5127 4969 4618 4853
4800 4868 4725 5064
4642 4609 5207 4503
5221 4888 4855 4535
4435 4483 4716 5337
5202 4955 4439 5140
4959 4649 5028 5009
5208 5168 4129 4470
5028 4337 4807 5232
4776 5034 4653 4939
5049 4894 4267 5191
4723 4893 4797 4897
4443 4935 4880 4540
4739 5264 4286 4890
4319 5396 4221 4311
4782 4689 5054 4848
5072 4630 4972 4934
5186 4835 4848 4783
4867 4556 5145 4813
4892 4746 4618 5325
4851 5326 4119 4589
4609 5245 4410 4663
4567 4540 5166 4898
4805 5264 4134 4851
4497 4583 5292 4088
4982 4754 4733 5303
4552 5247 4266 4971
4400 4574 5276 4512
4594 4378 4930 5297
4726 5425 3927 4215
4689 5265 4396 4676
4682 4505 5113 5046
4516 4972 4720 4857
5278 4517 4868 5001
4751 5424 4068 4511
5154 5217 4002 4576
4777 4591 4957 5188
4921 4779 4866 5030
4506 5112 4725 4431
4954 5326 4129 4293
4611 5244 4487 4321
5178 5010 4531 4886
4977 5067 4653 4732
4773 5268 4204 4845
4822 5284 4058 4893
4909 4748 5048 4619
4436 5334 4308 4592
5061 5064 4559 5018
5467 4677 4818 4753
4484 5069 4697 4630
4716 4616 5090 4915
4914 4885 4857 4851
5179 4635 4973 4867
4907 4235 5364 4522
4869 5379 3910 4511
4694 4599 5239 4525
5050 4655 4947 4962
4697 4935 4918 4387
4825 5239 4436 4529
4679 5281 4366 4637
4848 4909 4687 5167
4782 5394 3930 4558
4943 5301 4054 4489
4511 4848 5056 4204
4775 5385 3933 4759
4616 5384 4107 4305
4665 4888 4900 4829
4819 5072 4737 4550
5032 5261 4047 4853
5108 5123 4493 4617
4884 5049 4671 4557
4763 5339 4203 4324
5049 4314 5259 4273
4617 4359 5395 4474
5029 5068 4322 5140
5138 4779 4878 4871
5157 4920 4692 4868
5252 4695 5028 4794
4870 5261 4044 4988
4862 5080 4390 5106
4549 5296 4367 4253
4630 5027 4630 4946
5081 5224 4418 4489
5142 4360 4350 5316
4724 4632 5184 4621
4545 5044 4037 5298
5173 4385 5202 5079
4669 5087 4725 4429
4598 4892 4620 5240
4577 5277 4480 4401
4928 4993 4605 5114
4922 4828 4593 5193
5012 4966 4799 4303
4907 4671 5118 4767
4975 4965 4691 4874
4623 4763 5062 4553
4659 5065 4756 4408
4746 4956 4847 4511
4490 5335 4280 4563
4601 4528 5155 5037
5035 4481 5084 5002
5041 4729 4987 4745
4951 5119 4623 4626
4573 4834 5029 4400
4274 4311 5452 4610
4897 4746 4949 4899
5034 4876 4896 4608
5209 5016 4608 4683
5070 4613 4219 5299
5338 4801 4792 4819
5172 4691 4840 5035
5459 4971 4273 4853
4611 4844 5017 4270
4888 5177 4442 5018
5142 4729 4779 5184
4436 4721 5141 4456
4458 4646 5269 4412
4871 4927 4876 4461
5320 4918 4694 4883
4616 5226 4486 4631
5296 4677 4918 4956
4663 4532 4267 5448
5014 4900 4862 4621
4717 4866 4810 5071
4848 4848 4872 4793
4672 4848 5001 4410
4991 4792 4844 5110
5074 4121 5270 4686
4592 4442 5325 4727
5368 4755 4785 4757
4815 5189 4234 5086
4723 4830 4829 4999
4860 4828 4766 5175
5145 4466 4952 5131
4812 4879 4858 4934
4390 5183 4602 4489
4941 5222 4448 4737
4303 5266 4474 4512
5063 5145 4393 4941
4835 4663 4950 5088
5272 5103 4453 4486
4621 4870 4767 5038
4740 4835 4794 5051
4856 4589 5045 5060
5210 5088 4458 4987
4906 4653 4468 5356
5141 4482 5179 4852
5084 5139 4431 4697
5243 4863 4811 4278
4658 4674 5161 4745
5008 4964 4576 5072
5512 4716 4588 4929
4702 5187 4564 4434
5115 4629 4978 4957
4183 5303 4377 4115
4668 5020 4629 4952
4892 5199 4174 5016
5228 4839 4808 4629
5382 4611 4657 5123
4651 5411 3960 4664
4931 4911 4602 5160
5093 5225 4199 4764
5140 5065 4550 4864
5362 4979 4475 4842
4634 4556 5205 4805
5084 5073 4558 4766
4795 4872 4592 5190
4723 5266 4261 4766
4327 4338 5420 4304
4882 5127 4617 4556
4187 4763 5139 4177
4567 4397 5384 4132
4985 5214 4482 4410
5047 5126 4506 4840
4830 5122 4621 4534
4617 4795 4828 5081
5261 5023 4611 4320
5202 5034 4106 5035
4988 4673 4977 4954
4964 5316 4074 4464
5114 4911 4824 4734
5028 5077 4634 4589
5334 4456 4784 5005
5014 4562 4555 5322
4832 5000 4682 4905
5295 5042 4453 4662
4854 4654 5128 4430
4446 5231 4483 4481
4652 5103 4401 5146
4952 4960 4811 4690
5358 4743 4842 4533
4737 4810 4999 4428
4890 4680 4901 5081
4646 4475 5284 4813
4756 5174 3952 5165
4891 5220 4505 4658
4887 4159 5235 5030
5283 4921 4419 5079
4841 5271 4192 4778
5222 4777 4927 4744
4907 4772 5081 4456
5103 4876 4533 5192
4799 4685 5101 4740
4707 5065 4526 5011
4414 4693 4075 5426
4992 4488 5143 4859
4876 4903 4824 4763
5212 5152 4250 4791
5150 4721 4875 4920
4617 4214 5423 4454
4941 4859 4768 5037
5377 4659 4867 4593
5420 4599 4825 4741
4671 5006 4609 4987
5077 5024 4758 4379
4626 4426 5350 4367
4682 4452 5116 5066
5270 4965 4400 4984
5076 4772 4894 4887
4529 4604 5131 4988
4689 5335 4011 4909
4571 5316 4307 4378
4538 4468 5335 4171
4562 4574 5279 4377
4854 4876 4826 4919
4785 5124 4487 4974
5155 4801 4901 4742
5272 5075 4353 5005
4917 5049 4712 4498
4811 4505 5144 4997
4975 4468 5000 5135
4993 4819 4969 4715
4459 5072 4406 5131
4914 4773 4986 4742
4592 5372 4132 4683
4666 4811 4999 4673
4767 4795 4957 4871
5099 4485 5211 4867
4819 5377 3967 4432
5483 5004 4527 4823
5384 5117 4148 4518
5060 4780 4886 4852
5186 4815 4703 4985
4932 5216 4415 4785
4702 5074 4491 5022
4133 5153 4642 4120
4613 4680 5158 4542
5222 4464 5157 4562
5126 5116 4104 5046
5223 5087 4576 4410
4902 4894 4601 5166
5060 4520 5044 4996
4760 4888 4977 4468
5313 4752 4850 4900
5181 4545 5096 4977
4781 5049 4661 4853
5243 4991 4398 5027
4628 5174 4500 4810
4434 4993 4724 4810
4857 4996 4788 4795
4628 5271 4226 4944
5309 5116 4378 4343
4936 5009 4699 4820
4844 5360 4026 4416
4786 4762 4911 5009
4574 4994 4572 5107
4672 5426 3980 4639
4681 5193 4526 4678
5280 4677 4857 5062
5615 4910 4607 4770
4374 5161 4623 4230
5386 4742 4822 4669
4099 4656 5201 4416
4724 4360 5353 4724
4856 4811 4548 5309
4668 5012 4740 4708
4970 4865 4966 4428
4702 4917 4874 4744
4977 5020 4413 5092
5001 5074 4627 4611
4896 4640 5042 5006
5355 4684 4911 4850
4868 5264 4317 4841
5102 4622 4935 5033
5496 4861 4522 4952
5487 4671 4816 4705
4876 4640 5126 4617
4783 5082 4302 5234
4252 4741 5155 4242
4989 5055 4658 4536
5287 4553 4641 5140
4913 4735 5051 4768
5459 4467 4688 4995
4610 5418 4103 4402
4334 4609 4157 5479
5661 4678 4474 4620
4866 4846 4829 4956
4797 4709 5134 4577
5151 4345 4975 5117
5150 5035 4389 5037
5281 4953 4527 5012
4959 5022 4664 4897
5022 4973 4498 5333
4969 5070 4641 4695
4642 4716 5099 4703
4821 4580 5217 4650
5096 4866 4887 4444
4581 4773 4966 4875
5079 5133 4588 4574
4597 4939 4957 4321
4589 5424 4065 4646
4793 4976 4650 5093
4801 4386 5139 5102
4741 5401 4073 4296
4801 5269 4038 4918
4949 5259 4132 4860
5113 4888 4666 5031
5205 4993 4649 4299
5400 4800 4647 5000
4909 4583 5109 4922
4788 5022 4701 4696
5004 5106 4565 4960
4874 4343 5338 4736
4708 4676 5104 4824
4818 5003 4614 4964
4990 4288 5268 4601
4520 4877 4959 4489
4938 4451 5294 4531
4770 5327 4276 4352
4247 5475 3767 4288
4772 5020 4758 4568
5360 4482 4863 4976
5019 4759 5022 4630
4955 4124 5328 4610
5166 5004 4597 4728
5012 5036 4636 4733
5400 5023 4401 4712
4914 4611 4299 5363
5170 5053 4305 5030
5065 4378 5253 4437
5141 5029 4356 5085
4980 4950 4829 4722
4811 5222 4216 5007
5454 4669 4736 4869
5196 5051 4393 5032
4878 4991 4662 5035
4738 5013 4517 5118
4556 4508 4768 5318
5136 4954 4661 5072
4884 4803 4882 4983
5517 4781 4385 4866
5070 4637 4957 4973
5095 4933 4797 4850
4594 4739 5113 4608
4802 5043 4699 4609
4991 4825 4524 5273
5316 4519 4702 5079
4835 4747 5094 4718
4502 4966 4726 4904
4623 4895 4810 4847
5130 4829 4352 5200
5082 5048 4601 4782
5128 4949 4811 4511
5274 4721 4931 4918
4810 4813 4771 5117
4939 4848 4840 4936
4929 5090 4667 4637
4483 4469 5324 4658
5018 5157 4440 4746
4823 4556 5184 4813
4725 4785 5110 4528
4738 5032 4769 4429
5228 5186 4290 4401
4732 4999 4849 4612
4326 4204 5499 4265
5195 4839 4836 4715
4744 5103 4623 4752
4667 5327 4266 4648
5378 5044 4368 4655
5101 4461 5178 5030
5202 4626 4989 4883
5060 4505 5221 4843
5255 5159 4135 4608
4904 4435 5087 5082
4722 5018 4815 4489
5066 4442 4348 5327
4882 4825 4990 4370
5355 5123 4225 4489
4705 4667 4933 5139
4696 4477 5227 4892
4861 5053 4788 4321
4498 5176 4575 4592
4657 4900 4596 5271
4493 4640 5175 4686
4854 5093 4614 4902
4987 4964 4828 4621
4845 4363 5332 4256
4533 4973 4708 4885
4669 4689 5084 4791
4983 4865 4827 4814
4987 5164 4568 4806
5422 4940 4742 4858
4647 5427 3839 4343
4519 4880 4996 4358
4621 5465 3768 4047
4857 4273 5348 4686
5069 4944 4845 4473
5302 5096 4406 4932
5210 4913 4270 5147
4912 4921 4539 5169
4642 4182 5416 4618
4649 4930 4838 4787
5035 4168 5314 4820
5464 4733 4774 4620
4971 5258 4315 4612
4618 5240 4467 4597
5224 5140 4255 4595
5121 4649 5031 4874
4352 4492 5320 4493
5282 4653 4824 5225
4676 5333 4299 4600
4544 4669 4147 5482
4719 4818 4971 4776
4373 4507 5340 4468
5143 5232 4295 4726
4715 4764 4756 5202
5350 4933 4573 4919
4900 5255 4334 4852
4864 4888 4589 5185
4907 4500 5250 4559
4790 5271 4229 4809
5006 4549 4915 5217
4992 4692 5086 4586
4802 4419 5314 4687
5013 4575 5095 4895
4371 5011 4856 4491
4826 4638 5183 4538
5056 4927 4826 4730
5026 5113 4345 4978
5185 5009 4776 4666
5503 4956 4346 4759
5408 4711 4879 4544
5049 4756 4992 4629
4757 5131 4445 5098
4958 5182 4051 5029
4632 4901 4843 4799
5298 4954 4664 4937
5387 4593 4900 4806
5497 4809 4505 4856
4986 4605 5230 4631
5153 5033 4579 4786
5362 5065 4466 4637
5152 5105 4383 4779
5260 4715 4694 5197
5143 5145 4440 4576
4547 5022 4756 4711
5026 4844 4956 4454
5079 5042 4461 5067
4421 5013 4799 4570
4991 5335 3865 4234
4777 4517 5155 4858
5112 4770 4918 4874
4192 4459 5400 4469
4685 4205 5162 5187
5067 4919 4888 4489
4415 4296 5435 4500
4592 4714 5156 4624
5023 5084 4644 4389
4775 5042 4678 4683
4754 4714 5159 4489
5064 4714 5118 4433
4839 5131 4707 4351
4386 4809 5042 4454
4829 4713 5120 4493
5193 5172 4240 4590
4725 4765 4551 5389
4794 5046 4575 4957
5257 5045 4428 4800
4995 5274 3901 4753
4726 4950 4791 4875
5286 4831 4272 5136
4975 4950 4868 4721
4572 4583 5260 4628
4870 4627 5117 4868
4997 4892 4826 4876
5233 4668 4932 4953
5090 4785 4775 5010
4666 4614 5147 4836
5312 4993 4581 4821
4751 5168 4475 4786
4731 4963 4574 5144
5054 5199 4177 4881
5263 4992 4531 4918
5042 4651 4943 5002
4373 5009 4781 4616
4873 5060 4568 5040
5000 5044 4373 5195
4984 4691 5064 4838
5166 4393 4604 5286
5091 4514 5142 4841
5077 4490 5048 5110
4386 5149 4628 4034
4843 4650 5170 4353
4667 4713 4826 5191
5007 5262 3906 4557
5291 4740 4925 4853
4807 4204 5309 4775
5341 5050 4446 4662
4748 4892 4749 5030
5174 4636 4971 4851
4928 4839 4785 5029
4969 4930 4815 4804
4935 4762 5099 4488
5039 4713 4376 5332
5149 4660 4499 5221
5187 5006 4503 4813
4640 4633 5240 4340
5009 4222 5358 4571
5151 4916 4315 5166
4981 4507 5133 4971
5438 4662 4321 5100
5162 4894 4714 4987
4777 4623 4792 5275
4680 4361 5087 5121
4773 5362 4198 4539
4782 5001 4792 4691
4889 4951 4534 5250
5338 4968 4388 4917
4672 5254 4470 4291
4436 4311 5455 4475
5005 4908 4664 5152
4906 5347 3921 4434
5146 4983 4442 5058
4414 4799 5060 4486
5179 4907 4804 4764
4901 4808 4771 5091
4641 4594 4137 5420
5095 5158 4277 4757
5010 4436 5182 4932
4679 4550 4986 5214
5098 4842 4854 4607
4815 5026 4779 4430
5112 4935 4857 4571
5338 5102 4379 4625
4850 5253 4391 4773
5123 4635 5051 4226
4308 5288 4386 4143
4508 4648 5212 4491
4823 5267 4094 5059
5365 4878 4552 5058
5009 4662 5090 4700
4717 4709 4870 5162
4982 5215 4305 4999
4340 4937 4906 4367
4959 5048 4463 5068
5140 4956 4584 4959
5097 4909 4764 5013
4918 5192 4321 5054
5284 4478 5041 5024
4960 4468 5145 4921
4673 4136 5422 4563
5227 4532 4406 5233
5166 4889 4810 4920
5003 5209 4343 4755
4868 4651 5150 4705
4552 4640 5246 4164
4928 4006 5340 4717
4781 4732 4854 5107
5021 4907 4499 5141
4798 4843 4768 5080
5115 4625 4947 5022
4862 4018 5416 4531
5063 4950 4674 4862
5142 5229 3997 4772
4842 4961 4833 4802
4876 4895 4781 4855
5364 4955 4442 5005
4770 5226 4556 4431
5403 5058 4323 4899
5445 4921 4422 4944
5023 5074 4500 4878
4711 4618 5233 4460
4884 4266 5337 4430
4410 4803 5054 4420
5303 4891 4657 5040
4713 5377 4056 4522
5303 4740 4907 4676
5156 4753 4873 4915
4809 4807 5041 4803
4937 5110 4333 5040
5498 4686 4739 4751
4566 4358 5042 5199
4915 5024 4755 4514
5175 4738 4433 5191
5048 4779 4852 5011
4741 5355 4116 4805
4726 4559 5202 4760
4842 4879 4914 4817
4658 5287 4328 4881
4886 4779 4849 5146
5253 4785 4940 4502
4696 4954 4904 4432
4596 4916 4653 5077
5020 4997 4531 5170
4634 4284 5374 4908
5067 4207 5251 4983
4950 4711 5035 4815
4752 4661 5035 5095
4901 5117 4680 4547
4899 4686 4934 5033
4742 4523 5249 4584
4378 4507 4197 5458
5266 5004 4591 4685
5116 4967 4475 5085
5095 5175 4121 4730
4749 5150 4614 4515
4864 4841 4719 5118
4732 4454 5059 5145
4621 4922 4747 4923
4907 4607 5142 4759
4662 5021 4780 4680
5357 5029 4348 4680
4951 5266 4232 4834
4979 5004 4674 4908
5149 4964 4831 4486
4632 5356 4233 4430
4855 5050 4586 4898
4537 4315 5409 4264
4559 4949 4745 4951
4715 4890 4843 4908
5082 4853 4882 4703
5617 4515 4488 4434
4698 5131 4452 4937
5065 4250 5289 4688
4679 4855 5042 4239
4517 4855 5039 4374
5258 5222 4157 4276
4678 4832 4832 4991
4438 4834 4573 5316
5264 4857 4679 4960
4360 4084 5548 4538
4594 5446 3977 4277
4730 5153 4455 4811
4761 5321 4243 4400
5246 4477 4522 5233
4407 4549 5274 4569
4580 5025 4687 4867
4802 5180 4131 5093
4462 4718 5144 4202
5578 4516 4773 4813
5109 5152 4240 5087
5041 4352 5241 4555
5410 4747 4831 4655
4656 5433 3872 4295
4985 5139 4611 4822
4550 4415 5361 4618
5117 4783 4383 5223
4816 5055 4654 4761
5669 4393 4341 4253
5235 4783 4901 4706
4871 5247 4429 4529
4496 4617 5206 4559
5221 5150 4300 4873
4800 4459 5193 4972
4561 4974 4702 4935
4667 4864 4867 4992
4773 4992 4706 4874
5160 4694 4928 4933
4847 5114 4436 5059
5158 4669 4971 4949
5122 4699 5011 4845
5142 4841 4700 5063
5069 4859 4680 5038
5014 5201 4405 4514
4859 4581 5166 4843
5313 4693 4909 4594
4858 4770 4880 5027
4693 4794 4791 5087
5090 4695 5025 4929
4596 4297 4293 5457
4585 5440 3944 4325
4673 5025 4738 4757
5353 4490 4265 5183
4635 4863 5008 4566
5102 4934 4673 4876
5276 4361 5199 4687
5281 4784 4920 4638
5234 5006 4530 4636
4294 5449 3551 4421
4745 4825 4992 4756
4877 4841 4856 4952
5388 5007 4416 4475
5193 5084 4576 4732
4963 4509 5176 4808
4601 4953 4852 4692
5362 4930 4485 5021
4849 5310 4160 4262
4989 4989 4785 4605
4583 5044 4299 5244
5190 4561 4843 5129
4551 4533 4336 5440
4818 4719 4883 5081
4976 5208 4449 4458
4869 5156 4599 4614
5065 4382 5034 5184
4618 5251 4443 4615
5107 5170 4437 4133
5069 4558 5155 4803
5450 4700 4742 4698
5099 4734 4611 5239
5343 4940 4422 5030
4755 5106 4488 5114
4947 5297 3915 4658
4711 5273 4141 4937
5138 5245 3876 4451
4728 4908 4805 4811
4957 5017 4554 5059
4729 5370 4164 4866
4776 3927 5515 4414
4492 4256 5086 5157
5037 4123 5349 4368
4767 4627 5159 4709
5319 4870 4559 5058
4879 4565 5110 5062
4962 4567 5025 5055
4881 4963 4703 4934
4807 5371 4033 4274
4550 4943 4712 4999
5113 5134 4430 4636
4516 4395 5373 4422
4500 4488 5318 4593
5212 4538 4968 4917
4520 4655 4772 5254
4410 4526 5305 4442
4743 5280 4223 4671
4160 4498 5319 4536
4646 5166 4582 4263
4974 4818 4625 5215
4903 4801 5018 4555
5158 4973 4549 4978
5196 5136 4368 4657
5029 4896 4812 4792
5241 4920 4606 5011
4868 5299 4362 4492
5189 4670 4732 5133
4787 5416 3842 4189
4996 4737 4966 4761
5393 4777 4827 4541
4968 4505 5058 5000
5134 4793 4671 5096
4914 4747 5079 4513
4755 4579 5032 5141
5239 4786 4641 5111
4925 4538 5051 5140
4809 5022 4535 5107
4933 5255 4306 4766
4797 4793 4788 5109
5108 4891 4222 5172
5551 4713 4707 4445
4746 5079 4590 4915
4480 4658 5194 4459
4988 4581 5197 4794
4555 5339 4350 4373
5204 4437 5175 4638
4601 4824 5047 4432
5059 5039 4602 5034
5290 5121 4324 4724
4388 4832 4630 5237
4863 4500 5056 5065
5303 4747 4364 5130
4910 4830 4709 5254
4697 4853 4999 4402
4908 4497 5279 4847
5234 4832 4555 5138
4520 4333 5386 4750
5241 4828 4826 4851
5106 5245 4149 4626
5300 4779 4881 4736
4702 5105 4344 5225
4394 5325 4344 4484
4808 4698 5100 4518
4964 4887 4800 4930
4722 4607 5199 4401
4578 4547 5279 4556
4735 4834 5032 4265
4980 4436 5126 5049
4575 4799 5072 4090
4964 4733 4980 4845
4689 4773 4896 4983
4823 4994 4649 4953
5195 4937 4772 4564
5059 5150 4297 5008
4752 5071 4566 4927
5224 5038 4582 4677
4663 5000 4578 5037
4467 4501 5317 4220
4739 5282 4143 4900
4670 5275 4333 4685
5045 4368 4552 5305
4805 4612 5210 4212
4924 5001 4412 5193
4777 5134 4448 4869
5156 4948 4592 4994
5066 4388 5134 5071
4782 5274 4237 4797
5007 4445 4393 5346
4780 4976 4835 4707
5318 5136 4079 4389
5174 4677 4268 5234
4698 4618 5133 4752
5088 5048 4494 5019
5017 4614 5151 4629
4834 4264 5394 4351
5236 4964 4535 4894
4562 5135 4236 5113
4838 5108 4403 5107
4917 4892 4853 4898
5271 5152 4243 4952
4858 4428 5240 4936
5145 5010 4559 4972
5149 4352 4948 5109
5002 5230 4399 4423
4555 4943 4673 5000
4744 5366 4053 4746
4645 5144 4504 4924
4991 4478 5262 4225
5158 4406 5144 4660
4910 4896 4582 5185
5273 4797 4722 5009
4828 4976 4667 4977
4380 3758 5515 4503
5380 4769 4745 4657
5180 4599 4941 5163
5179 4765 4406 5204
4696 4370 5335 4692
5405 4880 4357 4954
4978 4699 4845 5058
4704 5371 4023 4570
4514 4370 5416 4438
4945 5320 4096 4341
4465 5385 4002 4676
5291 4894 4745 4938
4740 4547 5282 4421
5042 4695 4823 5086
5207 5016 4556 4684
5076 5209 4282 4751
4661 5041 4723 4571
4885 5351 4036 4636
4874 4852 4860 4906
4770 4762 4774 5171
4713 5096 4641 4771
4903 4886 4616 5177
4770 4377 5218 5104
5008 4675 4516 5331
5097 4289 5226 4851
4639 4694 5209 4411
5035 4846 4933 4824
4703 4617 5164 4646
4740 5306 4223 4425
4688 5026 4740 4630
5178 5109 4476 4734
4802 4875 4956 4097
4938 4250 5306 4695
4894 5224 4131 5000
4752 5347 4178 4564
4906 5169 4524 4471
4961 4849 4871 4832
4882 5214 4472 4706
5107 5018 4275 5187
5122 5151 4402 4820
4647 4441 5370 4342
4461 4846 5113 4125
5013 4783 4792 5086
5393 4954 4741 4576
5050 5207 4385 4518
4682 4903 4786 4878
4642 4946 4709 4954
5007 4686 5123 4537
5677 4387 4492 4188
5566 4662 4643 4772
4223 5182 4556 4565
4983 4379 5232 4679
5166 5192 4084 4784
4990 4529 4301 5352
4796 5019 4713 4733
4698 5271 4429 4628
4281 4086 5460 4666
5200 5005 4665 4546
4897 5286 4285 4596
5181 4283 5244 4789
4828 4925 4743 4948
5189 4850 4625 5172
4914 4957 4628 5096
4882 4737 4795 5166
5050 4960 4687 4978
4665 4976 4836 4637
4842 4998 4536 5063
5263 4750 4907 4821
4874 4781 4549 5293
5248 4493 4843 5072
5169 5189 4039 4431
4607 4967 4520 5198
5274 4707 4953 4841
4328 4552 5244 4665
5180 4911 4679 5006
4746 5003 4384 5204
4693 4067 5452 4617
5069 5082 4493 4878
4979 5347 3860 4430
4752 4093 5443 4289
4929 5348 3970 4216
5058 4997 4371 5101
4553 4675 4180 5434
4552 4968 4669 4983
4447 5022 4845 4240
5067 4582 5188 4640
5446 4613 4876 4610
5108 5066 4410 5012
5093 4132 5275 4617
5649 4351 4535 4435
5291 4978 4561 4846
4694 5129 4687 4633
4645 3881 5518 4494
4988 4179 4853 5225
4590 4134 5507 4570
4608 5038 4786 4516
4811 4899 4801 4825
5135 4515 5040 5100
4453 5093 4699 4563
5315 4728 4817 5063
4800 4360 4823 5324
5322 5031 4359 4899
4739 4668 4798 5229
5398 4907 4488 4888
5074 4544 5138 4727
5530 4698 4687 4470
5015 4789 4934 4830
5401 4691 4758 4996
5085 4547 5003 5089
4732 5187 4319 5093
4975 4725 5042 4604
4691 4764 4686 5299
5299 4960 4764 4824
5317 4829 4865 4818
4801 5324 4176 4510
4610 4551 5265 4472
5259 4846 4790 4610
5322 4989 4486 4899
5262 4540 4911 4996
4901 5036 4382 5160
5118 4330 5225 4463
4922 4878 4836 4822
4955 4906 4721 5073
5369 5038 4335 4703
4956 5062 4483 5033
4909 4797 5038 4440
5164 5167 4127 4800
4929 4795 4960 4736
4560 4807 4964 4957
5491 4728 4529 4905
5505 4942 4657 4851
4527 4426 5199 4995
4595 3879 5575 4415
5109 4846 4871 4447
5165 4883 4710 5033
4779 5266 4244 4647
4877 4690 5106 4588
4843 4720 4905 5067
4883 5117 4563 4847
4916 4338 4876 5224
5564 4686 4676 4609
4942 5164 4308 5053
5159 4896 4659 5031
5522 4567 4579 4824
5131 4930 4818 4669
5276 4512 4949 5051
5202 4783 4929 4792
4948 5073 4507 5121
5236 5035 4494 4779
5147 5087 4322 5000
4980 5288 4200 4589
4759 4738 5002 4892
4571 4585 5182 4759
4802 5349 4121 4643
4916 4861 4824 5014
4580 4572 5236 4540
5381 4478 4894 4990
4819 4725 4983 4968
4482 5007 4797 4510
4514 4655 5195 4661
4795 4768 4944 4961
5206 4747 4354 5189
5071 4807 4931 4678
5025 5166 4223 5046
5261 4367 5162 4736
4764 5092 4239 5243
5052 4874 4853 4771
4765 4289 5080 5134
4534 4842 4903 4909
4745 5208 4133 5096
5167 4908 4667 5017
5207 5119 4409 4731
4682 5118 4280 5182
4880 3895 5456 4178
4794 4473 4784 5333
5063 4577 5038 4974
4937 4298 5334 4522
5140 5197 4373 4539
5225 4567 4906 5006
4624 5129 4484 4949
4831 4166 4820 5307
4521 5057 4404 5226
4895 4918 4673 5002
5140 5012 4553 4884
5035 5216 4425 4489
5162 5056 4313 5018
4949 4765 4880 5001
4938 4512 5158 4883
5214 5097 4364 4751
4992 5112 4480 4888
4620 4216 5482 4438
4721 4854 4862 4836
4847 4879 4875 4818
4552 5059 4796 4490
4778 3896 5438 4409
5179 5028 4588 4251
4880 4384 5227 4974
4739 4581 5120 4948
4790 4948 4881 4184
4760 5174 4508 4738
4822 4399 5334 4562
5240 4971 4589 4729
4414 5003 4621 5015
4791 5357 4059 4884
5013 4763 4654 5301
4712 4845 4579 5205
4732 5272 4294 4718
4779 4940 4560 5239
4627 5276 4370 4615
4618 5100 4641 4706
4770 5071 4683 4627
4983 4573 4850 5215
4627 5106 4674 4658
4884 4713 4762 5329
4823 5364 4141 4618
5050 4849 4896 4787
4666 4995 4672 4968
5071 4583 5112 4787
5152 4682 4920 4947
5083 4571 5036 4926
4812 4913 4508 5330
4824 4716 5018 4957
5066 5012 4471 5100
4950 4638 5125 4627
5200 4807 4962 4629
5377 4703 4866 4786
5129 4740 4922 4988
5067 4466 4628 5253
4385 4763 5119 4325
4807 4271 5405 4607
4840 5057 4637 4884
4839 4719 4981 4920
5130 5061 4623 4645
4548 5064 4700 4557
4712 5002 4519 5114
5492 4539 4898 4848
5336 4787 4855 4495
5070 4805 4755 5135
4578 5203 4410 4934
4217 5291 4366 4254
5490 4563 4931 4685
4428 4564 5294 4544
4993 4454 5229 4388
4962 5242 4229 4870
4632 5143 4714 4437
4752 5142 4618 4172
4752 5281 4305 4633
4876 4871 4989 4676
5165 4631 4921 5036
4810 4937 4541 5167
4782 4576 5095 5036
4830 4692 5083 4721
4578 5121 4491 4949
4671 5063 4692 4592
4871 5035 4705 4679
4744 5131 4630 4712
5277 4625 4950 4887
4863 5029 4755 4484
4675 4837 4997 4456
4672 4577 5117 5148
5157 5051 4593 4721
4802 5030 4739 4352
5481 4524 4975 4802
5033 4773 4895 4881
5254 4372 4866 5058
4885 4532 4879 5241
5352 4454 4945 5045
4778 5410 3809 4237
5133 4851 4811 4780
4667 4797 4771 5160
4453 4591 5258 4415
4519 5172 4564 4570
5393 4586 4908 4916
4562 4632 5181 4756
5233 4807 4934 4543
4914 5314 4131 4385
5398 4732 4300 5048
4252 4692 5165 4421
4956 5153 4610 4540
4794 5382 3935 4362
4707 4832 4863 4895
4588 4555 5186 4873
5421 4503 4740 4895
4891 4187 5055 5214
5285 4251 5185 4553
4866 4335 4684 5332
4959 5294 4162 4833
5333 4832 4772 4617
4330 4800 5116 4205
4744 5135 4458 4839
5527 4716 4510 4842
4706 4758 4723 5250
5123 4670 4422 5214
5039 4957 4822 4616
4798 4532 5175 4833
4749 4656 5193 4601
4942 4976 4838 4572
4963 4547 4353 5367
4657 5063 4583 4932
5409 4600 4951 4753
5302 4452 5002 4966
4648 4894 4563 5319
4735 5122 4544 4895
4562 4360 5350 4859
4598 4677 5126 4936
5199 4963 4721 4700
5201 4988 4678 4684
4965 4442 5245 4477
5319 4686 4917 4704
5086 4633 4833 5164
4947 4714 4986 4910
5045 4724 5083 4678
4625 4929 4975 4353
5195 4741 4700 5056
4711 4903 4840 4759
4765 4315 5066 5137
4904 5324 4186 4214
4739 4721 4795 5209
5341 4964 4455 4867
4823 4706 5137 4323
5043 4593 5094 4755
4803 5388 3968 4314
5114 4746 4885 5037
5278 5133 4319 4920
4924 4697 4863 5076
4541 4871 4997 4245
5178 4967 4547 4930
4885 4749 5037 4797
5125 4452 4470 5252
4569 4846 4920 4840
5231 4884 4488 5101
4823 4657 5147 4502
4768 5029 4678 4845
5422 4765 4554 5018
4431 4764 5138 4257
5354 5081 4281 4643
5294 4701 4951 4793
4969 5077 4424 5012
4506 4623 5255 4507
4986 4857 4765 5045
5235 4644 4899 5116
4230 3762 5582 4165
4791 5015 4719 4666
5011 5085 4630 4466
5230 4780 4608 5159
5023 5009 4773 4801
4875 4865 4889 4789
4854 4120 5374 4821
5278 4337 5166 4850
4750 4917 4706 5014
4793 4718 4962 4988
5121 4960 4624 5121
4846 4880 4723 5024
4324 4313 5395 4689
5237 4716 4970 4375
4905 4259 5397 4359
4905 4951 4595 5144
4586 5283 4513 4353
5058 4591 5055 5050
5073 4783 4898 4841
4911 5055 4731 4400
4860 4453 5197 4920
5283 4760 4887 4801
4701 4193 5440 4447
4769 4603 5126 4872
5494 4485 4791 4637
5236 4837 4791 4862
4775 4508 4452 5442
4518 5240 4249 4999
5229 4991 4666 4828
4678 5117 4452 5015
5283 4809 4877 4622
5108 4675 4917 5114
5043 4631 4271 5314
4668 5104 4712 4291
5022 5152 4536 4679
5104 5004 4588 4820
4499 5341 4313 4515
5155 5058 4536 4770
5411 4691 4781 4668
4946 4528 4680 5310
4567 5380 4305 4512
4854 4939 4794 4817
5018 4886 4864 4632
5557 4711 4406 4918
4727 4321 5379 4664
4925 4824 4746 5205
4748 4445 5324 4131
4746 4612 5139 4734
5152 4781 4986 4713
4777 5170 4451 4734
4691 4749 4863 5146
4636 4532 5172 4968
4613 5387 4152 4658
5236 5030 4408 4825
5365 4996 4558 4631
5131 4670 4976 4813
4848 4958 4677 4988
5103 4796 4803 5004
4391 4532 4679 5378
5490 4595 4766 4772
5200 4873 4835 4560
4743 4652 5043 4901
4602 5034 4362 5235
4529 4486 5315 4315
4998 4694 4925 5068
4939 4987 4842 4526
5065 4231 5284 4820
4497 5225 4229 5024
4709 4927 4873 4596
4821 4681 5180 4339
5349 4704 4886 4650
5202 4898 4792 4544
4826 4993 4826 4364
4997 5164 4324 4812
5527 4750 4620 4433
4533 5156 4588 4649
4837 4906 4822 4805
4545 4845 5057 4406
4883 5330 4148 4458
5080 4610 5010 4986
4688 4556 5019 5166
4841 4695 4948 5083
4615 4731 5122 4399
4993 4326 5265 4639
4816 5086 4507 4964
4675 5001 4705 4920
5163 5223 4035 4528
4577 4428 5142 5074
5152 4953 4496 5061
4831 5117 4477 4863
4677 5256 4409 4653
5468 4711 4792 4452
4309 5287 4340 4564
5075 4477 4510 5256
5003 4590 5057 4898
4678 4761 5044 4883
5421 5104 4294 4618
5106 4586 4991 5139
4678 4516 4654 5431
4286 4453 5377 4221
5115 4565 5002 4949
4617 4849 4872 4934
5157 4969 4674 4736
4668 4623 5258 4372
4975 4540 4994 5219
5024 4542 5195 4648
4773 4762 5096 4623
4702 4631 5179 4679
5127 4842 4748 4935
5068 5156 4330 4960
5244 5113 4331 4724
4285 4920 4955 4374
4692 5383 4018 4766
5424 4786 4748 4539
4932 4603 4190 5387
4797 4877 4932 4739
4704 5067 4738 4486
5040 4626 4986 5018
5059 4888 4852 4670
5211 4810 4827 4991
4888 5352 4060 4089
4166 5480 3952 4269
4615 5270 4436 4457
5214 4385 5134 4686
5305 4716 4874 4839
4693 5275 4296 4754
4813 5164 4277 5102
4556 5201 4538 4485
4980 5016 4702 4653
4769 4659 5064 4881
4621 4534 5211 4673
4909 5292 4219 4754
5012 5251 4172 4874
4994 4228 5321 4620
5099 4822 4911 4716
5027 4896 4407 5153
4995 5111 4657 4299
5075 5018 4504 5052
4882 4241 5380 4446
5333 4881 4762 4438
4711 5207 4268 5006
4736 4584 5071 5043
5062 5038 4579 4812
4842 4686 4798 5220
4879 5179 4550 4519
5029 4662 5006 5089
5191 4566 5041 4916
4681 4867 4511 5410
4903 4616 4970 5170
4829 4499 5191 4975
5079 4545 5130 4505
5528 4606 4460 4811
5418 4639 4907 4636
4682 4872 4933 4675
5060 5230 4380 4733
5049 5238 4318 4974
4696 4987 4635 5067
5104 4598 4902 5196
4425 5449 3743 4320
4825 4658 4653 5337
5000 4235 5304 4790
5122 4843 4717 5041
4800 4443 5347 4524
4658 5083 4767 4352
4767 4523 5126 4974
4695 4418 5356 4437
4556 5262 4460 4426
5119 4624 5074 4890
4687 4522 4687 5383
4891 4927 4501 5413
4710 4652 5071 4987
4536 4818 4870 5072
5363 4768 4599 5037
4731 4733 4964 4893
5052 4825 4863 4950
5153 4696 4879 4937
4514 5098 4507 5004
4679 5368 4221 4787
5147 5251 3909 4403
5542 4674 4751 4562
4864 5105 4347 5090
5016 4876 4829 4784
5031 5156 4602 4479
5115 5025 4615 4769
4836 4713 4930 5059
4848 5364 3890 4536
4829 5177 4449 4857
4648 4746 4872 5053
5189 4872 4697 4963
4572 4992 4866 4235
5387 4386 5029 4620
5017 4752 5006 4713
4700 5016 4726 4624
4628 5148 4618 4504
5089 4538 5175 4678
5374 4896 4660 4931
4918 5301 4305 4571
5011 4911 4866 4575
4956 4667 4961 4959
4991 5026 4650 4813
4847 4662 5087 4835
4631 4868 4621 5196
4861 5199 4452 4731
5168 4914 4767 4904
4761 5144 4172 5206
5135 4827 4778 4943
4904 5156 4344 5036
4725 5228 4422 4871
5534 4353 4787 4627
4278 4706 5216 4290
4997 4608 5095 4993
4775 4962 4887 4204
5078 4797 4851 4871
5081 5158 4545 4558
5146 4526 4266 5274
4918 4610 5007 5121
5115 4657 4782 5109
5113 4857 4813 4828
5088 4719 5058 4766
4727 4589 5014 5109
4912 4981 4661 4933
4973 5041 4704 4596
4863 5166 4220 5181
4974 4766 4902 4987
4872 5338 4086 4699
4794 5011 4759 4455
5094 4646 4473 5269
5379 4679 4833 4949
4932 4752 4790 5224
5027 4934 4357 5240
4792 5270 4316 4565
4773 4704 5194 4244
4768 4029 5473 4704
4713 4686 4767 5269
4687 5245 4430 4320
5186 4598 4915 5002
5109 4980 4730 4739
4496 5452 3911 4282
5345 5075 4248 4691
4621 4143 5428 4568
4580 5227 4144 5017
5011 4334 5242 4695
5139 5067 4656 4597
5254 5010 4506 4613
5391 4610 4941 4753
5531 4814 4417 4788
5386 4893 4572 5033
5607 4732 4419 4777
5043 4808 4951 4542
5090 4842 4858 4615
4549 5047 4713 4695
4804 5091 4671 4823
4859 5024 4478 5186
4860 4680 4508 5359
5118 5158 4273 5039
4888 4510 5215 4804
5358 4664 4813 4974
4496 4177 5392 4734
4873 5209 4111 5025
4990 5238 4325 4813
5178 4795 5037 4582
4742 5084 4494 4982
5481 4909 4403 4881
4945 4935 4696 4891
5021 4735 4989 4793
4403 4589 5315 4336
5151 4847 4733 5015
4533 5303 4234 4711
4796 4556 5208 4670
5151 4469 5154 4554
5040 4840 4915 4536
4804 4716 5102 4568
5005 4828 4934 4964
5246 4608 4879 5045
5230 4093 5214 4280
4732 4574 5152 4957
5140 5096 4403 5067
4761 5073 4627 4866
4353 4662 4517 5399
5169 5025 4452 5028
4683 5014 4666 4903
4757 5395 3789 4262
5001 4461 4777 5247
5213 4706 4769 5088
4560 4384 5383 4696
5253 4822 4618 5129
5036 4729 5026 4744
4632 4731 4988 5006
4606 4592 4630 5382
5127 5239 4187 4382
5397 4911 4482 4996
5033 4981 4819 4278
4832 4881 4921 4434
4707 4156 5410 4759
5186 4670 4909 5086
4915 4711 5018 4931
4992 5263 4282 4797
4839 5338 4114 4785
5131 5090 4370 5115
5068 5141 4526 4815
4869 5074 4680 4629
4433 4789 5095 4241
4912 4261 4851 5236
4580 4523 5246 4719
5252 5009 4467 4946
4708 5239 4468 4076
4939 4675 5104 4683
4973 4940 4734 4890
5032 5023 4700 4776
5514 4419 4847 4493
4736 4921 4771 4892
4995 4887 4716 5038
4696 4105 5449 4655
5046 5203 4396 4787
4954 5270 4319 4430
4780 4220 5383 4609
5163 4655 4954 4873
4965 5097 4101 5090
5112 5151 4417 4498
5023 5043 4647 4675
4895 5075 4209 5137
4743 4910 4731 5006
5183 4880 4721 4951
4901 5264 4289 4755
5002 4771 4940 4986
4342 4962 4863 4351
4820 5259 4101 4909
5231 4816 4883 4627
5027 4686 5039 4926
4719 5063 4688 4657
4485 4947 4732 4969
4966 4726 4995 4806
5016 4795 5034 4717
5195 5109 4533 4716
4679 4891 4544 5247
5395 4219 5012 4311
5087 4529 4311 5293
5150 4540 5133 4513
4590 5250 4449 4565
4872 4876 4893 4743
4714 4640 5123 4752
5123 4656 4983 4841
4701 4822 5023 4516
4849 4375 5306 4976
4617 5382 4248 4591
4590 4803 5058 4413
4988 4316 5225 4782
5143 4675 4934 4998
4708 5355 4144 4891
4742 4378 5238 4968
4735 5105 4316 5139
4743 4806 4863 4986
4522 4731 4017 5454
4835 5349 4093 4557
4545 4645 5129 4844
4453 4472 4277 5445
5141 5120 4483 4592
5460 4719 4608 4907
4569 4560 5225 4775
4877 4589 5143 4899
4817 5093 4383 5132
4674 4688 5115 4685
5059 5016 4689 4520
5357 4709 4868 4834
5601 4588 4761 4618
4890 4273 5320 4600
5066 5134 4426 4841
4579 5069 4774 4269
4897 5341 3888 4482
4897 4582 4677 5386
5011 5043 4689 4250
5281 5081 4386 4957
5212 5207 4388 4383
4901 4423 5215 5024
5178 5127 4333 4744
4650 4686 4857 5187
5113 4800 4730 5223
5148 4696 4918 4936
4429 4815 5063 4316
4981 4889 4860 4651
5269 4941 4120 5058
4649 5286 4246 4919
4415 5483 3875 4020
5358 4578 4403 5153
4480 5480 3785 4157
5457 4946 4316 4869
5189 4927 4774 4602
5183 4252 5167 4784
4835 5255 4099 4863
4555 4675 4078 5435
4658 5353 4201 4812
5327 4685 4931 4714
4732 4507 5056 5125
4539 4682 5159 4532
4951 4590 5097 4800
4762 4795 4996 4870
5208 4753 4833 5013
4921 4987 4725 4826
4657 4833 4973 4681
4835 5354 3993 4464
4864 4048 5356 4742
5483 4500 4942 4965
4909 4647 5085 4930
4804 4182 5419 4483
4641 4680 4824 5235
5024 4966 4745 4797
4983 5257 4249 4845
4504 5445 4129 4306
5111 5271 4170 4483
4613 4281 5138 5138
5087 4824 4749 5070
4949 4939 4871 4456
5128 4726 4998 4671
5098 4945 4669 4908
5462 4695 4575 5070
4948 4692 4982 4989
5116 5146 4513 4431
5186 4783 4868 4898
5052 4938 4822 4762
5162 4937 4800 4650
5031 5074 4683 4494
4966 5061 4215 5141
5423 4479 4707 5058
5134 4680 4877 5064
4967 4665 5122 4715
5413 4511 4500 5090
4785 5107 4259 5218
5119 4984 4657 4958
4966 4709 4947 5008
5065 5252 4292 4364
4583 5000 4605 5059
4974 5096 4637 4324
4873 4424 5235 4888
4998 5026 4670 4507
4775 4475 5315 4764
5207 5053 4536 4800
4485 4441 5367 4477
5117 4648 5107 4727
4564 4949 4706 4952
4422 5083 4724 4434
5198 5165 4237 4474
4711 5142 4229 5127
5466 4709 4741 4783
4743 5183 4176 5112
5286 4102 5140 4529
4928 4158 4618 5318
5098 4791 4849 4823
4684 5135 4655 4314
4642 4658 5197 4324
5346 4994 4446 4911
4426 4702 4792 5216
4695 4770 4758 5250
4817 4810 4722 5218
5164 5028 4630 4565
4805 4665 5119 4850
4573 4974 4855 4291
5038 4902 4845 4744
4656 4426 5230 4946
4778 4994 4164 5264
4966 4863 4767 5093
5329 4767 4734 4947
5178 4655 4809 5087
5052 5232 4342 4502
4952 4191 4872 5288
4957 4673 5061 4846
5359 4668 4684 5129
5148 4928 4556 5018
4741 5013 4776 4587
4938 5354 4003 4168
5142 5041 4517 5027
5187 4489 5026 4998
4989 4860 4927 4526
5075 4701 4357 5269
4637 4839 4975 4729
4473 5037 4732 4593
5430 4283 4984 4796
5240 5053 4508 4714
5271 5002 4581 4879
4648 4451 5251 4976
4570 4379 5342 4687
4978 4925 4872 4738
4319 5144 4672 4237
4272 4543 5318 4416
5372 4871 4703 4947
4630 5150 4467 4973
5053 5016 4641 4649
5203 4753 4872 5012
5108 4776 4887 4820
4675 5226 4479 4792
4813 5341 4146 4403
4526 4257 4951 5247
5274 5149 4198 4599
4995 4393 4592 5309
5037 4363 4928 5205
5125 4274 5318 4540
4740 4339 4588 5417
4241 5443 3755 4324
5388 4803 4735 4898
5400 5089 4274 4643
4312 4671 4027 5451
4813 4918 4930 4595
4455 5237 4516 4433
4932 4377 5221 4969
4703 5038 4863 4155
5591 4877 4353 4800
5145 5107 4590 4637
4995 5319 3986 4555
5045 5113 4600 4378
5312 4591 5093 4897
4845 4916 4730 4923
4908 4637 4954 5108
5398 4633 4851 5000
4852 4900 4859 4756
5329 4962 4355 4965
4676 4225 5408 4687
5226 5067 4360 5005
4941 5080 4623 4663
4820 5228 4499 4510
4817 5027 4510 5201
4930 5286 4257 4510
4484 4288 5441 4570
5204 4397 4906 5062
4574 4559 5227 4791
4987 5230 4441 4737
4739 4788 4891 5041
5156 4997 4582 4815
4700 4770 4719 5251
4681 4679 5041 4929
5121 5026 4497 5052
4510 5166 4531 4618
5047 4726 4159 5271
4655 4665 4990 5060
5310 4615 5126 4734
4650 4768 4776 5172
4900 4866 4911 4775
5266 4865 4485 5076
4960 4434 5239 4853
4856 4011 5433 4361
4708 5036 4762 4600
