50 4
3615
203 271 193 184 178
195 43 197 205 205
15 113 173 36 271
294 251 136 17 106
148 276 47 233 57
294 203 263 9 135
71 44 107 96 227
117 291 269 15 196
7 161 9 179 197
112 7 280 247 23
86 95 298 264 161
187 259 196 150 267
32 54 143 270 149
71 87 272 172 233
168 179 95 10 190
124 253 196 104 201
51 22 128 181 286
121 69 78 18 51
177 181 236 20 283
218 222 70 190 95
4 191 106 230 33
295 54 285 25 289
19 75 11 279 89
129 232 157 206 249
40 83 262 276 235
245 194 157 16 216
84 151 107 22 81
271 150 266 257 174
255 108 81 265 87
169 95 20 26 133
101 198 49 64 174
283 9 200 272 156
116 189 139 56 210
52 27 60 18 116
66 272 224 147 238
11 16 165 162 174
297 263 72 178 159
78 293 167 277 266
156 225 287 127 113
197 179 140 257 196
255 23 169 12 2
239 23 150 236 17
156 66 279 227 244
138 137 237 138 246
36 126 171 23 252
284 53 131 256 142
28 44 164 29 56
298 100 210 148 36
226 4 233 39 63
10 176 199 247 146
616
4461 6291 5267 5915
4815 6107 5463 6458
4617 6281 5288 6094
5251 6022 5588 6256
5037 5861 5028 6637
5412 6004 4971 6323
5197 5945 5112 6560
4762 6030 5067 6670
5153 6054 5353 6518
4465 6366 5038 6071
4788 6270 5334 6152
5488 5790 5153 6173
4769 5422 5911 6017
5532 5449 5314 6239
4741 6191 5442 6258
5140 5733 5724 6116
4278 6228 5464 6053
5367 5738 4964 6619
5339 5523 5415 6296
4335 6310 5251 6097
5050 5956 4730 6718
5134 6188 5003 6366
4800 5812 5906 5658
4789 6208 5591 6016
5322 5810 5509 6306
4731 5801 5967 5781
4373 5387 6092 5449
4867 6293 5111 6280
5438 5691 5254 6335
4755 5746 5926 5926
5434 5816 5103 6449
4290 6225 5498 5964
5234 5918 5577 6316
5191 6125 5377 6354
5038 6072 5622 6352
5032 5734 4709 6744
4772 5811 5949 5758
4738 6270 5440 6249
5075 5559 5837 5890
4417 5318 6076 5435
4947 5684 5886 5807
4433 5494 6011 5903
5429 5879 5561 6275
4963 6271 4878 6249
4673 5424 5947 5958
4524 5829 5945 5944
4673 5871 5777 6330
4415 6366 5144 6168
5288 5830 5618 6151
4268 5411 6137 5465
5165 5915 5373 6495
5094 6041 5441 6449
5275 5816 5618 6196
5341 6112 4971 6366
5406 5903 4929 6570
4776 5828 5823 6200
4979 6008 5703 6203
4370 6281 5391 6035
4687 5941 5864 6035
5405 5729 4998 6537
5472 5813 5140 6347
4902 6082 5208 6561
5054 5987 5784 6141
5003 5939 5694 6196
4850 6059 5453 6432
5217 5885 5405 6493
5056 5965 5369 6506
5365 5847 5153 6456
4869 6048 5774 6222
4991 6167 5437 6289
4272 5499 6092 5589
4329 5268 6087 5568
5040 6065 5654 6368
5062 5927 5164 6601
4857 5997 5455 6428
4624 6353 4917 6308
4995 5676 5862 5981
4856 6115 5468 6385
5219 5938 5639 6258
3896 5286 6129 5488
5678 5303 4857 6065
5192 6134 4987 6520
4422 5937 5894 5906
5190 6197 5407 6361
5141 6118 5192 6465
5006 6065 4971 6676
4714 5686 5961 5883
4285 5337 6103 5582
4543 5675 5984 5893
5473 5770 5320 6317
4988 5451 5886 5821
5319 5854 5588 6308
4676 5613 6050 5888
5265 5857 5007 6610
4742 5595 5938 5971
5019 6155 5425 6398
5092 5976 5771 6118
4722 5713 5914 5994
4883 5998 5738 6083
4774 6259 5278 6400
4896 5919 5897 6070
4998 6063 5440 6446
4312 5342 6121 5451
5454 5776 4937 6541
5333 5853 5367 6470
5490 5559 5322 6269
4783 5605 5920 5948
4957 6170 5504 6240
5387 5694 5569 6188
5312 5617 5710 5852
5030 5700 5729 6203
5386 5904 5381 6370
5157 5953 5248 6471
4628 5938 5686 6248
4408 5408 6068 5471
5251 5552 5250 6508
5541 5612 4885 6404
5444 5677 5415 6103
4312 5164 6076 5628
5236 5897 5614 6285
4979 6270 4739 6263
4949 6121 5249 6527
4230 5387 6094 5637
5089 5742 5846 5821
4992 6096 5429 6432
5314 6097 5200 6256
5396 5836 5110 6508
4309 5625 6052 5761
4690 5563 6014 5749
5186 5974 5168 6566
4351 5522 6073 5558
5077 5944 4923 6621
4539 5747 5981 5864
4804 5314 5933 5639
4281 5409 6100 5553
5041 5993 5624 6361
4061 5404 6059 5777
5142 6070 5513 6041
4439 5661 6062 5681
4985 5891 4996 6639
5500 5726 5314 6226
5389 5985 4979 6337
5329 5556 5574 5773
5381 5819 5351 6488
5153 5917 5592 6373
5311 6056 4958 6389
5139 6126 5194 6582
5297 5885 5515 5980
4728 5833 5956 5826
4786 5526 5922 5957
5061 6226 5361 6238
5378 5657 5310 6496
4246 5728 5906 5982
4891 6323 5195 6251
5087 6144 5546 6262
5132 5830 5688 6189
4774 5862 5908 5828
5014 5961 5180 6583
5165 5921 4991 6594
5029 5978 4939 6603
5037 5968 5840 6194
5093 6245 5184 6494
5010 6084 5634 6243
5546 5448 5093 6401
4484 6288 5235 5943
5209 6004 5588 6321
5095 6015 5663 6313
3909 4937 6157 5149
4951 5538 5884 5724
4797 5563 5940 5603
4388 6105 5691 5824
5153 5788 5697 6046
4070 5492 6112 5564
4720 5544 6034 5874
4912 6248 5377 6392
5448 5704 5178 6442
5515 5679 5276 5836
5002 6255 5257 6373
5332 5463 5579 5770
4725 5491 5927 6031
5177 6117 5228 6500
4778 5743 6009 5874
5279 5998 5185 6509
5051 5918 5804 6055
4854 5961 5321 6574
5088 5947 4764 6636
4906 6284 4940 6404
5109 5940 5591 6367
5652 5198 4701 6087
4772 5752 5770 6261
5169 5870 5157 6626
4453 5652 6032 5544
4573 6213 5454 6307
5439 5901 5133 6331
5155 6043 4955 6522
5195 5807 5584 6343
5515 5635 5326 6105
5417 5943 5400 6222
4682 6096 5680 5918
4751 6012 5724 6230
5248 5705 5218 6504
5159 5846 5700 5902
4743 6326 5117 6303
4415 6314 5219 6243
5323 5738 5479 6299
4871 5655 5909 5815
4819 5673 5911 5825
5221 6008 4987 6542
5249 5655 5754 6110
5405 5930 5339 6437
4301 5359 6110 5480
4626 5929 5735 6237
4741 6171 5559 6178
4729 6174 5525 6267
4488 6363 5006 6099
4873 5743 5901 5759
5362 5865 4959 6458
4476 6366 4972 6188
4735 5746 5933 5933
5072 5638 5835 5881
5158 5675 5742 5905
3853 5314 6168 5195
5561 5465 4852 6421
5281 5883 5335 6472
5060 6200 5208 6334
5308 5779 5610 6118
4759 6163 5245 6518
5055 6051 5210 6525
5250 6006 5576 6385
5317 5875 5551 6339
5653 5376 4885 5972
5494 5625 5272 6473
5041 6219 5423 6515
5127 6114 5371 6480
5616 5505 5086 6037
4320 5358 6079 5604
5172 5879 4970 6685
4687 5645 5929 6026
4996 5467 5844 5974
4906 5857 4842 6728
5348 5913 5347 6452
5007 5867 5697 6225
4694 6349 4703 6426
4350 5635 6034 5738
5737 5147 4578 5717
4629 5493 5963 5972
5247 5676 5717 6141
4752 6166 5493 6377
5498 5531 5315 6165
4294 6300 5269 6120
4919 6098 5502 6420
5353 5906 5177 6609
4739 6251 5346 6147
5440 5917 5145 6202
5243 6047 5286 6298
5326 6095 5212 6346
4950 5942 5553 6459
4828 6329 4945 6138
4789 6295 4942 6397
5562 5698 5145 6273
5598 5648 4819 6123
5344 5788 5358 6385
5574 5634 5306 6326
4717 5922 5884 6160
4526 6271 5412 6214
4632 6222 5302 6400
5646 5414 4729 6051
5518 5535 4919 6522
5623 5457 4902 6198
4575 6169 5629 6293
5261 5902 5223 6479
5130 6074 5479 6161
4318 5535 6060 5725
5636 5448 4713 6238
4282 6303 5235 6209
5015 6290 5189 6228
5031 5628 5853 5904
5574 5650 4942 6210
5503 5699 5165 6052
4943 6113 5431 6501
4831 6313 4942 6332
5630 5430 4849 6094
5098 5971 4978 6585
4816 5803 5877 6091
4900 6153 5438 6497
4996 6134 5670 6382
5219 5864 5442 6462
4257 5428 6126 5494
4682 6017 5822 5877
4695 6375 4856 6330
5079 5839 5622 6366
5458 5871 5170 6399
5098 6172 4777 6394
5212 5713 5663 6098
4322 5419 6082 5530
4761 6280 5142 6500
5076 6061 5609 6329
5260 5917 5518 6227
4907 5652 5924 5913
4414 5648 5972 5954
4116 5420 6100 5561
4704 6362 4951 6161
4899 6182 5447 6515
4651 6211 5623 6190
5153 6071 5447 6189
4990 5861 5853 5890
4187 5568 6063 5519
4943 6073 5206 6557
4860 6192 5216 6591
5479 5741 5171 6250
5528 5783 4743 6134
5475 5660 5172 6351
3945 5409 6123 5571
5213 5887 4975 6612
5532 5779 5162 6499
4411 5755 6011 5747
5107 5725 5475 6450
5415 5967 4960 6188
4131 5545 6068 5441
5069 5934 5141 6610
5237 5992 5576 6430
5290 5989 5328 6391
4988 6158 4959 6690
4061 5582 6104 5600
5162 6137 5360 6458
4309 5447 6007 5938
5278 6037 5359 6366
5651 5347 4863 6156
4770 6341 4888 6413
5189 5957 5619 6133
5311 5721 5185 6522
4640 6273 5256 6204
5625 5463 4711 6093
5031 6088 4892 6589
5141 6011 5344 6545
5686 4956 4410 5783
5096 5943 5633 6306
5394 5572 5472 6285
5288 6104 5178 6428
5041 6038 5620 6351
5427 5965 4972 6278
5101 5918 5698 5958
4779 5677 5917 5919
5335 5952 5152 6412
5276 5781 5248 6491
4433 5529 6067 5754
5677 5338 4409 5693
4985 6210 5019 6520
5199 5582 5218 6510
4951 5745 5878 5995
4484 6225 5224 6452
4899 5693 5899 5589
4723 5749 5899 6022
4834 6250 5208 6509
4728 5655 5911 6003
5466 5712 5098 6594
4845 5554 5927 5821
4994 5873 5537 6445
5078 6055 5432 6405
4431 5847 5902 5870
4552 5804 5954 5871
5579 5566 5143 6156
5359 6007 5219 6362
5095 5917 5686 6092
5205 5617 5784 5998
4684 5902 5972 5840
5370 5986 4971 6388
5239 5971 4920 6527
5033 6185 5437 6224
4586 6373 4924 6367
5046 5892 5669 6230
5084 6139 5191 6575
5137 6136 4943 6536
4995 5783 5848 6107
4966 5857 5715 6248
5220 5729 5621 6251
4679 6038 5828 6108
5468 5892 5295 6179
4728 5999 5831 6098
5461 5834 5159 6264
5257 5925 4945 6724
4959 6008 5710 6210
5110 5942 5412 6468
5238 6070 5415 6332
4298 5488 6091 5537
4728 5821 5786 6275
5004 6093 5463 6343
5141 5944 4516 6597
3843 5059 6162 5293
3990 5227 6146 5377
5081 5899 5824 6180
4789 5858 5722 6235
5150 5791 5803 6073
4278 5488 6098 5544
5289 5815 5397 6358
4830 5645 5927 5838
5330 5905 5427 6300
5549 5529 4691 6368
5092 5798 5726 6295
4752 5825 5924 5917
5633 5393 4838 5959
4716 6177 5655 6226
5482 5831 5066 6230
5514 5825 5137 6302
4796 5756 5908 5903
5303 6003 5328 6346
4830 6292 4755 6417
5430 5738 5405 6153
5096 5926 5591 6412
4748 6091 5722 6221
5683 5235 4694 5895
4969 5876 5427 6450
5191 5949 5015 6510
5196 6143 5260 6325
5535 5568 5091 6345
5699 4946 4568 5773
4997 6062 5640 6375
4717 6027 5815 6085
4477 5887 5903 5851
4627 6083 5504 6384
5273 5914 5426 6339
5482 5627 5260 6383
5082 6043 5429 6359
4693 5812 5980 5804
5460 5877 4979 6294
5094 6216 5175 6476
5316 6009 4928 6426
5233 6127 5340 6260
4677 6061 5680 6331
4985 5673 5873 5784
5151 6032 5442 6410
5081 5922 5254 6557
5599 5401 5075 6097
5054 6080 5219 6543
5266 6017 5531 6152
4783 5783 5965 5771
5068 6167 4993 6543
5178 6052 5522 6247
4947 6011 5676 6299
4444 5742 6024 5580
5432 5678 5352 6082
4549 6263 5380 6324
5414 5835 4991 6456
5167 6031 4944 6580
4632 6096 5786 6015
4740 6285 4875 6436
5549 5572 4912 6330
4937 5929 5879 6047
4477 5460 6051 5740
5217 6145 4977 6389
4811 5988 5868 6000
4814 6277 4894 6461
4276 5427 6095 5618
4364 5477 6084 5485
5063 5748 5474 6444
5285 5500 5759 5907
5425 5710 5110 6530
4568 6419 4899 6170
4731 5623 5922 5958
4575 6098 5250 6531
5558 5716 4896 6344
5309 5748 4766 6652
5146 5937 4962 6603
4967 6256 4994 6323
5286 6028 5301 6306
5618 5525 5065 6368
4430 5573 6009 5894
5689 5274 4570 5746
4769 6009 5813 6075
5449 5492 5340 6216
4792 5693 5973 5735
5450 5587 5302 6361
4742 6345 5211 6405
5500 5510 5352 6134
4847 5796 5903 5987
5075 5968 5694 6125
5204 5814 5459 6462
5427 5903 5121 6241
4769 5915 5346 6535
4510 6299 5214 6182
5369 6070 5392 6251
5451 5458 5436 5979
4976 6087 5701 6194
5274 5888 5648 6203
5052 6102 5634 6178
5057 5936 5360 6488
5042 6147 5393 6508
4677 6181 5539 6148
5263 6012 5176 6465
4909 6277 5220 6448
5122 5871 5735 6100
5621 5437 4923 5867
4186 5404 6143 5269
5474 5698 5290 6310
5305 5940 5193 6591
4262 5244 6086 5687
5589 5485 4893 6375
5007 6045 5742 6048
5289 6019 5310 6289
5414 5980 5411 6357
4949 5753 5704 6308
4368 6185 5628 5948
5317 5989 5219 6427
4359 5711 6015 5655
5095 5754 5784 6155
4954 5949 5678 6295
4535 5659 6026 5740
4678 6288 4961 6431
5218 6116 4968 6371
4886 5321 5927 5835
5117 6168 4955 6437
5565 5654 4542 6069
4527 5750 5947 5953
5137 6033 5663 6248
5631 5397 4970 6031
5190 6050 5534 6337
4913 5979 5758 6208
4251 5754 6041 5807
4803 6201 5215 6630
5111 5732 5600 6286
5223 6109 5414 6377
4779 6296 5143 6383
4450 5674 5995 5885
5175 6007 5655 6272
4803 5369 5935 5734
5648 5384 4874 6291
4529 5492 5975 5962
4590 6273 5362 6301
5586 5586 5103 6263
5266 5924 5466 6291
4585 6233 5406 6404
4940 5850 5881 6056
5101 5886 5779 6082
5266 6146 4939 6283
4789 6165 5455 6376
4866 6312 5205 6382
4958 6173 5500 6139
5049 6131 5422 6343
4684 5724 5927 6017
5267 5830 5426 6480
4949 6194 4793 6548
4408 5834 6009 5738
4531 6167 5266 6545
4260 5664 6049 5771
4627 5965 5720 6265
4271 5154 6094 5651
4840 6144 5649 6203
5230 6114 4980 6461
5371 6031 4954 6140
5344 5992 5502 6284
5430 5795 5140 6412
4735 6351 4908 6213
4963 6029 5486 6406
4306 5704 6050 5752
5470 5843 4916 6101
5264 5780 5728 6081
4717 6059 5734 5961
4268 5233 6092 5642
5631 5340 5037 6202
4670 5980 5842 6067
4750 6068 5728 5882
4923 6237 5262 6246
4628 6119 5489 6412
4725 5930 5851 6012
5173 5850 4961 6667
5410 5550 5288 6416
4571 6356 5165 6347
5263 6026 4987 6477
4402 5667 5958 5960
4602 6296 4776 6444
4477 6232 5222 6422
5165 6119 5216 6410
5223 5639 5076 6629
5040 5981 4780 6618
4618 6298 5207 6440
5129 5914 4955 6619
4902 5998 5744 5880
5470 5895 4905 6177
5322 5973 5365 6414
5293 5936 5509 6284
3890 5440 6128 5367
4867 6163 5624 6259
5151 6233 5241 6219
5336 5977 5186 6399
4944 6267 5200 6648
4842 5810 5711 6283
5039 5918 5065 6634
4995 6027 5306 6592
5017 5854 5701 6208
5339 5634 5359 6401
5314 5689 5497 6376
4843 6327 4687 6272
4568 5760 5929 5930
5256 5817 5199 6508
4697 6260 5458 6272
5473 5780 5182 6278
5601 5421 5054 6428
4315 5614 6058 5716
5084 6149 5356 6414
4855 5961 5699 6238
5130 6203 4887 6292
5154 6025 5344 6500
4772 5872 5893 6105
5050 6178 5205 6364
4452 5765 5993 5724
5136 5849 5833 6125
5132 6032 5475 6367
5235 6107 5426 6467
4821 6227 5452 6249
4643 6068 5802 6028
4591 5682 6021 5818
5606 5589 4904 6315
5503 5689 5303 6091
5276 5618 5392 6383
4144 5329 6077 5649
5099 6214 4930 6240
