60 4
4272
203 271 193 184 178
195 43 197 205 205
15 113 173 36 271
294 251 136 17 106
148 276 47 233 57
294 203 263 9 135
71 44 107 96 227
117 291 269 15 196
7 161 9 179 197
112 7 280 247 23
86 95 298 264 161
187 259 196 150 267
32 54 143 270 149
71 87 272 172 233
168 179 95 10 190
124 253 196 104 201
51 22 128 181 286
121 69 78 18 51
177 181 236 20 283
218 222 70 190 95
4 191 106 230 33
295 54 285 25 289
19 75 11 279 89
129 232 157 206 249
40 83 262 276 235
245 194 157 16 216
84 151 107 22 81
271 150 266 257 174
255 108 81 265 87
169 95 20 26 133
101 198 49 64 174
283 9 200 272 156
116 189 139 56 210
52 27 60 18 116
66 272 224 147 238
11 16 165 162 174
297 263 72 178 159
78 293 167 277 266
156 225 287 127 113
197 179 140 257 196
255 23 169 12 2
239 23 150 236 17
156 66 279 227 244
138 137 237 138 246
36 126 171 23 252
284 53 131 256 142
28 44 164 29 56
298 100 210 148 36
226 4 233 39 63
10 176 199 247 146
277 115 271 148 270
224 264 23 55 220
164 214 97 160 75
152 158 174 62 138
42 120 141 275 158
36 284 35 67 64
13 44 179 284 25
149 208 288 4 95
42 167 142 138 27
216 289 18 91 183
2014
6026 6556 7089 6360
5941 6958 6910 6777
6480 7089 6311 7194
5785 6982 6938 6821
5800 7353 5870 7403
5319 6543 7274 6265
5906 7018 6980 6538
6157 7176 6355 7253
6152 6796 6768 7071
5694 6718 7090 6664
6452 6977 6180 7359
6872 6629 6163 7174
6315 6465 6950 6599
6233 7140 5844 7417
6800 6780 5983 7247
5801 7079 6063 7433
6886 6571 6133 7122
6708 6773 5937 7304
6381 7040 6680 6904
5772 6506 7138 6534
6676 7040 6223 7026
5688 7089 6433 7227
5714 7483 5938 7211
7044 6150 5932 6922
5643 6655 7145 6474
7078 6273 5784 7014
5521 6187 7250 6251
6222 6819 6916 6697
6549 6929 6403 7226
6703 6600 5737 7372
6394 6893 6603 7056
5432 5955 7280 5895
6827 6765 6310 7140
5885 7395 6433 7153
6352 6860 6056 7363
6405 7230 5826 7184
5521 7446 6354 7136
6181 6829 6264 7345
6669 6901 6491 6962
6694 6684 6148 7277
5895 7165 6830 6851
6404 7266 5876 7183
6306 7158 6306 7293
5756 7554 5874 7051
6596 6804 5955 7417
6105 6757 7073 6652
6616 6801 6163 7274
6552 6741 6137 7306
6693 6756 6178 7284
6736 6689 6019 7284
6956 6543 6326 6743
6426 6798 6696 6979
5544 6581 7094 6753
5921 7014 6911 6712
6599 6622 6277 7267
5858 6921 6853 6940
6273 7347 6206 7277
6652 6565 6172 7289
6395 7115 6192 7228
6635 6614 6493 7134
6309 6480 5998 7456
6247 7008 6241 7396
5805 6704 7095 6677
5855 7000 6851 6931
6439 6581 6759 6931
6003 6576 5640 7589
6961 6549 5822 6944
6324 7060 6675 7036
6333 6733 6594 7167
6360 7124 6192 7246
5555 6771 7061 6791
6309 6756 6857 6893
5667 6786 7127 6277
6087 6781 6945 6801
5469 6521 7265 6307
5872 6899 6956 6669
6312 6971 6692 7071
6315 7290 6465 6959
6253 6833 6759 6956
6846 6474 6420 6803
6816 6683 6108 7155
6384 6753 6489 7255
6310 7038 6740 6846
6317 7238 5965 7319
6865 6439 6280 6991
6691 6924 6438 6984
6778 6495 6262 7157
5930 7480 6186 7286
6697 6730 6433 7115
6336 6806 6631 7079
6269 6590 6888 6808
6856 6439 5792 7259
6448 7164 6612 6830
6344 7031 6697 6856
5922 7303 6572 7094
6230 6795 5964 7436
5947 7066 6782 7058
6229 6640 6837 6914
5742 7038 6956 6699
6535 6818 5832 7436
5783 7171 6842 6812
6497 6867 6422 7208
6703 6524 6628 6852
6193 6833 5886 7436
6390 6832 6697 7044
6706 6830 6506 7002
6027 7292 5913 7364
6475 6620 6011 7433
6298 7029 6133 7305
6582 6519 6670 6876
6897 6866 6073 7041
6500 6721 6451 7232
6036 6725 6819 7016
6066 6918 6697 7152
6785 6812 6445 7015
6307 7122 6256 7294
5735 6848 7073 6516
6657 6605 6428 7158
5570 7216 6262 7308
5873 7074 6401 7249
6199 6802 6999 6595
6194 6628 6968 6621
5996 6978 6916 6526
6279 7024 6794 6848
5816 7564 6127 6970
5730 7012 7006 6528
6615 6440 6190 7296
6422 6778 6448 7247
6140 6958 6899 6649
6163 6964 5705 7467
6379 6774 6770 7003
6060 7005 6426 7242
5879 6818 7018 6649
6047 7106 6619 7160
5914 6844 6951 6877
5835 6911 6817 7006
5751 6948 6964 6663
5838 7486 6098 6994
6477 6727 5821 7475
5740 7374 6561 6910
6504 6702 6717 6877
6971 6622 5936 6800
6282 7010 6391 7281
6038 7014 6894 6827
6681 6383 6621 6913
6030 6432 5567 7612
6243 6796 6888 6730
6162 6962 6266 7357
6384 7108 6079 7309
6149 6688 7057 6638
5789 7128 6436 7210
5960 7107 6858 6662
6816 6767 5945 7155
6120 6449 6095 7435
6072 6953 5859 7509
6325 7154 5931 7341
5997 7180 6724 7015
5931 7031 6666 7112
6194 6518 7002 6584
6359 6893 6811 6816
6099 7421 5894 7042
6632 6610 6392 7195
6902 6607 5590 7177
5937 6659 6962 6857
6229 7268 6292 7302
7005 6531 6043 7145
6855 6913 6208 6916
6236 6818 6274 7358
6459 6844 6752 6967
5938 7058 6167 7412
6685 6914 6374 7049
6189 7256 6126 7356
5977 7343 6566 6897
5761 6653 6988 6847
5712 7348 6349 7210
6110 7389 6383 7176
6943 6733 6272 7117
6297 6908 6890 6658
6634 7120 5979 7021
6676 6984 6302 7027
6136 6757 6304 7340
5988 6900 6952 6870
5814 7138 6737 7075
6482 7134 6359 7147
7156 6054 5537 6517
6843 6518 6499 6805
6011 7300 6483 7076
6972 6474 6071 7006
5968 6987 6730 7110
6342 6630 5894 7439
5826 6721 7099 6595
5635 7056 6193 7364
6437 7123 5913 7228
6704 6445 6579 7058
6435 6501 6787 6824
6006 7052 6892 6886
6591 6639 6658 7073
6410 7223 6272 7190
5679 6939 6969 6575
6364 7186 6521 6739
6219 6914 6816 6912
5885 7525 5920 7174
6812 6364 6214 7268
6162 7237 6710 6957
6732 6717 6622 6757
6359 6904 6635 7070
5476 5886 7264 5881
6629 6463 6700 6839
6854 6563 5808 7253
6374 6917 6535 7255
6126 6608 6867 6866
6048 6703 7011 6818
5838 7327 6641 6857
6068 6783 6927 6779
6249 7246 6271 7223
6547 6713 6601 7107
6556 6731 6234 7298
5782 7499 5841 7188
6822 6785 5769 7167
5772 7159 6920 6597
6257 7008 6314 7337
6674 6861 6446 7002
6129 6425 7064 6602
6404 7049 6048 7391
6947 6073 6170 7102
6363 6249 5917 7459
6293 6841 6695 7104
6418 6808 6294 7297
6736 6394 6403 7124
5544 6759 7139 6576
5876 6835 7041 6552
5972 6392 7105 6617
6352 7233 6074 7223
6212 6977 6861 6588
5962 7178 6574 7130
7027 6504 5965 6862
6759 6788 5944 7265
6326 7095 5905 7385
6311 7043 6722 7078
5853 7414 6334 7228
5957 7305 6722 6979
5731 7037 6425 7249
6824 6656 6138 7175
6427 6786 6798 6709
5728 7513 5950 7037
5769 6513 7096 6641
6010 7127 6663 7042
5909 6939 6982 6547
6109 7300 6443 7123
5796 6444 7144 6461
6106 7314 6612 7020
6354 6779 6734 7040
6024 7275 6505 7113
6667 6677 5964 7361
6368 6584 6803 6965
5421 6673 7233 6251
6714 6677 6126 7336
6025 6641 7053 6673
6304 6853 6839 6895
6279 6464 5922 7480
6371 6801 6740 6983
5998 7239 6415 7248
6862 6478 6156 7225
5816 7083 6400 7288
5891 7204 6589 7133
6456 7194 6377 7109
7135 5971 5707 6513
6698 6636 6423 7078
6206 6387 7037 6502
6242 6772 6858 6873
5778 6792 7055 6638
6690 6902 6149 7260
6385 7253 6397 6943
6651 6592 6309 7265
6239 6949 6000 7397
6489 6965 6716 6865
5792 7152 6898 6656
6324 6812 6892 6542
6164 7061 5960 7447
6456 6795 6394 7266
6764 6860 6287 7227
5902 7020 6920 6567
6563 6628 6763 6896
6066 7335 6428 7057
6403 6979 6766 6772
6188 6727 6336 7338
6294 7222 6644 6883
6992 6472 5772 7178
6231 7129 6275 7296
5847 7271 6180 7356
6961 6431 6213 6842
6282 6696 6328 7336
6466 7216 5949 7165
6526 7012 6336 7190
6488 6783 6617 7137
6348 6424 6912 6551
5716 7110 6676 7094
6036 7173 6856 6784
6033 7266 6664 6834
5463 6650 7149 6538
6424 6842 6602 7082
5322 6292 7316 6129
6362 6885 6196 7360
6412 6999 6138 7317
6082 7304 6487 7065
6235 7093 6810 6862
5740 6758 7091 6645
6484 7093 6058 7265
5754 6997 7021 6401
6922 6322 6037 7215
6505 7200 6348 6979
6278 6776 6850 6854
6183 7294 6551 6670
6250 6831 6800 6943
6158 6838 5777 7532
6515 7218 5941 6890
5957 7149 6385 7306
6685 6728 6435 7091
6046 6725 6892 6957
6552 6657 6519 7111
6570 6850 6351 7278
6387 7104 6004 7323
6044 6876 6934 6652
5897 7499 5905 6799
6131 6599 6687 7111
5749 6929 6975 6817
5761 7195 6429 7227
6861 6216 6440 6530
6384 7150 6094 7217
6163 6933 6257 7339
6020 6826 7044 6582
6069 7121 6567 7155
6424 6849 6643 7063
6412 7108 6422 7153
5222 6014 7358 5878
6405 6860 6376 7265
6084 6655 7002 6741
5752 6513 7160 6475
5689 6808 7072 6535
5984 6577 7080 6567
6359 7149 6671 6946
5719 6929 7036 6433
5665 7484 6229 6873
6434 6867 6431 7212
6142 7057 6522 7200
6527 6743 6530 7116
6403 7110 6529 7160
6560 6066 6777 6690
6276 6711 5948 7451
6838 6703 6179 7149
6220 7084 6638 7036
6278 7154 5769 7366
6088 7112 6807 6622
5950 6979 6256 7348
6466 6795 6467 7207
6619 6816 6051 7369
6642 6782 5830 7367
6630 6782 6532 7027
6763 6671 6438 7076
6148 7350 6346 7096
7132 5979 5859 6489
6055 6848 6853 6958
6215 6934 5737 7465
6664 6629 6180 7275
5934 6603 7082 6383
6589 6297 6731 6754
6007 7263 6327 7263
6840 6343 6384 7043
6608 6706 6082 7338
6276 6955 6814 6762
6072 7101 6655 7123
5492 6549 7170 6531
6550 6835 6393 7189
6728 6795 6347 7135
6715 6275 6230 7256
6750 6817 6336 7111
5529 6475 7150 6558
6078 7118 6801 6647
6740 6880 6430 6984
6192 6494 7006 6470
6274 7175 6675 6695
6069 6912 6911 6685
6286 7382 6138 7132
6219 6924 5787 7459
5929 6932 6960 6606
5977 6352 7104 6407
6241 7174 6540 7130
6314 7092 6779 6816
5896 7476 6296 6961
6456 7105 6424 7131
6752 6862 6275 7137
5628 6236 7245 6227
6879 6711 6098 7199
6201 6782 5590 7531
6583 7155 6588 7093
6181 6858 5989 7436
6334 6974 6803 6793
6362 7204 6190 7243
6531 7058 6244 7219
6478 6783 6544 7196
6348 7273 6199 7208
6690 6928 6298 7019
6155 6871 7015 6609
6442 7023 6674 6772
6545 6486 6050 7437
6226 6692 6877 6790
6401 6905 6662 6987
6312 6427 6872 6851
5670 6707 7129 6286
5749 7052 6818 6943
6670 6892 6521 6911
6492 6748 6421 7212
6297 7122 6183 7353
6734 6478 6444 7171
6404 7135 6392 7133
6095 7174 6028 7377
6690 6766 6488 7027
6334 6920 6812 6664
6385 7029 6279 7271
6230 7327 6461 6798
5906 6847 6838 6982
6437 6754 6816 6789
6777 6921 6420 6992
6786 6424 6232 7230
6687 6824 6119 7265
6297 7261 6536 7078
6432 6530 5895 7458
6745 6416 6313 7180
6343 7051 6693 6927
5785 6962 7015 6473
6332 7117 6292 7257
5835 6825 7059 6575
6154 6744 6859 6856
5557 6661 7147 6516
5839 7094 6940 6749
6230 6746 6908 6702
6118 7035 6905 6768
5764 7545 5816 6991
6662 6690 6458 7040
5874 7513 5998 6959
6198 6300 7001 6601
5938 7316 6401 7189
6447 7061 6607 6913
6388 7021 6601 7035
6828 6543 6208 7218
6403 6769 6228 7365
6917 6646 5844 7134
6301 6995 6314 7300
6693 6749 6137 7303
6546 7128 6118 7156
6431 6800 6358 7303
5817 6741 7075 6487
6655 6910 6052 7270
6031 6824 7011 6644
5653 6522 7154 6523
7126 6135 5554 6743
6573 6576 6736 6768
6483 7085 6236 7208
5851 7521 6030 6849
6540 7097 6101 7188
6428 7105 6565 7123
5974 7273 5954 7368
6304 6905 6277 7328
6571 6646 6680 7014
5847 6851 7009 6746
5488 6608 7253 6403
6843 6436 6169 7269
6521 6642 6399 7284
6357 6825 6845 6623
5842 7015 6942 6758
6699 6856 6482 6965
6360 7113 6042 7343
5844 6988 6929 6716
5762 6920 6980 6676
5971 7255 6686 6840
5747 7343 6458 7114
7018 6464 5615 6990
6419 6825 6793 6978
5913 6854 6820 6991
6274 6698 6950 6585
5829 7250 6529 7147
6258 7135 5880 7380
5803 7484 5948 7109
6873 6867 6233 7113
7121 6310 5815 6956
6351 6876 6745 6870
6623 6890 6139 7280
6306 7162 6536 7091
6301 6299 5844 7477
7064 6331 5814 7066
6428 6872 6271 7305
6575 6917 6114 7281
5867 6724 6864 6961
6314 6371 6950 6656
6243 7284 6493 7116
6363 6721 6572 7182
6680 6785 6303 7170
6923 6749 5928 6829
5807 6634 7111 6499
6810 6953 5956 6926
6125 6665 6984 6718
6479 7056 6323 7241
6950 6558 5851 7150
6213 6715 6956 6717
6180 7055 6674 7052
5473 6889 7089 6459
6278 7307 6482 7094
6004 7318 6507 7062
5594 6679 7129 6517
6079 7458 6170 7132
5402 7468 6273 7014
6237 6918 6597 7167
5585 6398 7248 6495
6291 7069 6695 6937
6719 6959 6482 6932
6140 6712 6088 7471
6177 6791 6804 7034
6521 6773 6619 7069
6126 6897 6920 6696
6130 7396 6321 6899
7154 5850 5560 6240
6000 7243 6736 6906
6003 7268 6604 7072
6656 7006 5952 7143
6765 6535 5555 7385
6511 6893 6503 7137
6484 6709 6739 6818
6568 6666 6592 7046
5942 7132 6255 7323
6383 7103 6718 6693
5878 7093 6448 7206
5711 7274 6609 7106
6811 6506 6597 6723
5885 6926 6890 6930
6268 6496 6888 6865
6478 6204 6765 6812
6666 7018 6651 6970
6723 6669 6281 7232
5822 7509 6017 6969
6403 7141 6337 7165
6836 6538 6174 7187
6192 7068 5860 7436
5515 6542 7226 6334
6179 7249 6012 7434
6603 6577 6061 7398
6085 6494 7080 6616
6269 6541 5819 7493
6305 6843 6847 6633
6780 6615 6076 7250
6888 6760 6080 7122
6563 6892 6595 7057
5695 7049 6952 6485
6593 7147 5962 6838
6154 6767 6887 6801
6902 6798 5910 6871
6018 6722 6991 6693
6237 6627 5752 7498
6644 6811 6087 7332
5897 6965 6951 6703
7035 6228 6047 6891
5813 6817 7069 6470
5791 7486 5936 7019
6101 7274 6325 7241
5617 6672 7185 6320
6749 6672 6235 7240
6718 6739 6423 7045
5863 7272 6437 7150
6380 6887 6803 6768
6575 6949 6003 7261
5691 6469 7124 6609
7025 6186 5979 6941
6564 6616 6695 6821
5978 7447 6180 7109
6482 6981 6502 7138
6697 6912 6386 7139
6782 6932 6112 6667
6054 6656 6601 7216
6346 6853 6829 6610
6379 6919 6593 7159
6679 6806 6196 7236
7106 6230 5908 6624
6535 6716 6560 7136
6190 6726 6878 6855
5631 7411 6398 6955
6944 6607 6165 6690
6448 6771 6754 6727
6905 6323 5914 7197
6143 7320 6513 7003
6442 6756 6874 6693
6607 6978 6550 7013
6322 7034 6689 7009
6828 6279 6376 7057
5871 6945 6102 7437
5782 6790 7115 6609
5802 6841 7015 6647
6425 6839 6785 6614
6251 7206 6199 7338
6578 6785 6556 7108
5952 7371 6195 7244
5524 6452 7234 6298
6450 7051 6619 6781
5938 6975 6933 6680
6601 6484 6530 7064
6972 6436 5979 7172
6429 7108 6193 7246
6832 6765 6403 6917
5886 6993 6935 6690
5947 6327 7108 6201
5969 6770 6877 6947
6501 6943 5880 7450
5254 7486 6209 7021
6005 7463 5998 6796
5904 7285 6242 7286
6536 7213 6208 6954
6054 6920 6805 7009
6656 6728 6445 7051
6215 7371 6319 7237
6373 6923 6823 6642
6549 6804 5793 7442
7034 6272 5842 7034
6946 6532 6063 6924
7124 6153 5556 6494
6092 7350 6411 7100
5798 6928 7005 6387
6820 6350 6406 6984
5814 6990 6869 6954
6168 6845 5891 7454
6091 7140 6352 7268
5841 6934 6962 6597
6418 7139 6238 7212
6761 6392 6655 6766
6849 6543 6400 6889
5726 6644 7182 6376
6361 7170 6545 6971
5841 6548 7076 6572
7054 6171 6057 6702
7069 6359 6109 6689
6430 6855 6412 7228
6164 7053 6414 7257
6303 6718 6132 7367
5430 7493 6118 7153
6598 6895 6103 7317
6600 6788 6667 6830
6533 7104 6145 7113
6338 7095 6706 6890
5967 6798 6881 6959
6056 7166 6834 6843
6594 6921 5917 7375
6202 7048 5901 7420
6913 6351 5840 7243
6224 7106 6781 6882
6099 6948 6917 6672
6458 6978 5865 7384
6096 7255 6628 6784
6978 6532 6103 6645
6381 6866 6030 7435
7106 6186 5958 6893
6264 7263 6401 7206
6773 6783 6223 7189
6682 6724 6334 7152
5749 7485 6088 7096
6142 7244 6732 6898
5758 6323 7129 6603
5720 7381 6583 6851
6765 6550 5810 7354
6779 6935 6119 6906
5912 7497 5647 6933
5603 6487 7033 6793
6491 6790 6503 7170
6054 7009 6775 7083
6613 6548 6538 7050
6004 6772 7027 6832
6025 7447 6342 7084
6162 6107 7004 6505
6238 6449 6986 6570
6080 7042 6620 7124
6659 6962 6296 7084
6525 6679 6689 6910
6226 6893 6794 7016
6093 7285 6372 7236
5793 6807 6990 6764
6256 7074 6720 6846
6232 6820 6189 7409
6702 6926 6310 7109
6328 6692 6805 6916
5897 6469 7129 6498
6184 7183 6539 7169
6628 6372 6185 7343
6408 7139 6165 7271
6298 6731 6444 7282
7074 6291 5946 6519
7137 5911 5696 6319
6807 6790 6220 7126
6453 6788 6508 7233
6402 7121 5763 7343
6977 6455 6013 7158
6247 6925 6711 7089
6687 6795 6615 6625
5663 6654 7128 6376
6561 6933 6025 7317
5533 6927 7067 6336
6208 6714 5916 7459
6647 6729 6225 7248
5953 7154 6662 7115
6023 6851 6912 6748
6300 7315 6370 6871
6516 6354 6821 6546
6663 6367 6294 7247
6129 6946 6977 6434
5970 7314 6617 6737
6382 7209 6469 6912
5747 6518 7163 6455
6351 6345 6914 6560
6220 7403 6201 6880
6502 7067 6203 7217
6664 6807 6487 7039
6076 7385 6493 6851
6288 6677 6798 6948
6956 6441 6146 6908
5912 7064 6632 7173
6527 6902 5866 7414
5926 6760 7060 6742
5399 7200 6317 7284
6162 6647 6895 6783
6663 6456 6665 6764
6043 7442 5944 7160
6015 6797 6830 6983
6287 7039 6580 7105
6404 7038 6499 7153
6501 7017 6300 7227
6704 6564 5687 7373
6526 6792 6653 7055
6502 6907 5830 7451
5808 7329 6581 7095
5736 6588 7123 6535
6776 6511 6488 6819
5964 7461 6219 7103
6748 6634 6515 6941
6174 7003 6869 6564
5868 7192 6128 7408
6481 6914 6300 7260
6830 6465 6294 7155
6828 6703 6106 7208
6400 7161 5835 7228
6698 6802 5821 7284
6400 7168 6530 6945
5795 6339 7170 6512
6438 6435 6292 7359
6756 6792 6019 7251
6692 6542 6354 7154
6737 6924 6181 7122
6294 7126 5967 7398
6406 6826 6754 6815
6717 6860 6125 7252
6258 6644 6933 6835
6042 7265 6477 7148
5541 6347 7141 6665
5915 6928 6988 6502
6086 7225 6578 7095
6425 6757 5789 7477
6128 6586 6986 6727
6287 6727 6872 6716
6690 6532 6630 6670
5466 6361 7269 6326
6233 6851 6550 7237
5889 7390 6156 7344
6674 6531 6532 6918
5659 6536 7032 6766
6950 6671 5918 6842
6350 6766 6839 6870
6149 6959 6878 6841
5776 6981 6959 6629
6117 6794 6618 7186
6852 6453 5855 7267
6859 6658 6288 7060
6212 7237 6604 6860
7023 6229 5984 6870
6707 6722 6586 6794
6301 6899 6073 7379
6568 6410 6708 6776
6842 6485 6178 7166
6312 6489 5811 7515
6721 6659 6051 7312
6399 6912 6571 7218
5713 7074 6542 7240
6887 6799 6254 6979
5614 6053 7236 6296
5852 6906 6978 6610
6074 7162 6843 6761
6134 7423 6044 6927
6903 6786 6216 6887
5451 6539 7188 6554
6870 6464 6348 6941
5924 7392 6306 7229
6285 6696 6917 6647
5687 6528 7207 6481
6606 6401 6742 6694
6497 6668 6794 6733
6333 7244 6490 7156
6365 7313 6253 7084
6507 6705 6665 6959
6581 6726 6270 7261
6196 6881 6997 6586
6407 6861 5782 7471
6014 7011 6002 7474
6147 7296 6220 7250
6050 6983 6876 6872
6013 7437 6160 7309
5503 6806 7103 6438
6569 6823 6673 6758
6039 6792 6288 7345
6068 6390 7069 6676
6430 6852 6269 7284
5919 6841 6998 6762
6387 6640 6874 6832
6469 6939 6735 6935
6888 6492 6420 6738
5929 7326 6417 7139
6684 6964 6373 7028
6106 7333 6388 7005
6755 6779 6580 6902
6810 6672 6049 7211
6515 6571 6769 6788
6171 7250 6516 7105
6933 6454 5840 7210
6274 6869 6271 7341
6457 7327 6340 7008
6612 7120 6229 6937
6109 7169 6223 7338
7020 6430 6193 7063
6844 6709 5948 7314
5886 6574 7126 6538
5596 6859 6326 7337
5879 7307 6553 7096
6462 6749 6852 6752
6443 6858 6527 7112
6085 7174 6765 6976
6480 6765 6700 7019
6625 6550 6690 6579
5723 6951 6968 6603
6116 7198 6539 7156
6308 7349 6356 7162
6255 7288 5892 7337
6016 6978 6909 6519
6808 6436 6037 7281
6030 6853 6817 6995
6868 6656 6413 6781
6149 7421 5786 7061
6769 6321 6605 6636
5736 7229 6800 6719
6048 7200 6619 7103
6688 6666 6515 6927
6366 6925 5938 7402
6886 6564 6092 7141
6871 6641 5814 7213
6740 6290 6584 6855
6243 6721 5575 7556
6378 7246 6276 7148
6241 7116 6555 7109
6593 6813 6121 7287
6784 6592 6386 7128
6495 6724 6716 6928
6830 6918 6172 6953
5916 6232 7127 6398
6556 6637 6508 7188
5900 7028 6963 6594
6164 7372 6318 6880
6087 7397 6415 7066
6395 6814 6832 6600
6780 6775 6449 7016
6047 7265 6658 6967
6932 6663 5603 7154
6399 6981 6706 6801
6202 6750 6212 7397
6032 6831 6936 6856
6121 6868 6706 7097
6777 6761 6047 7226
6224 7121 6794 6849
6056 7189 6572 7108
6292 7010 6464 7222
6761 6912 6347 7057
6337 7101 6147 7303
5644 7339 6589 6954
6366 6965 6673 6995
5946 6893 6982 6574
5518 6463 7228 6343
6536 6938 5989 7354
6105 6933 6885 6817
6368 6909 6751 6800
5701 6888 6894 6955
5974 7161 6563 7156
5661 6811 7076 6475
6081 7196 6389 7271
6486 6896 6736 6779
5981 6710 7069 6687
5974 6749 6596 7199
5933 6336 7138 6338
5968 7352 6407 7176
6561 6286 6836 6577
6473 7138 6596 6954
6331 6905 6823 6707
6319 7176 6536 7046
6666 6786 6524 7008
5785 6711 7117 6618
5788 6784 7074 6504
6288 6992 6794 6572
6351 7269 6124 7222
6178 6967 6809 6974
6133 6773 6895 6849
5592 6588 7131 6678
6383 6642 6814 6861
6343 7018 5678 7404
5987 7464 6082 6840
5972 7017 5843 7493
5661 7090 6140 7405
5676 7496 6151 7088
6184 6603 5847 7513
5423 6775 7147 6502
6094 6516 6990 6672
7020 6440 6055 7024
6763 6797 6497 7020
6065 7304 6630 7043
5870 6913 6967 6891
6656 6721 6380 7144
6623 6873 6532 6979
6136 7255 6407 7201
5895 7199 6312 7324
7089 6067 5692 6984
6429 7033 6535 7116
6847 6780 5805 7130
6123 7327 6535 6944
6497 6537 5798 7466
6523 7142 6278 7197
5654 7403 6366 7065
6527 6808 6665 6926
6009 6973 6894 6895
6228 7081 6751 6931
5678 7424 6488 6928
6294 7044 6599 7060
6383 7117 6551 7101
6708 6766 5896 7323
5392 6933 6996 6556
6432 6626 6136 7379
6035 7268 6624 7056
6631 7016 6501 7085
5765 6969 7037 6414
5550 6748 7145 6531
6372 6712 6668 7082
6427 7116 5799 7306
6578 7186 5961 6883
6320 7251 6325 7118
6353 6820 6823 6675
6775 6686 6499 6753
6524 6720 6778 6545
6317 6805 6588 7167
6136 6615 6947 6785
6389 6861 5996 7404
6045 7351 6227 7304
6382 6837 6021 7417
6307 7195 6587 7015
6142 6789 6654 7149
5195 6663 7178 6375
5400 6087 7299 6094
5964 6584 7102 6508
6046 6717 6972 6695
6819 6422 6436 6991
6727 6537 6463 7058
6949 6495 6052 6789
6270 6824 6778 7002
6191 6898 6685 7112
5954 6610 5940 7498
6933 6439 5585 7241
6469 7142 6295 7141
5939 7400 6337 7118
5787 7316 6603 7003
6669 6999 6212 7260
6386 7024 6720 6702
5465 7591 5594 6893
6197 7417 6294 7040
6336 6808 6841 6705
7047 6030 5982 6859
6324 6685 6048 7421
6163 6787 6854 6877
6600 6619 6384 7230
5950 7115 6839 6796
5432 6685 7155 6466
6495 7029 6605 6912
6249 6903 6830 6950
5808 6773 7075 6763
6391 7008 6576 7124
6619 6916 5953 7338
6598 6596 6586 6976
6715 6897 6185 7223
6479 7063 6364 7222
6382 6913 6448 7200
6159 6646 5962 7462
7009 6550 5940 6665
5919 7376 6466 6970
6168 6838 5850 7473
5976 7116 6419 7245
5864 7104 6811 6911
6311 6858 6854 6519
6435 7127 6358 7174
6290 7283 6001 7241
5644 6974 6912 6888
5518 6285 7183 6520
6444 6945 6602 7049
5622 7501 6390 6991
6369 7140 6283 7229
6841 6557 6208 7173
5941 6400 7113 6484
6191 7190 6660 6964
5953 6937 6898 6827
6550 6674 6725 6873
6402 6770 6100 7369
6125 7225 6788 6951
6719 6290 6392 7184
6545 7172 6328 6849
5919 6153 7129 6407
6425 7122 6422 7108
6748 6888 6089 7195
6284 6806 6870 6707
6168 7290 6490 6955
6538 6897 6559 7094
6483 6686 6776 6644
6116 6844 5618 7551
6043 6730 6838 6971
6398 6723 6722 7067
6802 6916 6456 6955
6096 7294 6185 7295
6534 6813 6680 6550
6843 6680 6472 6929
6677 6931 6274 7146
5828 7270 6287 7265
6232 7024 6830 6776
6526 6938 5916 7413
5834 6983 6847 7013
5560 6360 7249 6140
6801 6696 6397 7068
6005 7153 6754 7035
6798 6622 6499 6641
5752 6998 6845 6947
5652 6346 7149 6583
6878 6393 6318 7014
6668 6529 6519 6948
6736 6849 6392 7050
5732 7256 6765 6743
5832 7365 6511 7003
6650 6733 6326 7187
6581 7179 6148 7059
6655 6777 6568 6990
6464 6825 6771 6477
5648 6499 7238 6263
6623 6028 6733 6432
6447 6979 6352 7253
6553 6625 6356 7258
6317 6870 6792 6853
6180 7369 6169 7352
6346 6972 6695 6936
6294 7055 5576 7400
6212 6930 6602 7185
6712 6575 6246 7241
6743 6449 6052 7325
6637 6332 6514 7083
6675 6690 5823 7363
6767 6921 6347 7051
5864 6981 6907 6775
6430 6424 5733 7491
6342 6800 6624 7130
6025 6912 6874 6876
5878 6914 6831 6999
6601 6565 6675 6706
6673 6807 5785 7321
6684 6957 6332 7047
6006 7075 6630 7151
6254 7043 5781 7417
6656 6929 6329 7080
6266 7309 6470 7004
5933 7281 5915 7386
6357 7175 6616 6899
6593 6661 6628 7009
5974 7075 6610 7167
6346 6806 6704 7020
5678 6618 7199 6517
5823 6971 6925 6798
5423 7475 6212 7032
5931 7407 6394 6887
6695 6970 6411 6878
6339 7279 6536 7013
6545 6838 6658 6885
6707 7055 6381 6988
6977 6464 6274 6795
5958 7426 6369 6943
6647 6564 6061 7361
5891 6797 7006 6699
6598 6888 6062 7336
6233 7208 6660 6899
6064 6923 6903 6840
6415 6827 6733 7007
6708 6727 6056 7265
5723 6842 7046 6693
6313 7251 6512 7097
5784 6954 6863 6967
5947 7499 5797 6818
6156 7314 6506 6923
6427 7271 6397 6878
6372 6907 6811 6771
6396 7166 6483 7000
6060 6499 7044 6653
6629 6882 6532 6973
5538 6950 6983 6596
5667 6662 6744 7094
5853 7132 6795 6898
6343 6989 6473 7281
6251 7047 5856 7403
5636 7451 6354 6852
6318 7048 6737 6702
6254 7018 5933 7418
5908 7183 6663 7018
7073 6437 5807 6985
5874 7383 6511 6938
5448 6618 7186 6545
5877 7491 5934 6883
6361 7157 6664 7035
6126 6504 7062 6593
6189 6766 5839 7506
6692 6844 6488 6715
6360 7200 6484 7065
6132 6703 6922 6788
6413 7241 6385 7052
5715 7509 6091 7115
5426 6967 6970 6714
6235 7172 6110 7371
6355 6895 6751 6845
5892 7497 5926 7042
6568 6577 6700 6928
5986 7342 6379 7211
6960 6621 6024 7039
5544 6939 6989 6551
5851 7085 6550 7173
6907 6589 5974 7154
5441 6666 7211 6310
6263 7264 6603 7029
6108 6854 6887 6826
6510 6452 6432 7246
6310 7232 6394 7204
6130 7259 6518 7109
6271 6462 6939 6651
5221 6360 7364 6128
6299 7017 6772 6907
6710 6909 6410 7012
6417 6761 6838 6730
6751 6422 6082 7345
6486 6778 6510 7165
5842 7402 6412 7013
6373 7095 6067 7360
6840 6809 5819 7149
6177 7059 6672 7085
6012 6918 6714 7096
6028 6961 6931 6614
5452 6638 7227 6323
6591 6668 6679 6633
6586 6765 6513 7067
6382 7214 6505 6748
5964 7020 6868 6922
6575 6942 5962 7280
6663 6374 6335 7228
6585 6830 6502 7093
6563 7053 6326 7198
6142 6769 6995 6658
6362 7085 6634 7028
6256 7014 6758 6914
6319 6806 6085 7365
6074 6517 6278 7343
5655 6827 7062 6575
6580 6488 6200 7322
6498 6381 6813 6664
6454 7103 6229 7209
6206 7121 6446 7205
6278 6723 6096 7404
6496 6778 6583 7106
6283 7130 6548 7199
5941 7257 6626 7078
6278 7002 6593 7110
6080 7353 6377 7189
6374 7285 6249 7063
6254 6435 6957 6549
6334 6810 6075 7364
6538 6633 6727 6933
6368 7108 6379 7275
5983 7378 6416 7057
6372 7182 6467 7186
5819 6626 7225 6450
6151 7368 6459 6958
6478 6530 6779 6780
6666 7006 6025 7084
5470 6840 7032 6721
5877 7083 6927 6726
6312 6951 5874 7403
6319 7121 6003 7361
6915 6722 6377 6940
6278 6818 5758 7493
6619 6744 6709 6620
6550 6922 6078 7318
6577 6726 6709 6685
6227 7173 6614 7042
6439 7261 5985 7087
5797 7317 6659 6880
6927 6350 6332 6838
6782 6833 6295 7109
6115 6651 6912 6906
6009 7362 6389 7153
6307 7129 6297 7275
6318 6994 6437 7318
6147 6710 6938 6777
5963 7053 6203 7375
5992 7256 6682 6857
6619 6517 6534 7028
6678 6869 6452 6990
5863 6557 7209 6436
6000 7443 5802 7215
6222 7013 6205 7433
6259 7367 6367 7022
6611 6457 6711 6363
5779 7033 6838 7068
6605 6581 6628 7021
5823 6793 6880 6975
5935 7482 6165 7043
6903 6401 6432 6617
6449 6625 6259 7397
6009 6751 6746 7084
6546 6949 6315 7258
5944 6842 7022 6304
5661 7160 6667 7149
6800 6630 6034 7339
5778 6983 6069 7442
6453 7035 6596 6987
6645 6783 6153 7285
5514 6778 7119 6451
6683 6663 5853 7383
6507 6616 6767 6605
6717 6479 6321 7153
5406 6219 7294 6021
6052 6633 6940 6824
6269 7028 6758 6869
5858 7069 6721 7061
6726 6917 6238 7153
6266 7111 6591 7072
6633 6623 6331 7203
7089 6082 5947 6953
5978 6847 6989 6657
6497 7027 6085 7316
6563 6726 6484 7194
5635 7254 6418 7180
6040 6776 6072 7455
6844 6716 5989 7295
5753 7108 6800 6893
6286 6694 6899 6748
6590 6680 6747 6708
6236 6729 6748 7016
6963 6623 6091 6766
6352 7240 6115 7204
6498 7102 5995 7228
6439 6776 6786 6725
5459 6828 7110 6506
5720 7538 5648 7079
6562 6904 6016 7299
6629 6692 6254 7279
5764 7493 6119 6985
6453 6941 6130 7360
6285 7237 6358 7241
6691 6915 6088 7268
5807 7440 6400 6910
5902 6880 6976 6794
6690 6440 6474 7059
5312 6037 7310 6227
6250 7057 6599 7097
6298 6934 5540 7459
6336 6819 6344 7323
6211 6705 5693 7518
6013 7072 6483 7243
6284 6761 6821 6930
6142 7064 6563 7181
6422 7325 6190 7123
6726 6910 6197 7172
6405 7043 6607 6978
6205 6972 6846 6964
6453 7104 6101 7213
6832 6439 6389 6949
6801 6495 6480 6842
6743 6899 5901 7221
6650 7103 6489 7181
5471 6787 7175 6208
5779 6874 7066 6540
6606 7144 6382 6768
6325 6985 6692 7026
6451 6903 6358 7270
6205 7014 6082 7415
6457 6620 6225 7366
6409 6950 6493 7145
6229 6824 5973 7454
6146 6767 7055 6629
6803 6889 6046 7088
5709 7177 6816 6907
6576 6906 6595 7012
6778 6894 6010 7125
6722 6907 6422 7102
5647 6538 7140 6623
6714 7007 6143 6805
5485 6915 7039 6630
6429 6703 6669 7043
7008 6494 6032 7010
5472 7084 6791 6936
6623 6883 6098 7299
6377 6818 6823 6682
6688 6844 6560 6750
6048 7439 6310 7194
5891 7048 6904 6554
6608 6918 6497 7094
6844 6869 6321 7080
5957 6830 6985 6739
6421 7135 6163 7226
6556 6644 6549 7169
6580 6795 6689 6771
6276 7041 6572 7193
6605 6845 6460 7182
5812 6894 6978 6860
6170 6970 6696 7079
5739 6922 7014 6492
6344 6779 6661 7099
6305 7234 6566 7098
6191 6531 6868 6860
6664 6563 6184 7379
6071 6928 6918 6464
6836 6246 6286 7086
6212 6923 6561 7204
6275 7230 6244 7319
6774 7003 6282 7076
5305 7603 5531 6794
6293 6910 6830 6687
6069 6689 5989 7491
6354 6924 6557 7196
5157 6303 7316 6137
5941 6911 6948 6656
6160 6714 6817 6965
6281 7039 6400 7299
5823 7067 6571 7176
6261 6699 6863 6785
6106 7138 6800 6855
6311 7196 6344 7205
5494 6825 7047 6594
6314 6927 6834 6605
6421 6915 6682 6940
6658 6754 6028 7399
6071 6720 6928 6920
6640 6712 6307 7209
6966 6586 6080 6631
6629 6916 6026 7279
6234 7071 6609 7124
5941 7318 6531 7090
6191 7245 6641 7090
6215 7055 6449 7212
5757 7189 6844 6613
6470 7089 6238 7253
5865 7184 6810 6726
6065 7106 6405 7227
6461 7147 5958 7209
6483 6536 5977 7455
6579 6999 6380 7238
6001 7236 6706 6965
5699 6924 6921 6833
6354 6967 6781 6852
6466 6633 6743 6743
5941 6969 6940 6416
6768 6894 5937 7184
6503 6902 6450 7190
5866 7000 6957 6631
6212 6981 6546 7225
5984 6882 6969 6551
6216 7335 6269 7238
5758 6910 7031 6661
6208 6952 5719 7489
5656 6933 6977 6590
5637 6784 7029 6705
6070 6940 6986 6539
5367 6391 7306 6321
6214 7251 6162 7319
5987 6951 6949 6637
6000 7268 5706 7404
6292 6886 6800 6830
6070 6762 6964 6748
6548 6729 6613 6978
6267 7046 6602 7046
5553 6669 7147 6540
5888 7512 5810 6968
6350 7149 5967 7304
6563 6691 6678 6831
5415 6512 7267 6151
6134 6991 5983 7435
5666 7432 6374 6977
5617 6799 7077 6447
6207 7409 5843 6786
6373 7110 6437 7179
6255 7086 6788 6921
5873 7355 6040 7398
6731 6830 6358 7064
6401 6659 6275 7379
6676 6813 5989 7270
6050 7006 6614 7137
5616 6155 7150 6547
6540 6566 6805 6751
6034 7316 6567 6824
6291 6780 6729 7042
6300 6935 6123 7378
6210 6964 5867 7442
6671 6950 6488 6800
6380 6825 6583 7122
6168 7059 6045 7396
5803 7018 6853 6941
6421 7110 6315 7227
6774 6670 6487 6882
6445 7094 6202 7290
5538 6291 7261 6191
6871 6672 5983 7204
6033 7104 6876 6698
5894 7464 5960 7314
6151 6668 5648 7574
6257 7015 6355 7318
6282 6950 6725 6921
6980 6536 5611 7125
6432 7249 6450 7041
6808 6562 6096 7225
6559 6715 6753 6636
6228 6704 5816 7536
6244 6742 6910 6578
6503 6737 6286 7303
6454 6588 6775 6920
6293 6835 5517 7513
6869 6536 6378 6948
6307 6945 6761 6884
6546 6934 6060 7289
6012 6703 6736 7091
6366 7299 6343 6959
6341 6706 6624 7187
6011 7324 6599 6714
6188 7151 6768 6769
5875 6222 7145 6421
6036 7111 6636 7138
6121 7227 6728 6980
6465 6850 6521 7132
5711 7377 6358 7228
6509 6958 6694 6924
5969 6777 6918 6928
5987 6965 6904 6790
6141 7097 6863 6913
6236 6425 6990 6456
6697 6966 6059 7098
5792 6901 7000 6801
6555 6972 6036 7277
6132 6985 6869 6629
6021 7021 5694 7496
6563 6893 5953 7432
5733 6667 7121 6526
6554 6959 6097 7269
6442 7106 6645 6969
5756 6971 6880 6923
6721 6965 6291 6827
6581 6920 6667 6854
5508 6829 7019 6698
6734 6703 5560 7321
5896 7029 6516 7227
6805 6694 6457 7039
6155 7047 6827 6774
6046 6680 5890 7524
6121 6731 6906 6775
6469 7076 6299 7245
6439 7044 6157 7295
7059 6443 5927 6967
6795 6746 6327 6997
6751 6582 6455 7111
6112 7123 6768 7000
5836 6879 6993 6733
6091 7037 6603 7146
6510 6704 6654 6986
6261 6942 6891 6723
6277 7214 6567 6890
5989 7231 6814 6691
6096 6873 6670 7134
6514 6927 6253 7341
6387 7199 6226 7206
6206 7172 6390 7245
6074 6984 6798 6938
5910 7076 5670 7482
6651 6953 6385 7074
6145 6834 6851 6892
6779 6877 6046 7247
6211 6828 6949 6766
6513 6778 6653 7100
6516 6028 6807 6578
6401 6857 6500 7195
5964 6889 6991 6492
6624 6833 6659 6883
6347 7153 6042 7290
6656 6515 6684 6651
6777 6768 6088 7207
5856 7485 6014 6950
6266 6750 6900 6683
6801 6536 6024 7302
6022 6987 6713 7166
6318 6795 6809 6843
6226 6722 5452 7538
6300 7100 6713 6870
6965 6528 6113 6742
6520 6736 6409 7321
6611 6500 6335 7200
6636 6788 6301 7192
6189 7249 6085 7375
5348 6242 7314 5959
6847 6674 6415 6796
6263 6845 6800 6898
5424 6422 7275 6115
6908 6540 5851 7215
6341 7164 6686 6976
6113 7439 6203 6949
6272 6914 5569 7461
5774 7010 6922 6808
6728 6802 6388 7116
5941 7114 6269 7360
6363 7041 6129 7341
5680 6898 7064 6571
6740 6232 6115 7307
5702 7543 6046 7003
6621 6760 6622 6971
6678 6529 6592 6889
6431 6566 5945 7457
6162 7036 5735 7474
6487 6972 6289 7263
5984 6902 6892 6899
6133 6843 5741 7569
6472 6974 6388 7216
6303 6931 6339 7333
6479 6961 5730 7395
6402 7004 6715 6783
6589 7111 6210 6945
5936 7463 6071 6941
6229 7331 6361 7035
6622 6610 6319 7254
6925 6619 5874 7154
6404 6852 5969 7412
6137 6895 6887 6758
6557 6864 6608 7056
6617 6563 6022 7404
6522 6776 6700 6740
6183 6957 5683 7526
7134 6075 5622 6576
6441 6974 6729 6647
6418 6876 6790 6745
6390 7127 6313 7204
6604 6697 6218 7316
6202 6923 6488 7263
6391 6533 6839 6884
6276 7201 6235 7301
6229 7161 6750 6746
6528 7182 6396 7098
5745 6959 6958 6708
6598 6644 6673 6697
5992 7151 6535 7191
6191 6565 6956 6730
6377 6640 6801 6891
5587 6697 7153 6503
6665 6346 6331 7216
6084 7460 6149 6889
6362 6665 5504 7529
6271 6679 5996 7441
6770 6411 6349 7143
6772 6302 6486 6937
6321 7384 6288 7017
6334 6925 5918 7418
5894 7315 6584 6985
6893 6550 6111 7226
6143 6879 6901 6658
5680 7567 5725 6900
6241 7047 5783 7462
5617 7056 6407 7297
6491 6424 6885 6761
6393 7103 6415 7238
6445 7225 6422 7075
6453 7091 6627 6766
6318 6842 6135 7364
6614 6929 6265 7253
6048 7353 6357 7205
6541 6970 6596 7006
6437 7116 5872 7247
6219 7178 6648 7073
6330 7318 6144 7180
6337 6772 6679 7090
6177 6928 6452 7300
6029 6334 7102 6397
6651 6885 5814 7297
6507 6803 6386 7257
5667 7586 6143 7124
6137 7404 6154 7286
6978 6522 6241 6684
6370 6580 5822 7476
5620 7129 6444 7209
5558 6724 7116 6404
6233 6504 6988 6447
5535 7029 6981 6587
6429 6888 6712 6960
5976 6874 7002 6699
5695 7413 6348 7042
6878 6431 6278 7173
6646 6756 6016 7309
6662 6728 6283 7230
5995 7292 5893 7380
6392 6742 6442 7260
6218 7331 6427 6918
6045 7328 6489 7039
5937 6837 7007 6680
6731 6797 5983 7288
5785 7459 6314 7043
6602 6330 6364 7198
5639 7316 6673 6694
6092 7319 6401 7153
6985 6428 6043 7178
6544 6997 6230 7353
5579 6960 6965 6573
6708 6926 6269 7089
5909 7337 6432 7165
5593 6687 7170 6447
6247 7168 6739 7027
6413 7219 6197 7204
6321 6468 6111 7403
5844 7305 6403 7211
6268 6846 6659 7141
6356 7006 6426 7239
6165 6707 6124 7434
6412 7099 6040 7286
6347 7187 6431 7223
6931 6735 6260 7027
5942 7368 6434 7080
6239 6724 6916 6325
6689 6546 6429 7140
6092 7034 6734 7075
6466 6849 6767 6591
6304 7277 6386 7128
6457 7180 6467 6984
5882 6108 7151 6230
6529 6508 6234 7306
5970 7307 6263 7265
6326 7155 6514 7150
6701 6399 6294 7220
6837 6627 6013 7289
6429 6778 5569 7504
6569 6702 6109 7412
6591 6806 6127 7311
6412 7115 6463 7134
6127 7321 6551 7038
6327 6704 6881 6725
6216 6636 6958 6726
6719 6207 6663 6679
6334 6516 6741 7004
6767 6761 5974 7285
6162 7415 6144 7155
6536 6651 6571 7110
6694 6964 6446 6969
5776 7122 6178 7382
6507 6976 6538 7101
6493 7187 6287 7194
6129 7295 6568 7108
5992 6780 6913 6881
6092 6684 6963 6799
6408 6857 5621 7452
6172 6705 6974 6740
6551 7099 5747 7189
6928 6545 6220 7130
6873 6395 5638 7236
5948 6849 6929 6895
6214 6761 5875 7469
6806 6555 6058 7288
6339 6366 6986 6619
6379 6664 5627 7547
6930 6455 5851 7183
5958 6790 7018 6611
5886 7017 6035 7413
6466 6802 6508 7188
6021 7468 5972 7165
6158 7157 6142 7378
6734 6793 5908 7302
6241 7328 6395 6946
6446 6366 6912 6473
6523 6462 6794 6811
6603 6739 6298 7215
6436 6661 6425 7264
6214 7244 6121 7338
6486 6771 6469 7184
6084 6877 6041 7478
6348 7115 6401 7216
5955 7039 6812 7078
6337 6841 6814 6673
5908 7357 6190 7283
6256 7044 6364 7336
5944 6959 6947 6580
6310 6578 6914 6546
6263 6829 6898 6674
6235 6582 6975 6690
6700 6348 6481 7101
5960 6847 6821 7038
5728 6746 7096 6627
5555 6417 7228 6370
5911 6775 6971 6791
6532 7022 6194 7220
6353 6996 6587 7203
6016 6323 7089 6603
6882 6594 5938 7191
5779 7136 6587 7190
6335 6930 6232 7282
5845 7276 6394 7193
5483 6813 7125 6379
5712 6920 6773 7093
6300 6945 6742 6900
5763 7366 6529 7020
6323 7002 6787 6780
6460 6795 6629 7028
6945 6739 6081 7012
6706 6616 6515 7006
6597 6768 5905 7418
6475 6509 6723 6972
6015 7399 6370 6870
6668 6625 6481 7088
5552 6537 7108 6703
5649 6922 7003 6542
6356 6986 6767 6748
5832 6904 7057 6566
5834 7068 6805 6924
6256 6879 5824 7478
6517 6976 6611 7042
6496 7056 6094 7334
6678 6605 6620 6829
6322 7175 6525 7073
6198 7381 6244 7041
6949 6482 6144 7022
6058 7266 6641 6807
5940 6876 6899 6875
5786 6617 7107 6581
5877 7450 6264 7136
5819 7410 6444 6903
6203 6649 6883 6847
6433 6556 6858 6847
5974 7371 5945 7328
6745 6773 6299 7131
6000 6859 7017 6572
5896 6779 7040 6617
6116 7032 6639 7109
6332 7124 6333 7238
6316 6851 6731 7038
6050 7179 6656 7072
6639 6411 6673 6711
6536 7048 6601 6789
6956 6553 6188 6704
6228 7262 6453 7144
6383 7144 6129 7308
6206 6900 6816 6957
6181 7340 6160 7334
6484 6500 5927 7456
6413 7016 6637 6998
6251 6716 5912 7488
6184 7177 5742 7413
6564 6815 6323 7296
6003 7354 6557 7061
6325 6592 6834 6923
6248 7128 6398 7314
6491 6797 6544 7151
6794 6686 6160 7189
5975 6901 6913 6707
5747 6827 7061 6566
6694 6994 6248 7223
6112 6321 7053 6662
5990 7445 6192 7199
5871 6800 6917 6900
6584 6523 5603 7430
6208 7282 6343 7231
6366 7294 6307 7123
6549 6922 6362 7245
5772 6684 7183 6357
6583 6573 6690 6855
6131 7310 6331 7228
6701 6684 5961 7298
5712 7098 6818 6916
6542 6971 6647 7005
5767 6820 7039 6625
5897 7385 6122 7313
6659 6969 6337 7065
6388 7036 6165 7304
5925 6697 7101 6564
6563 7169 6202 6863
6172 7406 6304 7171
6595 6640 6665 6978
6654 6811 6160 7273
6110 6843 6903 6946
6009 7077 6760 7052
6738 6763 6062 7252
5864 7252 6679 7032
6436 7152 5922 7246
6305 6781 6809 6888
6658 6820 6024 7295
6725 6594 5608 7347
6217 6514 5849 7498
6715 6737 6293 7144
6376 6910 6626 7024
6111 6772 6953 6686
6701 6946 6036 7096
6790 6506 6405 7052
6597 6615 6283 7291
6547 6782 6736 6690
5839 6270 7154 6498
6433 6486 6704 7009
6872 6622 6122 7193
6272 6920 6747 7052
5887 7280 6583 7116
6180 6858 6273 7363
6346 6577 5987 7455
6166 7312 6481 7113
5945 7313 6254 7281
5882 7220 6027 7386
6220 7053 6277 7318
5748 7324 6171 7326
6321 6683 6867 6734
6334 7011 5871 7407
6594 6697 6145 7375
5954 7228 6484 7204
5520 6808 7007 6748
5588 7051 6814 6951
5771 6585 7144 6588
6916 6513 5881 7235
6472 6808 6277 7353
6505 7188 6253 7000
6651 6803 6313 7159
5965 7144 6351 7275
6421 6727 6635 7128
6720 6822 6317 7115
6185 6709 6853 6928
5672 6609 7142 6619
6826 6724 6054 7151
6462 7111 5908 7210
6555 6731 6518 7225
6295 6490 5688 7497
6575 6555 6773 6737
5768 6607 7106 6678
6331 7215 6233 7191
7057 6423 5948 6636
6713 6594 6588 6815
6432 7201 6164 7213
5911 6923 6949 6868
6365 6528 6923 6491
6331 7153 6342 7256
6277 7321 6392 7219
6588 6888 5989 7395
6272 6914 5940 7424
6319 7272 6329 7024
6214 7091 6499 7211
6485 6790 6665 6991
6566 7028 6505 7124
6263 7109 6632 7059
6251 6965 5751 7422
6699 6558 6293 7283
6325 7249 6524 7187
6021 6896 6281 7339
5952 6721 6284 7357
6074 7298 6293 7238
6330 7192 6670 6963
6742 6926 6311 7088
6736 6724 6317 7208
6180 7233 6719 6875
6593 7008 6317 7201
6620 7036 6110 7256
5746 7379 6508 7113
6276 7103 6792 6839
5904 6487 7111 6387
6438 7240 6352 6912
6522 7073 6051 7206
6354 7274 6479 6909
5905 7114 6793 6888
6095 7302 6690 6805
6515 7102 6065 7225
6843 6737 6405 6758
6091 6887 5733 7500
5998 7159 6468 7190
6139 7175 6752 6812
6737 6640 5896 7345
6059 6728 6814 6969
6071 7113 6786 7023
6476 6898 6394 7233
5386 6478 7294 6417
6035 6466 7097 6324
5641 7418 6587 6945
6325 6771 6803 6907
5969 7323 6398 7158
6405 7132 6499 7096
6826 6658 6058 7255
6828 6345 6372 6953
6501 6797 6617 7092
5888 6861 6991 6723
5575 7488 5969 7136
6077 7121 6618 7115
6493 6516 6018 7439
6285 6747 6071 7391
6377 6672 6856 6752
6176 7011 6862 6653
6651 7045 6187 7063
6197 7054 6797 7070
6969 6540 5764 6884
6466 7146 6370 7127
5850 7114 6559 7191
6154 7254 5976 7471
6741 6809 6347 7090
6271 6569 6925 6777
5867 6844 6987 6805
5642 7051 6443 7260
6381 7193 6457 7041
6364 6771 5666 7496
5917 7137 6219 7360
6802 6756 6083 7189
5761 6831 7033 6670
6284 6627 5914 7473
6002 6850 6916 6731
6404 6893 6676 6997
5763 6703 7127 6513
6378 6991 6623 7166
6386 6933 6286 7280
6439 6341 6282 7322
6673 6771 5787 7419
6618 6780 6534 7003
6169 7156 6772 6937
6375 7228 6163 7286
5650 7328 6595 6909
6480 6183 6802 6781
6362 7145 6596 6960
6238 6960 6821 6742
6818 6504 6511 6665
6502 7237 6359 7114
6353 6687 6841 6879
6809 6874 6212 7176
6412 6635 6910 6795
6298 7242 6340 7271
6174 6461 6945 6790
6540 6947 5853 7376
6776 6610 6112 7194
6104 7123 6717 7040
6120 6876 6906 6705
6237 6925 6638 7148
6313 6959 6742 6855
6611 6400 6778 6534
6499 6739 6201 7354
6241 6721 5769 7494
5799 7043 6917 6774
6367 6377 6881 6796
6354 7019 6219 7285
6282 7003 6350 7300
6565 6685 6711 6745
6410 7230 6313 7171
6009 7377 5658 7378
6416 6741 5698 7494
6097 6948 5895 7472
6673 7092 6283 6856
6341 6839 6874 6644
6277 7129 6205 7294
5385 7408 6365 7020
6732 6719 6353 7152
6962 6582 5586 6928
6002 6576 5924 7516
6089 6842 6911 6863
6044 7364 6539 7038
6164 7377 6354 6716
5986 7250 6546 7121
6162 6966 6889 6754
6342 7093 6736 6716
6397 7119 6172 7244
6581 6718 5860 7437
6031 6882 6933 6623
5936 7333 6584 6920
5950 6949 6964 6524
6450 6573 6673 7055
6015 6645 7017 6694
6287 7032 6539 7124
6429 7156 6547 6841
6000 7266 6474 7171
6387 6914 6559 7128
6212 7166 6589 7142
5930 6505 7110 6524
6129 7105 6749 6962
6260 6827 6089 7398
5797 6941 7003 6523
6353 7105 6167 7283
6678 6646 6606 6868
5775 6427 7140 6543
5790 7310 6492 7099
5648 6637 7179 6392
6216 6907 6779 6929
6408 6637 6850 6824
6114 6947 6018 7490
6469 6770 6769 6600
6250 7235 6208 7356
6332 6964 6670 7130
6409 7103 6115 7272
6375 7099 6634 6983
5679 6464 7232 6335
6134 7293 6557 6906
6798 6748 6457 6898
5759 7291 6758 6864
5437 7355 6588 6609
6272 7127 6147 7390
6433 6626 5852 7452
6584 6924 6512 7130
