100 2
31988
496 619 130
657 688 522
760 185 305
487 675 104
570 205 297
780 334 351
486 421 471
782 670 983
491 914 327
505 104 733
576 807 404
522 848 257
735 791 400
569 102 186
718 645 725
548 703 530
667 758 237
794 633 266
778 151 784
677 455 573
644 924 716
791 676 172
521 423 310
712 941 181
560 464 209
807 856 484
587 132 728
607 380 885
742 887 865
706 529 53
503 129 582
586 234 705
682 62 324
483 708 950
540 570 365
586 861 984
519 27 501
520 713 732
677 946 559
580 499 881
586 578 914
768 941 864
659 275 973
770 756 313
754 193 363
715 921 26
580 830 762
684 341 899
696 171 52
807 654 173
554 627 920
778 123 10
644 301 450
536 765 32
796 626 38
700 574 313
481 766 208
554 362 953
618 578 941
476 144 13
793 508 809
727 98 529
567 202 325
570 91 208
671 18 362
520 456 205
564 308 131
628 517 929
638 696 80
767 171 250
676 447 429
605 474 735
576 179 727
769 568 715
540 565 695
703 92 412
668 10 296
645 805 924
740 965 632
523 792 719
624 67 859
596 805 631
476 220 599
689 143 774
788 382 811
502 645 642
788 765 853
652 581 133
778 39 132
526 826 352
711 939 608
552 882 388
546 520 180
675 97 606
776 67 19
658 834 807
563 620 352
769 394 704
582 561 938
728 726 614
239
37752 27231
37744 27991
37711 28096
37698 28553
37676 28554
37657 28647
37642 28735
37635 28777
37631 28995
37598 29100
37553 29269
37543 29341
37529 29739
37496 29844
37435 29889
37402 29994
37395 30042
37362 30147
37340 30277
37284 30306
37243 30407
37226 30603
37180 30649
37160 30677
37152 30679
37129 30733
37120 30743
37064 30772
37063 30807
37055 30809
37038 31005
36974 31030
36972 31079
36941 31135
36932 31145
36912 31173
36894 31174
36881 31229
36822 31300
36815 31303
36763 31311
36743 31391
36741 31521
36708 31626
36634 31702
36573 31711
36564 31721
36555 31741
36553 31923
36520 32028
36389 32049
36381 32051
36371 32085
36325 32207
36317 32317
36257 32411
36201 32451
36152 32604
36034 32726
35954 32747
35898 32787
35863 32832
35851 32864
35842 32943
35791 32958
35790 32995
35742 33014
35707 33058
35675 33092
35625 33171
35616 33174
35583 33279
35528 33301
35491 33305
35466 33439
35438 33468
35418 33492
35380 33568
35325 33590
35281 33618
35268 33650
35264 33702
35243 33801
35135 33804
35085 33817
35068 33882
35013 33904
34989 33930
34971 33979
34965 33986
34940 34137
34865 34171
34810 34193
34809 34197
34794 34263
34747 34264
34719 34269
34698 34325
34642 34351
34613 34377
34558 34399
34552 34423
34523 34449
34499 34451
34495 34453
34488 34472
34479 34476
34477 34525
34474 34533
34454 34557
34418 34559
34401 34604
34345 34630
34336 34631
34319 34649
34310 34680
34304 34715
34279 34866
34232 34867
34223 34892
34160 34899
34121 34915
34105 34921
34096 34922
34049 34923
34040 34948
34033 34967
33996 34969
33984 35054
33929 35076
33928 35080
33909 35101
33873 35102
33844 35128
33831 35171
33805 35193
33793 35258
33746 35259
33737 35284
33690 35285
33687 35333
33670 35351
33626 35412
33570 35438
33541 35464
33495 35472
33448 35473
33439 35487
33433 35539
33405 35544
33396 35562
33377 35565
33355 35621
33305 35634
33285 35649
33270 35710
33247 35736
33200 35737
33153 35750
33151 35752
33145 35759
33098 35776
33067 35791
33061 35832
33057 35835
33012 35949
32996 35955
32949 35956
32940 35981
32893 35982
32887 36017
32862 36168
32736 36170
32661 36195
32606 36217
32559 36218
32558 36318
32526 36341
32452 36357
32450 36433
32403 36434
32388 36495
32214 36542
32128 36583
32096 36606
32052 36668
32024 36689
31974 36702
31962 36809
31740 36869
31622 36931
31575 36932
31572 36944
31550 37016
31500 37029
31415 37042
31317 37067
31307 37096
31272 37124
31157 37131
31146 37200
31103 37243
30955 37281
30870 37294
30771 37333
30712 37361
30560 37379
30510 37392
30412 37417
30329 37432
30325 37444
30323 37467
30282 37487
30169 37497
30134 37525
30101 37527
30072 37537
30051 37540
30037 37543
29985 37549
29977 37601
29933 37602
29891 37605
29831 37625
29809 37638
29759 37651
29636 37674
29610 37757
29377 37808
29280 37831
29258 37926
29002 37939
28900 37959
28667 38010
28459 38075
28384 38091
28101 38108
28026 38124
27868 38159
