100 2
35280
645 447 397
674 742 972
855 927 776
544 946 783
720 285 700
836 660 599
725 390 297
600 854 287
828 984 10
597 525 207
802 749 323
836 635 782
781 249 479
615 955 408
833 154 179
688 374 63
672 98 829
761 223 122
545 360 975
868 647 510
598 426 958
547 877 874
836 708 481
620 109 115
666 54 836
719 767 180
727 974 644
739 52 898
731 679 914
880 828 20
545 5 356
870 203 727
669 985 441
683 931 628
824 749 995
632 198 416
672 178 630
642 573 196
622 183 158
866 810 943
596 122 265
746 120 19
841 267 389
808 935 870
633 306 656
839 973 163
648 538 187
745 229 374
707 688 814
758 776 423
854 182 757
655 742 543
555 278 613
705 460 404
683 310 829
819 264 590
820 538 145
600 818 505
626 750 60
720 44 277
676 265 579
791 325 377
639 989 352
515 932 438
875 200 107
789 747 175
617 734 458
764 34 727
643 484 709
553 755 46
656 971 383
856 170 722
841 366 794
641 380 155
790 544 599
614 222 550
532 950 4
699 145 423
618 145 994
777 422 124
511 745 847
802 800 370
671 750 171
685 76 946
593 416 4
751 170 802
644 90 69
724 506 81
722 377 719
800 999 62
686 315 746
650 219 941
836 836 592
831 841 531
540 549 30
674 103 451
773 269 449
638 822 805
727 961 793
544 515 474
323
39187 23522
39166 24286
39132 24337
39120 24609
39081 24679
39071 24753
39060 24819
39037 24924
39035 25002
39010 25261
39006 25344
39001 25427
38970 25492
38910 25539
38885 25903
38820 25917
38794 26113
38682 26181
38673 26220
38655 26276
38653 26372
38597 26378
38592 26461
38566 26657
38501 26671
38492 26710
38440 26858
38389 26885
38376 26911
38360 26930
38333 26999
38328 27082
38299 27117
38285 27121
38273 27159
38246 27176
38230 27254
38202 27283
38188 27299
38176 27325
38157 27354
38155 27386
38138 27455
38121 27458
38118 27468
38092 27497
38089 27513
38085 27514
38068 27538
38063 27582
38057 27665
38027 27678
37996 27692
37994 27724
37953 27786
37948 27869
37918 27882
37886 27937
37853 27983
37823 28038
37822 28070
37790 28125
37777 28141
37764 28167
37756 28197
37738 28242
37725 28275
37681 28329
37651 28342
37638 28368
37634 28380
37629 28463
37615 28479
37568 28492
37558 28538
37554 28540
37553 28621
37525 28625
37491 28648
37489 28680
37458 28735
37414 28807
37366 28818
37350 28843
37348 28939
37300 28945
37287 28968
37273 29066
37225 29077
37222 29135
37147 29267
37081 29394
37017 29411
36978 29483
36957 29527
36904 29530
36888 29577
36876 29670
36800 29678
36782 29724
36778 29731
36748 29773
36699 29806
36688 29827
36670 29834
36655 29850
36641 29983
36573 30007
36514 30015
36513 30123
36463 30178
36411 30273
36339 30311
36338 30320
36304 30369
36258 30454
36176 30512
36130 30557
36081 30590
36070 30611
36034 30614
36019 30654
36008 30715
35989 30752
35967 30869
35827 30894
35804 30904
35776 30974
35716 30991
35708 31036
35705 31052
35686 31153
35584 31229
35526 31235
35507 31272
35485 31389
35359 31393
35345 31414
35334 31490
35315 31527
35271 31534
35264 31557
35204 31673
35102 31749
35034 31811
35014 31818
34971 31871
34923 31877
34915 31989
34871 31996
34852 32010
34789 32054
34755 32080
34719 32081
34691 32149
34665 32250
34621 32257
34552 32331
34508 32338
34447 32367
34430 32397
34393 32440
34362 32476
34324 32500
34319 32529
34275 32536
34273 32600
34219 32654
34182 32685
34155 32696
34103 32738
34059 32745
34049 32760
34019 32777
34012 32800
33995 32814
33985 32834
33969 32915
33883 32946
33852 32969
33849 32985
33791 32998
33788 33008
33758 33057
33737 33071
33718 33085
33700 33102
33679 33123
33677 33140
33647 33157
33626 33191
33621 33258
33577 33265
33526 33316
33503 33354
33459 33361
33410 33400
33397 33418
33369 33428
33323 33442
33312 33463
33292 33496
33279 33514
33276 33577
33197 33643
33108 33644
33078 33647
33072 33671
33064 33679
33048 33760
33021 33771
32977 33778
32973 33803
32930 33856
32858 33905
32814 33940
32791 33985
32740 34001
32714 34065
32597 34068
32596 34161
32536 34179
32492 34186
32464 34254
32407 34289
32392 34344
32348 34351
32325 34436
32212 34464
32174 34487
32167 34497
32125 34515
32101 34596
32040 34625
31979 34662
31915 34677
31892 34713
31789 34765
31745 34773
31702 34816
31666 34828
31617 34852
31616 34863
31581 34876
31567 34884
31555 34892
31548 34924
31534 35030
31446 35045
31356 35048
31347 35079
31269 35099
31233 35140
31162 35150
31130 35207
31127 35252
31053 35274
31040 35303
30992 35309
30966 35325
30961 35385
30889 35398
30874 35436
30845 35478
30784 35507
30736 35538
30658 35546
30649 35589
30517 35602
30496 35632
30430 35653
30409 35683
30340 35724
30319 35754
30292 35755
30271 35785
30210 35814
30184 35836
30123 35865
29958 35873
29907 35893
29871 35924
29783 35974
29766 36031
29679 36082
29553 36111
29468 36118
29442 36140
29381 36169
29189 36205
29179 36234
29168 36238
29096 36239
29085 36256
29041 36278
29024 36335
28942 36344
28937 36386
28498 36401
28497 36429
28464 36502
28288 36509
28283 36570
28198 36577
27798 36632
27654 36641
27603 36667
27593 36674
27364 36682
27331 36686
27278 36693
27269 36707
27236 36721
27020 36726
27002 36757
26892 36774
26874 36805
26711 36842
26693 36873
26169 36887
25920 36906
25429 36932
25253 36939
