100 2
39243
951 640 785
687 672 289
797 233 742
724 221 976
666 510 526
700 438 666
873 870 171
955 181 603
596 577 604
622 918 392
740 163 961
871 928 339
750 679 934
952 353 168
836 771 416
665 341 374
657 84 909
877 696 111
843 805 656
825 13 895
735 423 736
806 842 110
694 71 959
954 885 246
630 620 728
730 849 204
712 932 924
971 9 909
649 171 897
885 927 712
811 668 263
738 171 433
867 936 363
821 709 129
812 57 587
714 391 297
917 93 373
811 29 747
784 567 445
932 986 357
593 905 461
832 495 242
772 443 208
939 252 174
737 264 405
755 924 598
745 562 390
850 362 995
624 274 281
700 390 508
716 392 359
610 486 758
866 936 716
772 52 647
958 946 416
735 243 847
962 973 307
971 916 132
596 873 831
766 785 833
771 250 368
940 234 561
830 719 135
918 840 59
936 216 93
616 239 350
686 501 362
760 895 425
829 860 419
810 371 708
621 375 175
952 936 790
809 320 309
654 704 338
954 549 356
710 502 141
959 885 810
898 167 790
772 85 476
620 110 777
897 19 980
644 299 272
930 45 968
865 757 750
936 836 70
651 857 130
697 131 891
732 556 396
703 809 639
890 774 343
779 807 13
657 378 641
742 40 551
669 166 687
786 637 692
703 997 516
806 103 621
871 799 387
735 792 449
689 680 111
570
39391 21464
39385 21470
39367 21696
39361 21702
39315 21832
39305 21996
39303 22183
39269 22321
39262 22407
39201 22459
39200 22680
39196 22691
39190 22732
39185 22750
39181 22761
39149 22866
39143 22872
39123 22887
39122 23054
39101 23057
39082 23094
39060 23191
39031 23222
39004 23259
39000 23406
38988 23453
38968 23468
38947 23587
38933 23592
38927 23602
38913 23607
38877 23685
38876 23803
38864 23906
38835 23937
38831 23948
38763 24088
38759 24099
38712 24216
38708 24227
38643 24266
38622 24269
38620 24310
38614 24332
38585 24392
38581 24403
38571 24417
38550 24429
38533 24467
38530 24551
38514 24618
38493 24621
38469 24644
38465 24655
38452 24732
38448 24743
38442 24749
38438 24757
38432 24763
38406 24948
38288 24958
38285 25024
38263 25036
38257 25042
38253 25081
38234 25152
38229 25177
38227 25199
38199 25204
38188 25255
38166 25352
38128 25359
38093 25399
38087 25405
38083 25416
38077 25487
38071 25528
38065 25534
38061 25545
37998 25552
37994 25563
37987 25603
37959 25608
37949 25610
37943 25632
37939 25643
37927 25707
37922 25756
37892 25779
37888 25790
37882 25796
37869 25797
37854 25801
37826 25889
37820 25911
37816 25922
37781 25925
37780 25932
37775 26017
37747 26035
37719 26040
37708 26050
37687 26139
37683 26149
37641 26182
37640 26223
37619 26226
37590 26329
37584 26335
37522 26371
37510 26385
37495 26541
37423 26564
37419 26575
37413 26581
37405 26582
37399 26588
37397 26647
37366 26724
37318 26764
37296 26792
37278 26793
37271 26801
37265 26906
37260 26975
37205 26999
37190 27043
37160 27121
37159 27157
37120 27204
37086 27324
37063 27329
37007 27339
37002 27411
36963 27420
36959 27431
36941 27432
36927 27453
36922 27525
36909 27556
36901 27593
36846 27608
36840 27614
36821 27707
36813 27715
36790 27739
36767 27781
36762 27843
36710 27853
36705 27856
36701 27864
36690 27933
36682 27957
36651 27989
36648 28006
36608 28012
36595 28043
36571 28103
36563 28192
36527 28213
36499 28215
36496 28290
36447 28327
36419 28329
36416 28404
36384 28443
36368 28444
36335 28457
36320 28466
36312 28486
36291 28504
36274 28548
36272 28616
36221 28625
36185 28628
36179 28639
36175 28685
36172 28707
36161 28762
36110 28771
36103 28855
36097 28861
36066 28887
36025 28888
36016 28908
36015 28931
35999 28937
35998 28973
35986 29007
35982 29013
35947 29070
35909 29092
35902 29145
35855 29163
35842 29213
35828 29240
35807 29258
35771 29268
35759 29292
35730 29343
35727 29390
35723 29396
35676 29414
35667 29458
35663 29464
35619 29489
35592 29519
35588 29555
35565 29560
35551 29566
35548 29641
35531 29685
35488 29709
35458 29719
35452 29725
35431 29743
35407 29761
35406 29785
35398 29787
35392 29793
35389 29821
35369 29823
35360 29872
35313 29890
35306 29943
35279 29970
35273 29976
35252 29994
35246 30011
35219 30038
35213 30044
35196 30056
35192 30062
35168 30116
35162 30122
35141 30129
35117 30153
35110 30206
35093 30230
35087 30236
35077 30239
35050 30274
35017 30307
34956 30320
34952 30350
34949 30373
34927 30379
34918 30419
34889 30441
34874 30459
34849 30567
34843 30573
34775 30609
34726 30652
34697 30703
34673 30704
34650 30709
34637 30771
34630 30824
34537 30846
34509 30876
34486 30899
34481 30948
34456 30977
34407 31021
34350 31104
34344 31110
34314 31114
34276 31230
34270 31236
34202 31249
34198 31263
34151 31327
34118 31377
34102 31383
34096 31389
34091 31395
34060 31428
34054 31434
34021 31456
34007 31465
34001 31565
33995 31571
33972 31578
33912 31646
33832 31778
33805 31828
33799 31834
33727 31853
33717 31862
33678 31886
33666 31890
33661 31898
33653 32029
33583 32032
33542 32175
33394 32216
33371 32248
33319 32326
33291 32404
33285 32410
33179 32420
33153 32438
33152 32529
33020 32557
33014 32563
33007 32631
32929 32680
32902 32696
32896 32702
32836 32704
32808 32764
32785 32848
32656 32896
32620 32915
32617 32922
32611 32928
32564 32935
32563 32963
32545 32976
32514 33014
32508 33020
32501 33029
32427 33042
32418 33099
32397 33166
32316 33188
32265 33194
32259 33200
32229 33260
32179 33281
32174 33317
32095 33318
32068 33427
32008 33429
31947 33479
31897 33500
31863 33503
31857 33509
31837 33515
31831 33521
31788 33582
31775 33619
31721 33622
31645 33639
31643 33656
31637 33662
31617 33668
31611 33674
31604 33692
31570 33695
31544 33707
31508 33710
31503 33724
31501 33741
31495 33774
31456 33777
31425 33781
31422 33790
31420 33807
31414 33813
31394 33819
31388 33825
31376 33832
31350 33848
31333 33867
31313 33873
31307 33879
31305 33942
31303 33959
31283 33965
31277 33971
31174 34007
31168 34009
31162 34015
31148 34019
31132 34032
31127 34038
31106 34044
31101 34050
31031 34092
31025 34098
30990 34157
30940 34178
30921 34203
30861 34205
30834 34230
30814 34236
30808 34242
30795 34261
30745 34282
30738 34284
30670 34285
30664 34297
30663 34303
30661 34336
30621 34337
30563 34352
30554 34385
30548 34405
30516 34422
30498 34426
30469 34453
30458 34485
30410 34488
30404 34494
30387 34572
30342 34576
30336 34582
30266 34624
30216 34645
30171 34649
30165 34655
30137 34672
30117 34680
30094 34764
30049 34768
29999 34789
29980 34814
29923 34837
29878 34841
29851 34862
29797 34895
29772 34897
29733 34941
29680 34948
29621 34968
29615 34974
29604 34989
29575 35033
29531 35034
29461 35091
29452 35112
29384 35114
29332 35146
29328 35160
29303 35168
29281 35191
29275 35197
29262 35216
29238 35240
29146 35245
29142 35250
29133 35264
29104 35270
29092 35271
29091 35289
29030 35307
29023 35315
29013 35328
28993 35336
28962 35337
28942 35345
28919 35429
28799 35463
28790 35477
28743 35493
28737 35499
28730 35507
28614 35541
28608 35547
28601 35555
28592 35590
28564 35619
28437 35620
28435 35667
28374 35673
28368 35679
28290 35684
28266 35706
28230 35723
28221 35743
28203 35746
28197 35752
28183 35754
28177 35760
28130 35768
28092 35791
28081 35865
27944 35889
27910 35938
27842 35964
27791 35973
27705 35988
27693 35998
27665 36027
27609 36043
27566 36067
27523 36079
27517 36085
27516 36088
27470 36116
27449 36151
27347 36158
27341 36164
27327 36166
27278 36224
27124 36230
27118 36236
27116 36283
27088 36328
26934 36353
26884 36357
26878 36361
26837 36365
26831 36371
26825 36391
26769 36420
26763 36426
26666 36438
26660 36444
26620 36483
26566 36489
26528 36510
26487 36514
26481 36520
26423 36546
26380 36608
26374 36614
26252 36619
26220 36620
26214 36626
26151 36640
26145 36646
26100 36667
26094 36684
26049 36693
26043 36699
26002 36703
25996 36707
25910 36790
25756 36796
25750 36802
25737 36821
25659 36827
25585 36869
25579 36875
25538 36879
25488 36900
25347 36929
25234 36957
25116 36960
25101 36971
25063 37030
25022 37034
25016 37040
24831 37084
24825 37090
24591 37113
24440 37127
24273 37130
24260 37198
24219 37202
24213 37208
24010 37232
23856 37238
23850 37244
23828 37245
23625 37269
23465 37281
23129 37288
23046 37289
23040 37295
23018 37296
22801 37308
22655 37332
22319 37339
22054 37349
21665 37352
21572 37380
