200 2
72812
669 270 281
924 500 374
990 696 31
782 538 172
603 609 785
465 280 539
465 704 59
572 828 622
937 935 94
628 805 661
695 152 814
691 101 516
638 663 502
979 514 961
993 207 682
452 721 771
469 686 120
654 645 513
810 279 848
530 537 825
826 753 361
942 980 39
595 647 212
873 978 46
849 871 142
649 487 247
584 710 259
919 484 60
963 426 358
930 333 192
705 961 70
922 755 711
740 236 833
882 433 561
649 846 83
705 805 51
923 539 767
516 996 327
561 799 607
754 890 537
958 42 563
562 618 152
896 618 127
770 179 703
698 724 138
554 534 514
815 403 563
963 670 466
745 779 340
502 141 527
912 429 190
482 435 227
456 318 972
589 79 990
681 458 781
611 114 565
663 870 328
748 537 847
912 865 490
676 597 774
575 810 101
980 565 264
755 970 664
921 381 614
705 80 673
488 73 747
998 243 720
623 947 782
919 307 683
728 895 179
618 420 678
466 923 143
918 875 250
653 533 383
502 542 7
923 40 613
695 950 175
905 728 443
459 723 108
924 8 578
623 250 639
666 565 411
966 476 882
864 115 518
498 344 642
628 677 769
747 271 705
469 36 981
483 817 123
738 269 228
893 606 324
635 451 324
959 636 681
734 116 793
458 240 630
602 765 40
912 798 25
698 394 901
556 499 601
546 46 672
864 471 81
576 257 531
770 888 276
668 157 592
876 688 270
979 259 631
949 361 787
724 858 35
984 419 944
942 343 941
499 807 86
737 52 632
845 221 58
720 622 405
905 241 818
893 148 181
772 49 559
826 483 895
624 9 419
812 116 677
499 461 175
668 259 385
577 352 331
862 870 169
669 366 771
844 743 174
981 460 630
456 875 241
507 621 372
934 849 142
944 70 844
697 194 595
601 997 225
505 825 400
951 680 369
938 848 246
891 343 677
457 249 721
501 239 674
499 135 713
523 804 20
546 819 118
607 974 69
909 57 836
836 513 752
507 43 553
891 437 778
471 391 461
577 14 551
523 667 720
683 782 538
558 343 200
456 414 964
865 581 97
747 381 35
711 965 13
876 132 477
653 66 690
901 766 86
465 652 10
520 135 513
877 549 202
1000 593 874
893 893 510
708 805 538
796 926 604
952 107 666
638 951 183
748 112 185
868 928 149
899 840 162
963 566 289
938 522 620
776 238 872
508 647 269
673 14 509
903 362 518
550 708 504
601 458 942
980 248 609
527 456 736
643 349 769
484 796 62
680 673 541
635 569 895
863 100 990
612 727 528
627 523 708
871 63 373
707 513 545
661 586 661
698 253 858
770 665 224
787 953 290
990 894 95
513 601 386
829 849 27
977 551 14
776 896 253
875 636 59
1531
78129 37531
78115 37664
78107 37780
78106 38491
78094 38688
78061 39368
78030 39550
78006 39591
77984 39609
77976 39734
77975 39773
77972 39806
77962 39903
77949 39939
77942 39949
77941 39988
77938 40061
77931 40085
77918 40121
77911 40170
77908 40204
77907 40243
77895 40254
77894 40317
77888 40440
77883 40784
77852 40966
77825 40976
77798 41021
77791 41160
77770 41389
77769 41433
77736 41454
77735 41498
77729 41524
77727 41582
77702 41669
77701 41713
77693 41797
77692 41957
77652 42048
77617 42116
77607 42213
77591 42242
77571 42290
77568 42357
77554 42387
77545 42416
77538 42429
77535 42580
77504 42644
77477 42696
77469 42735
77463 42762
77440 42787
77432 42886
77426 42893
77411 42980
77396 43067
77382 43074
77367 43161
77366 43166
77344 43167
77337 43191
77333 43376
77283 43410
77275 43509
77255 43560
77239 43586
77229 43683
77199 43713
77195 43898
77153 44005
77121 44066
77117 44082
77085 44143
77042 44336
76999 44346
76995 44362
76963 44423
76938 44435
76936 44640
76894 44747
76858 44824
76820 44845
76816 44861
76813 44938
76750 44962
76742 44974
76736 45104
76718 45138
76694 45141
76664 45205
76657 45213
76648 45247
76630 45325
76607 45343
76601 45419
76593 45526
76557 45603
76514 45613
76489 45687
76482 45695
76479 45784
76447 45817
76425 45834
76407 45873
76403 45936
76371 45997
76357 46064
76348 46085
76325 46097
76323 46279
76226 46365
76198 46382
76178 46389
76171 46461
76163 46480
76114 46505
76109 46553
76106 46652
76067 46683
76047 46689
76044 46746
76023 46802
76013 46904
75968 46951
75927 46952
75920 46969
75916 46985
75913 47047
75905 47066
75862 47121
75850 47162
75817 47196
75804 47247
75798 47255
75796 47277
75775 47278
75767 47321
75755 47327
75743 47348
75734 47371
75728 47377
75726 47390
75716 47396
75707 47506
75662 47555
75637 47644
75606 47657
75604 47671
75595 47691
75566 47704
75561 47828
75527 47869
75525 47905
75466 47963
75429 47987
75428 47991
75419 48052
75415 48075
75399 48137
75363 48214
75327 48269
75289 48295
75266 48300
75256 48329
75252 48349
75251 48453
75215 48530
75162 48544
75156 48588
75134 48607
75119 48612
75110 48617
75109 48677
75099 48687
75077 48700
75064 48708
75057 48713
75056 48727
75055 48731
75054 48735
75041 48777
75031 48787
75023 48825
75021 48871
74974 48895
74960 48904
74956 48920
74927 48935
74922 49042
74889 49045
74883 49067
74862 49101
74861 49134
74859 49180
74843 49196
74813 49216
74790 49249
74780 49311
74746 49323
74737 49343
74723 49373
74699 49381
74683 49403
74682 49439
74674 49458
74673 49500
74626 49514
74612 49531
74611 49534
74606 49551
74596 49561
74591 49635
74554 49647
74539 49666
74535 49672
74533 49718
74518 49762
74480 49812
74479 49916
74431 49947
74417 49950
74393 49964
74384 49984
74348 50019
74341 50044
74327 50046
74311 50097
74282 50101
74278 50131
74271 50148
74256 50151
74254 50196
74228 50240
74209 50251
74199 50257
74189 50267
74178 50282
74177 50284
74170 50292
74165 50325
74155 50336
74141 50392
74119 50412
74104 50436
74096 50447
74091 50488
74062 50494
74053 50525
74017 50588
74010 50656
73962 50687
73953 50718
73918 50727
73917 50731
73911 50735
73910 50737
73904 50803
73865 50832
73855 50842
73842 50848
73830 50883
73823 50889
73793 50961
73783 50971
73770 50990
73755 51000
73747 51048
73710 51055
73699 51079
73678 51087
73664 51136
73661 51168
73660 51200
73645 51224
73615 51255
73600 51279
73583 51304
73558 51317
73556 51353
73546 51363
73513 51431
73469 51505
73459 51515
73458 51530
73424 51560
73414 51570
73402 51577
73375 51581
73367 51622
73357 51632
73353 51662
73324 51687
73311 51689
73308 51717
73291 51725
73281 51735
73271 51741
73267 51749
73260 51757
73255 51795
73253 51822
73242 51840
73224 51841
73214 51850
73208 51877
73197 51895
73179 51896
73173 51909
73170 51965
73165 51988
73129 52001
73123 52002
73121 52029
73110 52047
73078 52076
73074 52084
73065 52115
73042 52153
73039 52182
73004 52194
72997 52208
72994 52237
72951 52245
72943 52252
72940 52270
72927 52277
72915 52302
72907 52389
72850 52438
72828 52443
72826 52470
72805 52493
72783 52498
72781 52525
72759 52527
72756 52547
72755 52549
72748 52555
72746 52557
72736 52568
72728 52616
72718 52645
72703 52669
72694 52677
72661 52707
72642 52710
72641 52768
72611 52812
72573 52835
72566 52867
72540 52868
72528 52890
72524 52893
72515 52904
72506 52909
72497 52942
72488 52950
72487 52952
72479 53019
72428 53056
72427 53058
72423 53086
72415 53089
72386 53093
72381 53099
72378 53141
72359 53164
72344 53170
72332 53175
72328 53241
72291 53293
72276 53317
72227 53371
72212 53377
72200 53382
72187 53401
72155 53439
72133 53452
72126 53471
72124 53521
72083 53545
72070 53590
72034 53597
72022 53606
72014 53609
72010 53696
72000 53706
71974 53714
71941 53722
71927 53761
71917 53773
71905 53783
71899 53787
71890 53813
71875 53837
71858 53838
71857 53879
71833 53911
71800 53941
71787 53963
71786 53988
71769 54041
71722 54066
71707 54072
71697 54169
71631 54212
71573 54234
71562 54246
71561 54273
71542 54277
71540 54301
71525 54327
71511 54359
71490 54371
71468 54389
71465 54399
71449 54409
71430 54527
71373 54589
71326 54635
71296 54689
71270 54697
71234 54701
71227 54704
71208 54726
71207 54748
71206 54775
71194 54793
71187 54802
71150 54805
71136 54813
71134 54817
71125 54845
71113 54885
71086 54916
71057 54941
71056 54968
71041 54980
71028 54988
71005 55024
70966 55078
70948 55089
70933 55100
70915 55110
70900 55157
70888 55163
70870 55190
70869 55217
70852 55268
70794 55288
70787 55295
70786 55322
70753 55350
70744 55391
70701 55407
70679 55418
70671 55442
70666 55480
70631 55484
70630 55485
70630 55485
70629 55512
70606 55522
70604 55537
70603 55564
70563 55565
70552 55568
70549 55572
70540 55573
70532 55620
70516 55673
70462 55685
70458 55693
70455 55703
70428 55727
70424 55743
70397 55760
70391 55765
70384 55774
70383 55786
70374 55790
70373 55795
70356 55822
70347 55863
70346 55890
70297 55893
70281 55920
70280 55947
70272 55961
70271 55988
70230 56004
70196 56025
70188 56057
70166 56137
70108 56157
70101 56159
70100 56186
70059 56233
70058 56260
69994 56273
69989 56282
69976 56289
69967 56309
69952 56313
69951 56340
69944 56349
69929 56350
69924 56379
69892 56390
69886 56396
69875 56472
69868 56490
69817 56492
69810 56510
69807 56541
69787 56577
69767 56595
69760 56613
69728 56665
69682 56672
69680 56673
69679 56700
69658 56702
69628 56756
69621 56761
69620 56788
69568 56862
69509 56865
69477 56884
69473 56895
69472 56903
69464 56907
69457 56912
69448 56920
69447 56947
69434 56965
69414 57010
69408 57017
69390 57033
69352 57055
69329 57063
69326 57088
69301 57113
69300 57140
69271 57142
69234 57143
69228 57152
69222 57167
69215 57253
69206 57258
69180 57265
69168 57328
69141 57335
69110 57348
69108 57349
69107 57376
69087 57415
69056 57432
69033 57458
69011 57473
68975 57519
68931 57530
68922 57535
68917 57539
68899 57541
68887 57556
68881 57560
68879 57597
68878 57624
68856 57639
68821 57687
68818 57709
68781 57714
68767 57767
68714 57783
68713 57810
68684 57812
68648 57821
68640 57862
68621 57875
68614 57898
68573 57939
68559 57949
68558 57976
68530 57977
68521 58019
68498 58061
68480 58080
68440 58081
68422 58100
68398 58125
68373 58134
68364 58164
68348 58193
68337 58197
68313 58219
68277 58255
68267 58280
68258 58283
68232 58306
68221 58341
68168 58357
68163 58361
68161 58397
68122 58421
68108 58445
68073 58454
68062 58458
68050 58465
68043 58483
68039 58494
68020 58521
68011 58534
68007 58560
67984 58567
67962 58570
67961 58576
67958 58585
67943 58631
67926 58647
67885 58651
67880 58663
67866 58669
67850 58690
67846 58695
67841 58703
67828 58705
67827 58757
67811 58760
67771 58761
67769 58777
67761 58863
67722 58887
67681 58898
67680 58950
67624 58954
67622 58970
67600 58985
67588 58990
67547 59001
67541 59013
67526 59047
67505 59048
67494 59049
67490 59064
67469 59098
67439 59121
67424 59135
67407 59143
67393 59182
67357 59204
67354 59237
67331 59256
67330 59283
67318 59302
67265 59318
67262 59328
67215 59351
67197 59366
67186 59394
67184 59405
67150 59407
67137 59428
67120 59433
67116 59435
67104 59453
67069 59486
67066 59490
67055 59493
67052 59504
67043 59514
67039 59520
67022 59542
67001 59607
66945 59638
66939 59656
66933 59704
66894 59728
66858 59743
66852 59791
66796 59795
66760 59831
66711 59835
66705 59837
66697 59879
66669 59902
66651 59940
66586 59970
66579 59977
66573 59979
66551 59981
66547 60019
66517 60036
66515 60082
66470 60133
66444 60152
66434 60169
66386 60172
66378 60173
66364 60187
66352 60207
66322 60248
66279 60257
66261 60288
66241 60327
66194 60343
66191 60374
66170 60378
66162 60387
66133 60394
66129 60397
66112 60401
66099 60414
66081 60443
66072 60455
66038 60476
66035 60493
66026 60530
66009 60545
65979 60553
65949 60565
65947 60575
65944 60589
65911 60611
65904 60626
65880 60627
65870 60664
65848 60674
65831 60737
65752 60738
65739 60777
65709 60831
65669 60847
65653 60881
65585 60886
65570 60898
65561 60921
65547 60924
65531 60940
65522 60959
65471 61028
65413 61115
65355 61131
65316 61136
65310 61195
65222 61206
65220 61216
65190 61226
65187 61228
65172 61240
65166 61256
65155 61303
65106 61312
65079 61339
65058 61363
65031 61407
64965 61416
64955 61461
64945 61479
64927 61501
64890 61512
64843 61516
64827 61556
64823 61570
64802 61594
64749 61613
64736 61649
64721 61678
64661 61680
64642 61697
64636 61721
64621 61733
64613 61785
64514 61792
64498 61846
64440 61876
64435 61882
64425 61894
64392 61895
64387 61902
64379 61932
64369 61944
64323 61957
64308 61969
64302 61974
64280 61983
64279 62009
64276 62026
64241 62057
64231 62062
64218 62099
64147 62136
64126 62160
64051 62164
64048 62168
64037 62175
64031 62176
64018 62178
64013 62188
64010 62205
63995 62211
63984 62251
63956 62256
63948 62257
63942 62260
63938 62269
63921 62277
63907 62281
63902 62311
63893 62317
63882 62319
63850 62336
63823 62345
63815 62349
63813 62352
63809 62356
63793 62358
63792 62384
63789 62401
63778 62428
63744 62437
63731 62474
63668 62483
63659 62485
63645 62501
63629 62508
63608 62514
63590 62518
63587 62535
63562 62539
63561 62543
63557 62548
63550 62576
63538 62583
63529 62603
63515 62607
63497 62626
63473 62634
63466 62646
63461 62664
63447 62681
63406 62692
63360 62695
63353 62700
63348 62706
63336 62715
63333 62759
63295 62760
63280 62779
63232 62786
63231 62805
63230 62806
63224 62810
63215 62818
63210 62822
63204 62858
63158 62876
63144 62877
63142 62883
63127 62888
63121 62889
63107 62909
63100 62910
63070 62926
63063 62951
63051 62958
63007 62975
62999 62976
62994 63009
62979 63021
62960 63056
62917 63061
62915 63065
62878 63066
62866 63068
62861 63085
62855 63108
62846 63134
62808 63135
62793 63154
62743 63181
62737 63185
62735 63214
62717 63233
62657 63234
62648 63240
62636 63251
62611 63252
62610 63258
62594 63269
62593 63285
62580 63302
62577 63328
62535 63338
62533 63356
62485 63359
62469 63368
62464 63381
62451 63412
62435 63418
62379 63461
62327 63464
62322 63465
62318 63476
62284 63486
62266 63499
62259 63502
62254 63526
62231 63560
62207 63577
62193 63584
62184 63586
62166 63617
62113 63632
62098 63659
62069 63670
62034 63702
61978 63709
61974 63711
61973 63715
61968 63739
61950 63758
61927 63760
61921 63767
61896 63793
61871 63794
61870 63801
61854 63817
61836 63836
61807 63845
61781 63851
61768 63863
61753 63875
61723 63883
61718 63884
61711 63890
61703 63900
61699 63905
61697 63907
61684 63937
61663 63954
61639 63987
61620 63988
61607 64004
61570 64015
61548 64030
61525 64037
61512 64062
61503 64071
61442 64076
61440 64102
61435 64116
61409 64168
61326 64180
61303 64189
61289 64191
61285 64220
61254 64222
61232 64235
61209 64237
61189 64248
61187 64253
61165 64260
61162 64264
61161 64273
61151 64290
61118 64296
61103 64326
61096 64373
61014 64376
61007 64391
60989 64404
60956 64408
60932 64444
60900 64454
60892 64465
60883 64470
60864 64472
60850 64474
60849 64490
60830 64494
60816 64510
60778 64543
60769 64548
60709 64562
60708 64584
60690 64587
60682 64592
60673 64618
60667 64623
60631 64665
60568 64670
60557 64672
60551 64677
60525 64683
60522 64716
60446 64752
60422 64773
60408 64794
60378 64813
60331 64825
60308 64851
60283 64863
60281 64867
60223 64871
60220 64880
60215 64894
60183 64904
60172 64918
60150 64931
60129 64936
60120 64974
60086 64975
60073 64983
60058 64996
60026 65013
60013 65025
59981 65027
59966 65039
59965 65057
59957 65065
59906 65097
59889 65120
59841 65133
59791 65149
59783 65170
59715 65212
59688 65233
59669 65240
59661 65263
59633 65264
59607 65267
59584 65269
59583 65285
59568 65317
59504 65354
59454 65366
59438 65381
59424 65418
59340 65444
59330 65446
59301 65449
59296 65452
59278 65462
59271 65463
59245 65475
59219 65483
59217 65487
59203 65493
59202 65496
59198 65520
59162 65531
59137 65551
59117 65554
59097 65561
59088 65583
59082 65586
59074 65620
59030 65631
58995 65638
58976 65643
58974 65661
58924 65667
58912 65678
58893 65699
58865 65713
58848 65722
58837 65729
58813 65754
58805 65788
58708 65804
58692 65851
58639 65860
58628 65868
58549 65871
58548 65876
58546 65880
58542 65885
58536 65900
58518 65902
58499 65906
58478 65931
58463 65956
58413 65965
58402 65969
58397 65970
58396 65976
58367 65982
58353 66019
58292 66033
58279 66044
58278 66070
58218 66081
58204 66095
58178 66111
58177 66115
58116 66128
58111 66129
58089 66133
58083 66162
58075 66185
57982 66202
57964 66212
57956 66235
57901 66243
57894 66252
57846 66269
57845 66270
57834 66293
57830 66295
57819 66313
57760 66315
57752 66326
57750 66330
57722 66352
57696 66361
57689 66363
57682 66381
57681 66386
57646 66389
57625 66392
57623 66409
57617 66415
57589 66432
57544 66454
57497 66480
57449 66486
57444 66495
57422 66531
57367 66537
57360 66548
57319 66551
57316 66588
57301 66592
57237 66594
57230 66605
57194 66629
57186 66652
57114 66666
57095 66667
57088 66676
57072 66697
57064 66720
57028 66726
56989 66731
56978 66734
56974 66735
56967 66746
56957 66747
56942 66765
56923 66766
56909 66779
56908 66788
56900 66811
56864 66819
56817 66823
56813 66827
56790 66842
56765 66851
56750 66871
56734 66876
56716 66893
56688 66915
56627 66919
56620 66921
56613 66925
56612 66944
56551 66957
56549 66962
56541 66975
56502 66976
56482 66987
56467 67008
56448 67035
56428 67038
56412 67043
56378 67050
56361 67051
56359 67053
56328 67064
56313 67090
56282 67094
56261 67103
56259 67153
56192 67159
56156 67165
56125 67187
56117 67210
56081 67216
56045 67224
56015 67225
55992 67254
55976 67278
55969 67287
55932 67296
55898 67318
55839 67346
55831 67369
55795 67377
55720 67381
55704 67388
55697 67402
55681 67403
55656 67424
55652 67426
55642 67432
55638 67434
55615 67443
55608 67452
55571 67461
55547 67503
55517 67511
55480 67520
55470 67534
55434 67542
55413 67545
55395 67547
55363 67554
55336 67567
55332 67603
55260 67617
55230 67625
55220 67646
55206 67659
55186 67668
55156 67676
55146 67696
55096 67702
55081 67710
55034 67712
55030 67713
55004 67730
55001 67733
54973 67752
54971 67768
54944 67774
54918 67793
54891 67804
54886 67813
54880 67827
54785 67861
54768 67870
54754 67883
54698 67885
54688 67926
54629 67934
54611 67948
54557 67958
54520 67961
54519 67992
54472 67994
54467 67997
54447 68006
54434 68037
54401 68040
54393 68048
54362 68052
54327 68091
54265 68094
54222 68096
54216 68104
54202 68109
54170 68112
54158 68113
54155 68114
54153 68119
54148 68140
54135 68165
54098 68177
54041 68181
54040 68205
54001 68221
53978 68273
53883 68277
53858 68288
53835 68310
53798 68322
53760 68340
53733 68345
53725 68368
53691 68387
53627 68393
53606 68414
53565 68443
53522 68463
53474 68475
53437 68487
53365 68496
53353 68509
53332 68512
53319 68528
53275 68541
53259 68561
53251 68565
53222 68573
53195 68584
53177 68586
53172 68587
53155 68595
53151 68603
53129 68614
53089 68647
53058 68651
53011 68698
52957 68708
52901 68756
52807 68785
52729 68798
52686 68819
52650 68863
52517 68865
52513 68866
52491 68886
52454 68890
52453 68892
52449 68899
52444 68900
52438 68902
52435 68926
52404 68930
52398 68938
52369 68955
52315 68967
52278 68979
52244 68987
52240 68988
52221 68994
52219 69032
52143 69034
52116 69049
52111 69052
52104 69063
52062 69065
52042 69093
51983 69097
51968 69138
51913 69143
51908 69147
51860 69159
51823 69171
51817 69177
51799 69211
51681 69252
51568 69267
51554 69269
51533 69290
51459 69295
51458 69302
51446 69303
51445 69318
51415 69320
51392 69323
51389 69341
51351 69357
51307 69368
51286 69369
51275 69387
51272 69406
51267 69410
51220 69415
51201 69421
51193 69434
51183 69472
51146 69484
51041 69488
50969 69492
50937 69512
50902 69518
50899 69519
50898 69521
50892 69528
50885 69529
50879 69542
50831 69547
50827 69554
50801 69576
50764 69588
50718 69599
50683 69613
50665 69615
50651 69625
50628 69627
50616 69651
50565 69653
50539 69673
50520 69683
50495 69685
50470 69689
50453 69701
50416 69713
50389 69718
50332 69738
50296 69739
50278 69741
50248 69749
50244 69792
50165 69820
50031 69839
50024 69855
49950 69859
49947 69862
49941 69878
49891 69885
49874 69904
49859 69905
49779 69970
49645 69984
49592 69988
49582 69991
49556 70023
49452 70072
49397 70074
49295 70094
49287 70109
49221 70114
49208 70137
49143 70158
49087 70181
48963 70189
48919 70193
48913 70198
48878 70200
48873 70201
48869 70202
48852 70219
48803 70233
48786 70234
48774 70248
48761 70262
48714 70273
48708 70278
48659 70282
48652 70292
48595 70293
48582 70305
48557 70338
48444 70358
48347 70367
48326 70380
48311 70381
48287 70423
48204 70425
48130 70445
48038 70464
48034 70475
47944 70484
47897 70485
47882 70494
47836 70511
47823 70528
47772 70529
47768 70549
47626 70569
47591 70571
47568 70590
47518 70611
47361 70613
47353 70632
47305 70636
47247 70660
47210 70662
47171 70663
47153 70673
47098 70691
47054 70725
47046 70744
46845 70745
46813 70746
46793 70796
46614 70815
46506 70830
46488 70838
46430 70854
46361 70867
46249 70888
46235 70890
46198 70906
46068 70914
46012 70928
45985 70931
45911 70940
45898 70945
45890 70957
45833 70968
45754 71003
45741 71008
45626 71009
45569 71024
45479 71030
45475 71040
45396 71075
45232 71079
45143 71127
44900 71128
44881 71130
44871 71134
44833 71144
44799 71151
44788 71163
44713 71205
44528 71227
44419 71231
44387 71248
44278 71262
44144 71267
44082 71286
43950 71291
43856 71300
43818 71313
43667 71319
43622 71339
43535 71364
43506 71375
43399 71389
43198 71390
43046 71426
42845 71427
42729 71432
42564 71456
42473 71484
42272 71485
41917 71492
41716 71493
41654 71503
41626 71525
41162 71527
41032 71560
40831 71561
