200 2
69234
426 546 90
479 802 240
851 675 573
764 625 417
491 423 738
422 941 242
581 130 874
769 537 523
399 765 599
545 543 280
488 110 886
804 728 387
424 445 499
952 528 331
709 17 916
516 824 252
842 601 543
876 978 2
642 143 734
963 707 211
994 43 948
688 395 533
612 628 427
634 89 661
739 774 285
762 8 996
435 467 633
807 703 208
782 463 759
627 467 733
483 707 116
576 836 646
511 112 783
740 441 569
751 316 338
758 727 94
840 436 715
560 797 233
990 660 865
526 503 573
496 711 163
670 981 38
709 850 356
661 309 591
783 63 962
509 481 332
758 897 262
999 974 291
923 865 213
480 747 340
586 59 962
514 664 268
613 793 207
638 322 356
910 714 573
576 874 170
579 396 578
553 216 476
909 18 985
910 62 771
409 587 775
738 889 142
668 357 698
850 248 496
850 639 221
480 826 246
854 777 615
777 116 959
561 305 702
746 88 948
467 277 453
636 989 72
614 833 283
519 628 267
775 268 485
386 561 345
722 143 956
612 93 633
821 826 190
689 780 762
744 444 530
937 801 123
806 360 475
621 131 913
762 832 108
750 360 521
937 141 676
803 733 220
730 882 29
560 128 678
753 560 302
556 819 325
807 630 73
661 149 637
409 786 484
915 444 269
995 576 138
572 254 806
942 938 97
552 476 790
490 132 738
997 608 373
983 115 524
807 898 185
510 487 877
598 831 305
827 268 311
792 922 39
763 927 412
602 420 669
647 266 371
607 655 767
902 527 870
915 608 552
735 96 667
723 978 54
783 777 64
848 599 235
869 225 630
864 488 623
983 121 869
986 429 260
699 433 438
790 114 873
990 555 342
400 636 161
408 26 602
931 217 930
434 335 565
965 80 853
998 304 748
557 973 30
612 152 811
388 510 572
705 972 56
617 955 90
837 804 146
882 414 635
753 445 380
511 82 455
388 151 879
807 198 781
833 998 20
501 799 370
608 870 34
915 172 680
522 354 540
711 686 281
484 439 803
508 942 85
730 566 152
484 860 276
388 505 285
968 641 533
722 405 729
665 213 861
733 293 487
854 579 595
531 637 415
654 501 289
644 115 821
702 699 216
403 719 106
853 535 636
746 193 944
627 390 749
453 544 483
767 966 20
999 56 968
733 658 348
873 871 56
590 662 417
840 794 117
776 969 60
732 905 203
781 168 241
840 630 456
602 637 321
816 341 614
821 996 5
447 901 90
767 331 659
445 525 466
738 118 687
633 529 653
516 85 864
488 904 134
970 591 192
677 544 830
574 126 536
408 812 222
969 141 950
796 920 19
509 327 776
542 198 623
751 268 440
557 875 254
1000 455 604
424 104 928
426 621 95
2252
79021 33196
79010 33339
79001 33556
78983 33575
78969 33957
78963 33993
78942 34193
78936 34229
78920 34245
78914 34281
78913 34321
78907 34357
78903 34367
78892 34443
78884 34492
78883 34678
78879 34708
78857 34760
78856 34929
78850 35079
78836 35332
78805 35451
78790 35453
78767 35575
78752 35598
78738 35620
78730 35715
78722 35755
78713 35799
78707 35949
78683 36060
78668 36062
78654 36188
78646 36238
78625 36271
78617 36341
78603 36518
78575 36546
78565 36645
78549 36754
78515 36832
78491 36881
78478 37003
78462 37011
78452 37060
78445 37169
78415 37213
78414 37382
78392 37434
78363 37521
78341 37538
78340 37618
78318 37670
78289 37757
78270 37791
78254 37792
78253 37806
78251 37867
78219 37953
78209 37971
78196 38027
78180 38038
78179 38042
78177 38103
78169 38207
78145 38297
78116 38323
78093 38420
78064 38507
78026 38617
78017 38661
78009 38676
77985 38688
77984 38721
77981 38799
77957 38811
77937 38840
77935 38863
77930 38903
77906 38950
77886 38979
77875 39039
77871 39044
77865 39085
77849 39096
77839 39199
77833 39209
77817 39251
77804 39296
77788 39338
77782 39348
77746 39419
77724 39436
77717 39495
77695 39608
77689 39618
77666 39642
77660 39705
77638 39757
77598 39829
77570 39937
77528 40002
77505 40026
77496 40044
77491 40064
77474 40096
77469 40116
77455 40159
77454 40238
77408 40258
77404 40298
77383 40307
77381 40322
77369 40360
77353 40391
77340 40447
77330 40488
77311 40495
77308 40540
77290 40577
77288 40592
77279 40627
77261 40664
77235 40668
77215 40684
77214 40727
77191 40733
77185 40789
77159 40821
77157 40826
77156 40876
77140 40917
77121 40986
77091 40995
77089 41056
77050 41066
77046 41071
77045 41097
77026 41103
77021 41123
77020 41146
77017 41158
77009 41159
76999 41175
76997 41190
76995 41210
76992 41215
76964 41252
76957 41325
76928 41412
76906 41464
76862 41505
76833 41529
76831 41549
76827 41587
76802 41636
76765 41673
76760 41678
76755 41681
76754 41722
76738 41730
76732 41774
76709 41817
76703 41861
76665 41864
76663 41926
76636 41951
76614 41957
76601 42012
76595 42017
76592 42080
76562 42107
76545 42156
76533 42187
76510 42255
76475 42275
76460 42285
76454 42297
76451 42307
76440 42340
76429 42359
76428 42419
76406 42427
76399 42506
76344 42537
76336 42565
76322 42567
76317 42570
76315 42624
76307 42652
76288 42657
76280 42664
76275 42693
76268 42696
76265 42698
76263 42704
76261 42736
76240 42742
76236 42785
76231 42790
76225 42816
76209 42842
76203 42860
76193 42868
76180 42929
76153 42955
76137 42978
76134 42986
76124 42994
76116 43003
76111 43032
76107 43045
76097 43075
76087 43090
76066 43097
76062 43102
76052 43103
76048 43116
76045 43125
76043 43131
76041 43138
76038 43161
76029 43170
76019 43178
76016 43213
76011 43242
75996 43244
75989 43294
75987 43300
75963 43319
75960 43381
75916 43422
75905 43440
75891 43444
75878 43458
75872 43468
75869 43476
75864 43525
75838 43535
75837 43543
75832 43565
75820 43566
75813 43610
75789 43629
75777 43632
75774 43646
75769 43651
75767 43681
75764 43684
75760 43688
75748 43719
75744 43729
75742 43732
75738 43768
75719 43781
75701 43810
75699 43826
75680 43830
75675 43845
75672 43897
75651 43903
75640 43930
75628 43938
75624 43984
75604 44006
75580 44025
75570 44039
75568 44094
75530 44130
75524 44135
75497 44168
75495 44174
75477 44213
75472 44214
75459 44218
75453 44226
75450 44294
75421 44304
75411 44306
75408 44309
75406 44335
75402 44348
75388 44379
75384 44387
75382 44393
75377 44394
75358 44414
75349 44423
75331 44445
75324 44451
75320 44459
75317 44467
75312 44473
75304 44510
75297 44520
75281 44534
75273 44558
75263 44594
75254 44615
75248 44620
75241 44636
75230 44674
75215 44684
75207 44696
75201 44761
75166 44781
75157 44790
75151 44791
75145 44817
75130 44849
75128 44877
75106 44929
75083 44934
75079 44946
75062 44970
75057 44998
75054 45021
75035 45031
75027 45071
74994 45082
74987 45112
74975 45143
74965 45164
74954 45187
74953 45195
74939 45196
74936 45251
74924 45282
74903 45326
74880 45331
74865 45339
74861 45352
74859 45367
74840 45372
74832 45428
74798 45464
74788 45469
74781 45491
74772 45512
74769 45551
74762 45561
74734 45571
74728 45577
74718 45602
74711 45641
74699 45664
74680 45669
74676 45677
74667 45682
74657 45724
74652 45731
74638 45757
74614 45790
74600 45831
74595 45861
74576 45866
74568 45870
74548 45892
74541 45901
74532 45907
74530 45933
74512 45954
74507 45959
74503 45982
74486 45987
74484 45989
74482 45998
74471 46024
74467 46028
74464 46067
74437 46075
74433 46095
74430 46112
74426 46141
74408 46162
74391 46167
74387 46178
74369 46247
74358 46253
74338 46275
74314 46294
74295 46299
74292 46346
74266 46347
74256 46384
74237 46398
74234 46472
74217 46477
74183 46538
74163 46560
74146 46578
74139 46579
74121 46632
74115 46637
74088 46718
74050 46720
74040 46731
74029 46752
74019 46763
74006 46770
74002 46774
73995 46789
73989 46810
73986 46815
73974 46816
73969 46819
73963 46845
73953 46848
73949 46849
73947 46855
73940 46865
73939 46887
73936 46920
73934 46932
73918 46942
73905 46957
73892 46961
73884 46988
73879 46994
73870 47013
73868 47023
73857 47046
73841 47100
73814 47106
73812 47123
73796 47125
73787 47131
73785 47182
73775 47191
73767 47212
73760 47242
73744 47252
73723 47253
73711 47258
73709 47264
73702 47280
73697 47294
73694 47333
73672 47334
73668 47362
73665 47420
73643 47421
73631 47425
73611 47503
73589 47505
73577 47514
73575 47530
73564 47531
73552 47538
73549 47546
73537 47568
73531 47571
73520 47633
73509 47636
73508 47655
73501 47671
73494 47672
73490 47705
73483 47715
73480 47723
73466 47742
73465 47759
73423 47760
73422 47783
73421 47800
73415 47806
73396 47828
73393 47858
73361 47890
73357 47896
73349 47899
73336 47900
73330 47934
73320 47950
73315 47970
73308 47986
73301 48001
73291 48017
73279 48073
73235 48114
73222 48121
73199 48141
73181 48155
73178 48162
73174 48165
73171 48196
73169 48216
73141 48231
73134 48237
73127 48301
73084 48308
73083 48376
73046 48386
73039 48417
73021 48448
73017 48469
72996 48478
72989 48488
72964 48535
72931 48567
72920 48576
72896 48577
72896 48577
72892 48610
72887 48642
72858 48652
72843 48683
72836 48707
72832 48716
72821 48735
72797 48790
72792 48822
72748 48853
72706 48895
72693 48901
72680 48925
72660 48929
72658 48930
72650 48933
72649 48942
72640 49010
72634 49022
72602 49039
72590 49063
72587 49076
72570 49105
72547 49108
72543 49117
72541 49122
72539 49153
72521 49169
72492 49193
72483 49224
72465 49226
72461 49276
72417 49317
72391 49342
72382 49363
72354 49414
72350 49447
72307 49454
72305 49466
72301 49470
72299 49483
72296 49522
72251 49526
72250 49535
72239 49559
72217 49601
72190 49604
72187 49609
72186 49629
72170 49641
72163 49651
72161 49671
72156 49706
72134 49738
72095 49760
72094 49779
72078 49780
72073 49812
72035 49817
72034 49821
72033 49830
72029 49853
72008 49855
72006 49868
71999 49900
71998 49909
71969 49910
71967 49923
71964 49945
71952 49958
71944 49978
71935 50032
71900 50038
71896 50055
71891 50073
71853 50110
71850 50149
71809 50151
71808 50161
71806 50190
71791 50198
71787 50203
71784 50242
71739 50252
71725 50291
71696 50353
71669 50360
71659 50363
71653 50385
71652 50394
71640 50447
71602 50524
71558 50565
71536 50617
71505 50632
71466 50655
71461 50673
71437 50696
71421 50699
71417 50710
71394 50718
71393 50737
71388 50745
71370 50753
71362 50790
71356 50802
71340 50842
71312 50843
71297 50851
71296 50883
71290 50895
71265 50945
71261 50982
71235 50984
71215 51016
71202 51031
71169 51033
71168 51042
71163 51062
71161 51064
71145 51078
71142 51089
71140 51120
71127 51122
71100 51134
71096 51161
71091 51167
71074 51186
71059 51199
71045 51201
71040 51219
71021 51225
71015 51251
70996 51269
70988 51271
70976 51273
70975 51292
70962 51294
70959 51295
70957 51307
70955 51322
70949 51344
70924 51354
70920 51431
70870 51443
70867 51467
70855 51474
70836 51488
70830 51500
70829 51509
70821 51510
70811 51515
70797 51544
70778 51546
70777 51551
70773 51580
70763 51624
70722 51633
70717 51638
70708 51647
70698 51653
70697 51657
70689 51667
70683 51674
70673 51679
70667 51717
70665 51718
70655 51725
70651 51731
70634 51739
70624 51748
70623 51758
70622 51818
70577 51830
70569 51854
70552 51873
70540 51896
70523 51897
70499 51909
70496 51937
70488 51942
70476 51943
70473 51976
70457 51990
70452 52003
70430 52015
70429 52017
70427 52048
70395 52061
70388 52071
70383 52089
70368 52096
70359 52106
70357 52113
70343 52127
70318 52146
70315 52147
70310 52153
70303 52161
70293 52199
70277 52201
70274 52240
70256 52269
70234 52281
70222 52286
70203 52305
70186 52318
70184 52319
70181 52358
70144 52361
70130 52362
70128 52394
70123 52422
70104 52425
70101 52434
70091 52441
70090 52464
70082 52466
70062 52528
70040 52540
70011 52543
70009 52564
69987 52576
69978 52591
69972 52597
69946 52618
69934 52632
69925 52636
69920 52649
69917 52676
69890 52698
69870 52725
69852 52727
69845 52732
69843 52739
69838 52740
69826 52744
69820 52769
69813 52794
69812 52795
69808 52806
69787 52811
69780 52816
69777 52818
69773 52829
69760 52830
69758 52845
69752 52848
69747 52861
69746 52869
69727 52885
69716 52888
69715 52896
69714 52902
69712 52935
69680 52947
69665 52981
69661 52992
69649 52998
69621 53022
69619 53053
69585 53063
69571 53065
69567 53075
69566 53089
69553 53114
69542 53120
69541 53138
69520 53161
69496 53164
69495 53166
69491 53177
69490 53182
69479 53183
69476 53216
69466 53219
69464 53223
69449 53238
69440 53242
69433 53250
69423 53255
69422 53260
69420 53264
69400 53273
69398 53316
69371 53323
69355 53371
69329 53379
69318 53412
69296 53424
69293 53428
69285 53454
69261 53457
69253 53458
69250 53461
69249 53469
69245 53484
69241 53495
69228 53501
69207 53507
69204 53546
69186 53550
69185 53556
69177 53562
69176 53573
69153 53584
69144 53589
69143 53594
69131 53596
69128 53600
69126 53611
69124 53642
69114 53681
69099 53687
69059 53717
69055 53728
69036 53740
69020 53744
69018 53749
69016 53775
68982 53795
68971 53801
68959 53814
68950 53849
68949 53853
68929 53872
68927 53873
68906 53890
68904 53904
68902 53918
68866 53925
68860 53945
68858 53959
68845 53974
68838 53997
68810 54030
68807 54069
68745 54090
68733 54103
68723 54142
68710 54163
68692 54169
68683 54182
68671 54206
68644 54256
68584 54261
68580 54262
68576 54298
68574 54300
68559 54310
68558 54314
68538 54333
68530 54341
68522 54346
68518 54354
68507 54364
68506 54378
68501 54391
68493 54403
68488 54404
68472 54426
68454 54448
68429 54455
68419 54459
68410 54465
68408 54493
68396 54517
68386 54519
68370 54521
68369 54538
68358 54539
68357 54542
68355 54578
68342 54599
68301 54601
68299 54611
68298 54640
68285 54643
68270 54650
68259 54657
68248 54693
68226 54702
68208 54734
68206 54736
68190 54750
68172 54767
68164 54798
68161 54837
68094 54849
68084 54859
68071 54872
68066 54892
68055 54904
68045 54929
68011 54938
68002 54957
68001 54974
67995 54980
67979 54993
67963 55008
67948 55020
67945 55059
67929 55061
67917 55079
67914 55082
67881 55091
67877 55102
67875 55114
67860 55115
67857 55154
67820 55168
67813 55173
67812 55177
67811 55192
67808 55216
67807 55233
67752 55251
67749 55254
67740 55273
67725 55289
67723 55338
67674 55341
67670 55370
67652 55379
67626 55387
67615 55403
67611 55429
67592 55438
67574 55447
67563 55448
67561 55497
67534 55511
67521 55517
67513 55523
67504 55533
67486 55546
67481 55559
67462 55576
67444 55610
67419 55655
67396 55669
67369 55707
67367 55756
67311 55776
67269 55791
67257 55814
67240 55822
67233 55844
67204 55860
67201 55899
67172 55920
67151 55927
67142 55945
67132 55952
67119 55968
67101 55978
67092 55986
67079 56000
67076 56008
67066 56034
67063 56073
67007 56093
66983 56121
66958 56155
66938 56162
66928 56188
66925 56227
66870 56237
66860 56249
66849 56255
66845 56266
66841 56270
66839 56285
66819 56299
66811 56325
66780 56335
66768 56343
66748 56356
66735 56376
66732 56395
66708 56396
66707 56420
66692 56441
66679 56443
66671 56472
66642 56509
66612 56515
66601 56519
66593 56545
66569 56594
66554 56615
66514 56655
66486 56664
66457 56685
66438 56694
66428 56712
66410 56714
66409 56732
66407 56753
66388 56758
66368 56762
66356 56780
66354 56799
66351 56838
66298 56841
66290 56866
66269 56885
66245 56889
66243 56903
66242 56925
66226 56947
66216 56973
66213 57012
66160 57015
66137 57020
66107 57040
66105 57049
66099 57063
66076 57068
66060 57090
66050 57116
66047 57155
65994 57158
65992 57165
65988 57168
65967 57203
65961 57213
65936 57227
65934 57235
65919 57254
65889 57256
65883 57257
65881 57261
65879 57294
65851 57303
65834 57306
65833 57337
65818 57343
65802 57364
65778 57383
65776 57386
65768 57400
65755 57404
65738 57423
65727 57432
65719 57462
65693 57484
65684 57485
65675 57504
65669 57538
65614 57582
65596 57591
65583 57606
65575 57611
65556 57631
65544 57647
65501 57655
65495 57659
65488 57661
65485 57700
65448 57701
65445 57740
65420 57753
65409 57754
65399 57758
65394 57763
65390 57774
65378 57790
65366 57827
65331 57861
65310 57865
65307 57914
65283 57928
65252 57948
65217 57961
65206 57963
65192 57968
65170 57970
65170 57970
65167 58003
65166 58009
65144 58018
65141 58057
65112 58063
65086 58091
65061 58105
65055 58115
65052 58117
65038 58130
65031 58148
65000 58172
64981 58177
64976 58181
64966 58185
64958 58190
64945 58217
64927 58239
64914 58241
64913 58250
64897 58255
64887 58266
64876 58279
64874 58331
64844 58340
64818 58362
64813 58364
64787 58386
64778 58387
64759 58402
64749 58406
64734 58419
64732 58420
64728 58437
64714 58440
64708 58474
64690 58493
64645 58527
64638 58549
64590 58587
64548 58596
64537 58598
64531 58607
64528 58608
64524 58636
64498 58637
64497 58644
64494 58656
64490 58669
64472 58692
64448 58705
64431 58709
64417 58726
64405 58763
64369 58765
64362 58771
64354 58805
64310 58818
64300 58865
64258 58874
64252 58876
64244 58885
64234 58913
64203 58920
64196 58943
64184 58963
64175 58974
64149 58997
64146 59019
64118 59021
64109 59022
64090 59037
64085 59057
64063 59065
64059 59072
64039 59108
64021 59128
63971 59133
63960 59151
63954 59163
63953 59177
63926 59188
63921 59222
63896 59246
63873 59251
63855 59271
63846 59286
63825 59290
63811 59310
63785 59336
63763 59341
63754 59343
63748 59360
63737 59384
63736 59398
63707 59404
63690 59425
63659 59433
63641 59453
63631 59500
63593 59518
63556 59532
63547 59542
63546 59562
63530 59567
63505 59604
63476 59610
63475 59611
63457 59614
63451 59634
63442 59640
63421 59671
63416 59692
63387 59700
63365 59703
63362 59707
63345 59725
63342 59739
63337 59742
63321 59747
63315 59768
63299 59773
63291 59786
63280 59800
63265 59808
63255 59814
63237 59816
63236 59826
63220 59834
63214 59836
63211 59846
63191 59858
63190 59877
63181 59886
63156 59906
63131 59921
63122 59934
63112 59948
63101 59965
63072 59971
63067 59994
63049 60006
63038 60028
63021 60060
62971 60080
62960 60094
62945 60102
62941 60106
62935 60108
62912 60112
62904 60115
62903 60132
62891 60146
62885 60148
62865 60158
62855 60164
62849 60166
62842 60176
62839 60177
62835 60188
62832 60227
62807 60242
62782 60244
62776 60246
62755 60248
62752 60253
62746 60255
62744 60270
62735 60285
62729 60287
62727 60302
62698 60314
62681 60318
62677 60322
62672 60338
62660 60352
62654 60354
62638 60378
62632 60380
62611 60382
62601 60392
62595 60394
62593 60416
62583 60426
62576 60448
62546 60452
62540 60454
62538 60469
62513 60476
62512 60521
62441 60527
62440 60536
62418 60562
62402 60583
62394 60603
62378 60608
62344 60620
62338 60622
62337 60632
62331 60634
62321 60640
62307 60655
62306 60657
62299 60658
62290 60673
62284 60675
62282 60690
62252 60694
62246 60696
62231 60704
62221 60711
62218 60713
62213 60716
62205 60720
62204 60721
62202 60738
62193 60766
62187 60768
62146 60778
62145 60780
62143 60810
62108 60828
62102 60830
62093 60837
62064 60848
62055 60857
62046 60875
62032 60879
62018 60883
62008 60884
62007 60885
62001 60901
61990 60917
61983 60919
61971 60944
61945 60947
61930 60951
61924 60955
61921 60969
61913 60973
61908 60984
61901 60993
61898 61007
61893 61010
61873 61022
61843 61026
61841 61039
61835 61043
61824 61047
61818 61049
61817 61080
61811 61082
61788 61084
61782 61091
61761 61099
61760 61100
61752 61117
61731 61129
61728 61168
61688 61178
61684 61189
61678 61204
61634 61206
61628 61221
61612 61232
61610 61245
61604 61249
61601 61263
61587 61267
61573 61271
61557 61290
61525 61307
61516 61325
61500 61335
61497 61374
61442 61383
61412 61387
61406 61402
61398 61413
61390 61431
61358 61433
61341 61436
61335 61438
61324 61455
61318 61474
61316 61487
61314 61488
61287 61496
61283 61556
61203 61567
61170 61570
61167 61619
61121 61621
61108 61624
61106 61634
61085 61651
61071 61655
61064 61675
61040 61679
61038 61680
61036 61701
61030 61709
60988 61719
60980 61726
60973 61756
60967 61768
60941 61773
60919 61779
60917 61781
60909 61798
60892 61813
60875 61822
60857 61837
60851 61861
60831 61863
60829 61872
60791 61893
60773 61911
60753 61950
60720 61973
60679 61998
60647 62015
60623 62023
60603 62052
60572 62074
60562 62087
60535 62114
60498 62147
60451 62155
60450 62161
60437 62162
60426 62166
60421 62202
60390 62218
60344 62223
60338 62227
60334 62241
60321 62242
60317 62260
60305 62265
60299 62266
60278 62316
60241 62326
60236 62343
60221 62355
60202 62362
60190 62367
60164 62372
60161 62386
60160 62400
60121 62410
60107 62413
60099 62421
60091 62447
60051 62452
60044 62469
60014 62492
60005 62508
59979 62513
59968 62515
59967 62526
59954 62536
59947 62568
59889 62573
59887 62580
59877 62581
59874 62585
59870 62614
59866 62642
59823 62648
59787 62654
59780 62674
59757 62694
59753 62700
59750 62705
59711 62720
59688 62728
59684 62737
59674 62754
59673 62760
59646 62762
59640 62785
59632 62795
59604 62799
59590 62815
59567 62826
59561 62831
59557 62833
59553 62853
59543 62856
59540 62859
59515 62874
59499 62876
59493 62893
59468 62915
59459 62942
59444 62954
59417 62962
59370 62978
59357 62980
59353 63008
59334 63036
59284 63039
59267 63040
59263 63067
59237 63071
59236 63078
59220 63099
59193 63101
59183 63106
59180 63117
59160 63126
59154 63131
59144 63148
59118 63151
59116 63156
59115 63167
59107 63172
59102 63189
59074 63193
59048 63197
59047 63198
59038 63213
59037 63220
59034 63241
59010 63253
58985 63254
58960 63258
58957 63260
58951 63275
58926 63285
58925 63293
58922 63313
58906 63323
58889 63345
58845 63359
58829 63369
58827 63374
58823 63402
58813 63414
58758 63427
58739 63429
58737 63434
58728 63439
58716 63449
58716 63449
58708 63458
58707 63465
58706 63472
58704 63486
58642 63490
58639 63495
58627 63541
58588 63545
58585 63561
58536 63569
58534 63572
58525 63585
58515 63604
58508 63607
58504 63635
58468 63638
58420 63639
58418 63667
58401 63670
58395 63687
58388 63698
58376 63717
58359 63739
58309 63740
58299 63763
58278 63778
58257 63780
58245 63799
58209 63823
58186 63843
58178 63852
58174 63880
58112 63884
58088 63912
58065 63932
58047 63934
58028 63936
58021 63938
58005 63956
57987 63958
57974 63963
57962 63968
57949 64001
57939 64010
57927 64025
57874 64038
57871 64064
57838 64090
57787 64102
57781 64117
57755 64127
57723 64129
57720 64141
57717 64145
57714 64156
57700 64161
57695 64164
57668 64168
57665 64170
57664 64196
57624 64209
57599 64219
57590 64228
57583 64238
57553 64264
57530 64273
57519 64274
57516 64300
57480 64303
57474 64306
57459 64328
57438 64342
57422 64346
57418 64388
57406 64403
57324 64404
57321 64421
57312 64423
57310 64436
57280 64452
57257 64455
57253 64483
57207 64495
57188 64501
57184 64507
57182 64514
57179 64518
57171 64533
57144 64535
57105 64537
57104 64554
57085 64557
57084 64559
57079 64562
57073 64566
57069 64600
56990 64618
56980 64652
56965 64656
56953 64671
56950 64697
56870 64699
56864 64701
56851 64713
56834 64738
56802 64739
56800 64744
56797 64755
56785 64787
56733 64797
56718 64801
56716 64806
56711 64819
56683 64829
56672 64830
56661 64834
56642 64838
56638 64852
56624 64854
56611 64856
56610 64877
56599 64879
56561 64898
56553 64909
56544 64916
56538 64931
56516 64936
56513 64942
56503 64952
56497 64967
56468 64976
56458 64983
56442 64993
56421 65010
56391 65026
56377 65039
56357 65044
56348 65052
56336 65075
56307 65084
56274 65105
56254 65109
56244 65124
56205 65126
56196 65131
56191 65137
56178 65140
56171 65182
56150 65183
56107 65211
56073 65229
56044 65235
56035 65239
56030 65240
56015 65244
56010 65250
56007 65254
55989 65261
55970 65271
55968 65278
55964 65290
55930 65300
55925 65304
55895 65320
55874 65321
55872 65340
55870 65349
55827 65351
55826 65354
55826 65354
55816 65362
55812 65363
55805 65368
55801 65384
55763 65386
55762 65395
55761 65401
55739 65402
55738 65418
55721 65436
55718 65450
55681 65451
55662 65457
55657 65476
55654 65479
55640 65487
55625 65498
55602 65502
55576 65535
55559 65553
55507 65577
55486 65595
55463 65615
55429 65633
55394 65667
55373 65678
55339 65693
55288 65726
55220 65736
55214 65750
55191 65770
55170 65789
55159 65791
55144 65795
55139 65804
55125 65809
55122 65822
55073 65824
55067 65848
55055 65867
55026 65884
55008 65892
54976 65901
54975 65917
54941 65935
54920 65943
54890 65981
54801 65986
54781 65987
54772 65995
54767 66004
54753 66005
54736 66047
54706 66059
54672 66077
54640 66084
54635 66085
54615 66092
54594 66100
54582 66139
54559 66157
54531 66172
54458 66197
54431 66204
54423 66214
54417 66231
54375 66237
54373 66250
54325 66272
54316 66273
54310 66294
54276 66309
54259 66327
54211 66367
54163 66389
54129 66407
54055 66419
54044 66431
54020 66434
54016 66438
53993 66456
53969 66459
53952 66463
53950 66466
53933 66484
53925 66491
53902 66514
53885 66524
53866 66527
53848 66531
53843 66535
53837 66546
53835 66551
53803 66564
53752 66597
53721 66627
53701 66643
53653 66646
53651 66648
53630 66655
53617 66666
53610 66671
53608 66707
53524 66734
53508 66747
53441 66756
53430 66773
53429 66798
53348 66804
53338 66806
53325 66818
53312 66830
53282 66864
53252 66889
53236 66902
53182 66904
53150 66907
53146 66916
53134 66920
53132 66922
53127 66936
53089 66945
53056 66976
53028 66985
52988 67024
52946 67026
52926 67046
52910 67059
52880 67087
52811 67097
52805 67100
52764 67101
52763 67102
52760 67109
52745 67159
52729 67172
52692 67180
52680 67182
52660 67190
52619 67194
52603 67200
52589 67216
52581 67252
52549 67261
52498 67274
52464 67284
52431 67315
52418 67327
52376 67329
52362 67341
52347 67367
52305 67378
52283 67387
52266 67394
52203 67403
52200 67404
52192 67405
52175 67415
52174 67434
52142 67456
52124 67480
52104 67511
51985 67546
51961 67569
51890 67589
51870 67597
51848 67649
51752 67651
51751 67668
51667 67676
51658 67686
51615 67697
51613 67706
51606 67734
51586 67765
51515 67775
51500 67786
51446 67803
51398 67808
51387 67824
51367 67861
51281 67863
51261 67880
51257 67886
51238 67902
51181 67907
51179 67912
51167 67946
51144 67966
51071 67967
51049 67970
51042 67973
51032 67989
51019 67998
51014 68018
50941 68030
50936 68050
50924 68058
50918 68063
50844 68085
50840 68142
50731 68143
50655 68145
50648 68166
50633 68181
50614 68192
50593 68201
50580 68213
50542 68219
50533 68229
50524 68230
50509 68252
50492 68279
50427 68284
50424 68289
50396 68332
50286 68366
50215 68387
50186 68388
50167 68395
50125 68406
50101 68407
50098 68446
50048 68469
50004 68473
49998 68479
49985 68484
49958 68492
49951 68505
49935 68507
49888 68513
49880 68544
49845 68545
49789 68572
49770 68578
49735 68579
49731 68597
49679 68606
49656 68610
49649 68622
49632 68649
49567 68654
49556 68658
49536 68702
49450 68713
49426 68736
49419 68761
49326 68768
49252 68780
49238 68816
49188 68839
49134 68863
49042 68866
49039 68876
49022 68882
49021 68894
48980 68910
48979 68915
48934 68919
48929 68920
48901 68947
48864 68953
48847 68980
48763 68993
48750 69005
48720 69012
48686 69020
48673 69033
48637 69085
48516 69090
48503 69095
48479 69098
48466 69100
48448 69103
48444 69123
48426 69132
48391 69133
48383 69143
48378 69152
48362 69155
48322 69160
48301 69168
48298 69171
48284 69177
48263 69178
48259 69196
48239 69232
48182 69236
48160 69242
48120 69246
48119 69285
48063 69288
47995 69290
47981 69294
47966 69310
47954 69329
47872 69332
47865 69338
47859 69356
47837 69357
47803 69376
47789 69377
47769 69408
47724 69409
47708 69428
47662 69456
47604 69462
47572 69471
47553 69482
47495 69491
47489 69515
47442 69523
47421 69545
47347 69557
47320 69560
47293 69564
47288 69587
47201 69599
47152 69601
47136 69608
47128 69639
47116 69644
47041 69651
47010 69654
46984 69655
46981 69668
46947 69678
46935 69680
46925 69684
46904 69690
46868 69710
46856 69715
46838 69717
46809 69729
46788 69745
46774 69748
46760 69770
46694 69775
46674 69778
46670 69781
46663 69793
46656 69803
46586 69823
46580 69848
46535 69849
46503 69858
46470 69862
46457 69865
46443 69878
46437 69885
46407 69892
46368 69913
46335 69915
46300 69940
46270 69949
46241 69960
46161 69962
46142 69963
46139 69965
46136 69974
46128 69975
46122 69991
46117 69996
46090 70000
46053 70029
45979 70041
45959 70043
45944 70066
45924 70068
45868 70071
45857 70078
45819 70082
45786 70092
45763 70103
45748 70104
45742 70113
45736 70137
45644 70140
45637 70147
45589 70158
45576 70170
45568 70182
45510 70191
45481 70194
45458 70201
45446 70211
45404 70214
45377 70218
45354 70221
45347 70226
45340 70227
45334 70241
45311 70266
45227 70307
45148 70319
45131 70344
45031 70345
44999 70349
44971 70350
44962 70378
44953 70382
44898 70385
44888 70390
44877 70391
44861 70394
44858 70402
44831 70406
44797 70418
44795 70421
44787 70425
44763 70430
44734 70451
44726 70460
44659 70464
44651 70470
44647 70485
44609 70486
44597 70508
44536 70526
44479 70542
44472 70543
44347 70547
44340 70564
44310 70576
44301 70580
44276 70581
44274 70591
44249 70592
44242 70600
44176 70605
44153 70614
44145 70616
44143 70619
44123 70624
44111 70628
44072 70643
44067 70646
44020 70650
44004 70660
43946 70662
43945 70706
43827 70722
43820 70741
43692 70746
43658 70756
43637 70780
43550 70791
43526 70793
43525 70810
43432 70817
43420 70823
43416 70824
43395 70851
43369 70855
43308 70870
43306 70892
43232 70904
43175 70920
43100 70931
43060 70938
43006 70954
42921 70967
42915 70968
42864 70988
42840 70989
42801 71009
42768 71021
42717 71053
42581 71057
42543 71064
42523 71069
42405 71072
42403 71094
42318 71105
42314 71133
42188 71146
42150 71162
42131 71197
41971 71213
41826 71232
41824 71235
41772 71240
41752 71247
41678 71256
41673 71260
41642 71262
41638 71291
41589 71304
41564 71306
41429 71320
41404 71322
41335 71329
41315 71343
41264 71345
41205 71349
41167 71350
41142 71361
41137 71372
41107 71377
41105 71399
41022 71413
40912 71423
40883 71428
40862 71429
40837 71430
40785 71439
40737 71441
40719 71443
40702 71472
40543 71483
40506 71487
40476 71507
40466 71510
40351 71516
40316 71523
40270 71525
40208 71549
40133 71587
39957 71590
39955 71597
39924 71601
39875 71602
39808 71610
39795 71613
39793 71634
39683 71644
39666 71656
39521 71674
39391 71692
39351 71704
39191 71720
39179 71735
39074 71739
38985 71751
38971 71753
38926 71765
38749 71776
38747 71782
38638 71785
38599 71788
38587 71798
38572 71800
38494 71801
38491 71803
38476 71822
38404 71862
38176 71879
37951 71916
37831 71965
37252 71984
36914 71991
36806 72006
36744 72020
36066 72067
