200 2
72112
537 269 34
574 784 305
830 772 699
771 628 455
582 536 784
534 964 464
644 176 832
774 565 554
518 878 780
619 427 224
580 149 838
798 755 478
536 422 466
902 439 282
732 14 761
600 822 341
826 664 618
849 868 2
687 126 603
908 619 206
930 67 902
717 371 484
665 638 471
681 48 422
752 768 356
770 27 990
542 531 666
800 611 200
784 607 825
673 595 796
577 531 85
640 945 863
595 103 655
754 456 563
762 179 193
767 535 65
822 539 760
630 773 290
927 888 964
605 546 604
585 586 143
705 971 94
732 894 530
700 283 514
785 126 946
594 374 260
768 921 432
933 993 635
880 863 312
574 757 421
646 118 945
598 595 264
666 752 247
686 193 215
871 817 722
640 857 246
644 398 549
625 127 295
871 42 966
872 40 561
524 772 883
752 865 210
705 414 699
830 166 341
830 522 189
574 822 333
832 894 803
779 246 961
631 340 675
759 166 935
566 183 305
683 992 228
666 849 399
601 541 245
778 185 339
509 494 317
741 300 964
666 47 386
810 792 242
717 934 927
758 438 510
890 698 124
799 294 384
671 212 897
770 739 116
761 317 447
890 105 508
798 667 232
747 716 23
629 91 498
764 464 259
626 846 453
803 354 31
701 103 457
525 864 656
876 289 170
931 359 77
637 332 799
895 922 172
623 648 864
582 113 600
932 578 382
922 48 270
800 898 295
594 733 947
655 855 434
816 123 146
790 835 47
770 973 699
659 487 691
692 142 204
660 837 896
864 772 948
876 678 634
751 56 442
741 973 134
785 575 44
829 474 191
843 190 513
839 555 664
922 157 818
925 266 155
726 371 375
790 148 818
927 483 309
519 466 115
524 5 224
886 400 949
542 306 494
910 83 746
933 366 740
628 947 59
665 173 741
511 556 606
729 962 126
669 947 180
821 725 160
853 457 641
764 354 303
595 22 167
511 217 854
800 226 726
818 997 91
588 839 506
663 702 27
876 143 545
604 319 470
734 636 295
578 608 867
593 922 151
747 359 88
577 881 414
511 377 213
912 711 628
741 505 764
704 309 858
750 215 359
832 663 676
610 645 460
694 375 217
688 123 727
729 610 209
520 538 77
832 627 706
759 378 959
674 496 784
555 551 501
773 915 31
933 119 954
749 636 376
846 750 56
650 680 478
824 680 114
778 959 132
747 914 337
785 39 61
823 657 514
659 588 324
807 340 568
810 984 13
552 850 124
774 352 628
550 515 467
752 82 501
678 629 725
600 96 774
580 885 209
914 429 137
710 759 921
639 58 295
524 789 284
913 282 954
791 780 17
594 422 791
618 154 479
762 168 284
627 892 393
934 497 621
536 175 909
537 373 47
1163
77266 42758
77256 43268
77196 43478
77189 43715
77159 43828
77151 44081
77135 44095
77114 44132
77107 44195
77100 44321
77088 44410
77084 44417
77062 44616
77045 44645
77040 44670
77032 44874
77016 44970
76974 45000
76966 45124
76963 45206
76950 45220
76945 45251
76903 45281
76898 45288
76891 45520
76856 45611
76838 45652
76825 45770
76803 45847
76790 45861
76762 45927
76738 45929
76731 46161
76686 46169
76678 46293
76665 46411
76623 46466
76595 46469
76586 46510
76570 46606
76558 46611
76536 46642
76535 46699
76511 46765
76505 46790
76478 46816
76473 46891
76469 46901
76458 47038
76407 47075
76400 47110
76391 47135
76376 47138
76375 47214
76363 47219
76344 47259
76333 47269
76327 47347
76310 47362
76301 47378
76286 47438
76278 47499
76243 47602
76224 47630
76188 47639
76185 47728
76181 47769
76167 47874
76110 47896
76109 47904
76098 47933
76093 47948
76084 48008
76072 48013
76052 48099
76045 48115
76043 48133
76037 48239
76002 48284
75979 48311
75971 48364
75950 48370
75944 48410
75932 48417
75929 48419
75923 48424
75898 48461
75896 48470
75892 48496
75884 48531
75875 48577
75851 48593
75840 48631
75833 48696
75825 48698
75816 48702
75815 48763
75781 48805
75780 48874
75767 48877
75756 48886
75744 48928
75737 48931
75722 49000
75705 49069
75686 49096
75663 49099
75659 49134
75647 49195
75625 49204
75624 49299
75606 49346
75584 49364
75566 49392
75563 49450
75529 49507
75505 49522
75493 49561
75471 49633
75464 49673
75448 49737
75412 49755
75388 49797
75381 49876
75351 49888
75343 49896
75332 49907
75323 49948
75316 49971
75308 49988
75303 50002
75287 50140
75225 50152
75211 50173
75208 50190
75204 50213
75203 50224
75198 50238
75188 50287
75182 50299
75168 50340
75147 50391
75114 50419
75113 50448
75096 50475
75075 50502
75068 50538
75055 50574
75049 50590
75048 50614
75032 50678
75001 50716
74987 50765
74986 50789
74954 50802
74935 50829
74927 50837
74922 50852
74913 50901
74895 50929
74881 50951
74873 51004
74842 51030
74834 51053
74811 51055
74809 51067
74807 51087
74794 51099
74793 51131
74786 51169
74772 51228
74731 51327
74694 51342
74681 51368
74659 51443
74650 51458
74619 51469
74605 51518
74603 51549
74575 51554
74571 51706
74519 51712
74506 51736
74499 51744
74492 51780
74460 51789
74443 51839
74435 51843
74434 51852
74428 51864
74414 51918
74392 51922
74391 51957
74390 51981
74361 51985
74351 52021
74349 52080
74324 52154
74277 52196
74271 52208
74263 52274
74219 52316
74189 52459
74128 52468
74117 52497
74102 52501
74100 52539
74081 52576
74079 52584
74046 52617
74038 52683
74006 52692
74000 52700
73994 52725
73976 52732
73974 52746
73966 52799
73928 52816
73922 52841
73918 52858
73906 52906
73881 53027
73852 53031
73840 53079
73792 53125
73772 53126
73763 53129
73755 53130
73744 53139
73743 53171
73720 53254
73699 53329
73660 53330
73647 53358
73627 53367
73624 53445
73598 53474
73592 53499
73554 53516
73548 53553
73532 53578
73522 53599
73519 53604
73497 53635
73476 53669
73474 53691
73428 53728
73419 53778
73383 53795
73381 53802
73368 53821
73359 53876
73347 53924
73322 53933
73302 53995
73297 54008
73241 54013
73239 54046
73238 54070
73227 54142
73221 54181
73194 54187
73187 54195
73163 54294
73108 54344
73102 54369
73055 54398
73030 54407
73026 54449
73014 54455
73007 54463
72995 54479
72983 54481
72974 54485
72970 54573
72941 54577
72914 54583
72912 54658
72875 54666
72862 54677
72854 54771
72852 54792
72804 54853
72784 54876
72771 54887
72732 54891
72726 54989
72685 55041
72659 55042
72643 55060
72637 55099
72627 55154
72591 55155
72574 55208
72549 55217
72548 55238
72524 55249
72519 55258
72513 55283
72469 55284
72466 55290
72465 55352
72460 55357
72457 55367
72449 55385
72419 55397
72405 55437
72402 55442
72394 55476
72391 55498
72384 55512
72348 55513
72337 55526
72333 55551
72323 55572
72319 55579
72314 55592
72285 55622
72278 55658
72265 55685
72245 55692
72232 55699
72220 55771
72200 55794
72182 55801
72168 55802
72151 55834
72142 55850
72137 55903
72101 55959
72065 55960
72052 55967
72048 56013
72023 56022
72020 56062
72002 56069
71983 56079
71982 56092
71957 56171
71924 56177
71915 56186
71891 56357
71869 56376
71819 56395
71802 56412
71759 56427
71754 56430
71735 56454
71730 56493
71725 56506
71714 56529
71702 56579
71669 56582
71656 56606
71649 56614
71622 56680
71611 56708
71579 56748
71550 56783
71510 56808
71476 56874
71446 56886
71432 56889
71431 56976
71399 56984
71359 57014
71327 57041
71323 57095
71276 57107
71270 57112
71241 57155
71219 57160
71210 57188
71209 57201
71200 57306
71141 57348
71109 57356
71069 57386
71056 57422
71033 57467
71014 57511
70961 57551
70927 57570
70919 57573
70887 57639
70864 57651
70853 57735
70792 57736
70791 57758
70780 57763
70771 57776
70770 57789
70766 57794
70755 57835
70706 57851
70704 57874
70696 57877
70682 57880
70661 57964
70609 57965
70588 57996
70574 58023
70569 58040
70543 58098
70504 58103
70501 58130
70490 58135
70450 58146
70445 58147
70439 58189
70419 58225
70408 58264
70363 58285
70355 58301
70351 58327
70310 58403
70281 58407
70265 58415
70233 58436
70227 58454
70216 58493
70193 58508
70171 58514
70158 58517
70139 58524
70129 58552
70115 58555
70098 58561
70092 58615
70088 58628
70084 58630
70066 58633
70064 58650
70056 58659
70045 58664
70031 58667
70025 58684
70001 58737
69974 58754
69957 58755
69955 58778
69934 58781
69924 58792
69903 58819
69898 58835
69892 58859
69872 58879
69865 58932
69820 58944
69788 58953
69782 58983
69775 59046
69706 59064
69696 59066
69694 59074
69670 59084
69668 59098
69667 59108
69647 59144
69622 59154
69619 59179
69597 59191
69596 59192
69593 59196
69574 59200
69568 59218
69562 59242
69521 59318
69475 59337
69444 59412
69401 59425
69382 59429
69376 59447
69355 59450
69340 59467
69317 59537
69299 59543
69283 59554
69256 59579
69252 59641
69177 59645
69159 59693
69137 59724
69109 59750
69099 59754
69095 59762
69091 59763
69088 59777
69076 59847
69030 59866
68977 59891
68967 59922
68919 60017
68865 60081
68790 60084
68789 60087
68766 60125
68750 60132
68734 60135
68733 60141
68723 60159
68714 60168
68695 60204
68672 60264
68643 60306
68586 60345
68544 60350
68530 60405
68488 60406
68482 60410
68481 60427
68473 60438
68459 60470
68454 60486
68427 60491
68426 60507
68404 60523
68393 60528
68388 60560
68371 60569
68364 60570
68347 60576
68311 60595
68302 60678
68237 60695
68232 60711
68203 60722
68200 60736
68195 60743
68171 60762
68169 60767
68166 60785
68124 60869
68080 60903
68025 60913
68022 60938
67989 60954
67977 61040
67944 61056
67902 61094
67863 61104
67824 61120
67812 61170
67784 61223
67755 61265
67722 61281
67631 61312
67623 61325
67607 61355
67579 61374
67573 61378
67562 61457
67538 61466
67460 61471
67449 61505
67421 61525
67398 61534
67370 61536
67369 61568
67357 61608
67310 61634
67276 61700
67248 61740
67176 61759
67156 61786
67144 61805
67135 61833
67124 61867
67096 61887
67050 61955
66964 61992
66934 62011
66919 62018
66894 62042
66872 62044
66867 62053
66848 62073
66842 62083
66798 62113
66790 62139
66752 62180
66718 62196
66695 62219
66662 62270
66644 62284
66610 62294
66576 62307
66574 62324
66558 62402
66491 62409
66451 62424
66444 62435
66443 62451
66417 62462
66387 62474
66369 62540
66297 62550
66287 62583
66282 62608
66247 62614
66234 62625
66207 62661
66189 62727
66091 62737
66085 62738
66073 62747
66071 62768
66066 62793
66008 62822
65991 62846
65960 62893
65913 62900
65884 62905
65875 62922
65873 62930
65866 62971
65862 62983
65801 62990
65792 63007
65762 63036
65747 63088
65668 63105
65640 63110
65627 63121
65623 63140
65611 63141
65594 63143
65590 63144
65585 63175
65582 63223
65558 63226
65478 63234
65476 63269
65459 63273
65432 63289
65423 63311
65412 63335
65401 63374
65353 63389
65282 63392
65275 63404
65265 63424
65260 63454
65255 63479
65191 63482
65185 63503
65182 63508
65156 63519
65155 63523
65136 63541
65125 63566
65086 63567
65080 63574
65068 63584
65049 63589
65045 63591
65031 63620
65018 63638
65004 63654
64984 63660
64974 63674
64942 63677
64938 63680
64934 63704
64920 63726
64882 63727
64866 63757
64852 63769
64845 63779
64806 63788
64797 63794
64789 63804
64757 63817
64755 63826
64752 63859
64728 63860
64693 63862
64688 63891
64674 63903
64655 63923
64636 63930
64633 63936
64616 63945
64608 63954
64595 63955
64576 63975
64569 63987
64551 63988
64539 64014
64533 64030
64530 64046
64449 64053
64442 64068
64439 64108
64407 64112
64391 64123
64367 64124
64349 64141
64340 64151
64335 64173
64310 64180
64308 64200
64301 64212
64265 64221
64241 64222
64238 64242
64210 64274
64195 64276
64193 64288
64163 64314
64133 64326
64115 64329
64113 64358
64076 64365
64065 64373
64059 64379
64026 64432
63992 64437
63958 64445
63957 64449
63936 64471
63934 64480
63926 64526
63857 64532
63851 64539
63837 64564
63803 64575
63789 64579
63785 64586
63767 64588
63762 64603
63736 64614
63727 64619
63707 64620
63706 64626
63693 64627
63690 64635
63689 64674
63660 64677
63654 64679
63650 64732
63589 64768
63522 64770
63521 64788
63515 64793
63492 64802
63486 64809
63452 64810
63451 64825
63446 64840
63444 64862
63387 64865
63386 64869
63382 64875
63360 64893
63353 64918
63347 64946
63300 64955
63276 64956
63267 64962
63254 64974
63243 64998
63217 65006
63203 65029
63172 65035
63170 65046
63149 65051
63141 65060
63138 65080
63118 65112
63061 65115
63048 65136
63025 65140
63021 65146
63016 65160
62986 65183
62972 65187
62954 65189
62949 65192
62941 65212
62936 65215
62927 65235
62909 65238
62869 65249
62864 65263
62846 65265
62841 65268
62839 65299
62833 65318
62801 65322
62772 65342
62757 65349
62732 65373
62711 65378
62710 65389
62680 65403
62667 65426
62633 65429
62624 65449
62613 65450
62610 65465
62563 65491
62559 65502
62557 65524
62507 65527
62504 65529
62481 65555
62461 65556
62430 65578
62421 65603
62398 65612
62395 65615
62364 65621
62357 65635
62330 65668
62314 65684
62278 65693
62249 65697
62224 65708
62220 65725
62216 65737
62201 65744
62185 65762
62179 65767
62132 65802
62122 65818
62087 65836
62084 65845
62056 65865
62020 65877
62003 65878
61992 65905
61968 65907
61948 65914
61944 65917
61942 65923
61938 65927
61930 65935
61914 65941
61895 65970
61879 65979
61848 66004
61840 66050
61781 66075
61719 66080
61716 66111
61681 66113
61650 66138
61636 66139
61613 66142
61603 66152
61593 66177
61589 66179
61571 66196
61564 66256
61445 66294
61392 66295
61384 66296
61379 66298
61374 66311
61366 66356
61341 66359
61290 66369
61281 66371
61266 66372
61248 66396
61246 66407
61224 66410
61212 66461
61169 66467
61168 66481
61109 66506
61094 66509
61086 66559
61029 66566
60978 66569
60954 66579
60931 66583
60921 66608
60899 66627
60892 66687
60810 66732
60750 66740
60702 66742
60678 66752
60657 66754
60654 66769
60638 66777
60629 66799
60607 66800
60605 66813
60586 66817
60576 66827
60540 66892
60431 66933
60407 66983
60300 67000
60276 67009
60249 67010
60247 67023
60243 67060
60178 67113
60138 67124
60078 67171
60014 67190
59971 67196
59966 67208
59914 67248
59859 67266
59816 67272
59802 67285
59786 67297
59764 67301
59755 67327
59709 67358
59673 67359
59649 67361
59636 67369
59626 67375
59621 67388
59591 67394
59584 67402
59566 67435
59512 67448
59481 67487
59430 67493
59411 67511
59405 67534
59389 67536
59368 67561
59324 67576
59253 67579
59247 67588
59215 67589
59212 67591
59210 67601
59194 67603
59180 67614
59178 67616
59174 67644
59160 67653
59121 67681
59090 67698
59055 67713
59038 67715
59033 67729
58995 67744
58959 67748
58945 67774
58883 67791
58868 67795
58845 67832
58783 67839
58777 67849
58756 67875
58738 67876
58734 67891
58727 67895
58665 67898
58660 67910
58654 67911
58651 67947
58602 67955
58571 67963
58535 67999
58529 68029
58465 68036
58416 68044
58404 68045
58397 68049
58385 68051
58381 68074
58380 68077
58375 68120
58326 68128
58285 68130
58276 68143
58248 68148
58236 68161
58195 68214
58112 68220
58105 68280
58022 68304
57977 68305
57976 68311
57920 68314
57915 68335
57896 68358
57832 68359
57827 68371
57813 68382
57790 68400
57784 68408
57775 68434
57656 68446
57645 68467
57608 68471
57589 68475
57568 68504
57566 68512
57524 68515
57505 68551
57491 68562
57396 68566
57373 68571
57365 68578
57359 68582
57355 68587
57341 68628
57296 68629
57279 68634
57260 68643
57239 68655
57208 68667
57175 68669
57164 68675
57163 68704
57161 68716
57103 68732
57030 68733
57025 68741
57020 68766
57011 68782
56966 68783
56964 68791
56924 68793
56909 68809
56861 68812
56857 68816
56843 68839
56803 68841
56802 68860
56773 68886
56704 68901
56677 68913
56639 68946
56558 68960
56556 68961
56495 68979
56471 68983
56468 68991
56451 69000
56434 69016
56430 69024
56395 69032
56309 69044
56291 69055
56284 69063
56270 69073
56229 69074
56219 69088
56168 69092
56166 69122
56154 69141
56058 69168
56000 69171
55995 69216
55922 69245
55849 69246
55836 69276
55780 69278
55746 69284
55729 69312
55694 69321
55645 69356
55572 69401
55488 69445
55382 69456
55353 69463
55342 69464
55312 69481
55298 69500
55218 69531
55115 69541
55096 69574
55065 69576
55012 69618
54919 69632
54877 69636
54870 69639
54856 69662
54817 69667
54786 69683
54779 69731
54677 69756
54603 69767
54589 69786
54494 69797
54453 69826
54365 69856
54287 69898
54175 69911
54160 69920
54097 69939
54058 69945
54013 69946
54002 69964
53977 69999
53918 70008
53889 70029
53794 70040
53746 70045
53744 70046
53728 70049
53684 70093
53604 70095
53568 70098
53556 70100
53534 70116
53493 70119
53489 70142
53458 70158
53444 70181
53358 70188
53315 70203
53295 70207
53270 70218
53252 70222
53207 70237
53112 70248
53091 70273
53028 70292
52922 70303
52915 70305
52901 70328
52868 70341
52838 70347
52823 70356
52762 70389
52678 70396
52633 70411
52533 70413
52486 70418
52484 70428
52461 70449
52409 70481
52219 70536
52046 70539
51994 70571
51902 70590
51804 70626
51511 70649
51329 70657
51282 70663
51037 70672
51036 70680
50965 70695
50929 70704
50927 70711
50829 70739
50632 70744
50628 70746
50534 70772
50337 70798
50057 70810
49988 70826
49843 70828
49822 70864
49498 70867
49242 70876
49080 70889
48949 70899
48396 70932
