200 2
74933
703 125 227
677 836 516
789 272 753
661 168 946
676 726 737
703 564 761
820 735 94
872 63 330
603 947 954
859 960 576
673 155 940
726 703 111
900 387 753
816 266 121
659 609 270
738 725 752
708 276 974
774 672 119
616 498 331
871 42 939
709 459 748
881 852 148
890 153 976
645 466 32
653 772 848
830 881 288
872 640 619
793 1 653
750 380 962
745 473 184
801 679 297
822 476 749
737 710 115
614 763 196
885 193 795
714 697 610
632 143 448
884 110 881
804 586 472
802 666 25
605 997 915
828 579 329
835 677 434
855 257 183
899 548 686
820 766 351
775 674 518
769 54 865
822 837 842
675 622 723
789 662 632
639 784 930
852 541 216
627 214 861
841 405 26
810 302 863
740 494 12
597 416 6
635 959 942
717 511 576
749 501 626
675 112 346
725 747 182
732 709 33
623 310 160
883 826 893
738 754 638
740 797 301
705 676 228
835 325 644
861 909 774
816 260 96
807 508 495
689 875 602
623 237 119
864 825 468
623 163 100
716 91 626
769 322 779
821 540 975
811 8 925
603 803 781
740 9 822
900 375 368
693 643 27
608 961 385
827 261 941
907 690 547
689 738 561
621 525 155
675 941 90
799 641 839
675 280 880
663 469 901
888 490 547
609 950 195
873 235 773
830 574 194
623 764 435
705 905 391
810 664 165
888 483 539
817 791 818
868 601 112
681 732 695
707 708 586
699 664 584
718 623 867
754 584 365
732 887 438
657 953 765
871 943 621
693 747 42
835 151 730
718 865 676
881 233 567
623 640 663
783 172 470
621 867 335
700 332 787
741 745 551
737 175 256
661 727 614
638 618 374
696 736 314
864 710 620
741 775 3
705 63 412
687 484 338
725 752 39
669 196 272
773 76 476
640 960 623
709 250 515
855 63 555
672 118 424
691 28 541
885 70 516
850 673 661
831 657 35
683 444 53
726 335 673
700 410 828
870 284 919
646 159 526
635 932 287
746 729 777
728 906 87
822 211 740
696 634 747
720 374 677
657 759 458
635 847 63
867 180 731
785 643 90
728 119 58
707 966 532
788 731 618
907 817 49
797 886 176
703 688 959
594 419 691
700 172 380
722 229 483
767 110 912
863 914 997
837 563 723
874 939 595
806 463 124
704 569 464
774 15 262
832 971 172
686 522 893
820 466 410
643 195 290
643 435 875
681 755 33
878 588 664
783 48 535
710 443 666
890 501 522
700 631 958
630 829 780
783 787 190
758 612 818
725 490 520
691 114 91
834 920 940
710 709 171
806 534 369
708 582 971
829 194 178
879 297 927
662 434 667
775 935 684
771 999 340
613 65 365
606 230 80
732 385 130
905 288 643
1037
77622 49530
77580 49855
77557 50106
77534 50358
77517 50399
77513 50697
77478 50975
77465 50987
77463 51026
77453 51076
77444 51078
77442 51134
77433 51144
77432 51184
77421 51259
77419 51385
77417 51544
77396 51637
77394 51782
77371 51921
77346 51966
77343 51968
77337 51976
77336 52016
77331 52139
77312 52196
77303 52206
77302 52246
77298 52260
77293 52354
77291 52368
77270 52461
77256 52463
77247 52474
77245 52524
77243 52664
77226 52715
77219 52778
77218 52878
77195 52943
77188 53006
77186 53146
77145 53217
77141 53232
77128 53256
77126 53268
77112 53379
77108 53453
77079 53460
77068 53462
77067 53524
77066 53548
77062 53573
77051 53594
77035 53776
76991 53859
76988 54063
76936 54108
76933 54147
76920 54153
76914 54211
76908 54274
76900 54309
76874 54352
76859 54354
76858 54358
76850 54408
76840 54444
76825 54535
76817 54570
76802 54577
76790 54590
76786 54598
76776 54615
76773 54707
76762 54722
76749 54728
76743 54736
76741 54737
76739 54800
76735 54813
76731 54850
76728 54938
76713 54942
76700 54948
76691 54996
76681 55012
76678 55037
76675 55075
76648 55090
76645 55203
76617 55209
76608 55257
76592 55336
76584 55352
76564 55494
76524 55539
76508 55579
76504 55582
76503 55626
76481 55755
76441 55800
76438 55815
76415 55872
76391 55889
76388 55930
76387 55946
76380 55949
76379 55987
76360 56091
76332 56133
76316 56168
76300 56179
76299 56192
76287 56202
76282 56217
76272 56250
76267 56322
76258 56323
76239 56393
76222 56410
76216 56453
76211 56469
76182 56476
76177 56519
76167 56546
76160 56556
76155 56715
76123 56758
76114 56815
76067 56961
76035 56990
76015 57006
76003 57062
75974 57136
75967 57185
75936 57202
75906 57282
75893 57304
75887 57382
75864 57413
75848 57448
75816 57477
75800 57493
75794 57557
75770 57568
75759 57570
75755 57623
75748 57672
75720 57690
75719 57697
75697 57721
75692 57822
75672 57843
75645 57900
75640 57915
75635 57927
75613 57931
75601 57945
75588 57976
75581 57980
75576 58088
75547 58175
75530 58192
75505 58237
75473 58268
75453 58330
75448 58342
75437 58367
75424 58403
75416 58414
75383 58454
75380 58483
75363 58500
75351 58526
75338 58545
75334 58584
75322 58606
75297 58616
75291 58691
75266 58708
75251 58713
75248 58739
75239 58784
75211 58812
75197 58860
75175 58871
75173 58883
75167 58892
75165 58941
75155 58962
75132 58972
75124 59008
75120 59038
75103 59055
75083 59070
75078 59100
75071 59110
75062 59137
75048 59146
75039 59147
75031 59163
75029 59177
75026 59193
75023 59201
75010 59230
74990 59245
74982 59262
74979 59296
74977 59305
74961 59325
74952 59350
74942 59393
74939 59399
74912 59417
74903 59422
74900 59443
74891 59478
74884 59480
74874 59511
74858 59519
74843 59583
74837 59642
74798 59653
74788 59714
74772 59754
74744 59817
74723 59826
74697 59841
74695 59889
74679 59929
74648 59933
74636 59957
74630 60001
74601 60014
74594 60049
74581 60064
74575 60123
74562 60202
74510 60235
74488 60284
74482 60298
74459 60334
74439 60356
74420 60462
74371 60534
74349 60611
74303 60622
74300 60683
74272 60712
74233 60768
74223 60784
74184 60840
74175 60864
74158 60943
74106 60944
74103 60965
74091 60972
74090 60975
74082 60985
74076 61021
74051 61043
74048 61047
74047 61064
74043 61078
74042 61100
74010 61193
74000 61210
73971 61249
73950 61253
73949 61275
73923 61280
73908 61287
73907 61385
73867 61407
73853 61411
73845 61420
73828 61441
73814 61502
73786 61528
73781 61559
73743 61567
73737 61568
73733 61626
73721 61677
73696 61748
73648 61756
73640 61765
73636 61788
73631 61791
73608 61816
73605 61834
73603 61923
73538 61929
73535 61932
73528 61935
73527 61941
73525 61946
73518 61951
73512 61968
73509 62009
73489 62017
73486 62045
73481 62048
73478 62054
73466 62061
73462 62069
73444 62121
73436 62130
73409 62146
73404 62149
73402 62155
73397 62181
73389 62185
73376 62196
73370 62202
73369 62205
73367 62222
73359 62231
73356 62242
73351 62251
73348 62264
73344 62294
73336 62303
73313 62307
73309 62320
73292 62355
73276 62367
73275 62385
73271 62431
73250 62435
73228 62451
73220 62460
73219 62476
73203 62483
73202 62528
73182 62583
73177 62586
73162 62599
73156 62601
73147 62627
73139 62636
73133 62655
73109 62661
73108 62683
73100 62692
73082 62708
73078 62723
73066 62740
73063 62776
73031 62784
73024 62827
73016 62836
72985 62842
72976 62868
72961 62883
72947 62933
72936 62937
72931 62944
72923 62953
72907 62965
72903 62970
72898 63001
72890 63010
72875 63035
72847 63066
72845 63076
72842 63092
72838 63119
72830 63128
72812 63133
72805 63176
72804 63221
72796 63230
72736 63296
72693 63297
72691 63305
72689 63333
72681 63342
72654 63353
72649 63374
72641 63384
72613 63428
72602 63435
72596 63450
72585 63484
72582 63490
72577 63493
72570 63497
72562 63506
72554 63510
72547 63534
72540 63566
72521 63567
72513 63576
72508 63590
72503 63625
72479 63634
72469 63641
72468 63642
72466 63647
72461 63650
72460 63678
72452 63687
72435 63699
72425 63704
72424 63734
72417 63743
72409 63753
72388 63762
72384 63789
72364 63802
72358 63803
72351 63846
72331 63851
72323 63854
72316 63863
72307 63872
72303 63877
72299 63928
72283 63933
72280 63939
72275 63942
72268 63946
72250 63990
72247 63996
72242 63999
72238 64026
72212 64040
72205 64083
72204 64128
72130 64133
72129 64178
72122 64183
72115 64192
72099 64203
72096 64235
72089 64240
72082 64249
72061 64268
72049 64281
72041 64291
72021 64303
72013 64335
71996 64357
71988 64360
71968 64383
71955 64423
71945 64425
71928 64431
71925 64448
71921 64474
71913 64495
71903 64532
71880 64552
71845 64569
71838 64574
71835 64606
71830 64630
71805 64631
71797 64652
71765 64663
71764 64709
71739 64717
71729 64726
71724 64741
71720 64756
71706 64797
71661 64816
71652 64823
71639 64839
71637 64856
71619 64923
71567 64940
71551 64950
71548 64969
71540 64990
71530 64991
71507 65047
71479 65050
71472 65064
71464 65076
71448 65084
71438 65121
71428 65130
71415 65141
71404 65154
71398 65162
71380 65194
71370 65195
71368 65214
71365 65219
71347 65251
71329 65273
71303 65308
71264 65315
71259 65332
71254 65341
71241 65371
71207 65414
71203 65430
71193 65442
71171 65468
71154 65512
71114 65513
71113 65590
71078 65607
71045 65664
70999 65665
70990 65671
70967 65675
70966 65695
70964 65701
70963 65719
70958 65743
70936 65746
70931 65758
70923 65760
70917 65764
70907 65775
70903 65803
70890 65817
70862 65831
70842 65862
70832 65864
70818 65871
70804 65904
70791 65921
70771 65961
70767 65966
70746 65977
70742 66003
70738 66019
70706 66057
70701 66081
70666 66098
70649 66102
70633 66155
70593 66170
70583 66172
70575 66202
70554 66218
70524 66237
70514 66260
70491 66294
70458 66323
70420 66355
70412 66357
70399 66371
70385 66407
70365 66413
70342 66418
70339 66444
70326 66510
70278 66518
70275 66537
70237 66593
70185 66633
70162 66644
70149 66656
70142 66709
70098 66729
70075 66751
70058 66794
70026 66806
70005 66828
70000 66848
69956 66868
69937 66889
69933 66890
69920 66922
69898 66923
69877 66928
69867 66951
69866 67009
69813 67023
69807 67035
69775 67047
69767 67057
69765 67075
69736 67081
69733 67087
69724 67148
69672 67188
69629 67194
69619 67212
69614 67219
69593 67319
69527 67339
69517 67341
69478 67382
69451 67458
69388 67498
69349 67508
69336 67521
69301 67523
69295 67538
69292 67553
69279 67576
69253 67578
69247 67604
69246 67637
69184 67644
69178 67678
69157 67720
69151 67754
69101 67774
69088 67794
69081 67822
69031 67839
68992 67849
68979 67896
68946 67933
68884 67940
68876 68001
68837 68035
68817 68055
68785 68065
68777 68077
68742 68079
68735 68086
68728 68110
68725 68122
68692 68123
68685 68158
68676 68167
68675 68194
68664 68206
68632 68214
68627 68215
68612 68234
68576 68236
68573 68244
68572 68256
68560 68257
68550 68262
68543 68297
68537 68331
68495 68333
68483 68339
68471 68346
68470 68373
68434 68375
68431 68384
68428 68406
68382 68429
68381 68456
68376 68463
68353 68472
68326 68483
68310 68492
68290 68512
68266 68519
68261 68526
68256 68548
68229 68554
68227 68574
68201 68595
68188 68609
68171 68642
68155 68646
68148 68651
68134 68654
68114 68687
68098 68725
68072 68727
68059 68734
68046 68748
67999 68750
67983 68788
67972 68820
67956 68864
67900 68877
67869 68894
67841 68927
67820 68935
67811 68960
67785 69034
67746 69044
67683 69084
67658 69094
67656 69160
67578 69183
67541 69223
67497 69241
67463 69246
67452 69306
67424 69317
67390 69324
67376 69327
67364 69356
67335 69400
67292 69420
67279 69438
67261 69450
67248 69463
67210 69474
67188 69476
67187 69484
67181 69518
67134 69524
67133 69546
67130 69579
67076 69586
67058 69603
67055 69627
67032 69637
67026 69671
66976 69697
66960 69723
66911 69734
66903 69756
66899 69769
66887 69780
66845 69786
66832 69790
66822 69817
66821 69850
66764 69865
66762 69867
66756 69869
66750 69903
66742 69906
66732 69933
66660 70019
66605 70031
66582 70042
66545 70082
66495 70084
66467 70105
66456 70165
66436 70184
66351 70198
66346 70300
66243 70303
66231 70363
66154 70386
66142 70446
66082 70472
66051 70484
66001 70486
65999 70493
65973 70507
65967 70535
65928 70557
65924 70558
65892 70571
65877 70581
65872 70591
65865 70602
65847 70605
65838 70673
65770 70676
65748 70678
65740 70700
65704 70713
65688 70717
65677 70740
65676 70752
65658 70794
65634 70819
65615 70829
65565 70831
65543 70857
65535 70879
65488 70927
65473 70937
65454 70940
65446 70962
65394 70966
65361 70977
65355 71000
65331 71025
65308 71048
65289 71063
65230 71071
65221 71092
65177 71096
65170 71131
65162 71152
65114 71165
65110 71170
65094 71172
65080 71247
64980 71268
64965 71310
64933 71316
64901 71328
64876 71393
64785 71431
64777 71453
64730 71501
64662 71516
64613 71524
64611 71528
64599 71549
64587 71609
64484 71612
64482 71637
64432 71639
64410 71699
64348 71729
64322 71744
64321 71756
64292 71768
64242 71795
64221 71809
64196 71855
64143 71880
64107 71905
64088 71914
64035 71922
64007 71943
63997 71952
63989 71974
63940 71985
63939 72001
63893 72061
63804 72080
63786 72124
63755 72145
63705 72147
63694 72158
63677 72168
63675 72173
63628 72196
63626 72207
63622 72220
63560 72250
63522 72251
63521 72259
63501 72293
63451 72300
63440 72306
63433 72330
63410 72331
63381 72342
63360 72354
63357 72355
63355 72401
63319 72426
63236 72428
63232 72429
63228 72433
63215 72436
63206 72445
63202 72449
63186 72455
63177 72460
63168 72465
63152 72506
63103 72541
63054 72561
63035 72599
62998 72645
62874 72666
62843 72678
62839 72691
62837 72712
62777 72721
62770 72734
62733 72780
62650 72801
62604 72839
62572 72847
62536 72897
62445 72904
62385 72936
62370 72942
62339 72974
62308 72994
62271 73032
62197 73055
62120 73063
62117 73076
62098 73092
62059 73120
62006 73159
61994 73160
61941 73164
61928 73167
61896 73179
61891 73209
61858 73250
61745 73272
61741 73294
61676 73299
61663 73302
61655 73355
61593 73385
61554 73389
61494 73422
61475 73445
61384 73464
61349 73472
61305 73482
61284 73485
61281 73487
61268 73516
61248 73520
61230 73547
61222 73568
61134 73575
61130 73580
61103 73585
61099 73615
61081 73670
61020 73671
60978 73693
60964 73694
60922 73716
60885 73750
60843 73772
60767 73794
60725 73816
60688 73850
60646 73872
60632 73873
60502 73902
60467 73942
60400 73944
60388 73998
60251 74005
60249 74025
60241 74026
60240 74029
60146 74048
60135 74121
60056 74177
59804 74181
59786 74182
59784 74225
59771 74244
59720 74250
59676 74273
59657 74283
59626 74301
59610 74311
59470 74312
59464 74335
59419 74360
59377 74382
59296 74398
59284 74402
59277 74427
59258 74442
59167 74453
59148 74463
59103 74513
58985 74525
58972 74536
58877 74573
58818 74579
58799 74589
58731 74598
58704 74619
58691 74620
58644 74665
58625 74675
58462 74702
58377 74707
58330 74752
58245 74771
58184 74777
58165 74787
58066 74789
58063 74808
58011 74817
57958 74837
57931 74858
57870 74864
57837 74903
57612 74909
57603 74920
57588 74942
57518 74954
57484 74959
57471 74970
57444 74981
57353 74982
57350 74983
57307 75014
57182 75027
57164 75038
57108 75054
57057 75058
56988 75065
56933 75066
56917 75100
56756 75105
56750 75108
56738 75109
56703 75112
56671 75123
56652 75138
56634 75149
56581 75173
56515 75176
56511 75177
56482 75181
56426 75187
56392 75208
56298 75210
56243 75224
56180 75236
56175 75250
56114 75259
56090 75260
56011 75267
55993 75314
55809 75316
55803 75320
55778 75332
55675 75340
55614 75345
55596 75396
55406 75402
55388 75405
55281 75431
55191 75455
55007 75457
54996 75464
54991 75487
54879 75527
54794 75537
54332 75558
54260 75570
53980 75582
53953 75589
53823 75615
53660 75625
53634 75640
53287 75641
53034 75642
52988 75665
52967 75684
52346 75697
