50 2
18352
739 255 217
569 352 808
568 481 231
570 683 366
713 116 459
653 380 321
852 742 653
712 888 343
781 1000 109
791 475 173
701 577 175
633 390 562
865 811 934
633 956 413
896 551 592
902 908 547
790 214 927
866 186 98
595 78 814
766 894 815
634 512 974
561 246 242
661 411 206
909 620 632
809 88 892
743 664 111
599 997 876
777 33 856
565 21 127
857 974 143
910 100 831
794 426 894
590 971 337
569 214 27
560 575 981
807 129 311
809 287 756
845 877 547
882 362 327
594 953 992
874 217 404
909 277 66
850 567 694
570 729 587
804 674 913
640 827 25
812 608 238
847 429 596
637 590 735
691 700 334
75
19510 13881
19376 14206
19328 14537
19248 14726
19194 14862
19141 14924
19107 14926
19085 15051
18953 15078
18884 15101
18882 15114
18857 15134
18829 15176
18826 15241
18791 15445
18764 15569
18691 15740
18505 15759
18475 15925
18432 15930
18384 15996
18361 16152
18288 16323
18025 16481
17942 16529
17841 16619
17743 16776
17661 16847
17654 16874
17601 16936
17588 17018
17402 17072
17351 17086
17312 17128
17255 17142
17229 17176
17154 17232
17113 17264
17056 17278
17030 17423
16875 17665
16689 17719
16676 17801
16441 17812
16435 17819
16396 17863
16355 17864
16343 17925
16242 18015
16089 18025
15988 18115
15829 18142
15708 18177
15700 18200
15676 18447
15441 18458
15388 18532
15153 18543
14945 18557
14940 18581
14901 18610
14868 18731
14673 18735
14637 18774
14486 18810
14344 18970
14056 18999
14018 19015
13896 19019
13730 19044
13608 19048
13539 19064
13251 19093
12941 19101
12411 19139
