50 2
19352
784 324 273
561 291 819
561 546 245
563 701 333
754 132 566
671 425 353
924 702 593
740 894 257
825 1000 30
853 559 188
733 652 175
645 382 583
945 695 893
639 953 280
983 529 577
989 892 429
843 142 941
945 285 149
597 61 878
816 840 719
640 346 968
551 308 302
682 486 232
998 586 601
870 59 930
793 749 105
601 991 692
835 24 922
556 46 261
928 982 75
1000 77 884
847 326 891
586 971 208
561 371 47
548 393 973
870 167 412
870 246 784
914 860 444
965 406 363
601 858 971
955 244 476
1000 408 96
923 519 673
562 703 530
859 552 885
658 908 19
876 662 230
919 411 606
648 532 708
717 723 301
116
19229 10868
19213 11511
19177 11896
19116 12017
19107 12048
19075 12231
19073 12247
19044 12303
19027 12820
18849 12890
18844 12900
18839 12926
18762 13015
18710 13065
18706 13115
18663 13345
18619 13458
18602 13466
18584 13485
18523 13606
18429 13723
18352 13913
18255 13983
18240 14131
18179 14252
18072 14256
18013 14309
17996 14332
17956 14337
17903 14426
17859 14509
17777 14729
17716 14850
17609 14854
17552 14967
17436 15048
17339 15118
17321 15163
17211 15196
17208 15255
17193 15408
17089 15565
16919 15640
16858 15761
16711 15865
16606 15899
16565 15931
16560 15971
16434 15996
16405 16037
16373 16117
16350 16166
16335 16319
16148 16465
15972 16467
15911 16472
15880 16519
15875 16576
15807 16629
15699 16641
15692 16656
15691 16670
15653 16714
15645 16742
15630 16791
15619 16871
15458 16888
15397 17009
15206 17050
15181 17140
15041 17228
15008 17281
14841 17323
14831 17333
14821 17427
14803 17441
14702 17453
14666 17509
14656 17605
14365 17618
14360 17681
14350 17777
14175 17782
14149 17819
14065 17870
14006 17882
13996 17898
13901 17939
13841 18060
13690 18070
13588 18086
13575 18097
13543 18112
13452 18127
13404 18141
13392 18222
13269 18269
13250 18325
13181 18353
13079 18369
12943 18410
12801 18487
12630 18531
12507 18578
12332 18583
12216 18591
12102 18604
12082 18615
11967 18625
11919 18634
11844 18672
11669 18677
11624 18710
11547 18758
11429 18787
11098 18920
