20 3
1253
2 250 83 59
52 131 120 8
36 174 253 148
165 200 153 231
26 31 86 172
25 186 36 25
221 247 34 21
50 31 240 52
114 155 110 297
119 62 138 154
68 223 134 233
123 119 296 281
150 82 285 7
101 21 163 22
268 196 175 150
59 247 201 5
234 144 135 53
205 272 40 273
195 173 39 151
292 35 132 274
32
1683 1785 2182
1912 2298 1694
2039 1989 1966
2122 2200 1813
1738 1701 2199
1751 1996 1978
2317 1831 1760
1838 1581 2155
2297 1684 1907
2035 2270 1725
1901 2274 1797
2210 2056 1735
2320 1529 1675
2217 1951 1804
2297 1838 1787
2163 2175 1945
2105 1970 1948
1865 2145 1961
2287 1949 1827
1747 2277 1737
1954 1662 2152
1937 2137 1962
2169 2081 1603
1953 2363 1547
2254 1929 2089
2056 2224 1650
1897 1771 2098
2053 2218 1959
2102 2053 1960
2243 1990 1770
2046 2335 1690
2213 1954 1957
