20 3
1297
87 48 50 255
29 126 90 114
50 114 134 26
55 232 148 96
258 44 229 172
146 165 15 276
167 272 63 61
104 95 231 190
142 113 277 4
238 199 249 120
13 84 277 67
148 258 162 106
2 224 111 147
221 125 123 220
98 19 280 34
113 44 56 87
288 33 222 227
231 172 47 76
88 157 274 235
115 269 42 116
60
1727 1780 2001
2058 2311 1476
1668 2271 1777
2062 1910 1829
2007 2318 1368
1834 2186 1812
2214 2076 1588
1846 2144 1886
1702 2004 1948
1985 2212 1592
1804 2228 1857
1827 1752 1994
2010 2172 1557
2201 1930 1780
1691 1997 2003
1982 2381 1597
1794 2406 1614
2169 1720 1909
2055 2290 1531
1857 2024 1896
1989 2206 1760
1903 2124 1772
1654 2455 1366
1889 2263 1638
2099 1642 1970
1591 1759 2020
1824 2036 1889
2234 1947 1658
2243 1846 1809
1499 2435 1418
1869 2277 1678
2176 2154 1727
1701 2259 1784
2308 2073 1558
1639 2386 1666
1834 2298 1670
1816 1745 2049
1908 2255 1697
2067 2041 1754
1960 1993 1969
2191 2108 1537
2148 1992 1817
1477 2018 1919
2261 1892 1623
2096 2254 1545
1889 2234 1767
1546 2239 1836
1679 2278 1722
2232 2122 1402
2084 2060 1752
2096 1906 1968
2044 2168 1696
2162 2338 1316
1665 2462 1311
2034 2119 1869
1466 2011 1974
1587 2422 1452
2239 1852 1641
1977 2250 1672
2172 2160 1559
