30 3
2224
202 165 140 4
254 90 45 89
174 254 71 18
186 103 192 107
65 87 201 24
200 274 291 274
254 166 174 114
216 34 12 118
32 283 253 285
74 297 207 80
84 277 97 269
81 122 209 145
208 110 1 240
84 291 215 38
289 221 283 205
87 295 156 118
111 109 104 184
239 11 263 23
120 193 292 200
15 201 177 55
11 10 295 94
2 43 263 290
263 247 29 50
75 184 168 185
292 104 70 64
114 165 87 233
58 79 266 204
112 275 92 122
285 87 48 119
261 143 109 224
37
3521 4198 3016
3368 4064 3241
4017 3787 2986
3928 4059 3134
3784 3989 3356
3826 3636 3463
3411 4193 3127
3395 4070 3211
3737 3705 3449
3795 3746 3389
3560 4028 3252
3552 3938 3394
3653 4044 3217
3653 3861 3470
3607 4077 3158
3543 4039 3328
3388 4128 3237
3487 3866 3454
3873 3920 3370
3575 4003 3284
3955 3839 3089
3709 4027 3266
3941 3761 3113
3962 3648 3222
3774 4182 3153
3964 3826 3003
3930 3556 3289
3659 3766 3469
3797 3931 3248
3698 3822 3442
3858 3728 3396
3675 3757 3552
3935 3868 3267
3804 3740 3381
3985 3695 3053
3706 3815 3375
3554 4116 3175
