30 3
2215
87 48 50 255
29 126 90 114
50 114 134 26
55 232 148 96
258 44 229 172
146 165 15 276
167 272 63 61
104 95 231 190
142 113 277 4
238 199 249 120
13 84 277 67
148 258 162 106
2 224 111 147
221 125 123 220
98 19 280 34
113 44 56 87
288 33 222 227
231 172 47 76
88 157 274 235
115 269 42 116
26 284 95 246
241 51 167 171
69 279 204 181
156 92 100 144
256 23 203 20
194 83 95 281
239 202 49 54
171 222 2 196
206 96 274 148
278 141 19 47
195
3415 2693 2943
3085 2984 3082
3073 2935 3114
2975 3321 2840
2671 3362 2869
3498 2517 2710
2672 3403 2786
2742 2994 3136
3424 2671 2945
2677 3466 2400
3224 2439 3215
2500 3524 2428
3415 2846 2827
2909 3344 2707
3412 2893 3009
3089 3307 2624
3393 2698 3024
3385 3112 2540
2922 3286 2956
3199 2663 3162
2757 3444 2765
3355 3110 2562
2662 3422 2788
2838 3338 2813
3003 2737 3193
3170 2814 3090
2878 2989 3147
3308 3186 2706
2827 2983 3196
2775 3389 2709
2682 3225 3029
2842 3385 2705
2344 3008 3146
3192 2725 3163
2541 3463 2599
2734 3311 2973
3457 2874 2766
2706 2834 3226
2912 2972 3139
2540 2899 3199
2510 3070 3108
3324 3131 2452
2766 3449 2628
3559 2570 2455
3237 2785 3089
2665 2520 3310
3078 2805 3164
3049 3346 2549
3244 2770 3139
3419 2445 3020
3276 2980 3010
2901 3359 2593
3221 3017 3063
2655 2993 3141
3482 2650 2819
2927 2578 3277
3269 2546 3192
2532 3458 2736
2768 3097 3060
3170 3305 2738
3060 2775 3171
3372 2521 3164
3515 2520 2566
2902 2802 3224
3081 3322 2510
3173 3249 2569
3022 2932 3161
2802 2830 3231
2682 3098 3094
3304 3192 2538
2745 3318 2918
3121 2505 3211
2988 3275 2957
2990 3280 2821
3202 2895 3078
3120 3244 2873
2666 2809 3250
2941 2542 3294
2837 3245 2977
3217 2501 3216
2746 3037 3112
2649 3502 2249
2896 3351 2680
2420 3167 3062
2677 2689 3260
2933 3293 2901
2778 3410 2654
2872 2817 3196
2975 2830 3192
3234 3230 2657
2801 3085 3067
2764 3382 2764
3449 2447 2998
2586 3229 3024
2942 3418 2377
3307 3145 2789
3242 3194 2923
2890 3352 2648
2817 3417 2648
3269 2995 2960
3192 3133 3058
3512 2646 2599
2568 3249 3011
3347 2745 3111
3026 3071 3096
3298 2565 3115
2456 3474 2539
3062 3231 3006
3012 2715 3195
2576 3059 3109
3092 2360 3245
3379 2955 2982
3485 2338 2843
3381 3101 2838
3424 3031 2526
3049 2956 3092
3123 2912 3141
3071 3356 2482
3385 2700 3031
3338 2767 3109
2997 2656 3216
3305 2829 3082
3082 3363 2427
3375 2321 3098
3428 3025 2694
2946 3412 2545
3163 2876 3091
2831 2582 3272
2986 2649 3271
3008 3407 2378
2993 3083 3089
3318 3008 2949
3436 2697 2906
2946 2970 3169
2661 3396 2841
2670 3468 2138
2838 2990 3141
2763 3289 2928
2979 2664 3221
3152 2869 3146
3470 2624 2858
2679 3341 2785
2968 2892 3193
3318 2896 3039
3044 3051 3109
3266 2851 3063
2907 3211 3058
3440 2622 2880
3169 3279 2791
3212 3265 2479
2964 3357 2489
3287 3028 2923
3089 2624 3243
3445 2848 2805
3414 2540 3037
3384 2901 2772
3177 3243 2737
3328 3125 2620
3458 3027 2672
2569 2994 3175
2854 2916 3175
2905 2755 3223
3437 2850 2812
2914 3149 3057
2893 3395 2647
2598 3447 2737
2967 3147 3029
2953 3350 2544
3111 2743 3191
3119 3218 2926
2436 3114 3059
2946 2726 3194
2762 3455 2460
3179 3248 2601
2909 2740 3223
2789 3453 2497
3057 2822 3172
3269 2587 3160
3377 3107 2670
2574 3480 2477
3144 2754 3154
3350 2545 3045
2860 3378 2769
2854 3043 3110
3487 2876 2744
2684 2842 3213
3300 3207 2790
2735 3056 3137
3527 2366 2782
3339 3073 2899
2953 2711 3244
3174 2692 3200
3503 2384 2657
2809 2768 3230
3040 3341 2686
