35 3
2930
57 93 137 66
177 222 221 264
73 53 73 193
249 178 156 116
229 32 146 297
206 6 131 223
282 264 149 136
136 49 82 192
141 219 257 151
273 11 115 46
196 20 71 145
197 226 261 126
90 239 123 129
77 87 52 59
183 34 27 19
82 109 43 56
160 132 206 133
275 21 11 171
173 81 16 70
139 109 29 61
181 283 189 257
70 74 149 85
239 175 235 21
116 277 208 275
242 246 240 217
100 250 88 272
163 235 42 2
177 202 63 190
186 84 279 88
289 128 173 228
136 240 82 251
51 289 60 292
236 132 42 168
83 261 140 245
196 14 80 205
151
3936 3187 3508
3786 3281 3488
4047 3092 3620
3600 3118 3924
3914 3296 3373
4028 3176 3601
3546 3334 3708
3750 3147 3815
4085 3048 3492
3939 3262 3486
3642 2890 4064
3711 2993 3978
3539 3221 3892
3993 2979 3705
4052 3055 3533
3426 3351 3509
3725 2992 3921
3746 3190 3874
3982 3062 3653
4128 3091 3375
3597 3320 3700
3453 3228 3872
4131 3012 3470
3919 3217 3623
3534 2932 4060
4107 3039 3489
3706 2929 4016
4073 2901 3632
3620 2899 4067
3632 3310 3646
3191 3064 4063
3882 2849 3862
3698 2980 4034
3411 3194 3966
3481 3051 4023
3768 3286 3554
3736 3298 3600
3682 3310 3616
4159 2894 3652
3893 3236 3539
4077 3105 3367
3882 3166 3782
3450 3307 3777
3825 3212 3715
3690 3098 3950
3833 3187 3674
4058 3234 3318
3461 3341 3455
3817 3017 3866
3734 2893 3925
3889 3279 3598
3585 2918 4068
3309 2848 4165
3948 3275 3239
3985 3002 3651
3847 2969 3886
3969 2842 3759
3736 3212 3898
3322 2751 4139
3743 3330 3519
3912 3280 3434
3468 3052 4074
3676 2991 3991
4046 2832 3686
3789 3261 3666
3373 2737 4147
3657 3005 3994
3310 2789 4138
3756 3329 3468
3529 2882 4093
3448 3342 3506
3333 3046 4101
3947 2851 3762
3516 2979 4119
3934 3271 3431
3922 3138 3718
3599 3081 3976
4081 3071 3486
3972 2782 3757
3712 3089 3947
3529 2978 4068
3756 2884 3922
4025 3255 3506
3344 2742 4136
4061 3155 3413
4120 3172 3256
3985 2685 3731
3776 3128 3899
3766 3270 3615
3403 3245 3984
3446 3061 4077
3939 3108 3603
3586 3178 4002
4070 2980 3537
3564 3187 4005
3594 3127 3984
3947 2953 3758
3556 2923 4057
4064 3202 3393
4033 2929 3696
3799 3042 3841
4003 2943 3686
3515 3061 4011
3977 2893 3737
3793 3252 3667
4098 3181 3259
3915 3227 3536
3982 2847 3729
4025 3101 3623
3441 3070 4049
3812 2967 3899
3778 3320 3465
4179 2939 3515
3804 3018 3917
3869 2946 3888
4085 3062 3487
3737 2927 3921
3521 3029 4086
4176 3018 3420
3753 2750 3928
3755 3282 3800
3622 3332 3670
3847 2955 3891
3415 3305 3790
3733 2970 3980
3398 3195 4017
3902 3141 3840
3793 3238 3672
3746 3295 3557
3796 3173 3762
3376 3204 4020
3599 3177 3951
3519 3293 3744
3962 3088 3709
3855 3178 3671
3969 2944 3755
3768 3185 3774
3252 3092 4022
4085 2898 3522
3656 3311 3536
4060 2995 3594
3733 3291 3803
3494 2988 4122
3580 3196 3932
3892 3305 3376
3943 2996 3817
3607 3030 3958
3950 2791 3760
3711 2979 3983
3990 2796 3711
3815 3229 3669
