35 3
2454
59 207 296 69
110 158 11 55
99 199 205 47
203 67 70 53
78 192 193 279
153 245 60 114
217 288 140 248
91 176 113 149
215 241 217 26
99 60 80 30
259 285 76 294
52 145 179 261
169 72 240 22
149 1 135 66
121 107 15 44
115 127 192 31
200 242 56 298
2 267 160 93
252 235 219 136
212 98 229 81
169 170 102 19
3 69 216 255
176 230 298 123
189 23 153 89
264 41 219 99
9 79 191 93
146 111 62 58
41 290 138 43
160 239 193 294
9 109 249 17
40 247 139 61
270 125 150 67
165 201 165 6
113 57 99 258
299 292 149 40
171
3767 3981 2976
3958 4006 2786
4184 3652 3299
4015 3998 2835
3592 4033 3013
3702 3960 3005
4239 3800 2955
3965 3788 3174
4085 3882 3002
3403 4218 2556
4158 3663 3240
4329 3486 3151
4344 3518 3128
4085 4004 2644
4278 3790 2721
3617 4222 2260
4126 3895 2936
3504 4219 2499
4199 3856 2728
4406 3589 2875
3842 3864 3079
3885 3588 3317
3828 4151 2622
4296 3803 2470
4039 4085 2408
3979 3946 3006
4114 4043 2503
4309 3783 2720
3988 4030 2769
3995 3515 3309
3842 3796 3226
4157 3958 2923
4240 3395 3264
3819 4063 2816
4114 3768 3132
4133 3993 2710
3983 3917 3042
4020 3968 2868
3922 3602 3302
4160 3939 2695
3987 3910 2997
4093 3844 3034
4250 3852 2861
3838 3825 3190
3939 4012 2883
4255 3820 2920
4071 3428 3311
3967 4047 2756
4060 3732 3215
4370 3625 2841
4132 3857 2986
3879 4133 2650
3304 4221 2572
4176 3941 2466
4320 3768 2683
4037 3894 2947
3792 4063 2953
4356 3605 2925
3798 4061 2843
3735 4021 2958
4092 3719 3164
3628 4153 2695
3793 3842 3107
3745 4140 2731
3694 3998 2973
4015 3740 3203
3651 3978 2977
4340 3712 2752
4064 3827 3136
3822 3800 3229
3886 3815 3219
4207 3815 3081
4005 3972 2906
3642 3890 3171
4063 3988 2864
3837 3986 2918
4049 3949 2926
4033 3774 3200
4141 3828 2950
4210 3759 3012
3594 3968 2995
3938 4173 2611
4017 3830 3097
4023 3960 2867
4183 3850 2868
3738 4143 2671
4130 3712 3235
4188 3818 2927
3874 3270 3325
4134 3832 2982
4330 3621 3016
3568 4068 2800
4258 3870 2720
4185 3814 3111
4158 3728 3148
3919 3899 3072
3701 4121 2733
4001 3787 3251
4014 3970 2978
4087 3883 2985
4101 3994 2731
4016 4112 2478
3982 4068 2719
4390 3459 2902
4212 3905 2500
4229 3709 3219
3450 4141 2778
3986 3885 3018
3967 3973 2939
4031 3901 2958
3769 4206 2658
4111 3714 3243
4057 4003 2770
3977 3956 2993
4140 3666 3239
3545 4110 2791
4356 3732 2717
4197 3485 3276
3866 3978 2960
4042 3826 3166
3701 3835 3135
4289 3730 2724
3771 4141 2640
4016 3837 3107
3581 4230 2473
4096 3771 3131
4058 4035 2615
3794 4205 2453
3935 4051 2898
3447 4209 2517
3785 3878 3116
4313 3695 2937
4271 3458 3251
3869 4042 2914
3591 4194 2741
4139 3967 2444
4063 4047 2492
3941 4154 2383
4308 3727 2878
4286 3749 2952
3820 3902 3088
4255 3686 2965
4059 3893 2943
4305 3677 3078
3836 3958 3061
4086 3721 3274
4327 3640 3244
3916 3977 2928
3989 3869 3041
4089 3399 3320
3862 3984 2961
4211 3921 2723
4082 4000 2828
4232 3694 2979
4157 3824 2968
4109 3576 3307
4166 3819 2931
3990 4005 2765
4243 3729 2956
3965 3883 3045
4013 4131 2706
3652 4208 2498
3835 4119 2789
3993 3999 2839
3942 4003 2828
3964 4044 2773
4042 3862 3006
4108 3871 2990
4186 3928 2754
4341 3551 3024
4166 3864 2904
