45 3
2973
59 207 296 69
110 158 11 55
99 199 205 47
203 67 70 53
78 192 193 279
153 245 60 114
217 288 140 248
91 176 113 149
215 241 217 26
99 60 80 30
259 285 76 294
52 145 179 261
169 72 240 22
149 1 135 66
121 107 15 44
115 127 192 31
200 242 56 298
2 267 160 93
252 235 219 136
212 98 229 81
169 170 102 19
3 69 216 255
176 230 298 123
189 23 153 89
264 41 219 99
9 79 191 93
146 111 62 58
41 290 138 43
160 239 193 294
9 109 249 17
40 247 139 61
270 125 150 67
165 201 165 6
113 57 99 258
299 292 149 40
282 286 82 275
59 274 102 199
84 52 215 255
131 186 16 233
11 297 1 176
32 165 14 276
54 244 234 185
236 215 225 52
35 139 27 93
114 260 291 30
334
5514 4747 4576
5694 4404 4830
5684 4633 4618
5013 5249 3753
5415 4961 4290
5699 4900 4275
5776 4758 4424
5664 4569 4768
5754 4864 4286
5699 4748 4465
5584 4873 4386
5389 4969 4316
5384 4881 4423
5301 5061 4194
5228 5146 3998
5747 4612 4682
5360 5114 4131
5880 4393 4715
5692 4781 4435
5757 4700 4555
5817 4884 3943
5885 4373 4776
5719 5022 3946
5797 4831 4070
5986 4285 4573
5677 4632 4662
5659 4726 4613
5746 4968 3931
5892 4819 3994
5717 4618 4674
5906 4689 4083
5603 4938 4332
5955 4466 4549
5535 5079 3974
5650 4674 4647
5728 4495 4801
5547 4997 4184
5555 5077 3978
5935 4174 4823
6012 4277 4547
5703 4621 4721
5662 3988 4926
5827 4621 4563
5344 4070 4924
5756 4448 4792
5904 4355 4799
5776 4569 4668
5311 4898 4420
5532 4957 4261
5590 4365 4888
5961 4418 4575
5815 4264 4912
5472 4497 4805
5135 5203 3855
5695 5035 3652
5527 5183 3619
5874 4689 4449
6005 4267 4596
5605 4930 4216
5558 4955 4229
5358 5216 3666
5311 5152 3930
5536 4799 4519
5600 4817 4489
5425 5156 3902
5709 4619 4611
5674 4911 4226
5926 4683 4167
5501 5091 4134
5677 4761 4440
5603 4057 4945
5309 5246 3612
5872 4720 4367
5678 4638 4643
5855 4776 4083
5259 4790 4618
5846 4609 4666
5411 4863 4454
5882 4832 3706
5377 5166 3873
5775 4430 4815
5067 5041 4225
5658 4574 4793
5552 4061 4934
5525 4922 4392
5060 5172 3975
5268 4878 4424
5981 4458 4523
5438 4808 4516
5617 4451 4851
5350 5198 3807
5558 4881 4412
5849 4588 4512
6007 4359 4349
5602 5141 3714
5644 5064 3851
5916 4650 4252
5973 4505 4372
5954 4512 4538
5905 4609 4391
5582 4752 4510
5608 4738 4570
5808 4827 4086
5922 4577 4525
5510 4807 4545
5357 5170 3876
5436 4963 4263
5900 4715 4349
5459 5111 4115
5609 4487 4860
6023 4489 4322
5738 4950 4072
5634 4743 4535
5455 5071 4150
5596 4846 4453
5009 5243 3789
5896 4585 4551
5548 4836 4456
5903 4764 4138
5873 4292 4812
5262 5194 3841
5801 4552 4746
5873 4550 4596
5632 4640 4650
5791 4907 4197
5062 5162 3988
5455 4725 4637
5911 4365 4750
5282 5188 3925
5314 5030 4181
5236 5168 3941
5658 5028 3754
5335 5233 3795
5751 4726 4515
5775 4628 4595
5418 5057 4165
6037 4397 4165
5657 4924 4176
5946 4386 4598
5827 4659 4459
5717 4803 4409
5632 4931 4207
5937 4668 4130
5826 4615 4582
5973 4632 4164
5082 5158 3985
5554 4798 4506
5862 4213 4909
5924 4546 4607
5546 5133 3826
5589 4875 4371
5280 5027 4209
5659 4762 4453
5904 4111 4836
5613 4706 4629
5356 5222 3659
5833 4798 4157
5521 4584 4738
5798 4723 4554
5787 4499 4777
5404 5009 4239
5828 4821 4170
6028 4373 4325
5974 4204 4609
5728 4614 4690
5651 4928 4361
5318 5021 4180
5650 4801 4416
5658 4763 4448
5352 4921 4405
5657 4735 4521
5214 5182 3931
5582 4783 4492
5610 5037 4069
5318 4735 4582
5803 4828 4201
5621 5091 3921
5987 4525 4288
4846 5287 3396
5774 4070 4920
5485 4130 4923
6036 4391 4184
5478 5103 3976
5604 4810 4444
5537 4805 4500
5748 4866 4396
5926 4633 4306
5445 5150 3986
5757 4566 4686
5830 4794 4341
5683 4950 4076
5693 4787 4416
5682 4733 4564
5545 4986 4242
5946 4801 3918
5630 5031 4153
5914 4681 4170
5209 4933 4460
5947 4640 4190
5647 5045 3623
5750 5008 3896
5775 4563 4687
5594 4856 4440
4989 5247 3792
5802 4855 3971
5997 4497 4348
5281 5065 4197
5479 4884 4408
5439 4700 4676
4691 5294 3085
5713 4913 4109
5727 4618 4598
5199 5154 3956
5084 5216 3868
5826 4426 4826
5631 4870 4425
5503 4715 4666
5881 4765 4142
5688 4959 3959
5731 4668 4579
5633 4737 4554
5431 5180 3754
5594 5123 3855
5635 4736 4525
5162 5010 4238
5503 5102 4076
5825 4721 4509
5615 4956 4211
5815 4738 4455
5402 4778 4563
5925 4627 4325
5875 4770 4167
5924 4288 4823
5849 4778 4193
5562 5047 4040
5313 5191 3909
5308 4864 4436
5653 4795 4490
5800 4865 4054
5865 4248 4862
5930 4595 4384
5904 4655 4380
5283 5027 4197
5262 4978 4330
5756 4694 4574
5551 4948 4292
5904 4603 4410
5453 4858 4508
5618 4687 4698
5677 4978 3961
5767 4660 4567
5710 4744 4481
5824 4715 4528
5672 4750 4510
5772 4957 3990
5557 5116 3957
5816 4819 4173
5846 4728 4393
5234 5178 3928
5671 4948 4079
5604 5039 4179
5690 4561 4742
5388 5130 4044
5880 4651 4499
5639 4452 4821
5944 4540 4691
5446 4989 4258
5589 4977 4203
5555 5073 4058
5955 4351 4810
5780 4853 4345
4626 5297 3194
5668 5026 3935
5697 4396 4829
5859 4856 3953
5947 4521 4463
6087 4254 4323
5713 3984 4937
5701 4943 4174
5115 5207 3858
5701 4869 4357
5774 4858 4370
5831 4394 4885
5672 4954 4060
5454 5153 3684
5877 4657 4425
6024 4495 4303
5698 4742 4484
5504 4941 4348
5468 5143 3658
5725 4771 4437
5056 5166 4011
5681 4727 4583
5208 5094 4188
5683 4627 4637
5705 4337 4920
5903 4649 4399
5275 5069 4220
5953 4638 4080
5488 5000 4244
5680 4888 4311
5430 5001 4213
5211 4868 4442
5414 5180 3858
5867 4752 4308
5958 4332 4582
5459 4696 4673
5672 4992 3956
5708 4620 4606
5848 4939 3921
5749 4757 4433
5660 4978 4065
5957 4612 4199
5974 4462 4393
5704 4783 4432
5679 4408 4868
5857 4420 4785
5209 5273 3729
5486 4942 4361
6028 4432 3953
5572 4238 4921
5713 4671 4578
4946 5281 3241
5581 4944 4220
5923 4583 4506
5362 5040 4178
5407 5003 4313
6017 4161 4550
5306 5019 4183
5409 4963 4400
5460 4950 4387
5375 5216 3562
5931 4601 4365
5347 5014 4185
