45 3
3346
87 48 50 255
29 126 90 114
50 114 134 26
55 232 148 96
258 44 229 172
146 165 15 276
167 272 63 61
104 95 231 190
142 113 277 4
238 199 249 120
13 84 277 67
148 258 162 106
2 224 111 147
221 125 123 220
98 19 280 34
113 44 56 87
288 33 222 227
231 172 47 76
88 157 274 235
115 269 42 116
26 284 95 246
241 51 167 171
69 279 204 181
156 92 100 144
256 23 203 20
194 83 95 281
239 202 49 54
171 222 2 196
206 96 274 148
278 141 19 47
253 56 60 109
147 160 85 104
182 288 123 76
71 51 189 142
85 237 195 88
160 29 283 198
124 90 178 103
64 197 281 17
85 42 257 231
201 174 167 83
162 123 290 65
6 179 206 90
248 233 177 240
261 292 271 218
214 149 153 277
559
4862 5059 4401
5039 5285 3832
4694 4591 4658
4896 5501 3837
3960 4318 4813
4575 5370 4275
4696 4858 4572
4733 5406 4185
4767 4756 4641
4854 5401 4064
4808 5247 4299
4476 5640 4118
4084 4779 4720
4168 5732 3893
4285 5616 4167
4919 4757 4468
5101 5083 3849
4790 5323 4204
5178 4835 3919
4707 5194 4368
5292 4383 3417
4737 5381 4191
4545 5023 4582
4518 5365 4329
5056 4657 4361
5257 4757 3773
5294 4259 3531
4550 4915 4653
4674 5349 4261
4695 5621 3685
5003 5192 4068
4916 5613 3546
4613 5008 4542
4624 4951 4576
5094 5079 3866
5155 4981 3907
4640 4993 4534
4769 5417 4049
4976 5004 4261
4534 5297 4474
4612 4702 4752
4700 5506 3980
4574 4872 4654
5012 4518 4481
4789 5386 4134
4351 5752 3581
4901 5241 4147
4301 5696 3894
5194 4363 4179
5105 4839 4264
4271 4942 4669
5032 5076 4153
4625 5369 4276
4600 4941 4585
4910 5279 4110
4451 5203 4522
4913 4616 4528
4290 5546 4339
4924 5448 3776
5022 5257 3960
5047 4808 4282
4547 5702 3561
4883 5350 4045
4880 5368 4092
5142 4634 4303
4916 4529 4637
5068 4973 4064
4965 5050 4220
4076 5475 4389
4485 5645 3981
4360 4801 4704
4806 4892 4529
4513 4990 4621
5018 4959 4210
4209 5763 3321
5155 4813 4170
4534 5328 4385
4960 5340 3868
4835 4741 4601
5184 4866 3696
4805 5429 4035
4421 5193 4555
4517 5687 3608
4503 5680 3747
4889 5000 4356
5172 4821 4097
4887 4680 4565
4486 5496 4319
4376 5688 3969
4615 5610 3917
5026 4631 4422
4307 5663 4013
4433 5244 4494
4378 5515 4251
4362 5564 4206
5169 4593 4266
4780 5410 4051
5053 4949 4222
4898 4558 4547
4511 5510 4125
4584 5358 4339
5067 4645 4360
5185 4327 4201
4862 4717 4535
4713 4944 4539
4096 5668 4099
4809 5565 3761
4803 5345 4169
4937 5171 4158
3911 5633 4198
4143 4977 4649
4951 5337 3990
4363 4376 4759
4784 5551 3955
5074 4649 4343
5031 4713 4364
3818 5486 4368
4998 5262 3896
5047 5271 3766
4976 5038 4219
4615 4930 4583
4157 5725 3948
4729 5503 4026
4950 4947 4389
4964 5448 3659
4212 4848 4691
4145 4899 4690
4589 5452 4254
5075 4586 4399
4979 5430 3492
4451 4566 4758
4263 5228 4539
4042 5782 3636
3853 5787 3525
4878 4677 4580
4754 4835 4571
4741 5046 4514
4494 5677 3869
4471 4897 4682
5062 4719 4312
5236 4506 4039
4705 4969 4542
4531 5715 3498
4978 5264 4070
5032 4777 4285
4742 5423 4107
4495 5574 4134
5078 4521 4464
4570 5130 4524
4227 4677 4769
4854 4742 4538
4406 5012 4606
4695 5576 3808
5246 4650 3783
4901 4597 4542
4930 5429 3957
4325 5145 4631
5194 4379 4113
4828 5516 3877
5138 5102 3765
4886 4707 4505
4741 5580 3801
4905 4992 4365
5150 4664 4228
4825 4822 4526
4821 4603 4627
5125 5013 3997
4879 5052 4295
4811 4985 4498
4813 5321 4176
4917 5250 4090
5081 4749 4295
4912 5120 4266
4937 4706 4497
4996 4763 4421
4553 4964 4621
4938 5069 4286
5204 4878 3644
4837 5519 3755
4401 5648 4043
4725 5452 4234
5129 4487 4368
4901 5276 4125
4474 5302 4423
4679 5315 4306
5051 5027 4181
5011 4832 4397
4893 4907 4456
4393 4739 4731
4907 5461 3739
4985 5354 3674
4929 5230 4119
4675 5537 4051
4970 5284 3883
5110 4969 4088
4703 5294 4291
4346 5322 4491
5177 4661 4170
4487 4837 4666
4596 5084 4573
4653 4782 4640
4625 5476 4186
4984 4514 4597
4348 5269 4518
4984 5360 3664
4532 4956 4625
4928 5434 3795
4921 5543 3718
4817 5250 4284
5047 4331 4543
4657 4796 4619
4296 5697 3913
4957 5020 4295
4590 5596 4111
3963 5371 4470
5027 5331 3818
4194 5618 4166
5163 4843 4095
5050 5049 4121
5123 4849 4087
4537 5395 4312
4978 4764 4426
4419 5737 3541
5271 4664 3589
5094 4960 4145
4900 5006 4317
4993 4968 4228
4515 5015 4605
4829 4991 4430
4618 5241 4442
4515 5606 3951
5092 5164 3961
5019 4862 4322
4740 5445 4071
4294 4711 4735
4431 5328 4401
4761 5006 4470
4965 5085 4203
4922 4727 4498
4602 5622 3919
4885 4932 4459
4468 5207 4505
4808 4814 4570
5024 4709 4381
4739 5325 4269
5253 4019 3880
4928 4738 4445
4169 5583 4231
5144 5056 3988
4684 4972 4561
4744 5408 4093
5016 4734 4365
4846 5099 4356
5159 4852 3890
5117 5178 3767
5203 4849 3725
4909 4867 4501
4989 5281 3919
4959 4928 4366
4597 4770 4657
5153 5059 3866
5138 4980 3993
4967 5060 4217
5201 4797 3939
4625 5195 4403
5260 4557 3707
4492 5720 3845
5244 4426 3922
5119 4736 4198
5013 4764 4335
4078 5739 3705
4847 4972 4417
4216 5420 4439
4796 5073 4424
5046 4737 4327
4932 5294 3999
5049 4672 4392
4775 5570 3723
4917 5187 4206
4965 4573 4500
4984 4603 4483
4684 5095 4467
5268 4525 3702
4805 5366 4151
5213 4810 3555
4945 4826 4399
4319 4487 4788
4768 5062 4431
4691 5524 4114
4576 5213 4503
5072 4771 4293
4176 5662 4014
5220 4765 3596
3877 5705 4078
4428 5131 4554
4541 4804 4683
4210 5574 4172
4926 4813 4403
5026 4731 4331
4381 5618 4141
4712 5273 4367
4949 5380 3966
4901 5209 4164
4918 4870 4486
5209 4765 3934
4082 5733 3873
3984 5747 3767
5044 4769 4304
4945 5383 3767
5266 4689 3684
5167 4869 3819
4637 5213 4393
4077 4976 4650
4320 5568 4182
5269 4489 3618
5178 5073 3672
5138 4403 4345
5060 4998 4067
4456 5682 3884
4496 5337 4383
4883 5250 4136
4848 4920 4468
5233 4706 4105
5010 4536 4504
5184 4751 4128
4566 5490 4234
4936 5402 3790
4466 5182 4521
4727 5504 4020
4150 4768 4721
4779 5564 3891
4558 5560 4113
4695 4978 4522
4864 5058 4384
4420 5448 4391
4747 5300 4266
4963 5158 4239
4542 5272 4471
5150 4920 3979
4599 5601 3974
3970 5734 3904
4461 4773 4687
5132 4882 4006
4393 5130 4591
5245 4512 3824
4180 5260 4529
5016 4962 4221
4773 4954 4502
4472 5380 4382
4737 5444 4075
5056 4919 4252
4301 5461 4418
4639 4718 4669
5091 4700 4331
4227 4804 4704
5263 4550 3797
5120 5083 3825
4066 5653 4146
5250 4219 3946
5247 4226 3856
4426 4790 4705
5098 4835 4281
4626 4606 4698
4435 5560 4201
4599 5312 4404
4871 5487 4031
4616 5036 4533
4908 5322 4086
4565 4894 4652
5177 4856 3826
4980 5186 4111
5266 4350 3731
5289 4583 3483
5069 5065 4060
4789 5296 4290
5081 5239 4042
4690 4595 4687
4657 5562 4036
4804 4551 4680
5186 4859 3704
4605 5062 4575
4834 5552 3805
4646 5152 4487
5274 4270 3614
5182 4829 4087
4101 5598 4271
5089 5220 3835
5175 4934 3785
5010 4966 4339
4737 4827 4615
4842 5175 4419
4858 4840 4502
5121 4934 4182
4838 4969 4432
4911 5388 3984
5277 4457 3613
4462 5558 4139
4446 5311 4451
4504 5009 4644
4557 5379 4264
4077 5146 4561
5218 4768 3812
4490 5644 3962
4142 5464 4390
4683 5070 4470
4997 4693 4464
4839 5357 4155
4759 5084 4429
4743 5326 4219
4575 5355 4354
4435 5576 4163
4236 4340 4797
4823 5586 3705
5033 4558 4460
4045 5732 3981
5247 4348 3842
4251 5654 4089
4500 5369 4354
5105 5224 3753
4671 5183 4455
4815 4982 4441
4696 5181 4369
4345 4343 4796
4972 5283 3889
3878 5203 4556
5235 4725 3864
5157 4896 3812
4258 4867 4690
4141 5778 3361
4286 5327 4440
4506 5673 3617
4906 4986 4353
4805 4938 4544
4771 5372 4195
4108 5681 4085
5140 4744 4194
5052 5345 3624
4780 5383 4149
4454 5252 4490
5123 4904 4004
4678 5345 4247
4967 5007 4244
4394 5723 3735
4859 5293 4135
4775 4702 4608
4503 5107 4553
4267 5734 3816
5041 5019 4191
4892 5236 4284
4616 5564 4035
4954 4849 4367
4804 5340 4199
4646 5120 4504
4497 5449 4281
4642 5334 4383
4002 5705 4000
5161 4652 4227
5206 4955 3643
4758 5130 4444
5252 4443 3807
4291 5291 4503
4362 4940 4670
4553 5630 3941
5035 4480 4501
4525 5186 4504
4613 4366 4708
4389 5724 3754
4046 5187 4559
4312 5468 4363
5060 5087 4058
5102 5102 3778
3968 5777 3880
4203 5511 4351
4736 5650 3629
4394 5573 4179
5127 4565 4327
4172 5230 4538
4107 5747 3679
4681 5668 3913
4289 5649 4074
4260 5655 4033
4858 5308 4164
4659 5331 4354
4412 5370 4419
4955 4665 4525
4839 5294 4271
4690 5019 4515
4488 5339 4390
4358 5531 4299
4750 5466 4040
4119 5688 4030
4566 5503 4170
4764 5604 3623
4649 5373 4269
4361 4801 4694
4246 5356 4438
4668 5302 4307
4137 5659 4040
4882 5047 4289
4337 5354 4439
4667 4920 4614
4117 5146 4559
5207 4843 3893
4581 5105 4574
4692 4696 4667
5180 4995 3713
5106 4525 4348
4572 4994 4604
4103 5753 3511
5031 5143 4199
4692 5600 3740
4326 5738 3775
4316 4830 4683
4502 5087 4603
4899 5319 4101
3977 4915 4687
4819 4939 4449
5130 4853 4070
5018 4482 4471
4738 4907 4569
4832 5589 3583
4997 5215 4079
4070 5746 3787
5047 5120 4062
4475 5160 4523
4742 4764 4581
4469 5410 4352
4938 5290 3996
4730 4878 4570
4194 4739 4742
4851 5148 4299
4745 5336 4216
5146 4948 3988
4514 5408 4321
4470 5509 4256
4336 5025 4641
4873 5048 4326
4662 4763 4617
5030 4850 4321
4239 5553 4231
5285 4038 3543
5243 4511 3896
4880 4997 4371
5092 4587 4313
5124 4257 4377
5121 4457 4443
4740 5262 4339
4912 5033 4307
4969 5378 3831
4659 5394 4238
4527 4863 4656
4509 5516 4250
4368 5235 4512
4159 4839 4694
4987 4742 4428
4667 5586 3934
4564 4748 4659
5255 4194 3851
4404 5395 4422
