50 3
3680
196 231 168 187
145 93 130 186
288 255 133 17
53 18 286 41
62 11 193 220
86 35 95 4
186 201 146 212
63 5 23 91
236 23 110 213
115 240 231 103
28 64 251 80
213 71 253 274
213 146 28 298
14 122 3 199
155 280 111 50
284 133 141 220
288 83 265 103
155 196 39 16
92 289 95 6
192 180 112 106
159 271 104 172
93 238 203 248
218 14 297 203
278 270 255 266
186 221 202 41
249 73 56 42
194 283 179 87
295 123 192 286
95 128 290 20
67 193 100 284
39 230 20 18
200 275 116 218
29 150 92 110
222 279 283 117
95 162 36 91
118 227 209 212
187 200 231 253
93 32 71 132
94 222 281 126
30 229 45 58
80 136 1 134
115 283 250 43
146 118 133 96
177 42 8 65
74 71 18 167
234 220 131 28
143 244 154 172
173 198 63 252
166 63 219 113
46 169 155 24
994
5430 5154 4461
6185 4452 4331
5396 4704 4877
5139 4680 5003
4634 4469 5124
5927 4582 4558
4761 4712 5000
6026 4905 4187
4750 5217 4560
5210 4809 4858
5999 5005 4184
5309 4298 4999
5189 4830 4863
5030 4806 4917
6237 4604 3891
5955 4945 4238
5266 5120 4607
5633 5253 4103
5131 4153 5120
5875 4946 4323
4779 4839 4937
5433 5253 4251
5346 5183 4473
5904 4926 4349
5972 4559 4494
4787 4971 4896
5721 4959 4475
5466 5205 4328
5392 5139 4478
5512 5324 4106
5779 4352 4770
5247 5034 4706
5624 5050 4406
5720 5119 4234
5594 5160 4286
5281 5357 4210
6152 4580 4174
5187 5216 4512
6192 4545 4152
6027 4875 4169
5614 5075 4531
5608 4907 4607
5441 5364 4076
6067 4797 4270
6210 4455 4241
5565 4471 4903
5828 5060 4190
5398 5076 4586
5985 4822 4444
6083 4736 4257
5495 5326 4004
5257 5077 4684
6177 4779 3944
4632 5396 4216
5759 4894 4545
5554 5119 4361
5398 4405 4963
5251 5277 4392
6077 4953 4074
5027 5349 4283
5230 5303 4309
5386 5142 4462
4889 5307 4445
5823 4844 4490
5807 5205 3974
5554 4962 4606
6059 4826 4317
5664 5000 4505
5781 5170 4017
5355 5168 4522
5325 5343 4242
4211 4537 5099
5856 4743 4555
6242 4506 4019
5665 5011 4445
5047 5151 4624
5134 4488 5033
5852 5055 4194
5973 4970 4227
5694 4726 4692
5735 5061 4319
4995 5278 4448
5798 4841 4580
5687 4687 4703
5466 5281 4147
5803 4992 4350
5982 5059 4034
5217 5144 4635
5424 5316 4158
4879 4989 4821
5122 5233 4545
5352 5276 4295
5721 4684 4674
5264 5150 4598
6157 4839 3987
5773 5143 4121
4890 4906 4877
5266 4739 4918
5616 5011 4486
6233 4672 3930
4439 3894 5234
5838 5126 4088
5257 4603 4937
5778 4899 4507
5404 5260 4329
4210 4035 5222
5354 4430 4990
5227 5297 4388
5625 4996 4535
4525 4497 5122
5701 4194 4786
5476 5401 3943
5974 4291 4592
5068 5146 4622
5193 4625 5004
5064 5050 4763
5295 5403 4085
6089 4233 4443
5203 5208 4491
5098 5266 4417
5555 4956 4608
4571 5379 4245
5712 5242 4024
5569 5244 4204
5565 5180 4269
5659 4895 4601
5661 4690 4791
5494 4624 4851
5746 5048 4303
5357 4757 4842
6110 4060 4423
5389 5139 4493
5516 5086 4490
5534 4978 4611
5673 4929 4590
5748 4967 4465
5478 4667 4847
6010 4829 4343
5774 5115 4189
5052 5054 4722
5214 4988 4781
5112 5190 4567
5959 4920 4245
5517 5107 4479
5539 4977 4619
5013 5179 4582
5560 5013 4568
6026 4507 4538
4831 4910 4896
5038 5003 4780
4690 5351 4365
5852 5094 4075
4464 4299 5208
5935 4920 4313
4600 4723 5053
5838 4931 4416
5954 4093 4608
5700 4903 4588
5362 5275 4326
5895 5098 4004
5024 5325 4411
5068 4729 4967
5193 4646 4957
5745 4606 4699
5165 5062 4695
5337 5227 4424
5596 5149 4356
4927 4828 4934
6270 4493 3769
5716 4940 4560
5495 5225 4275
6203 4520 4207
5174 4172 5060
5339 5136 4537
5682 5220 4049
5146 5408 4116
5166 4861 4827
5461 5250 4267
5467 5192 4383
4884 4439 5083
4906 4898 4852
5579 5167 4263
5511 4781 4727
5546 5105 4415
5429 5177 4400
5527 4983 4617
4530 5061 4787
5609 5215 4119
5795 5078 4170
5671 4717 4745
5340 4668 4914
5739 4189 4817
5611 4992 4571
5358 5371 4020
5664 5021 4458
5777 5008 4343
5607 5218 4146
5900 4682 4555
5750 5110 4220
5311 5399 4117
5819 5004 4290
4598 5134 4733
5315 5188 4465
5744 4741 4653
5800 5063 4220
5908 4987 4260
5620 5073 4427
5145 5247 4470
5957 4604 4533
5025 4226 5084
4957 4359 5083
5900 4931 4323
5457 5249 4279
6064 4423 4446
5785 4938 4496
6255 4405 3811
5359 5124 4551
5441 5157 4426
5556 5272 4137
4560 4518 5096
5503 5288 4144
5681 5188 4152
5973 5023 4072
5090 5203 4548
5918 4255 4629
4682 5021 4818
6263 4400 3948
6065 4933 4149
4863 5168 4670
5187 5339 4308
5725 5066 4315
5326 4676 4892
4924 5361 4314
5796 5109 4164
5700 5024 4408
5580 5282 4022
5141 5047 4712
5061 4690 4978
5467 4637 4875
6168 4470 4238
6155 4859 3994
5252 5198 4504
5320 4684 4919
5254 5262 4392
5017 5465 3955
5817 4878 4529
6175 4563 4059
5644 5207 4101
4594 4264 5167
5407 5179 4422
5581 5096 4421
4659 5149 4707
5848 4671 4655
6024 4903 4212
6084 4829 4227
5949 4853 4387
4958 4745 4944
5755 4947 4510
4791 4882 4917
6039 4770 4488
5451 5131 4462
5761 5007 4347
5416 5361 4166
4750 4901 4901
5926 4830 4460
4942 5085 4742
5134 5008 4723
5287 4222 5039
6099 4848 4048
5694 4911 4578
5016 5135 4722
5773 5116 4157
5621 5152 4266
6138 4758 4237
5125 4872 4842
5904 5031 4231
5775 5113 4130
4836 5466 3988
5557 5223 4252
5529 4959 4696
5934 4917 4335
5091 5164 4571
5255 5194 4549
4657 4872 4931
6192 4717 3676
6230 4511 4070
5755 5057 4301
4911 5452 4076
5027 5331 4332
5447 5136 4436
5159 5263 4448
5165 5320 4342
5120 4975 4791
5273 5159 4596
5342 5196 4455
5385 5159 4508
5663 5129 4296
5188 4953 4824
5410 4755 4819
5444 4819 4807
6012 4970 4107
5214 5248 4467
4871 4708 5001
5060 5256 4499
5340 4474 4976
5404 4666 4917
5019 5286 4414
4889 5203 4627
5061 4894 4909
5230 4289 5045
4490 4334 5165
5459 5194 4331
5188 4997 4719
5847 5075 4160
5920 4566 4611
5248 4539 4987
4523 4457 5132
4717 4504 5082
5325 5170 4496
5333 4715 4881
5367 4461 4952
5456 5231 4352
5525 5170 4348
5031 5340 4266
5369 5291 4273
6152 4776 4034
5262 5325 4261
5530 5022 4582
6042 4794 4360
5417 5305 4175
5103 5234 4518
5855 4857 4485
5907 4152 4649
5406 4205 4980
5410 4517 4941
5292 4774 4875
5557 4760 4789
5694 4589 4856
5026 5019 4765
4790 5127 4750
5811 5031 4270
5427 5258 4293
5044 4995 4770
5236 5098 4632
5507 5062 4569
5036 5191 4551
4676 4033 5185
5171 4707 4950
5805 4994 4325
5600 5259 4070
5878 4996 4274
5926 4913 4435
5314 4854 4848
6100 4611 4377
5599 5155 4277
5372 5218 4430
4897 4931 4845
5179 5113 4637
5617 5177 4259
4926 5425 4202
4912 5217 4552
5796 4948 4476
5303 5288 4292
5580 5203 4241
4975 4548 5070
5377 5146 4533
5464 5296 4215
4565 5029 4798
5402 5178 4426
5419 4430 4941
5269 5307 4279
5746 4492 4769
4833 4857 4932
5949 4969 4249
5798 4973 4435
5741 4951 4518
5800 5076 4174
5490 5012 4661
5859 4938 4380
5188 4749 4893
5866 4352 4716
5913 4003 4673
5317 5285 4289
5924 4921 4347
5444 5240 4386
4812 5120 4783
5436 4693 4864
5582 5205 4231
5146 5227 4501
5504 5166 4401
5972 5038 4070
5195 5100 4638
5761 4479 4709
5036 5318 4371
6087 4348 4427
6124 4248 4393
6002 4796 4352
5981 4187 4543
4865 4757 4990
6044 4959 4041
5783 4248 4740
5469 5243 4296
4942 3905 5169
5538 5106 4404
5011 5284 4437
5755 5117 4148
4908 5029 4790
6261 4241 4031
5314 4536 4931
5683 4813 4633
6079 4956 3774
5869 5040 4225
5835 4408 4705
5840 4220 4733
5425 5029 4694
5818 4477 4695
4912 5094 4756
5513 5190 4322
5487 5134 4444
6108 4466 4367
5318 5116 4552
5519 4773 4738
4835 5041 4790
5476 5148 4432
6180 4862 3904
4758 5206 4606
4087 4086 5210
6019 4956 4131
4437 5500 3619
5616 5205 4185
6238 4519 3850
4903 5184 4612
4697 5284 4489
6094 4681 4276
5512 4413 4918
5891 4972 4306
6047 4334 4518
5384 5269 4271
5619 5094 4446
6142 4679 4318
4705 4536 5078
5915 5082 3999
5975 4211 4548
4820 5183 4652
5041 4742 4991
5727 5158 4223
5112 5267 4399
5272 4935 4822
5956 3978 4624
5647 5168 4245
5562 4995 4597
4746 4734 5002
5926 4266 4623
5788 5030 4331
5317 5107 4627
5770 4885 4561
5146 5100 4681
4733 4415 5097
6179 4688 4057
5471 5245 4271
5520 5329 3914
5450 5371 3954
5825 4799 4544
5289 5420 4079
5153 4731 4945
5794 5058 4251
5704 5019 4434
5719 5095 4354
6025 4775 4371
5874 4976 4279
5011 5274 4451
5782 5033 4334
5966 4931 4238
5296 4035 5049
5896 4919 4387
5807 5036 4244
5700 5063 4405
4555 5372 4250
5012 4968 4823
5967 4356 4558
4908 5296 4468
5692 4961 4539
4479 4509 5101
5951 4115 4630
5002 4923 4830
5761 4935 4513
5281 4676 4930
5809 4939 4431
5069 5144 4657
5577 5101 4395
5186 5160 4573
5504 5261 4237
5323 5430 3867
5747 4914 4519
6080 4702 4272
5989 4831 4318
4679 4865 4964
5089 5308 4378
4729 4811 4973
5563 5155 4323
5216 4981 4740
5474 4769 4761
5756 5078 4290
5294 5141 4584
5523 5108 4436
5348 4600 4919
5036 5070 4711
5492 5240 4285
5810 4941 4406
4540 4513 5098
5330 5344 4238
5721 5065 4327
4448 3707 5244
4534 3977 5212
6243 4339 3982
5244 5239 4453
6091 4868 4216
5680 5264 3887
4521 4926 4914
5394 5115 4557
5717 4877 4621
5639 5150 4275
5405 4845 4761
5543 5133 4361
5687 5198 4104
5471 4440 4909
4992 5172 4618
5718 4706 4696
5743 4085 4787
5630 5209 4149
5143 4847 4902
5075 4488 5062
5171 5307 4337
5321 5004 4712
4877 5226 4546
5137 5091 4683
5543 4772 4760
5014 5359 4265
5836 4986 4383
5747 5142 4218
5696 4956 4565
4752 4440 5081
4897 5266 4496
5247 5353 4217
5119 5113 4705
5016 4413 5074
5333 5368 4110
5747 5035 4308
5661 5132 4323
5545 5245 4155
5326 4880 4823
5407 5057 4606
5581 5316 3947
5048 5451 3555
5936 4439 4621
5475 5270 4175
4976 5283 4445
5452 5124 4512
5894 5072 4118
4682 5288 4496
6060 4597 4468
5885 4912 4469
5409 4344 4973
5222 5311 4336
5920 5101 3914
5666 4146 4891
5746 5021 4339
5592 5026 4563
5341 5204 4444
5841 5022 4256
5791 5069 4296
5333 5310 4267
5586 4975 4601
4239 3911 5216
5715 4656 4745
5044 5381 4240
5481 5122 4448
5089 5012 4758
5716 5012 4394
6052 4197 4512
5388 5264 4297
5265 5038 4674
4994 5346 4291
5779 5134 4104
4456 4588 5094
5489 5299 4125
5306 4728 4905
5689 4917 4576
5819 4810 4514
4785 5480 3839
5233 5199 4477
4718 4694 5010
5290 5185 4555
5709 4959 4476
5696 4866 4632
4796 4382 5144
5831 4998 4292
5692 5186 4195
5614 5216 4115
6231 4426 4029
6266 4408 3803
6205 4508 4160
5570 5268 4084
5302 5204 4453
5746 4600 4756
4987 5215 4579
5628 4899 4650
5869 4935 4343
5179 5010 4709
6163 4761 4147
5126 4417 5053
5887 4401 4695
5471 5275 4149
5773 4930 4498
4575 5243 4604
5514 5101 4558
5871 4933 4329
5795 4225 4780
6149 4556 4302
4935 4962 4843
5762 4365 4779
4727 5489 3822
5350 4727 4847
5376 5174 4459
5453 5332 4122
5140 5432 3779
4839 4401 5084
4806 3998 5144
4751 4250 5153
5187 4795 4933
5121 5405 4206
4972 4510 5079
5917 5038 4161
5372 5397 3963
5403 5309 4194
5812 5024 4320
5669 4762 4691
4535 5316 4421
5686 5135 4233
4687 4576 5078
5930 4704 4530
5929 4929 4259
5473 4923 4733
5322 4899 4747
6107 4546 4411
5136 4353 5056
5905 4968 4298
5877 4792 4534
5252 5302 4322
5584 4184 4867
4962 5348 4365
5374 4755 4844
5024 5333 4336
5135 4230 5063
5799 4121 4750
5577 5258 4150
5295 4949 4747
5585 4691 4786
6090 4936 4059
5702 5204 4044
5290 5190 4471
5749 4574 4690
5037 5117 4710
5735 5163 4031
5342 5375 3988
5761 4849 4599
5695 5205 4062
4644 4671 5084
5831 4740 4645
5605 4654 4828
5640 4920 4602
5946 4875 4409
5560 5161 4354
5525 5189 4326
5342 5283 4283
5282 4953 4745
5125 5362 4262
5434 5274 4240
5227 4372 5008
6145 4703 4190
5437 5201 4397
5856 5042 4212
5179 4669 4990
5433 4740 4808
5871 4916 4477
5602 5261 4060
5318 4918 4783
5609 5114 4390
5634 5131 4360
5013 4274 5081
4730 4688 5012
6169 4774 4136
5453 4939 4738
5484 5110 4572
6005 4878 4273
5931 5021 4167
5912 4723 4503
6111 4444 4345
5789 4679 4671
6007 4151 4593
5577 5307 4073
5621 5255 4104
5623 5082 4409
5969 5014 4198
6217 4548 4062
5916 4975 4216
5124 5326 4319
5746 4806 4626
5207 4367 5010
5272 5213 4467
6030 4942 4143
4553 4479 5107
5644 5037 4463
4885 5157 4679
5850 4951 4341
4920 5157 4625
5968 4840 4351
4938 4910 4832
4861 5469 3898
5661 5104 4337
6135 4771 4211
5146 5208 4523
5093 4878 4854
5930 4922 4309
5892 5074 4132
4731 5362 4288
5135 4368 5042
5380 5171 4432
5668 4890 4593
5730 5054 4391
5914 4978 4243
5702 5183 4091
5624 5151 4272
5250 5214 4438
4916 5298 4445
5411 4702 4843
5873 5090 4130
5539 5104 4468
5399 5313 4248
5743 4723 4666
4994 4160 5107
4998 5012 4809
5163 5244 4468
5757 4523 4680
5237 4496 4993
5673 5209 4059
5534 5157 4387
5605 5285 3932
5620 5224 4110
4893 5159 4656
6182 4579 4006
5179 4856 4835
5823 4935 4423
6115 4879 3937
5553 3965 4930
4917 4839 4930
5919 5075 4028
6112 4351 4337
6212 4601 3981
5399 4994 4737
4525 4164 5202
5712 4536 4768
5585 5164 4264
5768 4951 4460
5381 5242 4351
5800 5044 4294
5931 4518 4579
5591 5215 4226
5133 5425 4131
5569 5118 4379
5706 4685 4744
5424 4259 4947
5650 5094 4357
6117 4820 4065
5651 5145 4224
4895 4288 5139
5120 4285 5066
5665 5072 4399
5777 4905 4505
6137 4778 4021
6066 4865 4306
5754 4440 4720
5734 5113 4225
5445 5134 4446
5893 4252 4719
5557 5202 4321
5557 5117 4400
6302 4331 3966
5999 4900 4302
5574 4954 4649
6190 4678 3736
5571 4322 4927
5191 5109 4678
5882 4829 4509
5391 4403 4967
5485 5229 4288
5039 5153 4671
5307 5205 4449
5937 4923 4256
4655 4129 5161
5552 4208 4953
5016 5262 4542
5864 5161 4045
5768 4930 4507
5569 4367 4873
6096 4824 4176
5442 5175 4413
5298 5248 4424
5346 4719 4876
5129 4997 4748
5936 4909 4263
6102 4809 4132
5407 5266 4250
4950 5267 4466
5735 5062 4302
5369 5083 4664
5400 4880 4807
5226 5008 4710
5845 4791 4587
4991 4507 5027
4739 4282 5149
5546 4662 4844
6074 4870 4114
5467 5207 4306
4970 4348 5134
5691 5116 4276
5850 4978 4305
5740 4641 4745
5906 4515 4669
4709 5455 4059
5686 4693 4701
5825 4941 4398
5966 4449 4548
5799 5118 4099
5068 5273 4442
5658 5256 4013
6008 4961 4233
5960 4687 4493
5656 5082 4360
5846 4983 4279
5419 5275 4222
4579 5442 4114
5539 5297 4077
6217 4191 4077
4678 4417 5155
6122 4865 3961
5957 5056 4124
5622 4743 4756
6249 4599 3840
5153 4422 5009
5509 5113 4482
4706 4465 5097
5317 5280 4373
4932 4806 4989
5537 5022 4565
5786 4989 4363
4978 5436 4102
5817 5002 4300
5060 5280 4393
5060 5388 4235
5175 5264 4393
5755 4430 4745
6064 4773 4398
5232 4572 4944
5670 5202 4152
5860 5061 4137
5046 4562 5024
4685 3846 5195
5320 4911 4742
5481 5339 3831
5327 4160 4993
5615 4947 4570
5577 4211 4863
5102 4475 5038
5320 5406 3995
5533 5164 4337
5138 5225 4524
5186 5303 4365
5386 5121 4531
4862 5275 4490
5225 5207 4504
5734 5196 4086
5816 5134 4059
5300 4485 4989
5136 5449 4003
5778 4989 4440
6077 4406 4431
5055 5001 4764
5087 5375 4211
5771 5106 4254
5774 5002 4422
5531 4725 4832
5068 5319 4368
4852 4919 4849
5744 5011 4436
5382 5263 4340
5063 4887 4868
5044 4898 4845
5752 5161 4133
6066 4248 4454
5422 5133 4526
5852 4807 4534
5576 4304 4871
5450 4649 4878
4930 5175 4612
5280 4790 4860
5148 4493 5013
4799 5366 4287
5477 5166 4419
5936 4703 4507
5280 5197 4459
5808 5107 4163
5638 4965 4548
5552 5098 4485
5752 4452 4767
5240 4225 5048
5628 5138 4290
4869 4350 5094
5665 4866 4721
4952 4977 4821
5532 4611 4902
5625 5190 4234
5995 4905 4276
5668 5008 4476
6108 4864 4016
5674 4754 4656
5774 5009 4337
5817 5064 4188
5379 5257 4419
5589 5159 4290
5772 4877 4530
4702 5486 3912
5670 4831 4675
4465 4274 5168
5964 4378 4580
5849 4995 4276
5812 4626 4671
5946 4691 4501
4914 4683 5076
5639 5105 4376
5453 4960 4691
5499 5048 4623
4983 5473 3890
5583 4904 4697
5729 4983 4472
5985 4856 4311
5827 5091 4165
5861 4950 4331
5083 5270 4424
5526 5117 4401
5152 4312 5013
5314 5423 3989
5641 5208 4095
5444 4540 4906
5829 4947 4394
4889 5184 4649
5900 4574 4568
5391 4094 5031
5550 5212 4255
5737 5220 3958
5507 5111 4492
6284 4380 3820
5501 4814 4759
5922 5065 4118
5425 5368 4044
5045 5180 4579
4903 4414 5082
5791 5090 4249
5677 5201 4134
4992 4617 5023
4916 5050 4785
5752 4568 4681
6029 4804 4342
5605 3975 4898
5390 5326 4209
5505 5285 4117
5619 4437 4857
5504 5135 4412
4808 4355 5100
5298 5427 3957
4735 4691 5008
5875 4571 4658
5286 5396 4207
5453 4735 4807
5800 4796 4634
5665 4937 4572
5638 5272 4018
5893 4666 4608
5583 4700 4766
5497 5119 4465
4837 5491 3739
5777 4397 4716
4984 5059 4725
5849 4973 4369
