50 3
3702
202 165 140 4
254 90 45 89
174 254 71 18
186 103 192 107
65 87 201 24
200 274 291 274
254 166 174 114
216 34 12 118
32 283 253 285
74 297 207 80
84 277 97 269
81 122 209 145
208 110 1 240
84 291 215 38
289 221 283 205
87 295 156 118
111 109 104 184
239 11 263 23
120 193 292 200
15 201 177 55
11 10 295 94
2 43 263 290
263 247 29 50
75 184 168 185
292 104 70 64
114 165 87 233
58 79 266 204
112 275 92 122
285 87 48 119
261 143 109 224
90 269 106 296
153 273 182 278
77 84 42 23
81 128 89 139
39 187 43 150
294 266 104 279
53 283 230 14
127 40 70 49
141 176 46 294
281 60 105 191
275 146 46 56
107 266 194 277
153 70 260 280
36 196 92 221
180 23 67 139
194 269 187 35
145 65 29 258
124 133 149 231
112 28 287 218
293 14 28 279
127
6076 5810 6294
6547 5221 5550
6435 5481 6038
6299 6001 5781
5961 6067 5926
6242 5805 6222
6105 5852 6267
5903 5604 6443
6355 5995 5848
6018 5918 6166
6301 5552 6252
6400 5816 5922
6119 5963 6099
5987 6117 5898
5944 5964 6093
6398 5739 5998
6160 5991 6031
6347 6036 5520
6256 5731 6178
6028 6145 5830
6580 5329 5534
6291 6053 5471
6247 6028 5726
5399 5243 6514
6025 5727 6299
6480 5658 5717
5931 6213 5612
6014 6063 5923
6490 5620 5802
6280 6094 5410
6158 5916 6131
5953 6244 5392
6330 6036 5639
6150 5673 6341
6302 5999 5851
6347 5958 5891
6249 5922 6045
6156 5477 6289
6159 5638 6265
6428 5672 5905
6265 5870 6112
6297 6016 5662
5973 6006 6066
6230 6025 5816
5859 5732 6371
6176 6159 5658
6209 6047 5681
5904 5553 6445
6384 5547 5999
5549 5162 6513
6202 5888 6105
6167 6057 5716
6128 5917 6157
6209 5697 6238
6141 5913 6221
5437 4973 6555
6236 6122 5436
6142 6028 5989
6196 5926 6048
5445 4958 6579
6042 6228 5177
6156 5931 6057
6066 5987 6047
6546 5605 5509
6173 5738 6231
6158 6097 5712
5999 5730 6336
6391 5930 5865
6345 5677 6158
6493 5619 5722
5620 5422 6463
5515 5147 6536
6465 5661 5593
5745 5191 6503
5595 5272 6504
6083 5619 6427
5876 5364 6501
5517 5098 6523
5525 5083 6547
6554 5529 5496
5870 5496 6459
5319 5118 6546
6106 5684 6317
6219 5991 5938
5952 5446 6429
6526 5630 5674
5827 5677 6389
6509 5708 5422
6563 5516 5410
5900 5992 6119
6001 6201 5547
6292 5792 6132
6460 5611 5842
6126 6217 5429
6165 5725 6264
6217 6187 5590
6484 5657 5612
5964 6203 5453
5352 4959 6607
6202 6069 5686
6272 5987 5935
5912 6216 5460
5886 6072 5965
6454 5912 5872
6043 5702 6310
6048 6192 5705
6380 6024 5575
6041 5983 6056
6530 5536 5786
5652 5213 6505
6426 5616 5960
6148 6122 5870
6603 5394 5424
6364 5958 5772
5628 6009 6007
6208 6085 5648
5947 5729 6349
6294 5743 6119
6488 5467 5825
6486 5810 5589
5838 6129 5841
6405 5472 6078
6372 5917 6100
6183 6056 5921
6461 5227 5883
5949 5681 6355
6187 5539 6253
