55 3
3682
272 241 116 89
39 211 281 189
203 253 23 131
255 103 207 91
55 132 43 292
171 69 8 21
74 219 98 195
156 41 158 128
115 107 49 153
18 30 175 220
283 197 51 71
132 90 293 187
222 36 12 93
236 151 245 142
70 43 37 226
84 28 186 198
134 235 183 151
97 190 203 212
87 253 115 52
44 109 238 98
276 249 190 46
232 267 187 2
11 57 60 94
84 79 124 50
14 139 33 242
30 235 155 248
188 269 299 64
210 70 161 187
151 183 232 83
151 119 85 161
175 276 87 91
55 43 140 200
181 172 143 43
239 130 291 128
99 123 24 142
193 185 29 44
68 93 127 51
44 44 211 52
20 130 142 207
172 115 107 186
119 249 61 59
79 52 19 11
8 42 284 200
59 13 243 127
237 202 10 280
245 221 32 98
183 7 137 188
121 243 74 72
26 134 262 236
19 280 79 26
155 63 58 213
207 133 172 144
36 182 257 113
235 288 43 118
294 179 6 247
1109
5310 5510 5873
5601 5955 5063
4731 5949 5821
5458 5088 5869
5232 5689 5829
4903 6202 5361
4967 6113 5446
5308 4594 5948
5601 5003 5816
5507 4732 5825
5357 5609 5791
5383 5416 5858
4596 5724 5962
5648 5457 5634
5867 5562 4832
5465 4876 5896
5981 4995 4847
5031 5864 5823
5877 5036 5325
5981 5291 4652
5864 5391 5195
5688 5546 5502
5885 5510 4774
5880 5543 4777
5027 6147 5348
5568 5695 5515
4968 5853 5866
5478 5911 5405
6032 5060 4452
5532 5515 5774
5217 5873 5704
4455 5698 6001
5431 5595 5774
5497 6026 5114
6022 4662 4847
5159 5831 5771
5993 4982 4893
5481 5152 5829
5556 5057 5817
5584 5448 5678
5639 5926 5080
5568 5597 5617
5734 5763 5102
5350 5506 5817
4448 6179 5463
4922 6255 4913
4683 6091 5626
5326 5514 5832
4789 6257 4923
4738 6107 5618
5567 5985 5086
4991 4841 6081
5311 5752 5827
4956 6235 5038
5537 5891 5408
5013 6166 5281
4514 5422 6070
5683 5750 5251
5023 5460 5972
5425 4908 5921
5862 4811 5336
5025 6130 5410
5190 6136 5265
5034 6228 5091
5413 6101 5099
5399 6093 5172
5909 5131 5192
5293 5679 5829
5086 6211 4936
5481 5864 5460
5505 5391 5781
5621 5993 4858
5460 5912 5407
5693 5457 5504
5914 5452 4977
5049 5590 5951
5222 5544 5900
5105 5813 5881
5260 4791 5984
4854 5043 6105
5957 4895 5069
5576 5738 5482
5531 5948 5194
4896 5868 5815
5632 5828 5268
5633 5774 5339
5642 5482 5534
5301 5786 5710
5456 6011 5320
5680 5367 5636
4844 5568 6036
4754 6082 5607
4951 6064 5703
5313 6096 5373
5636 4916 5814
5570 5995 4859
5491 6030 5006
5534 5681 5539
4786 6262 5125
5772 5453 5361
5673 5859 5057
5608 5648 5484
5351 6149 5055
5362 5462 5844
5502 5720 5576
5546 5882 5267
5402 4865 5939
5342 5395 5887
5525 4805 5823
5107 6127 5317
5434 5484 5830
4869 6222 5236
5650 5985 4798
5368 5593 5805
5911 5330 5090
5456 5934 5432
5654 5728 5353
4842 5871 5815
4807 5899 5827
5297 5115 5956
5510 5615 5689
5163 5557 5900
5943 5384 4892
5339 4841 5940
5274 5638 5838
5574 5439 5728
5553 5485 5714
5667 4884 5739
5181 5731 5856
5468 5262 5863
5636 5586 5507
5619 5068 5774
5616 5827 5350
5337 5649 5795
5184 6149 5278
5112 6044 5608
4698 6161 5582
5557 5463 5689
5499 5225 5827
5978 4956 4944
5034 6013 5721
5008 6101 5468
5298 6002 5516
5807 5084 5505
5905 5277 5151
5791 5131 5508
5133 4915 6036
4862 6141 5493
5979 5359 4696
5237 5803 5769
4770 5141 6131
5032 5413 6006
5468 5805 5559
5314 5633 5843
5478 5271 5813
4715 6207 5287
5580 5647 5609
4630 6137 5620
5695 5792 5203
5723 4974 5647
5554 5838 5397
5147 5184 6001
5116 6125 5316
5451 5431 5819
5667 5592 5488
5821 5441 5316
5344 6063 5347
5138 5538 5948
5028 5165 6053
5357 5813 5658
5853 5662 5020
5665 5836 5127
5595 5440 5691
5958 4995 5054
5291 5569 5883
5775 5672 5149
5489 5055 5843
5876 5569 4677
5780 5702 5031
5768 5475 5386
4761 5762 5930
4504 5413 6120
5638 5874 5173
5883 5540 4766
4741 5937 5823
4899 6015 5730
4612 6072 5662
5621 5888 5185
5787 5465 5341
5733 5811 5033
6044 4395 4678
6008 4833 4921
5676 5655 5367
5620 5927 4924
4914 5963 5791
5325 6089 5229
5315 5421 5911
5850 5288 5412
5144 5580 5913
5366 5963 5432
4971 5987 5761
5080 6072 5591
5983 4933 4987
5630 5615 5481
5416 5687 5738
5030 6124 5403
5378 5563 5805
5184 6151 5239
4840 5841 5867
5631 5510 5645
5571 5282 5806
6041 4768 4435
4541 5765 5982
4744 6094 5605
4445 5657 6021
5958 5235 4920
5588 5656 5546
5027 5333 6014
5947 5185 4961
5132 5559 5967
5102 5972 5676
5149 6158 5315
5511 5659 5658
4744 5888 5870
5705 5493 5491
5594 5927 5265
5341 6113 5213
5955 5132 5165
4773 5840 5901
5730 5628 5282
5808 5737 4788
5848 5443 5208
5268 6107 5222
4906 5268 6051
5567 5447 5679
5859 5216 5356
4996 5117 6060
6065 4653 4495
5722 5153 5717
4772 6149 5526
5615 5730 5391
5687 5502 5533
4510 6087 5690
5872 5291 5235
5170 5801 5795
5955 5330 4772
5448 5550 5803
4895 6037 5755
5044 5441 5986
5474 6076 5278
5515 5361 5781
5682 5653 5292
5629 5602 5498
5574 5875 5282
5377 6085 5196
5585 5446 5677
5746 5408 5536
5248 5728 5828
4796 6126 5543
5460 5796 5622
5202 5919 5686
5825 5511 5243
4949 5452 5996
6034 4769 4741
5013 4957 6060
5641 5484 5535
5234 5104 5999
5852 5421 5183
4978 5044 6062
5889 4912 5318
5137 5296 5994
4755 5775 5943
5069 5302 6011
5934 5478 4618
5156 4872 6007
5365 5991 5448
5070 6093 5419
5644 5956 4848
5738 5753 5039
5863 5194 5331
5391 5834 5598
5434 5829 5584
4880 6119 5524
5677 5837 5032
4728 6108 5616
5374 5763 5784
5362 6103 5100
5739 5767 4912
5977 5017 4872
5433 5242 5876
5610 5556 5631
4661 5939 5852
4867 6043 5713
5428 5367 5859
4796 5311 6062
5718 5894 5009
6013 4990 4689
5391 5577 5784
5718 5788 5113
5869 4787 5344
5711 5673 5258
5931 5497 4959
5405 5406 5844
5825 5344 5478
5538 5900 5317
5476 5541 5773
4932 6151 5462
4790 5324 6075
5836 5682 4789
5630 5466 5676
4887 5333 6052
5022 5752 5899
5665 5759 5239
4868 6223 5168
5768 5308 5621
5750 5826 4630
5336 6082 5215
4567 5361 6080
5237 6184 4916
5167 5644 5873
4506 6109 5715
5210 6048 5489
6004 4583 4980
5469 5179 5850
4562 6136 5663
5230 5655 5830
5860 5412 5215
5192 5688 5836
4647 5328 6067
5795 5235 5493
5227 5316 5972
5257 5147 5981
5083 5590 5913
4894 6232 5123
5544 5396 5763
5839 5317 5344
5534 5861 5465
4974 6120 5435
5675 5698 5293
5784 5576 5171
5882 5278 5242
5752 5528 5367
4926 6147 5470
6045 4569 4504
5722 5522 5477
4779 5827 5888
5047 6091 5454
4940 5696 5944
5499 5768 5523
5208 5508 5901
5518 6023 5186
5717 5653 5270
5775 5574 5206
4965 5154 6096
5842 5565 5092
4563 5688 5970
5975 4859 5030
5359 5885 5610
5934 5153 4977
5351 5999 5521
5488 5895 5395
5752 5798 4890
4683 5839 5937
5428 6099 5139
4619 5586 6026
5433 5965 5406
5417 6040 5421
5060 5840 5815
6029 4957 4697
5541 6019 5096
5446 5406 5826
5579 5090 5765
5331 6127 5087
4708 6001 5763
4648 6121 5621
6073 4479 4397
5966 5309 4877
5985 5091 4829
4988 5218 6056
4694 6056 5726
5201 6101 5365
5906 5378 5020
4581 5784 5941
5106 5730 5912
4825 6101 5540
5611 5874 5254
5767 5511 5355
5278 6005 5522
5154 5862 5747
4823 5614 6022
4587 6214 5362
5987 4870 4906
5904 5427 5158
5289 5592 5856
5284 6131 5206
5586 5973 4871
5712 5857 5019
5511 5677 5545
5471 5850 5508
5878 5477 5173
5710 5820 5052
5365 6088 5182
5511 5561 5760
5388 5296 5877
5040 5998 5747
5331 5464 5887
4643 5844 5932
5577 5113 5792
5541 5901 5269
5038 5400 5993
5585 5801 5361
5169 5743 5830
4568 6218 5338
5420 5665 5713
5299 5950 5548
5302 5903 5603
5989 5200 4551
5776 5724 5056
5661 5858 5152
5397 5785 5665
5869 4828 5327
4888 6112 5497
5394 6129 4855
5533 5940 5155
4441 6015 5776
5522 5345 5790
5824 5712 4777
4807 6224 5181
5483 6098 4843
4625 5635 6010
4560 5201 6116
5639 5616 5450
5205 5627 5885
5640 5475 5626
6008 5037 4480
5247 6162 5196
5117 5584 5934
5655 5821 5162
5201 6228 4868
4957 6123 5483
5170 6035 5524
5933 5216 5094
4713 6118 5592
5559 5939 5164
4921 6186 5362
5426 5650 5718
5237 5758 5804
5216 5359 5992
5309 6070 5423
5915 5375 5019
5082 6199 5152
5578 5417 5703
5130 5966 5718
5127 6025 5554
5822 5514 5143
4908 5976 5804
5917 5205 5149
5413 5734 5683
5257 6128 5313
4980 5695 5956
5733 5471 5408
5289 6176 4898
5520 5624 5639
5420 5620 5748
5139 5834 5821
5508 5926 5313
5659 5511 5520
5714 5556 5370
5610 5739 5405
4585 6192 5395
5512 5904 5288
5092 6165 5269
4855 5312 6059
5469 5504 5817
5194 6140 5199
5610 5934 5140
5671 5659 5441
5955 5432 4632
5845 5588 5063
5821 5526 5097
5694 5813 5071
5416 5411 5832
6049 4531 4555
5626 5557 5549
5270 5615 5869
5482 5812 5492
4811 6075 5653
4675 6050 5734
5142 5603 5886
5138 6217 4911
5406 5168 5893
5943 5144 5026
5696 5414 5524
5361 6013 5473
5148 5789 5816
5495 5932 5394
5488 5797 5497
5279 5886 5625
4704 6148 5569
5671 5757 5339
5752 5594 5331
5808 5555 5315
5880 5362 5165
4596 5150 6129
4977 5974 5748
5918 5253 5046
5767 5629 5182
5188 5598 5887
5025 6163 5295
5881 5536 4991
5959 4969 5059
5898 5231 5210
5040 6215 5078
4804 6032 5756
5477 6020 5205
5758 5634 5226
4958 6145 5446
5376 6077 5220
4852 6153 5491
5593 5784 5376
5603 5839 5256
5074 6218 5020
5490 5705 5644
5232 5568 5886
5813 5458 5324
6040 4594 4609
5376 5929 5549
5912 5224 5096
5642 5837 5218
5695 5668 5261
5211 5614 5872
4574 6006 5796
5709 5402 5618
4836 6068 5632
5915 5371 5025
5813 5626 5057
5609 5512 5662
4853 6256 4814
4968 6234 5013
5423 6122 5096
5939 5294 4897
5851 4965 5412
5302 5935 5526
5998 5123 4813
4776 5128 6118
5195 6208 4996
5544 5675 5553
4709 6220 5300
5695 5643 5398
4942 5292 6032
4751 5721 5950
5064 5111 6043
5661 5862 5043
5861 4990 5406
5510 5949 5229
4485 5039 6138
4504 6206 5411
5334 5545 5818
6006 5197 4770
4898 5314 6034
5322 5536 5857
5262 6030 5533
4993 6080 5630
5433 5732 5625
5934 5072 5182
5751 5536 5366
5673 5264 5662
5966 5069 5011
5688 5448 5604
4615 6006 5778
5666 5960 4787
5369 5855 5610
5201 6195 4983
5242 5914 5691
5021 5346 6027
5517 5832 5479
5496 5772 5496
5199 6019 5576
4485 5982 5831
5375 5885 5580
5522 5615 5646
5452 5549 5788
4973 5964 5788
5237 5435 5921
5643 5904 5055
4847 6175 5413
5970 5110 4946
4845 5303 6109
5076 5823 5864
4988 6178 5410
5705 5652 5348
5570 6007 4790
4557 5701 5983
5807 5562 5101
5454 5641 5688
5116 6070 5558
5585 5626 5603
5178 6172 5136
5496 5976 5363
6061 4852 4426
5116 5739 5862
5785 5744 4937
5333 5061 5946
4552 5746 5964
5005 5688 5935
5571 5486 5673
5002 5829 5841
5008 5453 5993
4914 5590 5967
5201 5443 5916
4816 5662 5957
5305 6172 4916
5045 5683 5940
5321 5294 5903
5202 6191 4992
5174 6194 5161
5252 5410 5954
4547 6201 5397
5530 5968 5154
5775 5735 4987
5112 5717 5899
5927 5187 5144
5410 5650 5748
5971 4881 5055
5427 5694 5687
5547 6057 4954
6030 4887 4528
5866 5320 5237
4525 5489 6049
5870 5494 5181
5430 5649 5703
5936 5275 4912
4619 6172 5520
5615 5632 5493
4883 6118 5504
5288 5975 5522
5695 5910 5030
5176 6107 5358
5153 6184 5265
5732 5627 5272
5363 5379 5875
5043 5394 5988
5174 5487 5961
5049 6225 5041
5551 5650 5628
5451 5307 5834
5939 4750 5185
5924 5228 5033
5386 5847 5564
5071 4899 6070
4946 5802 5893
5708 5773 5148
5930 5094 5207
5700 5237 5646
5463 6092 5063
5433 5634 5727
5268 5128 5963
5529 5599 5655
5458 5198 5868
6024 5012 4469
5856 5316 5246
5042 6139 5333
5507 5699 5570
5618 5909 5098
4967 5756 5907
5737 5478 5391
4870 6120 5522
5422 5990 5380
4729 6226 5268
4920 6160 5483
5846 5465 5257
5896 5353 5201
4967 6111 5485
5282 4907 5963
5560 5516 5649
5550 5553 5669
5418 6049 5330
5554 5531 5644
5108 6066 5633
5904 5194 5313
5838 5230 5479
5679 5817 5214
5593 5830 5306
6021 4883 4740
5597 5859 5261
4800 6110 5553
5598 5937 5126
5399 5221 5936
5532 5682 5539
5148 6090 5518
5233 5825 5794
6037 4625 4895
5818 5536 5168
5563 6023 5035
5387 6145 4846
5979 4955 5012
4786 5417 6064
4784 6135 5564
5717 5543 5483
5113 5999 5667
4818 5786 5900
5278 6138 5209
5020 5642 5953
5693 5253 5637
5746 5557 5341
5121 6103 5394
5781 5754 4824
5572 6005 4820
5225 5664 5868
5609 5610 5560
5204 5454 5908
5813 5453 5343
5637 5683 5466
5354 6029 5464
5797 5678 5070
5116 5879 5735
5385 5547 5814
5832 5708 5006
5279 5370 5949
5448 5648 5701
5300 6195 4873
4770 5715 5964
5587 5792 5368
5667 5940 4827
5529 5750 5543
5970 5047 4986
4790 6233 5174
4829 5601 6009
4875 5469 6003
4483 5459 6106
5854 5570 4848
5200 5554 5914
5250 6085 5416
5851 5247 5357
5730 5785 5127
5232 5948 5574
5439 6097 5085
5128 5835 5762
5382 5869 5589
5972 5019 4878
5575 5792 5411
5683 5915 4816
5411 6065 5321
5863 5514 5125
5019 6143 5423
5864 5150 5324
5835 5589 5022
5674 5689 5384
5474 5872 5411
5134 5944 5693
5290 5327 5929
5731 5725 5241
5083 5913 5796
5876 5249 5292
5063 5376 5970
5803 5758 4763
4888 6245 5136
5666 5548 5519
5486 6082 4775
4791 6229 5183
4661 6208 5341
5896 5518 4766
5762 5400 5411
4881 5810 5899
5186 6143 5200
4850 5555 6023
5990 5273 4437
4707 6131 5605
4619 5648 6023
4962 5622 5958
5780 5651 5174
5440 6096 5153
5853 5420 5251
5978 5019 4845
5614 5912 5115
5687 5351 5645
5774 5746 5105
5489 5759 5573
5824 5634 5049
5644 5903 5123
5226 5581 5899
5594 5959 5151
5493 5995 5194
5044 6099 5435
5789 5429 5400
5179 5890 5692
5802 5655 5113
5882 5215 5282
6081 4553 4354
5557 5994 5085
4781 5989 5782
5593 5732 5408
5386 5644 5773
5265 5930 5643
4814 5661 5988
4831 5890 5833
4837 5910 5807
6032 4957 4478
5847 5158 5456
5812 5356 5384
5459 5334 5833
5467 5941 5381
6015 5005 4624
5528 5653 5584
5730 5582 5352
6037 4823 4502
5304 6173 4848
5352 5540 5816
4780 6275 5138
6002 4955 4805
5508 5258 5807
5426 5390 5832
5496 5683 5586
5097 6157 5317
4874 6226 5155
5164 5764 5805
5794 5211 5500
5753 5625 5326
5499 5118 5838
5970 5114 4940
5369 5366 5862
5756 5417 5486
5050 5988 5710
5796 5626 5163
5968 5082 4959
5439 5940 5506
4864 6133 5535
5660 5859 5084
4491 5969 5818
5402 5764 5659
5834 5407 5357
5300 5814 5726
5787 5783 4774
5885 5345 5209
5774 5579 5340
5009 6188 5306
5731 5449 5441
5055 6212 5028
4772 5849 5884
5169 5678 5872
5761 5591 5246
5426 6127 4879
4884 6219 5186
5954 5257 4945
5745 5544 5358
4933 5969 5783
5171 5080 6000
5194 6104 5314
4572 5355 6075
4609 5890 5879
5524 5355 5777
4573 6195 5381
5277 6050 5463
5291 5928 5577
4863 6167 5437
4986 5682 5943
4603 5310 6093
5029 5407 6007
5352 5863 5699
5606 5580 5617
4803 5889 5867
4912 5255 6038
5777 5371 5500
5523 6028 5030
4646 5725 5948
5665 5451 5560
5251 6140 5171
5185 5709 5831
5741 5844 4845
5556 5804 5380
5131 6091 5396
5289 5852 5742
5652 5366 5761
4809 5876 5854
4943 5465 6009
4703 5448 6048
5634 5293 5763
5600 5882 5236
5955 5259 4918
5358 5930 5551
5922 4886 5209
5371 5460 5831
5901 5226 5264
5608 5746 5382
5615 5783 5381
4616 5333 6073
4640 5540 6040
5543 5569 5660
5409 5695 5689
4650 6189 5366
5341 5473 5837
5340 6130 5080
5918 5327 4970
4831 6086 5566
4846 6166 5504
4587 6081 5675
5232 5452 5895
4854 5577 5986
5717 5710 5248
5435 5155 5886
4926 6180 5355
5258 5389 5935
4571 6106 5686
5572 5876 5292
5049 5381 5975
5273 6072 5488
4784 6168 5449
4751 6092 5583
4754 6084 5568
5631 5412 5747
5296 5836 5751
5085 6079 5561
4779 6174 5456
5752 5679 5255
5650 5803 5325
5991 4828 4963
5919 5355 4968
5526 5540 5674
5533 5577 5630
5180 5474 5948
5691 5329 5620
5147 6037 5532
4798 5339 6040
4561 5374 6093
5115 6116 5407
5172 6152 5264
5362 5765 5678
5675 5189 5648
5472 5714 5686
4792 5404 6051
5924 5299 4969
5728 5492 5383
5962 4973 5029
5450 6156 4803
5403 5876 5550
5512 5930 5259
5091 5763 5885
5817 5537 5100
4903 5609 5985
5489 5338 5792
4790 6139 5556
5031 6245 4970
4876 5751 5908
5431 5799 5641
5883 5245 5280
5626 5714 5394
4706 5855 5889
4981 5430 6029
5380 5830 5636
5539 5291 5773
5671 5918 4802
5614 5686 5422
5539 5879 5302
5509 5751 5511
5190 6169 5150
5008 6100 5560
5011 6172 5359
5881 5433 5017
5220 6014 5606
4734 5192 6118
5060 5611 5915
5884 5521 4752
5478 5834 5517
4909 6189 5348
5438 5896 5537
6041 4939 4263
5913 5109 5167
5423 5718 5673
5248 5919 5651
5771 4604 5532
5141 5923 5698
5314 6164 5170
4622 5467 6042
5498 6079 4789
5597 5692 5496
5974 5218 4776
6033 4843 4553
6041 4665 4461
4866 5379 6038
5045 6214 5267
4889 6233 5064
5955 5196 4958
5783 5392 5410
5024 5729 5926
5546 5697 5532
5559 5791 5493
5268 5638 5842
4725 5962 5834
5967 5143 4887
5546 5795 5430
5652 5533 5526
5767 5598 5192
4612 5426 6062
4965 5728 5929
4747 5924 5810
4959 5741 5942
6008 5009 4636
5477 5867 5436
5860 5594 4688
5097 6024 5678
5576 5856 5309
5316 5499 5867
5803 5444 5393
5106 5732 5873
4717 5860 5877
4945 5545 5985
5632 5743 5344
5295 5972 5573
5243 5528 5888
4791 5669 5978
5687 5836 5073
5951 5458 4849
5497 5495 5787
5182 5481 5916
5321 5400 5892
5866 5131 5326
5149 5519 5930
4958 5568 5965
5548 5863 5297
5762 5688 5205
5122 5707 5862
5995 4944 4863
5928 5260 4971
4617 5678 5976
4882 5655 5971
5558 5747 5524
5017 6159 5346
5831 5611 5047
5714 5810 5138
5489 5661 5675
5226 6165 4941
5524 5901 5302
5645 5692 5403
5855 5615 4663
5619 5619 5510
4644 6250 5219
5779 5024 5521
5648 5922 4892
6031 4886 4626
5781 5701 5099
5801 5656 5045
5007 6146 5409
4819 6116 5545
4642 6134 5634
5043 5706 5913
5094 5839 5777
5359 6110 5169
5192 6225 4875
4792 6095 5564
5112 5601 5908
5737 5680 5212
4916 6267 4771
5141 5197 6014
5165 5534 5927
5339 5483 5846
5510 5292 5806
5520 5862 5422
5494 5614 5771
5214 6167 4917
4951 5480 5974
4890 5903 5806
5700 5253 5632
5986 4687 5043
5210 6210 4653
5028 5739 5886
5716 5766 5146
5048 5348 5997
5186 5993 5666
5116 5283 6034
5479 6067 5052
5768 5773 4879
5741 5739 5172
5512 6069 4853
5667 5450 5550
4605 5912 5904
5815 5555 5099
4726 6116 5574
4842 5880 5808
5413 5530 5816
5743 5378 5593
5483 6045 5027
5809 5399 5364
5696 5589 5469
4939 5558 5998
5592 5581 5574
5589 5347 5764
4544 6189 5414
5749 5446 5397
5147 5737 5835
5034 6095 5452
5128 5565 5916
4819 5864 5856
4778 5836 5871
5324 6155 5091
5258 6137 5222
5050 6136 5381
5692 5613 5455
5847 5391 5301
5093 6131 5367
5267 6119 5234
4723 6239 5281
5847 5293 5358
5065 5595 5915
5232 6194 4891
4876 5266 6073
4636 5684 5968
5195 6130 5258
5202 5685 5870
5197 5950 5646
