60 3
4061
272 241 116 89
39 211 281 189
203 253 23 131
255 103 207 91
55 132 43 292
171 69 8 21
74 219 98 195
156 41 158 128
115 107 49 153
18 30 175 220
283 197 51 71
132 90 293 187
222 36 12 93
236 151 245 142
70 43 37 226
84 28 186 198
134 235 183 151
97 190 203 212
87 253 115 52
44 109 238 98
276 249 190 46
232 267 187 2
11 57 60 94
84 79 124 50
14 139 33 242
30 235 155 248
188 269 299 64
210 70 161 187
151 183 232 83
151 119 85 161
175 276 87 91
55 43 140 200
181 172 143 43
239 130 291 128
99 123 24 142
193 185 29 44
68 93 127 51
44 44 211 52
20 130 142 207
172 115 107 186
119 249 61 59
79 52 19 11
8 42 284 200
59 13 243 127
237 202 10 280
245 221 32 98
183 7 137 188
121 243 74 72
26 134 262 236
19 280 79 26
155 63 58 213
207 133 172 144
36 182 257 113
235 288 43 118
294 179 6 247
255 211 152 113
178 114 49 196
95 260 54 82
155 243 294 195
76 299 39 111
1497
6120 5982 6303
5309 6539 6088
5800 6397 6170
6863 5231 5239
6404 6372 5686
6772 5758 5429
6190 5699 6367
6474 6091 5843
5339 6221 6439
6258 6145 6092
5864 6303 6193
6377 6185 5877
6176 6150 6172
6505 6283 5698
6131 6204 6173
6536 5342 6139
5970 6224 6268
5825 6393 6160
6720 5795 5624
6635 6096 5444
5738 6602 5768
6622 5687 5960
6635 5573 5961
6593 5845 5871
5676 6533 6075
6537 6251 5425
5771 6657 5502
6533 6135 5681
5487 6023 6500
5969 6166 6278
6075 5598 6449
5402 6705 4959
6193 6356 5896
6025 5910 6421
5716 5965 6476
6051 6444 5947
6771 5894 5349
5915 6103 6353
5843 6533 5852
6236 6336 5888
5772 6667 5446
6299 6519 5398
6613 5889 5814
6042 6422 5981
5869 6444 6052
5915 6276 6203
5846 6572 5766
6749 5855 5434
6057 6636 5262
6117 6539 5590
5853 5992 6415
6565 5651 6103
5567 6448 6245
5777 6240 6297
6329 6352 5784
6571 6181 5585
5479 6537 6016
6003 6010 6336
6164 5870 6312
6819 5681 5094
5880 6300 6201
6530 6170 5682
6509 5624 6155
6677 5983 5545
6394 6172 5908
6367 6223 5865
6201 6332 5889
6419 6250 5860
5167 6527 6182
6824 5453 5385
5687 6592 5793
6528 6050 5836
6123 6527 5628
6010 6619 5320
6047 6248 6190
6337 5720 6263
6640 6108 5420
6491 6199 5783
6341 6005 6136
6153 6086 6212
5716 6547 5892
6236 6283 5988
6167 6295 6004
6447 6037 6006
6354 6443 5635
6163 6416 5895
5952 6564 5721
6794 5819 5334
6581 6088 5672
6075 6161 6210
5869 6661 5383
6899 5242 4868
6563 5979 5866
5632 6103 6454
6683 5974 5511
6392 5901 6168
6568 6272 5261
6872 5039 5176
6726 5960 5605
5808 6046 6416
5618 6588 5839
5853 6142 6346
5769 6484 6100
5653 6057 6468
6733 5787 5608
6440 6000 6007
6303 6001 6202
6124 6260 6058
5760 6598 5784
5841 6309 6244
6697 5845 5797
5846 6605 5651
6512 6214 5728
6861 5500 4740
6170 6503 5835
6165 6581 5284
6061 6607 5311
6388 6057 6003
6373 5778 6220
5469 6538 6001
5566 6694 5251
6267 6140 6082
6291 6497 5428
5237 6166 6443
6034 6154 6230
5782 6351 6219
6180 6563 5485
6410 6501 5168
6845 5244 5314
5400 6601 5923
6926 5080 4942
5788 6686 5359
6066 6559 5787
6249 5896 6279
6905 5290 4585
6625 6126 5645
6420 5840 6159
5742 6651 5535
6714 5348 5859
5727 6215 6340
5697 6091 6438
5714 5761 6509
6414 6263 5826
5850 6111 6399
6773 5625 5569
6478 6121 5803
6146 5811 6358
6546 6327 5144
6550 6148 5634
6222 5964 6269
6296 6349 5788
6363 6223 5912
5671 6658 5479
6252 6079 6219
6451 5864 6093
5517 5930 6548
6106 6315 6031
5811 5955 6438
6758 5844 5530
6019 6238 6224
6281 6546 5250
6139 6089 6211
6589 6044 5802
6169 6445 5845
6428 5853 6127
5833 6116 6357
6407 5899 6113
5860 6580 5712
6137 5974 6324
6160 6319 5981
6597 5902 5800
6419 6046 5993
5544 6047 6470
6461 5856 6123
6880 5117 5076
6648 6033 5572
5581 6338 6316
5978 6410 6054
5618 6439 6228
6589 6064 5731
6597 5853 5869
6384 6079 6028
6395 5943 6068
6099 5878 6358
5533 5754 6563
6303 6104 6133
6199 5890 6299
5609 5667 6557
6634 6108 5430
6504 6020 5873
6415 5967 6048
6092 6362 5990
6734 5739 5649
6465 6227 5746
6340 6163 5979
6345 5570 6341
6362 5808 6196
6085 5817 6392
5875 6648 5370
6363 6531 5325
5760 6451 6134
6533 6009 5913
5901 6041 6381
6519 5908 6003
6349 5725 6227
6341 6323 5827
6312 5907 6236
6476 6091 5838
6171 5995 6264
6588 6169 5501
5882 6637 5376
5642 6273 6368
6529 5699 6144
6342 5815 6256
6886 5466 4851
5781 6273 6263
6063 6079 6276
6088 5921 6378
6765 5577 5586
6185 6292 6005
5874 6574 5717
6254 6382 5839
5718 6045 6452
6836 5513 5255
5517 6470 6193
6067 5967 6364
6551 6124 5696
6326 5985 6181
6700 5750 5683
5733 5378 6584
6039 6580 5572
6127 5688 6410
6351 6252 5869
5111 6080 6503
6568 6090 5788
6441 6458 5358
6576 6291 5120
6503 6031 5893
5799 5934 6492
6321 5823 6224
6630 6117 5419
5983 6376 6061
6200 5922 6287
5940 6213 6288
5981 6008 6368
6159 5953 6312
6179 5968 6273
6013 6426 6048
6467 6069 5891
6292 6166 6032
5663 5492 6585
6047 6125 6296
6004 6603 5585
6725 5902 5615
6505 5374 6214
6257 6029 6178
6855 5118 5299
6690 6033 5364
5645 6576 5885
6842 5340 5308
6042 6302 6114
6124 6285 6034
6687 5864 5682
5412 6502 6144
6207 6308 5969
6090 6075 6255
5835 6672 4926
5414 6299 6335
6021 6426 5958
6410 6319 5695
6469 5937 6091
6516 5911 5950
6084 6590 5501
6167 5976 6283
5805 5921 6479
5791 6384 6185
6308 5957 6186
5948 6568 5696
6254 6244 6005
6812 5608 5277
6664 5962 5631
5866 6462 6081
6326 6322 5841
6683 5886 5707
6512 6153 5797
5654 5854 6538
6013 6501 5905
6456 5949 5997
6550 6237 5473
5906 6514 6040
5847 6601 5655
6685 5683 5800
6148 6050 6247
6185 6406 5869
6793 5822 5074
6209 5443 6421
5904 6133 6329
5786 6464 6110
6599 6210 5348
6847 5587 4993
5425 6512 6085
5923 6610 5596
6233 4993 6395
6617 5875 5775
5549 6030 6496
6357 6343 5754
6647 5789 5806
6446 5940 6047
6781 5699 5526
6820 5620 5166
5960 6054 6354
6064 6202 6199
5722 5952 6463
6488 6328 5669
5750 6521 6019
5248 6632 5829
6009 5634 6488
6305 6466 5725
6850 5181 5420
6532 5729 6087
6821 5492 5350
6695 6032 5411
5806 6650 5426
6486 5982 5978
5766 6629 5695
6688 5922 5672
6164 6409 5878
6539 5588 6131
6546 5222 6124
6329 5531 6342
5774 5705 6525
6652 5651 5936
5573 6435 6232
6523 5462 6197
5292 6010 6535
6302 6046 6143
5809 6104 6406
6216 5153 6395
6115 5925 6328
6421 6378 5413
6656 6091 5413
6122 6564 5504
6789 5848 5291
5859 6355 6178
5817 6634 5641
6503 6310 5444
5451 6557 6023
6747 5865 5425
6043 6333 6109
6452 6266 5755
5946 5745 6474
6164 6130 6198
5921 6578 5689
5516 6603 5867
6460 5798 6133
5909 6289 6216
6248 6430 5868
6652 6011 5547
6562 6124 5676
5892 6297 6235
6404 6419 5493
6539 6093 5807
6030 6365 6025
5661 5580 6568
6634 5834 5840
6217 6237 6011
6004 6024 6320
5901 6439 6068
5254 6146 6453
5463 5963 6515
6216 6497 5737
6223 6330 5938
6457 5947 5996
5818 6545 5981
6710 5390 5802
5790 5981 6458
5761 6691 5385
6795 5833 5067
6718 5886 5648
6625 5855 5783
6066 5698 6410
6464 6082 5893
6578 6256 5334
6590 5888 5851
5650 6652 5532
5750 6632 5667
6102 6066 6260
6309 6121 6061
6138 6419 5896
5635 5984 6470
6046 6190 6200
5593 6569 5929
6803 5369 5487
6225 5865 6291
5320 6532 6111
6309 6030 6152
6009 6594 5568
5889 5783 6501
6532 6317 5405
6330 5947 6172
6607 6243 5160
5658 5216 6606
6638 6097 5427
6432 6301 5721
6249 6423 5762
5690 5835 6497
6454 6348 5544
5593 6597 5852
6033 6424 5963
5923 6453 6017
5938 6275 6193
6482 6057 5950
6175 6436 5869
6350 6412 5724
5922 6228 6305
5386 6380 6301
5933 5287 6560
5607 6071 6469
5779 5442 6552
6285 6235 6002
6524 6270 5480
5824 5417 6555
6890 4993 5118
5806 6209 6346
6258 5460 6393
6170 4982 6438
6232 6230 6056
6530 6352 5155
6129 6371 5980
6057 5958 6414
5564 6665 5570
6645 5453 5946
5848 6601 5615
5681 6599 5796
5944 5268 6542
6071 6520 5895
5854 6070 6371
6319 6307 5863
6852 5319 5203
6547 5662 6088
6391 5928 6117
6087 6495 5884
5648 5805 6554
6147 6085 6228
6674 6078 5397
6404 6472 5218
6208 5772 6365
5842 6385 6135
6503 6011 5964
5883 5836 6466
6785 5677 5501
6804 5699 5319
6146 5432 6464
5105 6733 5242
6421 6319 5675
6006 6335 6157
6465 6028 5964
6352 5824 6206
5947 5983 6388
6702 6081 5104
5227 5576 6641
6880 5220 5050
5345 6602 5869
6613 6197 5493
6216 6450 5802
5680 6174 6390
6364 6424 5497
5979 6480 5965
5712 6652 5520
6443 6219 5760
6118 6446 5921
6502 5953 5974
6886 5192 5049
6093 6593 5494
5885 6300 6184
6823 5463 5436
5928 6656 5071
6186 6432 5813
6011 6456 5958
6345 5716 6278
5477 6534 6041
6808 5213 5507
6636 5631 5951
5635 6228 6391
5630 6655 5540
6063 6371 6014
6365 6057 6100
6070 6462 5905
6082 6339 6041
6447 6189 5851
5767 6678 5372
6042 6639 5312
6674 5744 5874
5661 6598 5809
6606 5833 5965
6560 6134 5658
5979 6525 5886
5716 6068 6425
6057 6100 6295
5698 6239 6348
5839 6238 6271
6397 5656 6239
5979 6366 6101
5967 6630 5331
6867 5170 5231
5928 6571 5704
6260 5858 6263
6200 5625 6372
6628 6015 5701
5860 6658 5390
6890 5308 4810
6284 6521 5699
6394 5946 6063
5905 6236 6284
5895 6062 6400
6041 5682 6481
6092 6536 5629
6105 6326 6113
6821 5688 5042
6032 6618 5315
6086 5579 6431
6590 6053 5711
6066 5596 6461
6187 6146 6150
6734 5452 5768
6658 6042 5522
6440 5799 6178
6659 5966 5660
6562 6115 5688
5878 6135 6325
6542 5982 5863
6901 5174 4824
6173 6287 6029
6687 5630 5875
6089 6376 5984
5605 6588 5896
5234 5736 6605
6667 6150 5131
6824 5595 5105
6419 5943 6062
6558 5802 6014
6745 5920 5355
5454 6351 6294
6878 5118 5092
6468 5840 6132
6728 5901 5420
6448 6081 5975
6051 5691 6431
6402 6017 6007
5805 6470 6102
6673 6005 5570
6113 6529 5630
6209 6046 6235
5932 6246 6263
6799 5631 5378
6780 5641 5536
6563 6274 5133
6096 6532 5654
6035 6579 5598
5948 6324 6183
6484 5790 6118
6762 5752 5516
6661 6068 5456
6015 6030 6310
5376 5810 6560
6198 6355 5891
6157 5855 6316
6662 6020 5497
5985 6047 6333
6098 6554 5602
5428 6137 6455
6190 5466 6410
6007 5837 6423
5806 6211 6307
5230 6063 6495
5446 6569 6028
5895 6535 5790
6238 6350 5887
6177 5951 6282
6378 6199 5870
6651 6071 5433
5982 6597 5685
5925 5772 6466
6361 6156 6013
5639 5879 6505
6202 6551 5420
5434 6595 5929
6392 6363 5741
6371 6268 5840
6650 5881 5728
6192 6403 5920
6714 5639 5734
6364 5693 6289
6310 6417 5719
5925 6606 5600
6515 5254 6199
6196 6292 5985
6528 6233 5534
6575 5531 6088
5736 5677 6536
6877 5484 5066
6051 6301 6122
6813 5249 5472
6602 5944 5788
6405 6086 5989
6880 5283 5010
6874 5140 5117
5718 6262 6306
5717 5803 6498
5640 6339 6313
5961 6377 6075
5758 5255 6578
6655 5307 5954
5158 5401 6650
6606 5461 6003
6357 6493 5467
6481 5456 6264
6511 6235 5596
5931 6291 6184
6292 6257 5913
5837 6176 6320
6382 6012 6129
6444 6192 5798
5860 6277 6243
6303 5844 6357
6829 5265 5429
6222 6578 5138
5957 6399 6100
6306 6495 5468
5403 6360 6311
6713 6089 5096
6318 6263 5894
6021 6215 6251
6703 5536 5848
5827 6370 6187
6110 6259 6147
5705 6284 6325
5737 6385 6254
6375 6299 5751
6189 6197 6101
6006 6193 6276
6743 5881 5482
6014 6594 5506
6860 5570 4909
6005 6277 6167
6758 5604 5664
6679 5996 5536
5638 5516 6608
5646 6674 5453
5926 6570 5737
6133 6277 6035
6302 6556 5146
6331 6491 5542
6346 5844 6211
6792 5647 5387
6889 5237 4958
6453 6234 5725
5977 6389 6074
5646 6326 6300
6870 5215 5140
6234 6266 5997
6183 6253 6146
6868 5238 5107
6603 5689 6036
5769 6027 6444
5659 5591 6565
6015 6493 5947
5251 6701 5456
6602 5889 5834
6038 5977 6347
5957 6254 6218
6809 5801 5109
6730 5761 5674
6893 5106 5051
5823 6611 5702
6168 6039 6242
6768 5484 5649
5192 6605 5881
6312 6254 5907
6623 5979 5736
6577 5798 5983
5556 6455 6222
6560 6212 5386
5532 6684 5474
6847 5520 5090
5926 6029 6374
5991 5561 6490
5695 5540 6578
6595 5615 6079
6248 6327 5937
5649 6579 5836
6181 6562 5553
6019 6584 5531
5543 5641 6598
6646 6080 5659
6077 5996 6319
6327 5264 6386
6844 5587 5212
5931 6635 5550
5587 5952 6479
6594 5876 5866
5861 6391 6127
6817 5642 5221
6811 5706 5047
6046 6617 5287
6623 6218 5149
6356 6435 5477
6543 5566 6106
6607 6061 5687
6368 6178 5924
6101 5859 6355
6368 6281 5855
5411 6157 6445
6826 5546 5214
6347 5992 6142
5793 6494 6046
6225 6177 6100
5641 6215 6378
6261 5916 6253
5926 5499 6533
5994 5947 6457
5843 6623 5680
6294 6377 5835
5898 6365 6159
5780 5711 6506
6191 5973 6237
6656 5888 5674
6704 6079 5134
6803 5801 5119
6126 6044 6263
6203 5496 6386
5813 5436 6573
5676 6120 6397
6589 6162 5629
6518 6169 5699
6721 5993 5291
5764 6399 6203
6122 6318 6024
6490 6301 5497
6691 6032 5432
5898 6296 6193
6497 6036 5864
6000 5816 6439
6283 6544 5409
6910 5156 4609
6411 6400 5484
6247 6372 5878
5749 6185 6376
6746 5797 5549
6577 6002 5850
5854 6577 5725
6078 5675 6415
5849 5487 6535
6525 5876 5989
5702 5769 6519
5555 6650 5590
6601 6206 5170
6437 6374 5487
5870 6440 6056
6168 6375 5972
6704 5542 5833
5351 6659 5706
5227 6488 6188
6041 6140 6270
6464 6408 5194
6175 6453 5794
6447 5984 6016
5761 6564 5882
5850 6614 5595
6581 5903 5937
5937 6574 5697
6554 6234 5456
6374 6298 5783
6556 6048 5836
5770 6386 6190
6350 5843 6196
6149 6597 5462
6431 6334 5640
6386 5694 6255
6009 5693 6434
6693 5667 5808
5398 6324 6346
6649 5951 5773
5682 6520 6062
5475 6648 5617
5625 5943 6490
5396 6718 4972
5599 6601 5784
6701 5988 5337
6032 6350 6053
5619 6164 6405
5887 6389 6131
5797 6266 6286
5699 6297 6338
6511 6384 5401
6744 5666 5732
6171 6114 6207
6389 6034 6040
5470 6043 6490
6836 5343 5378
6248 6565 5216
5744 6476 6145
6396 6121 5980
5792 6657 5408
5328 6724 5418
6238 6464 5751
5397 6709 5387
6498 5954 5989
6291 5953 6222
6918 5006 4985
5880 6647 5559
5484 6573 5981
5744 5261 6582
6641 5818 5849
6698 6107 5321
5693 6485 6162
6142 5866 6329
6078 5924 6344
6400 6050 6024
6192 6560 5499
5275 6472 6204
5868 6543 5806
5871 6421 6079
6189 6462 5756
6357 5829 6202
6804 5830 5066
5503 5345 6632
6042 5750 6421
5968 6247 6241
6537 5848 6000
5118 6019 6533
6746 5706 5602
6399 5996 6052
6772 5567 5579
6735 5942 5390
6399 5792 6185
5744 6250 6300
5402 6302 6321
6162 5854 6334
6366 6115 6090
5729 6641 5594
5641 6575 5911
6395 6063 5990
6521 6126 5719
6074 6420 6005
6324 6341 5811
6425 6317 5712
6305 6129 6065
5695 6114 6411
6653 5709 5926
5724 6450 6175
5934 6490 5955
6384 5973 6059
6232 6472 5726
6367 5798 6225
5842 5699 6508
6085 6145 6200
6772 5868 5060
6472 5818 6107
5957 6279 6178
6627 5957 5711
6781 5370 5650
6679 5422 5877
6859 5096 5274
6576 5944 5860
5762 6518 6033
6387 5738 6224
5285 5788 6574
6142 6509 5793
6136 6155 6167
6440 6106 5976
5817 6141 6368
5988 6433 5990
5577 6622 5863
6079 6498 5836
6604 5867 5867
5794 6421 6111
6025 6225 6211
6233 6208 6007
6457 5980 5992
6487 5641 6172
6112 6573 5583
6123 6020 6274
6823 5527 5229
5922 6669 5084
5944 6389 6114
5698 5358 6597
5507 6703 5341
6678 5722 5849
6063 5827 6396
5227 6345 6342
5902 6045 6361
5624 6426 6215
6023 6615 5322
5775 6006 6425
6701 5808 5673
6107 6479 5836
5965 6188 6303
5867 5560 6533
6537 6280 5421
6057 6115 6259
6767 5426 5659
5743 6198 6389
5348 5696 6582
6351 5901 6186
6367 6124 5999
5704 6655 5528
5853 6368 6191
6182 6195 6156
5392 6367 6288
6568 6208 5615
6504 6225 5708
5675 5828 6518
5371 6523 6094
6404 5771 6185
6374 6408 5570
6366 6475 5252
6731 5772 5649
6018 6393 6057
6010 5994 6345
5555 6017 6483
6800 5620 5572
5829 6604 5699
6352 6307 5789
5987 5995 6355
5568 6399 6267
6682 6022 5470
6507 5952 5918
6159 6461 5880
5962 6435 6065
6864 4774 5277
6256 5859 6278
6394 6013 6034
5245 5717 6587
5655 5593 6581
6439 5942 6017
6078 6552 5643
6269 6286 5984
5521 5418 6630
6863 5192 5256
5615 6675 5545
6058 5314 6483
5361 6593 5979
6410 6401 5636
6174 6481 5810
6561 6309 5345
5953 6014 6366
5596 5580 6608
6024 6560 5623
5565 5689 6559
6041 6138 6309
6774 5866 5090
6875 5142 5090
5854 6465 6067
5978 6127 6352
6773 5826 5305
6357 6186 5922
6395 5931 6111
6122 6281 6048
5424 6083 6462
6026 6363 6066
6849 5229 5379
5238 5557 6623
5457 6544 6010
6514 6265 5483
5634 6131 6432
6522 5543 6149
6456 6105 5839
5983 6344 6089
6227 6141 6155
6417 6429 5434
5158 6344 6343
6515 6213 5571
5521 6595 5915
6131 6119 6202
6185 6316 5980
6418 6192 5870
5844 6297 6262
6426 6476 5157
6398 5714 6229
6086 6586 5505
6102 6134 6227
6457 6371 5479
6331 6021 6146
5849 6521 5994
5711 5816 6511
5984 6591 5607
6732 5947 5336
6761 5903 5270
5713 6647 5782
6111 5649 6411
6287 6130 6067
6393 5678 6264
5709 6460 6151
6912 5166 4566
6439 6048 5986
6497 6310 5454
6357 6502 5375
6749 5702 5697
6067 6627 5183
5613 6177 6418
6713 5520 5758
6424 5630 6215
5418 6096 6475
6145 6350 5998
6832 5669 5062
6486 6083 5862
5922 6489 6029
5440 6592 5923
5779 6419 6133
6110 6276 6072
6341 5902 6205
6113 6139 6215
6190 6275 6057
6160 6386 5952
5553 6672 5547
6669 6136 5391
6735 5510 5758
6470 6263 5711
6447 5886 6118
6482 5514 6254
6852 5522 4926
5864 6325 6171
6278 5891 6248
6180 6317 5996
6196 6288 5992
5875 6264 6236
5698 6567 5844
6438 5951 6027
6206 6146 6125
6311 6166 5998
5712 6058 6465
6378 6447 5401
6289 6266 5913
6752 5400 5710
6067 5369 6466
5919 5785 6479
6792 5546 5615
5916 6016 6414
5939 6278 6192
5780 6477 6123
5636 6286 6381
6717 5828 5658
6607 5519 5993
6783 5712 5474
6310 6088 6142
6177 5809 6401
5832 6038 6401
5928 6414 6125
6104 6622 4829
6288 6265 5945
5847 5849 6473
6345 6224 5914
6504 5922 5975
6195 5449 6436
6584 6247 5250
5681 6566 5911
6512 6063 5840
5720 5581 6565
6334 5807 6321
6461 6390 5248
5560 5695 6564
6577 5695 6052
6679 5780 5839
5803 6328 6230
6440 5902 6109
6370 6154 5942
6775 5468 5640
6099 6232 6156
5048 6140 6465
6697 6010 5362
5823 6578 5817
6850 5414 5265
5947 6567 5728
5604 6656 5570
6745 5724 5722
6238 6544 5560
6651 6143 5252
6384 6422 5501
6851 5380 5131
5859 6129 6333
6396 6198 5868
5417 6144 6432
5459 5779 6576
5704 6226 6335
6029 6401 6037
5981 6620 5316
5654 5792 6541
6171 6571 5231
5454 6695 5640
6299 6195 6006
6101 5988 6304
5682 5343 6600
5812 6196 6333
6223 6546 5520
5581 5965 6492
5973 6374 6089
6109 6304 6088
5266 6330 6371
6361 6471 5442
5789 5645 6546
5549 6663 5603
6453 6157 5837
4828 6225 6404
6196 6381 5895
5630 6556 5936
6340 5947 6146
6033 6349 6036
6031 6273 6201
6882 4919 5161
6830 5465 5262
5549 5628 6585
6808 5612 5408
6085 6518 5708
5273 6269 6401
6610 6018 5745
6433 6375 5427
5696 5782 6532
5862 6254 6270
6455 6426 5400
6505 5744 6132
6691 5608 5850
6162 5601 6408
6056 6390 6023
5704 6571 5836
5612 5920 6510
6310 6165 6030
6894 5109 4879
6455 6137 5824
6184 5923 6272
6476 6333 5455
5468 6537 6033
5760 6600 5745
6534 6262 5484
5304 6557 6122
6003 6535 5788
5691 6104 6451
6109 6528 5656
6389 5877 6195
6142 6511 5754
6403 5635 6220
6714 5368 5777
6741 5942 5380
5836 6398 6148
6863 5464 5084
6560 6047 5821
6425 5986 6033
6456 6440 5133
6695 6003 5415
6448 6357 5628
6313 5853 6307
6552 5698 6053
5839 6555 5877
6467 5782 6142
6795 5727 5162
6578 5661 6044
6328 6230 5988
5576 5971 6497
6793 5649 5360
6217 6548 5370
6330 5963 6156
6070 6537 5762
5641 5365 6594
6019 6471 5922
6383 5739 6196
6253 5927 6233
6668 5866 5758
6557 6213 5543
5784 6327 6237
6078 6054 6309
6677 6045 5427
6430 6234 5822
6156 6534 5561
6583 6069 5702
6195 6455 5753
5533 6561 5989
6355 5701 6257
6427 6356 5665
6102 5594 6428
6117 6306 6039
6648 6182 5377
6583 5724 6002
6390 5725 6209
6584 5782 5992
6670 5933 5657
5778 6298 6287
6389 6137 5971
6373 6468 5456
6477 6344 5454
5715 5723 6522
6521 6244 5546
6271 5796 6364
5447 6260 6403
6242 6442 5726
6883 5336 4895
6198 6217 6057
5988 6617 5557
5640 6118 6419
5945 6483 5978
6274 6321 5921
6478 5934 6006
6096 6450 5923
6092 6561 5605
6345 6376 5759
5753 5751 6511
6257 6542 5484
6094 5844 6359
6000 6336 6081
5817 6591 5830
6639 5869 5777
5811 5900 6460
6038 6613 5362
6528 6339 5430
6817 5345 5454
5937 5990 6394
5626 6493 6114
6204 5911 6277
5385 6666 5657
6639 5751 5950
6767 5932 5220
5704 6424 6186
5978 5671 6524
5970 6336 6118
6426 6181 5890
6203 6619 5217
6387 5942 6091
6531 6324 5191
6541 6170 5662
5911 6613 5582
6576 5740 5993
5943 6642 4924
6676 5620 5921
6111 6276 6069
5957 6466 6016
6809 5271 5497
6891 5294 4839
6729 5945 5366
6140 6346 6006
5891 6532 5839
6119 6061 6302
6683 6125 5120
6264 6024 6174
5802 5194 6587
5839 6153 6347
6591 6146 5520
6320 6051 6122
5610 6549 5939
5192 6597 5940
6119 6401 5980
6813 5583 5451
6345 6301 5802
6276 6282 5924
6692 5666 5840
6269 5441 6375
6719 6061 5335
6306 6421 5784
6253 5723 6366
5230 6388 6298
6872 4848 5234
6375 6265 5864
6488 5699 6162
6073 6344 6032
5844 6189 6312
6785 5348 5625
6412 5882 6131
6588 5760 5967
6661 5783 5883
6100 6351 6010
5510 6678 5574
6008 5392 6534
6510 5576 6196
6240 5962 6239
6632 5853 5810
6911 5095 4714
6521 6028 5849
6473 6346 5468
6306 6330 5903
6536 5782 6019
6471 5605 6297
6343 6248 5896
6417 5997 6013
6493 6319 5443
5389 6526 6083
6669 6030 5486
5934 6282 6195
5411 6660 5641
5802 6377 6208
5446 6202 6413
5993 6240 6220
5639 6167 6397
5803 6253 6273
6405 5829 6175
6861 5362 5126
6533 6017 5854
6108 6103 6250
6364 5939 6131
5874 6599 5693
6093 6420 5980
5775 6215 6313
6145 6297 6009
5834 6586 5728
6854 5060 5309
5905 6531 5907
5070 6612 5901
6526 6033 5845
6602 6025 5722
6116 6551 5558
5875 5452 6539
6552 5765 6024
6524 5867 6080
5968 6249 6202
6768 5724 5515
5701 6065 6442
5772 6568 5842
6213 6259 6036
6712 5986 5446
6262 5994 6209
5473 6580 5958
5874 6096 6360
5440 6582 6041
6320 5948 6191
6728 5810 5565
5632 5529 6621
6249 6293 5929
6631 6098 5458
5715 5792 6499
5736 6327 6264
6205 5877 6286
5604 6562 5952
6754 5380 5700
6086 6091 6271
6449 5705 6212
6523 5809 6090
5992 6588 5606
6073 6362 6015
6762 5645 5599
6377 6446 5431
6563 5838 5979
5836 6118 6355
6178 5936 6285
6487 6392 5173
6763 5751 5584
5655 6553 5935
6734 6043 5110
5345 6672 5719
6208 5608 6367
6087 6234 6160
6353 6365 5779
6829 5762 4999
5738 5654 6563
6161 5989 6296
6191 6359 5951
6542 5884 5965
5717 5700 6549
6288 6188 6057
5620 6506 6127
6431 6292 5812
6770 5826 5473
5391 6653 5644
6509 6184 5785
6195 6337 5926
6461 5753 6192
6362 6179 5943
6066 6360 6023
6006 6001 6347
5633 5900 6524
6144 6297 6012
5626 6585 5887
6314 6066 6117
5669 6204 6366
6594 5942 5830
6585 5879 5951
5984 6114 6339
5644 6349 6273
6644 5852 5778
5570 5984 6510
6019 6583 5580
6569 6099 5697
6452 6148 5928
6094 6284 6158
6701 5462 5858
6558 6291 5399
5231 6704 5464
6813 5681 5104
6254 6130 6141
6592 6224 5376
6280 6199 6037
6374 6221 5895
6188 6106 6199
5384 6657 5748
5850 6487 6092
6710 5731 5798
6869 5436 5083
6423 6151 5947
6262 6088 6169
6052 6182 6225
5560 6011 6478
5209 6109 6481
5902 6249 6228
5645 5419 6587
6847 5690 4967
5607 5561 6590
6505 6079 5831
6012 6149 6294
6839 5642 4984
6020 6582 5648
6398 5940 6074
6576 5457 6119
6408 5594 6340
6143 6524 5620
6765 5286 5711
5989 6040 6331
6175 6533 5603
6660 5792 5801
6451 6090 5938
6832 5358 5313
6536 6240 5426
5766 6376 6230
6136 5879 6342
6031 6468 5936
5209 6647 5800
5562 6412 6280
6064 6287 6123
6628 5589 5970
6817 5585 5320
6183 5678 6383
6572 6194 5512
6120 6229 6147
5465 6649 5685
6503 5913 6066
6519 6293 5437
5943 6182 6319
6243 6168 6058
6313 6174 5993
6366 6232 5875
6035 6326 6133
6491 6119 5827
6560 5949 5923
6030 6641 5288
5977 6503 5938
5985 6239 6262
5465 5758 6557
6811 5613 5321
5738 5274 6595
5537 6631 5863
5481 6036 6513
6320 6149 6020
5840 5432 6552
5900 5740 6481
5788 6150 6392
5827 6582 5751
5988 6584 5672
5842 6149 6323
5817 6636 5602
6621 5686 5992
6762 5582 5639
5738 6635 5653
6141 6066 6238
5443 5503 6643
6614 6142 5430
6711 5987 5378
6368 6021 6079
6640 5809 5940
5730 6437 6162
6127 6226 6198
5806 6433 6095
5518 5665 6621
6786 5745 5377
5896 6656 5357
6198 5905 6296
5233 5563 6628
6880 5113 5133
5317 6321 6354
6584 5933 5880
5554 5708 6577
5625 6666 5466
5719 6634 5769
6072 5645 6445
6399 6442 5450
6534 6114 5813
6516 6342 5416
6141 5900 6320
6240 6188 6084
6588 5986 5812
6563 5918 5935
5458 6673 5615
5383 6640 5802
5808 6364 6195
5269 5512 6641
6137 5614 6415
5984 5773 6463
5731 6700 5106
6399 5886 6145
6320 5476 6359
6343 6181 5925
5889 5721 6504
6005 6584 5608
