70 3
5581
57 93 137 66
177 222 221 264
73 53 73 193
249 178 156 116
229 32 146 297
206 6 131 223
282 264 149 136
136 49 82 192
141 219 257 151
273 11 115 46
196 20 71 145
197 226 261 126
90 239 123 129
77 87 52 59
183 34 27 19
82 109 43 56
160 132 206 133
275 21 11 171
173 81 16 70
139 109 29 61
181 283 189 257
70 74 149 85
239 175 235 21
116 277 208 275
242 246 240 217
100 250 88 272
163 235 42 2
177 202 63 190
186 84 279 88
289 128 173 228
136 240 82 251
51 289 60 292
236 132 42 168
83 261 140 245
196 14 80 205
216 142 95 102
58 207 189 48
167 194 108 3
135 189 87 18
12 278 10 80
110 51 247 25
12 87 103 40
232 182 78 148
156 5 82 213
211 104 93 79
130 201 213 97
222 132 114 233
110 123 13 53
6 92 77 149
11 12 189 243
193 266 91 181
270 6 227 15
109 20 93 238
53 138 36 275
270 149 41 212
105 186 264 242
277 174 92 288
185 280 64 211
79 154 92 181
291 19 195 100
171 120 171 223
258 39 31 61
187 204 272 124
90 237 67 199
243 158 187 128
270 250 171 181
237 263 62 228
114 90 161 117
42 32 173 132
70 203 192 89
1487
8065 5959 6889
8140 5648 6838
6978 5956 7980
6688 6784 6769
7392 5809 7797
8171 5580 6383
6871 6789 6538
7273 6384 7562
7890 6420 6513
7771 5787 7479
7302 6288 7671
7344 6587 7158
6906 6634 7352
7244 6598 7187
7499 6358 7428
7154 6387 7640
7327 5804 7868
7635 5888 7619
7278 5747 7897
6751 6657 7331
7902 6400 6883
8140 5581 6877
7926 6286 6989
7772 6069 7298
7533 6481 7224
7780 6340 7063
7467 6560 7092
7948 5664 7259
7603 6309 7310
7799 6396 6937
8046 6022 6932
7080 6560 7431
7936 6111 7148
7769 6077 7321
7009 6423 7709
7475 6627 6825
6990 5984 7945
7614 6149 7470
6812 6776 6608
7087 6574 7394
8109 5959 6701
7638 6515 6980
7139 6470 7547
7190 6338 7682
7979 6370 6342
7812 6052 7344
6568 6773 6996
7953 5938 7150
7374 6150 7723
6849 6624 7421
6823 6748 6948
7616 6094 7511
7050 6435 7689
7794 6083 7296
7889 6237 7056
7144 6096 7844
7018 6733 6825
7724 5946 7473
7324 6201 7706
7176 6079 7897
7233 5928 7934
7758 6335 7125
8117 5858 6862
6737 6792 6740
7468 6114 7617
7987 6076 6979
6885 6679 7248
7613 5733 7651
7450 6359 7519
7800 6511 6676
7755 6238 7255
7687 6549 6797
7318 6470 7453
7093 6559 7380
7020 6532 7503
7176 6613 7231
7342 6700 6647
7748 6487 6940
7807 6358 6974
7499 5912 7711
7478 6514 7234
6948 6743 6891
7212 6569 7337
6942 6432 7693
8080 5701 6969
7434 6533 7173
7254 5951 7862
7872 6422 6699
7307 6074 7760
7759 6311 7159
6749 6448 7769
7044 6004 7941
7969 5896 7123
7302 6565 7293
7613 6144 7471
7600 5942 7566
6810 6383 7834
7189 6312 7792
7963 6106 6949
6900 6641 7313
6824 6569 7496
7576 6245 7501
7872 6127 7195
7503 6528 7174
7008 5748 8064
7470 5807 7771
7102 6592 7342
8018 5732 7138
7628 6446 7085
7369 5904 7842
7319 6411 7524
7700 6269 7292
7045 6492 7585
7466 6625 6970
7608 6100 7497
7388 6587 7137
7002 6543 7539
7814 6089 7250
7688 5765 7589
7458 5838 7756
7181 6015 7893
7019 6180 7874
6962 6003 7972
6696 6673 7319
7534 6115 7539
7444 6634 6973
7718 6283 7233
8064 6276 6454
8039 6031 6963
8016 6313 6596
7552 6466 7204
7184 6414 7622
7152 6454 7612
7797 6525 6783
8047 5849 7033
7280 6462 7503
8068 5824 7045
7041 6166 7828
7675 6171 7402
7328 6496 7337
6872 6022 7982
7104 6728 6731
7516 6406 7321
7529 6631 6278
7364 6564 7142
7898 5700 7344
6893 6775 6694
8169 5813 6382
7842 6471 6661
7021 6665 7185
7342 6545 7254
6617 6781 6899
7220 6669 6951
7717 6014 7425
7288 6660 6812
7413 6402 7449
7302 6596 7241
7627 6520 7013
7063 6434 7638
7051 6642 7254
7742 6323 7222
7098 6723 6738
7886 6432 6541
6914 6676 7190
8018 6230 6766
6773 6716 7109
7900 6219 7013
6913 6151 7931
7128 5945 7932
7278 5842 7882
7882 6394 6929
7799 6306 7063
6830 6132 7941
7032 6202 7855
7358 6450 7414
7507 6180 7583
7708 6023 7477
6942 6670 7233
7696 6560 6640
7901 6404 6504
7991 6028 7028
6467 6782 6873
6706 6455 7673
7765 5880 7472
7182 5959 7907
8075 6087 6761
7775 5796 7461
7588 5892 7603
7756 6231 7339
6471 6742 7098
7822 6502 6673
7186 6712 6852
7637 6462 7062
7465 6518 7188
7906 6001 7169
7365 6368 7615
7320 6043 7769
7553 5909 7647
7289 5690 7889
7929 6202 7048
7640 6384 7303
6886 6700 7170
7910 5996 7170
7362 6043 7766
7889 6447 6499
7348 6165 7693
7596 6209 7472
7597 6512 7071
6917 6673 7172
6929 5607 8097
6670 6712 7163
7888 6128 7114
7235 6426 7557
7014 6551 7499
7243 6292 7700
7411 6531 7221
7254 6721 6650
7066 6090 7923
7407 6554 7214
6819 6626 7392
6454 5282 8132
7063 6717 6921
7494 6512 7178
7589 6366 7345
7608 6123 7486
7740 5794 7486
7027 6230 7850
7979 6232 6936
6967 6445 7654
7810 6416 6830
7804 6292 7053
7290 6685 6677
7473 6493 7249
7362 6532 7312
7436 6066 7713
6800 6510 7601
7492 6005 7688
7172 6094 7840
7357 6614 7135
7535 5920 7683
7129 5936 7921
6968 5918 8009
7874 5878 7324
7390 6213 7670
7593 6388 7287
7451 6428 7357
6994 6588 7352
7381 6595 7101
7978 5767 7197
7548 6114 7582
7124 5980 7900
7912 6396 6562
7136 6549 7452
7678 6507 7035
7078 5947 7947
7450 5889 7774
7777 6519 6829
7266 6094 7797
7726 6342 7187
6631 6332 7882
8027 5969 6988
6865 6537 7559
7350 6110 7734
6629 6691 7265
7504 6278 7484
7358 6641 6953
7301 6291 7693
7099 6705 6860
7722 5995 7496
6914 6805 6435
7451 6502 7252
6739 6779 6852
7836 6263 7102
7515 6350 7409
8152 5616 6787
7821 5848 7429
6576 6760 7001
6802 6578 7499
7740 6326 7179
7145 6499 7494
7532 6245 7522
7670 6580 6714
7652 6434 7140
7816 6407 6863
6983 6006 7947
6997 6686 7062
7413 6505 7287
7065 6583 7397
7317 6414 7493
6643 6632 7408
7765 6378 7100
7504 5894 7685
6671 6730 7101
6724 6795 6637
7846 6054 7300
7444 6087 7669
6963 6729 6952
6583 6640 7415
7630 6532 6903
7722 6507 7014
7521 6456 7288
7228 6624 7138
7556 6229 7511
6317 6790 6869
7378 5747 7843
7076 6716 6870
7956 5706 7248
6622 6806 6584
7526 6144 7585
7289 6488 7444
7800 6449 6796
6955 6669 7182
7098 6502 7484
7743 6390 7080
7835 6167 7178
7681 5843 7603
7653 5759 7623
7195 6303 7732
6786 6537 7571
7033 6676 7067
7346 6138 7759
7511 6560 7071
6983 6350 7814
7608 6403 7274
7600 6509 7061
7556 6491 7173
7273 6492 7464
7360 5934 7811
7484 6491 7245
7390 6423 7448
7015 6389 7707
7180 6351 7665
7290 5765 7870
7773 6118 7285
7060 6396 7684
7417 5933 7739
7204 6706 6755
7236 6667 6842
7819 6512 6537
7373 6317 7597
7602 6318 7396
7756 6454 6957
7582 6062 7536
7430 6617 6998
7024 6615 7334
6776 6433 7716
7711 6532 6763
6045 6799 6851
7289 6327 7620
6773 6684 7222
7772 6455 6909
7693 6356 7223
6671 6162 7937
7220 6672 6844
6695 6779 6873
7412 6551 7124
7458 5805 7800
6723 5417 8116
7925 6422 6488
7397 6003 7751
7330 6583 7166
7590 5894 7600
7827 6467 6724
7696 6434 7119
7285 6310 7658
8005 6236 6752
8160 5979 6650
6613 6526 7583
6955 6739 6831
7382 6046 7717
7295 6483 7461
7693 6364 7181
7829 6500 6630
7141 6557 7376
7758 6099 7313
7785 5790 7451
6688 6181 7919
7586 6484 7092
7796 6438 6875
7760 6208 7268
7799 5774 7443
7674 5876 7547
7400 6572 7114
7398 6041 7743
7413 6507 7266
6520 6805 6742
6695 6709 7224
7408 5769 7820
7514 6629 6748
7326 6239 7703
7810 6156 7246
7618 6519 7060
8104 6017 6665
7089 6379 7757
7856 6481 6539
7709 6553 6458
7752 6466 6862
6966 6747 6809
6396 6748 7103
7259 6163 7758
7723 6532 6552
7512 6429 7314
7656 6167 7428
7294 6304 7635
7968 5784 7243
7734 6238 7273
7170 6664 7173
6808 5975 7989
7526 6616 6801
6880 5957 7982
7586 6109 7500
7628 6001 7532
7623 6395 7207
7962 6039 7074
7409 5955 7775
6879 6510 7589
7330 6225 7695
7055 6667 7064
7637 6601 6902
7267 6497 7447
7885 6352 6990
6963 6504 7649
7594 6335 7332
7051 6383 7694
7799 6359 6970
6508 6803 6771
7743 5772 7493
7855 6068 7196
7964 5862 7211
7764 5844 7482
8065 6104 6858
7051 6715 6950
7482 6536 7124
6570 6770 6940
7159 6612 7236
7865 5848 7408
7316 6043 7775
7892 6096 7183
7679 6386 7226
8051 5998 6964
6387 6734 7211
7121 6685 7023
7723 5989 7448
7903 6215 7011
8142 6099 6620
7003 6484 7610
7918 5820 7328
7618 6046 7519
7536 6402 7319
7042 6687 7008
7508 6515 7111
7518 6043 7649
7605 6529 7016
8064 5902 6962
7993 6193 6861
6779 6628 7355
7044 6099 7926
6926 6042 7978
7591 6559 7019
6654 6758 6975
7110 6094 7865
7797 6388 6956
7281 6513 7383
7628 5995 7539
7013 5798 8031
6997 6701 6973
6867 6438 7698
7172 6603 7242
7775 6305 7125
6861 6352 7861
7715 6347 7220
7286 6680 6788
6774 6653 7317
7603 6307 7333
7016 6129 7905
7372 6101 7731
7160 6601 7271
8060 6006 6924
7801 6526 6429
8058 5841 7091
6763 6733 7035
8006 6279 6604
8017 6271 6662
6958 6454 7682
7662 6049 7495
7522 6584 6935
7891 6408 6825
7779 6286 7217
7715 5810 7546
7502 6655 6678
7128 6674 7020
7270 6102 7774
6840 6764 6799
6462 6813 6429
7884 6413 6542
7635 6386 7247
6746 6636 7354
7530 5845 7735
7341 6630 7027
7352 6544 7219
7194 6460 7533
7530 6248 7479
7608 6461 7095
7353 6681 6612
7446 6277 7621
7332 6019 7776
7124 6369 7703
7738 6455 7026
6907 5618 8095
6774 6769 6798
7621 5855 7628
7631 6488 7045
6482 6809 6458
7752 6106 7343
8089 5995 6878
6931 6690 7059
7350 6655 6834
7693 6368 7139
7378 6367 7564
7607 6464 7179
7675 5899 7514
7158 6540 7449
7900 6213 7094
7605 6537 6974
8167 5822 6777
7416 6660 6772
7964 5877 7197
6567 6802 6711
7912 6004 7151
7454 6490 7331
6657 6757 7071
7778 6102 7261
8147 5853 6789
7298 6077 7850
7194 6667 7039
7312 6055 7805
6409 6716 7188
7736 6485 6969
7266 6080 7802
6941 6514 7585
6599 6800 6694
6586 6731 7096
7022 6240 7835
7550 6327 7455
7120 6550 7383
7785 6375 6978
7367 6465 7383
7505 6569 7038
7242 6663 6841
7510 5885 7718
7334 6195 7696
7661 5961 7514
6995 6648 7225
7969 5963 7084
8095 6056 6749
7803 6329 7056
7204 6582 7332
7005 6341 7811
7577 6160 7488
7679 6423 7193
7352 6106 7738
6954 6681 7115
7033 6780 6520
7217 6705 6704
6533 6804 6691
6926 6720 7007
7158 6738 6651
7067 5966 7922
7406 6297 7660
6940 6683 7121
7800 6057 7278
6679 6455 7713
7389 6562 7118
7568 6486 7076
7004 6760 6795
7168 6588 7345
7657 6028 7510
7092 6140 7898
6910 6559 7486
7538 6502 7209
7572 6318 7452
7783 6046 7352
7957 6081 7052
7147 6739 6501
7610 6444 7138
7307 6586 7278
7299 6648 6873
8044 5933 6974
7189 5946 7891
7355 6568 7161
7700 5767 7560
7438 6119 7690
7747 6085 7358
7312 6531 7354
6727 6642 7339
7216 6603 7221
7908 6031 7164
7315 6662 6794
7425 5862 7782
7657 6432 7196
7905 6386 6776
7109 6348 7745
7379 6346 7570
7255 6608 7183
7132 6500 7545
7143 6696 6881
7082 6675 7059
7934 6375 6730
6918 6691 7110
6658 6799 6634
7418 6150 7702
7462 6457 7348
7872 6459 6511
7999 6292 6699
7106 6699 6962
7586 6041 7600
7439 5924 7736
7366 6219 7664
7869 6476 6452
7826 6282 7233
7779 6427 6949
7736 5973 7451
7352 6684 6221
7891 5921 7303
7241 6424 7552
7401 6390 7496
6522 6731 7113
7748 5975 7422
7514 5807 7750
6970 5821 8042
7874 5820 7349
7693 5989 7504
7242 6442 7522
6585 5963 7997
6618 5556 8100
7268 6691 6824
7087 6218 7825
7730 6527 6583
7698 6104 7476
7797 6488 6817
7491 6591 7083
7865 6346 7036
6953 6516 7556
7622 6027 7560
7994 5969 7059
6883 6343 7858
7421 6410 7390
7824 5914 7409
7671 5998 7507
7523 6072 7592
6537 6727 7130
7486 6631 6742
7729 5872 7500
7831 6488 6700
6960 6709 6993
8071 5836 6880
7294 6428 7469
7412 6461 7378
6938 6722 6978
7602 6061 7520
7172 6510 7446
7210 6092 7847
7729 5794 7538
7977 5667 7199
7516 6264 7487
7926 6405 6450
7012 6747 6800
7935 6379 6695
8118 5788 6960
6797 6713 7111
6953 6083 7942
7836 6410 6790
7246 6367 7656
7859 6279 7095
6791 6153 7978
7182 6591 7335
7788 6016 7355
7390 6392 7500
7766 6362 7108
7290 6598 7178
7320 5965 7807
7277 6599 7180
7619 6503 7068
7762 6395 7057
7397 5688 7827
7596 6322 7444
6815 6683 7182
7575 5900 7644
7442 6488 7360
7035 6159 7837
7779 6314 7107
6815 6734 7005
6732 6663 7324
6910 6681 7136
6920 5785 8062
7276 6712 6647
7100 5936 7949
7598 6043 7571
7506 6265 7596
7735 5816 7500
6832 6735 6902
6559 6718 7127
6833 6773 6765
7316 6505 7350
7782 6454 6883
7763 6441 7013
7920 5985 7161
7974 6351 6552
7751 6408 7035
7124 6622 7290
7813 5933 7324
7677 6112 7426
8018 5860 7079
7534 5884 7693
7555 6387 7299
7464 6375 7455
7939 6372 6574
7658 6560 6843
6548 6779 6943
7484 6037 7660
7587 6067 7533
7005 6239 7853
7906 6401 6529
7219 6600 7211
7458 6196 7633
7282 5858 7875
6993 6597 7363
6737 6133 7982
6763 5891 8023
7448 6575 7112
6764 6512 7592
7600 6622 6768
7544 6602 6909
7286 6171 7740
7615 6309 7304
7354 6087 7741
7725 6428 7109
7128 6627 7179
6951 6653 7248
7745 6310 7198
7116 6031 7918
7866 6060 7254
6370 6811 6578
7750 5740 7484
7386 6039 7772
7086 6528 7506
7670 6331 7267
7312 6047 7847
7716 6250 7327
6940 6617 7485
6861 6725 7065
6865 6762 6862
7142 6467 7537
7308 6671 6785
6759 6717 7101
6744 6407 7772
7056 5655 8017
6507 6713 7165
7077 6685 7044
7818 5974 7316
7710 6404 7116
7392 6683 6535
7496 6354 7508
7939 5779 7269
7247 6548 7313
7159 6759 6471
6844 6768 6773
7557 6464 7260
7968 6266 6851
6905 6156 7897
7231 6631 7125
7109 6554 7421
6856 6302 7894
6418 6739 7100
7791 6447 6820
7423 6369 7478
7429 6493 7270
7019 6564 7434
6980 5897 8004
6840 6649 7320
7924 6387 6637
7456 6011 7719
7500 5823 7758
7019 6311 7808
6649 6171 7940
7331 6567 7174
7002 6624 7337
7160 6738 6450
7108 6359 7710
7275 6554 7296
7850 6473 6583
7232 6619 7192
7651 6144 7455
7616 6282 7391
7167 6714 6658
7864 6467 6512
7102 6511 7475
6863 6709 7114
6735 6568 7544
7802 6054 7321
7356 6645 6859
7337 6549 7257
7591 6355 7381
7224 6664 7005
6573 6763 7011
7572 6139 7503
8111 5945 6833
7986 6075 7063
7566 6593 6906
8006 6135 6826
7589 5870 7641
7183 6713 6654
7018 6340 7760
7168 6387 7638
7975 6326 6636
6657 6464 7716
7858 6428 6770
7747 5937 7430
6854 6661 7277
7031 6414 7706
7880 6439 6644
6999 6739 6810
6835 5957 8014
7512 6636 6547
7529 6249 7485
7967 5941 7122
6956 6680 7075
7001 6552 7550
7426 6536 7139
7730 6500 6839
6688 6606 7509
7876 6450 6527
7892 6111 7169
7712 6084 7408
7819 5929 7348
7380 6652 6800
7314 6641 6974
7783 6410 7001
7114 6298 7809
6752 6778 6801
6992 6300 7856
7104 6646 7214
7020 6677 7118
7884 6140 7144
6895 6682 7175
8149 5942 6747
7553 6512 7092
7822 6060 7275
7383 6310 7587
7795 6295 7142
7289 6289 7722
7984 6184 6866
6593 6701 7260
7340 6223 7695
7185 6557 7355
7313 6678 6776
6876 6589 7494
7119 5799 8016
7269 6573 7292
7291 6192 7725
6643 6800 6673
7229 6430 7605
7214 6444 7544
7013 6749 6652
7652 6055 7505
6765 6655 7325
7356 5893 7864
7209 6353 7662
7463 5810 7761
7166 6542 7371
7400 6358 7561
7337 6491 7436
7514 6343 7472
6785 6686 7193
7036 6542 7496
7924 6237 6997
7255 6294 7671
7372 6519 7329
7898 5845 7270
6859 6131 7935
7228 6672 6837
6638 5483 8111
6469 6810 6509
6882 6375 7789
6493 6733 7095
7630 6064 7508
7737 6368 7118
7448 6507 7262
8176 5495 6175
7021 6521 7538
8080 5634 7008
7034 5710 8024
7985 6314 6744
7760 6295 7167
7131 6382 7642
7508 6457 7339
6926 6752 6894
8025 6123 6846
7389 6671 6617
7749 6319 7129
8090 5617 6962
7690 5830 7520
8030 5670 7093
6952 6365 7799
6278 6756 7083
6854 6445 7693
7324 6279 7668
6970 6564 7449
7799 6283 7095
7240 6696 6760
7490 5916 7730
7580 5881 7715
7863 5994 7274
7154 6615 7315
7010 6566 7442
6555 6774 7047
6610 6717 7111
6808 6528 7568
7302 6210 7709
7210 6691 6975
7908 5909 7240
6784 6714 7162
6990 6079 7930
7512 6082 7631
7489 6398 7409
7859 6447 6594
7495 6381 7421
7329 6317 7618
7989 5743 7184
7101 6485 7585
7345 5976 7779
7796 6362 7000
6926 6315 7824
7311 6563 7285
7641 6523 6934
7745 6347 7164
6704 5938 8018
7684 6558 6669
7743 6466 6955
7659 6453 7059
6935 6142 7928
7614 6307 7306
7485 6607 6877
6693 6768 6939
7944 5893 7223
7324 6150 7745
7408 6626 7001
7874 6360 6932
7369 6593 7130
6969 6691 6998
7474 6459 7319
7295 6169 7732
7424 6286 7624
7192 6453 7547
7992 6157 6871
7825 6427 6829
7159 6515 7430
6718 6664 7316
6877 6773 6744
7535 6418 7311
6959 6422 7751
7943 6334 6882
7779 5758 7453
6646 6797 6663
7732 6395 7113
7102 6378 7706
7729 6350 7141
8010 6042 7009
7306 6643 6977
7296 6714 6358
7431 6459 7369
6768 6795 6616
8099 5978 6832
6758 6743 7020
7802 6423 6871
7491 6447 7344
7120 6384 7646
7774 6379 7053
8035 6278 6659
7677 6551 6893
7347 6566 7239
6975 6607 7431
7845 6466 6655
7309 6240 7675
8140 6010 6662
7418 6456 7395
7222 6571 7296
7915 6310 6951
7676 6320 7246
7102 6145 7883
7432 6128 7657
7580 6070 7523
7109 6391 7645
6996 6241 7861
7103 6509 7475
7084 6708 6965
7139 6151 7850
7900 6408 6632
7908 5969 7196
6755 6439 7709
6924 6706 7026
7267 6725 6404
7446 5916 7751
7297 6238 7704
7106 6636 7182
7734 5815 7523
6342 6787 6930
7085 6732 6830
6731 6165 7907
7678 6535 6901
7517 6623 6442
6761 6705 7227
7540 5898 7669
6651 6647 7365
7704 6364 7154
7932 6358 6844
7073 6407 7662
6405 6746 7095
6937 6431 7754
7044 6674 7120
7026 6688 7012
6723 6753 7074
7961 6356 6639
7395 6413 7485
7400 6534 7216
7468 6398 7448
7106 5880 8014
7224 6376 7659
7244 6206 7724
7643 6562 6753
7830 6504 6595
7119 6698 6911
6899 6652 7278
7697 6548 6771
6754 6591 7541
7650 6605 6656
7230 6662 6849
7445 5939 7725
7438 6227 7645
7573 6461 7185
6830 5966 7986
7402 6533 7229
7782 6426 6993
7579 6418 7290
7520 6243 7551
7356 6678 6602
7395 6627 7052
7678 6108 7389
7859 6134 7169
6674 6512 7609
7032 6557 7439
7487 6103 7640
8003 6139 6828
6517 6761 7061
7391 6044 7733
7212 6692 6778
7418 5904 7787
7588 6159 7496
7367 6535 7227
7030 5737 8066
7085 6581 7416
7551 6470 7188
7573 6098 7522
8092 6135 6654
7106 6427 7650
7292 6118 7763
7196 6627 7145
7260 6493 7515
7467 6407 7412
7662 6375 7300
7404 6362 7497
7218 5942 7873
7190 6578 7340
8004 6124 6872
7456 6523 7237
7391 5895 7839
7775 6376 7004
6651 6770 6896
7290 6540 7357
7312 6589 7175
7937 5688 7272
6534 6526 7595
7596 6528 7063
7839 6145 7200
7063 6329 7782
7092 6524 7458
6540 6519 7627
7451 6350 7555
7739 5802 7492
8068 6244 6634
7490 6360 7436
7261 5712 7919
7616 5999 7561
7293 6261 7697
6820 6704 7167
7404 5798 7813
7670 5938 7563
7344 6228 7667
6509 6732 7164
7509 6359 7376
7296 6649 6859
7637 6514 7003
7768 6456 6928
8000 6223 6769
7505 6561 7080
7725 6341 7210
7208 6703 6849
7240 6281 7819
8088 6213 6622
6898 6679 7165
8097 5889 6874
6745 6744 7071
7186 6548 7344
6956 6643 7263
7180 6642 7149
6432 6796 6786
6451 6765 7058
7127 5748 7998
7430 6372 7461
7599 5864 7631
7521 6378 7326
8008 5877 7176
7928 5803 7231
6492 6396 7796
7000 6249 7838
7047 6307 7793
7296 6152 7749
7742 6389 7103
7838 6459 6782
7206 6601 7262
7896 6372 6884
7322 6596 7161
7142 6548 7365
6596 5565 8103
6912 6643 7284
7275 6349 7665
7610 6436 7180
7498 6097 7636
6629 6783 6870
7413 6035 7730
6898 6580 7491
7316 6535 7290
7257 6661 6931
7517 6571 7009
7446 6535 7144
7946 6255 6977
7699 6355 7214
6940 6192 7895
6645 6656 7332
7826 6079 7242
7580 5921 7629
7277 6541 7408
7720 6320 7225
6771 5825 8026
6845 6447 7701
7792 6353 7018
6777 6753 6906
6891 6638 7335
7442 6601 7067
7147 6509 7454
6863 6775 6750
7261 6078 7820
7803 5691 7474
7261 6104 7782
6802 5755 8084
7994 6336 6594
7144 6765 6621
7726 6489 6918
7509 6345 7416
6595 6368 7855
7679 6594 6610
6698 6758 6954
7695 6291 7386
7042 6605 7335
7070 6149 7901
7719 6544 6601
7057 6740 6673
7410 6361 7488
7786 5701 7478
7592 6420 7211
6962 6081 7934
6852 6766 6770
7462 5979 7698
7988 6235 6839
7962 6184 7043
7795 6329 7103
7355 6538 7221
7958 5995 7130
7106 6633 7326
7399 6162 7682
6962 6611 7338
7767 6057 7414
6920 6441 7696
6993 6401 7720
7174 6355 7713
7482 6082 7655
6616 6801 6591
7536 6334 7469
7892 6428 6499
7970 5949 7076
7578 6482 7170
7104 6156 7830
7495 6573 6987
6711 6757 6903
8020 6192 6757
6749 6541 7574
7180 6435 7558
7318 5935 7815
6671 6160 7942
7381 6050 7743
8028 5731 7112
6472 6710 7167
7554 6432 7303
7447 6591 7104
7119 6632 7275
7028 6444 7692
7558 6155 7528
7038 6650 7211
7939 6201 7022
7941 6347 6770
8013 6249 6695
7018 6218 7863
7696 6289 7234
7945 6391 6476
7340 6301 7657
7596 6466 7183
7304 6634 6988
7636 6257 7449
6510 6816 6404
7094 6040 7921
7361 6629 7032
7476 6277 7565
7564 6160 7521
7035 5805 8017
7501 6332 7494
6956 5949 7994
7366 6596 7140
7686 6566 6650
7727 6008 7415
7746 6311 7175
6797 6762 6897
7018 6232 7858
7141 6623 7272
7327 6555 7266
7759 6371 7115
7230 6375 7572
7376 6672 6668
7903 6431 6491
7231 6599 7238
7996 6058 7017
7375 6681 6552
7670 6151 7420
7529 5884 7726
7478 6676 6555
7592 6009 7579
6705 5477 8099
7040 6637 7323
8107 5796 6902
7349 6627 7061
7173 6408 7623
7189 5964 7875
7944 6308 6746
7641 6443 7060
7517 6104 7613
7657 6520 6957
7023 6783 6563
7995 6295 6613
7254 6369 7578
7472 6035 7689
7211 6508 7426
7197 5947 7881
7902 6246 7000
7888 6276 7003
7888 6262 7008
6707 6411 7775
7622 6446 7109
7409 6468 7372
7169 6500 7451
7426 6516 7265
6901 6396 7772
8039 6179 6805
6948 6033 7975
7898 6048 7261
7629 5904 7564
7578 6124 7516
7338 6671 6729
7959 6401 6354
7577 6092 7588
7228 5878 7967
7791 6427 6946
6803 6662 7293
6779 6462 7669
6584 6790 6811
6878 6115 7933
7510 5993 7673
7462 6500 7248
7773 6329 7112
6521 6802 6720
7025 6316 7796
7530 5962 7661
6765 6630 7361
7946 5982 7181
7719 6274 7269
7599 6387 7278
7961 6003 7084
6819 6753 6894
7982 5762 7198
7720 6545 6516
7282 5580 7903
7341 6402 7521
7909 6430 6482
7803 6175 7260
6660 5472 8113
6781 6671 7296
7769 6222 7247
7252 6158 7790
7516 6628 6708
8036 6115 6904
7692 6513 6856
7284 6434 7478
7097 6718 6748
7478 6063 7688
7322 6534 7281
6849 5949 8009
7153 6740 6493
7408 6527 7301
6932 6381 7787
8078 5805 6914
6629 6659 7378
7088 6182 7823
7528 6176 7538
7703 6030 7433
6544 6722 7110
7703 6277 7246
7121 6471 7554
7369 6340 7590
7714 6253 7284
6946 6697 7023
7886 6229 7102
7270 5893 7900
7688 5860 7539
8034 5950 7071
7243 6601 7209
7506 6508 7125
7301 6422 7560
8082 6152 6751
6354 6798 6812
7909 6243 7010
7496 6052 7652
7567 6489 7073
7982 6095 6908
6554 6492 7657
6762 6811 6410
6609 6341 7885
7268 6694 6680
7991 6196 6818
6459 6795 6868
7462 6118 7665
6641 6735 7082
7063 6512 7538
7361 6055 7750
6961 6693 7001
7927 6377 6773
7049 6724 6858
6829 6686 7172
8164 5901 6682
7066 5995 7938
7295 6659 7116
7947 6274 6801
7552 6557 7096
7069 6480 7613
7879 6254 7153
7723 5910 7483
7990 6345 6593
8053 6163 6797
7460 6346 7536
7746 6086 7364
6797 6780 6715
7739 6541 6479
7271 6495 7433
7818 6327 7046
7567 6375 7348
7619 6306 7333
7161 6461 7544
7136 6289 7806
7004 6473 7645
7868 5938 7282
7672 5959 7516
7358 6169 7688
7367 6080 7746
6965 5960 7954
7584 5727 7659
6631 6678 7377
7215 6113 7832
6974 6712 6983
6970 6557 7464
7956 6366 6727
6813 6144 7975
7617 6539 6945
7462 6628 6876
7319 6426 7445
7095 6398 7659
8056 6084 6892
7932 5798 7283
6627 6796 6758
7719 6441 7034
7568 6120 7536
7415 6382 7473
6946 5930 8022
6962 6608 7482
7700 6540 6705
8042 6171 6739
7508 5832 7741
7090 6370 7746
7289 6716 6401
8114 5937 6767
6984 6773 6599
7411 6662 6614
7944 5800 7254
7376 6078 7738
7627 5963 7540
7579 6436 7208
7362 6430 7403
6737 6726 7104
7649 5858 7616
7705 6366 7152
7889 6461 6494
6824 5746 8081
7594 6480 7114
7336 6003 7792
7098 6276 7820
8078 5679 7007
7808 5991 7413
7178 6509 7437
7907 5994 7253
7134 6081 7854
7720 6528 6609
7442 6041 7722
7582 6046 7548
7733 6349 7151
7885 6315 7024
7598 5889 7589
7937 6112 7064
7662 6120 7493
7264 6465 7490
7742 6476 7002
6975 6502 7575
6987 6250 7889
7927 5834 7224
7578 6031 7624
8030 6297 6588
7404 5934 7790
7588 6051 7541
7244 6733 6557
7638 6174 7391
7656 6573 6731
7220 5929 7985
7255 5919 7931
7553 6345 7395
7256 6600 7158
7826 5934 7316
7611 6528 7007
8121 5780 6894
7649 6294 7364
7362 6650 6852
7344 6242 7662
6817 6358 7826
7648 6011 7529
7325 6575 7242
7365 6406 7513
7994 6322 6599
7599 5977 7570
7736 6225 7385
7792 6424 6897
8033 6218 6683
7043 6656 7182
7508 6495 7237
7276 5787 7915
7836 6143 7212
7432 6414 7365
7454 6279 7543
6685 6420 7778
7728 5933 7456
6322 6808 6603
7547 6559 7040
7572 6063 7645
7318 6705 6355
