75 3
5041
272 241 116 89
39 211 281 189
203 253 23 131
255 103 207 91
55 132 43 292
171 69 8 21
74 219 98 195
156 41 158 128
115 107 49 153
18 30 175 220
283 197 51 71
132 90 293 187
222 36 12 93
236 151 245 142
70 43 37 226
84 28 186 198
134 235 183 151
97 190 203 212
87 253 115 52
44 109 238 98
276 249 190 46
232 267 187 2
11 57 60 94
84 79 124 50
14 139 33 242
30 235 155 248
188 269 299 64
210 70 161 187
151 183 232 83
151 119 85 161
175 276 87 91
55 43 140 200
181 172 143 43
239 130 291 128
99 123 24 142
193 185 29 44
68 93 127 51
44 44 211 52
20 130 142 207
172 115 107 186
119 249 61 59
79 52 19 11
8 42 284 200
59 13 243 127
237 202 10 280
245 221 32 98
183 7 137 188
121 243 74 72
26 134 262 236
19 280 79 26
155 63 58 213
207 133 172 144
36 182 257 113
235 288 43 118
294 179 6 247
255 211 152 113
178 114 49 196
95 260 54 82
155 243 294 195
76 299 39 111
181 128 57 116
249 99 66 243
111 72 24 66
115 175 11 292
288 59 188 215
151 74 296 7
17 124 201 93
123 72 36 136
33 224 84 281
24 149 57 266
53 80 164 168
87 174 160 208
65 181 123 49
254 252 55 104
208 88 29 163
2617
8362 7069 7111
7927 6514 8100
7970 7489 7550
8079 6992 7759
7715 7474 7911
7990 6525 8057
7377 6842 8349
7714 7506 7787
7330 6859 8359
7290 7091 8312
7738 7496 7792
7048 6886 8411
7023 7894 7743
7628 7697 7746
8193 6962 7666
7252 7528 8136
8011 7428 7526
7854 6560 8197
7795 7590 7655
6703 7943 7715
7999 7189 7764
7789 7457 7776
7948 7071 7925
7611 7904 7408
7455 8032 7117
7486 7880 7549
6551 6519 8546
7102 6332 8493
8132 6997 7705
8083 7646 6783
7315 8000 7266
8196 7286 7327
8086 6890 7819
7511 7958 7248
7457 7748 7734
6772 8136 6948
7874 6465 8186
6813 8064 7380
8445 6883 6739
7848 7595 7592
8322 6750 7492
8227 6868 7600
7812 7821 7388
7813 7425 7813
8128 7019 7730
8017 6663 8044
7046 6913 8403
8041 7617 7147
7236 7923 7621
7278 6634 8413
7715 7935 7084
7311 7889 7604
8153 7105 7582
6720 7923 7725
7971 7763 6857
7216 6881 8364
8174 7059 7596
7057 7031 8364
7302 8112 6462
7615 7930 7358
7646 7167 8098
8320 7053 7203
7947 7612 7428
8264 7260 7171
7329 6759 8365
7974 7754 6982
6982 7985 7561
8133 7137 7605
8079 6903 7812
8024 7486 7441
7754 7666 7577
7304 7866 7691
7736 7406 7872
6970 7371 8243
7553 7974 7156
6619 8131 7019
7757 7398 7865
7611 8046 6718
7861 7692 7449
6474 7811 7932
8283 6857 7499
8065 6895 7892
8092 6712 7935
7080 8092 7028
7607 7025 8220
7912 7476 7656
8192 6883 7716
8207 6702 7754
7656 7543 7847
7399 6754 8354
7599 7970 7118
7049 8015 7427
8388 6714 7293
6893 7565 8149
7664 6950 8211
8185 6749 7733
8123 6665 7877
6884 6596 8520
7007 6654 8488
7233 7968 7433
6608 8072 7301
7847 7787 7258
7821 7421 7780
8070 7334 7529
6822 7462 8236
8130 7174 7679
7049 7893 7736
7651 7725 7676
7308 7439 8109
7104 6205 8494
8471 6469 7054
7149 8048 7241
6578 7650 8086
7764 7247 7954
7460 7036 8250
6883 6861 8447
6937 6338 8525
8149 6966 7690
7679 6892 8202
8111 6928 7757
7556 6835 8288
7006 8042 7261
7664 7937 7085
7750 7674 7609
6735 6831 8472
8010 7427 7558
7796 7002 8095
7898 7660 7414
8379 6404 7342
8141 7412 7473
7706 7702 7575
6906 8082 7146
7182 7361 8195
6935 8104 7072
7650 7667 7686
7597 7428 7975
8220 7444 6759
7874 7479 7662
7820 7707 7477
7811 7357 7861
7975 7234 7764
8154 7279 7371
7701 7927 7157
7907 6840 8089
8039 7672 7068
6970 7286 8287
8280 7012 7370
7018 6635 8470
7224 6751 8436
8096 6874 7809
8246 7265 7198
8323 6963 7302
7297 7276 8252
7990 6633 8053
7540 6796 8289
7560 7337 8051
7935 7165 7855
8046 7204 7645
8106 7538 7220
7127 7838 7791
6937 8053 7291
7032 6916 8410
7217 8010 7380
8026 7294 7688
6833 8020 7430
7540 7601 7987
7900 7100 7924
8230 7459 6646
6587 7178 8390
6773 7668 8075
7940 7238 7796
8012 7472 7495
7628 7703 7700
7503 8076 6720
8486 6388 6869
7288 7114 8285
7952 7229 7845
6949 7201 8323
8197 6932 7679
7947 7037 7929
7643 6996 8197
7127 7039 8356
7426 7712 7854
7026 7828 7830
7819 7134 8008
8244 7045 7461
7507 6884 8282
7713 7095 8129
8135 6868 7819
7253 7953 7542
7949 6991 7961
7470 7913 7501
8007 7047 7879
7269 7142 8308
7633 7961 7072
8340 7018 7138
6618 7403 8275
8372 6931 7258
7465 6522 8351
8453 6515 7112
7960 6939 8009
8434 6706 7027
7753 6763 8205
7767 7737 7482
8425 6840 6853
7418 7856 7587
7963 7795 6796
7474 7953 7299
7198 7174 8322
7253 7671 7968
7821 7856 7262
7916 6853 8082
6932 6492 8510
7733 7331 7972
7630 7563 7869
7608 7377 8027
6970 8050 7370
7758 7101 8092
7271 7651 8084
8332 7105 7135
7656 7850 7407
7898 7797 7028
7165 7878 7713
7861 7519 7651
6943 6968 8413
7872 7412 7763
7878 7602 7535
8063 6144 7986
7843 7691 7456
7777 6860 8156
7798 7721 7438
7414 6659 8384
7722 7405 7941
8389 6962 6841
8144 6943 7753
8155 7546 7014
7559 8019 6976
7083 7137 8340
8198 7054 7598
6747 6684 8506
7958 7550 7529
8040 6965 7864
8085 7578 7165
8093 6931 7801
7723 7463 7931
7599 7790 7567
6744 7201 8342
8510 6419 6767
8484 6349 6996
7423 7965 7293
7612 6771 8312
6776 6631 8522
8295 6238 7575
8276 7377 6966
7840 7868 6999
7362 7417 8124
6641 6961 8424
7998 6972 7945
7467 7124 8225
7848 7809 7239
7559 7426 8021
8344 7188 6680
7674 7764 7531
7894 7177 7965
8361 6510 7412
7300 6795 8384
7950 7777 6925
8112 7428 7406
6848 7198 8324
7796 7396 7827
7776 7598 7701
7140 7392 8196
7096 7063 8332
8006 6963 7889
8259 7332 6984
7479 7666 7865
7763 7762 7415
8141 7531 7144
7644 7672 7720
8365 6614 7387
7608 7562 7903
8167 6654 7813
7000 7944 7651
7086 8002 7434
6985 7862 7854
8125 6702 7845
7530 7620 7872
7530 7635 7870
7807 7117 8019
8270 6876 7463
7062 7183 8326
7580 7380 8035
8514 6397 6742
8329 7158 6916
8155 7371 7301
8404 6925 6889
7829 7140 7974
7698 7761 7549
8100 7081 7707
8322 7259 6646
7368 7393 8108
8071 6758 7921
8198 7284 7300
8126 7581 7106
7754 7262 7961
8054 7334 7559
8519 6160 6792
7638 7935 7174
7900 6655 8149
7961 7745 7035
8068 7618 7114
8243 7073 7454
8163 7092 7664
8480 6579 6774
7761 6982 8108
7413 7182 8262
7922 7774 7136
8148 6878 7760
7070 7966 7486
7963 7467 7639
8270 7058 7411
8205 7188 7409
8170 6896 7706
8176 6771 7810
8245 7103 7451
8344 6589 7535
8177 7100 7584
7891 7762 7274
7345 7383 8144
7706 7007 8154
8242 7238 7393
7423 7970 7264
7413 7971 7262
8146 6941 7696
7933 7140 7905
8028 7657 7081
6979 7875 7867
7331 7636 7960
8278 7082 7336
7292 7444 8134
8260 6858 7588
7449 7777 7760
7114 7890 7707
8339 6844 7357
7248 7188 8294
7062 6613 8468
8019 6926 7959
7849 7333 7818
8211 6680 7729
7718 7504 7854
8351 6967 7120
8036 7586 7323
7738 6338 8266
7316 7768 7840
6841 7471 8206
8068 6873 7934
6991 7240 8301
7453 7755 7735
8061 6749 7971
6689 8075 7293
7521 7478 8039
8279 7015 7360
8158 7144 7547
8117 7524 7197
8282 7060 7311
7833 7483 7692
6965 6657 8500
8234 6865 7657
7401 7749 7875
7896 7793 7136
7268 7810 7879
7769 6898 8162
7381 7982 7350
6939 7061 8402
7884 7316 7763
7814 7768 7348
6881 8127 7160
6936 7746 7930
7920 7266 7776
6944 7917 7703
6658 8163 6685
7316 7843 7697
8107 7483 7256
8222 6662 7715
8159 6707 7820
7975 6480 8125
6929 6772 8456
7302 7070 8277
7921 7734 7274
8226 7416 6998
6616 7877 7837
6624 6767 8511
6894 7370 8264
7642 7464 7932
8204 7315 7243
7780 7651 7633
6803 7890 7762
8215 7041 7488
7917 7395 7662
7476 7519 7998
8245 6741 7660
8175 7224 7433
7643 7858 7408
7971 7177 7803
7997 6818 7993
7813 7685 7566
6547 6915 8441
8052 7093 7741
7588 7828 7583
8163 7620 6971
7864 6674 8183
7093 7508 8141
6992 7412 8196
8200 7418 7006
7452 7640 7903
7750 7008 8120
7834 7059 8024
6599 7897 7827
6359 7005 8424
7809 7496 7769
7392 7994 7251
8279 7242 7024
7005 7178 8330
7736 7751 7554
8336 6849 7303
7059 6879 8434
7933 7250 7873
7817 7146 7974
6825 8100 7212
7852 7579 7577
7066 6667 8461
7938 7065 7974
7763 7204 8050
7715 7270 8044
7811 7763 7398
7225 7103 8328
7118 7543 8105
7763 7242 7979
8162 7146 7505
8428 6838 6757
8463 6628 6942
7976 6864 7979
8006 7339 7625
8022 7717 7039
7628 7254 8060
7815 7894 6482
8156 6842 7762
6887 8114 7147
6909 8063 7239
6808 7837 7931
7736 7224 8058
7731 7071 8101
8078 7597 7090
7675 7150 8076
8289 6742 7553
7813 7782 7305
7734 7894 7355
7851 7734 7388
6985 8071 7208
7871 7779 7160
7446 8040 6863
8118 7222 7576
8415 6778 7092
8345 6991 7136
8232 7257 7278
8034 7636 7103
8286 6722 7557
8068 7664 7008
8255 7423 6952
6764 6778 8488
7817 7337 7856
7790 6973 8097
8284 6712 7559
8219 6955 7597
7970 7378 7636
8296 7326 6943
7378 7563 8092
8403 6857 7013
8169 7514 7056
7829 6956 8066
8067 6605 7949
7642 8012 6741
8422 6879 6831
7692 7238 8046
8319 6985 7327
7854 7745 7342
7484 8036 6870
8462 6443 7056
7505 7663 7819
7906 6696 8138
7855 7383 7777
7656 7166 8069
7982 7479 7519
7973 6974 7893
7249 6665 8416
7901 7678 7360
7941 7122 7892
7859 7662 7452
6725 6501 8554
7285 6855 8363
7896 7655 7423
8537 6220 6629
6850 8061 7282
7972 7221 7772
7477 7577 7988
8050 7180 7747
8163 6821 7802
7454 6960 8273
7652 7161 8084
7954 7094 7919
8373 6359 7468
7762 7941 6966
8023 7697 7079
8338 7007 7145
8328 6905 7342
7938 7689 7303
8290 7023 7346
7943 7154 7875
7212 7105 8324
7996 6758 8016
7706 6922 8193
7971 7409 7601
7305 6765 8377
8095 7630 7069
7786 7374 7892
7997 7157 7781
7261 7185 8279
8143 7152 7604
7758 7751 7548
8184 7144 7546
7112 7587 8087
7438 7990 7213
8227 7293 7200
8284 6992 7403
8480 6384 6908
7959 7354 7687
7261 7481 8170
7573 7891 7451
7369 8061 6864
7310 8023 7223
8208 6815 7671
6761 8077 7230
8113 6760 7853
8003 7335 7635
8118 7303 7510
8258 7039 7450
7437 6442 8386
8252 7070 7369
7251 7666 7975
7616 6965 8229
8052 7685 6773
6758 6791 8501
8277 7024 7346
7709 6803 8209
7205 8075 7189
7716 7036 8109
7140 7223 8296
7579 7188 8128
7797 7454 7817
8232 6989 7521
8414 6493 7264
7582 7861 7474
7761 7264 7938
7798 7643 7590
7311 7045 8326
8401 6692 7258
8211 7127 7476
7787 7582 7663
7805 6942 8104
7916 7698 7309
7659 7394 7984
8176 7491 7054
8416 6490 7267
8234 6586 7708
7515 7361 8068
7330 7567 8019
7940 7469 7614
7308 7867 7665
7726 7752 7510
8211 7397 7036
7951 7798 6782
6942 7167 8373
7435 6742 8347
8198 7152 7466
7163 7352 8225
7813 7105 8010
8099 6800 7849
7165 7384 8208
7420 6646 8371
7725 7752 7522
7970 6948 7959
7515 6508 8347
7774 7442 7844
8032 7579 7332
8159 7116 7554
7541 7894 7458
7992 7097 7841
6922 7961 7564
7531 7338 8097
7693 7574 7826
7381 7387 8114
6957 7134 8400
8364 6620 7351
7976 7727 7236
7873 7022 8034
7921 7618 7489
8205 7281 7249
7956 7754 7261
8391 6338 7335
6711 7019 8407
7732 6914 8157
7824 7835 7165
8430 6559 7131
8503 6455 6584
7424 8041 6996
8350 7121 6789
7828 7532 7695
7575 7847 7478
8327 6847 7352
7464 7041 8235
7751 7520 7749
7470 7005 8241
8332 6871 7328
7127 6974 8383
8459 6354 7162
7860 7359 7805
7678 7768 7494
7626 7949 7333
7840 7088 8022
7977 7236 7713
6936 6710 8484
7359 7994 7350
8021 7357 7619
7588 7951 7143
8223 6926 7642
6970 6909 8414
8503 6207 6795
7369 7861 7622
6793 7902 7760
7600 7385 7992
8487 6452 6751
7832 7762 7359
7916 7186 7883
8226 7392 7000
7264 6901 8349
7945 7492 7551
7979 7173 7770
7919 6777 8054
8039 6875 7936
8002 7438 7538
7903 7167 7888
6875 7589 8108
8287 7168 7189
7672 7598 7797
7770 6760 8172
6589 7139 8375
7012 7424 8186
7029 6910 8411
7544 7099 8224
7436 7246 8222
7732 7449 7865
7671 7161 8066
6506 6376 8565
7794 7861 7123
7544 7493 7956
7415 8038 7003
8502 6451 6635
8149 7270 7471
8210 7417 7047
7550 7468 8056
6845 7662 8059
7840 6884 8155
8458 6487 7022
7875 6943 8043
8281 6914 7432
7539 7543 7997
8480 6409 6897
7758 7610 7659
7047 7151 8338
8137 7205 7575
8547 6229 6333
7630 7927 7308
7443 6559 8370
8144 7293 7489
8106 7584 7114
7886 6886 8075
7500 6551 8346
7450 7343 8110
7892 7665 7448
7725 7956 7081
6603 6813 8497
8084 6909 7809
8223 7061 7469
7593 7631 7829
7762 6713 8222
7052 8019 7400
7208 6425 8482
7852 7272 7887
6479 7847 7897
7575 7220 8157
8020 6354 8063
8038 6929 7865
7621 7368 8037
8130 6616 7906
7854 7588 7557
7994 7625 7342
8388 7006 6985
8235 7426 6960
7534 7635 7823
8478 6750 6421
7867 6930 8045
7806 7632 7610
7535 7693 7813
7393 7875 7592
7812 7718 7457
7217 7982 7444
8225 6317 7724
8331 6838 7436
8258 6751 7601
8092 7234 7614
6972 7906 7737
7893 7276 7820
8485 6557 6823
8308 7046 7312
7854 7436 7776
7430 6654 8359
7083 6904 8390
7137 7995 7449
7122 6827 8394
6826 6158 8540
8543 6240 6503
7631 7854 7431
8088 7637 6865
7620 7519 7894
7638 7250 8105
7492 8017 7002
7841 7223 7915
7465 7921 7453
8233 6899 7588
8407 6358 7320
7299 6218 8459
7682 7336 8032
7946 7403 7649
7566 7755 7730
8281 7279 6991
7940 6731 8068
8012 6950 7891
8337 7241 6847
8331 6941 7231
7390 7837 7676
7969 7223 7771
7302 8001 7304
6432 6921 8458
7265 8117 6816
7935 7553 7493
8458 6632 6856
8552 6174 6561
7294 6910 8346
7741 7916 7084
6645 7849 7868
7480 6035 8368
7890 7576 7571
8316 7287 6833
8086 7088 7752
7513 6356 8351
8300 7212 7106
7858 7086 7992
7652 7463 7954
7965 7534 7538
7849 7388 7811
8169 7346 7317
8133 7562 7097
7512 6363 8363
8138 6891 7774
7900 7002 8026
7392 7571 8012
7549 6997 8225
8258 7288 7010
7317 7628 7970
7796 7131 8029
7156 7534 8101
8301 7305 6632
7320 7841 7680
8296 6387 7572
7279 8024 7315
7997 7429 7557
8079 7111 7728
6954 7571 8134
7645 7209 8089
6907 7298 8305
7252 7044 8329
7026 7132 8344
8247 6751 7658
8120 7552 7156
7868 7601 7546
7631 7979 7101
7575 7239 8148
7092 8106 7002
7835 7585 7651
8097 6326 7959
7940 7320 7698
7472 7187 8196
7749 7617 7674
8327 7226 6960
7493 7669 7823
6667 7066 8408
7477 6375 8385
8256 7099 7353
8347 7103 6994
8218 7491 7004
7997 7383 7626
8356 6798 7392
7630 6639 8288
7928 7815 7017
7896 7761 7250
7197 7926 7594
8458 6296 7172
7618 6617 8333
8486 6451 6829
7884 7801 7094
7046 7522 8148
7823 7880 7106
7905 7415 7759
8083 7633 7055
7404 7717 7835
8469 6518 6945
6645 6810 8485
7894 7747 7330
6985 6965 8401
7949 6953 8032
8088 7258 7600
7267 7468 8157
7965 7168 7824
7443 7740 7814
7760 6753 8187
8499 6312 7044
7969 7334 7667
7966 6754 8042
6580 6951 8433
7969 7512 7513
7727 6876 8207
7882 7375 7767
7856 7602 7541
7693 7370 7959
8511 6007 6899
8075 7665 6994
7555 6593 8334
6570 7224 8349
7167 7836 7751
7951 7267 7758
8218 7308 7217
7937 7589 7485
7976 7406 7618
7418 7959 7397
8217 7240 7341
7172 7993 7390
7794 7082 8058
8514 6294 6768
6768 8158 6973
7932 7478 7563
7648 7624 7721
7700 7516 7812
7413 8004 7147
8141 6965 7726
8158 7250 7452
6980 7918 7662
7436 7331 8178
7969 6996 7918
8041 7469 7476
7931 6880 8034
7656 6374 8291
7043 7177 8334
7725 7629 7696
8197 6745 7753
6972 7546 8158
8276 7034 7395
8010 7323 7692
6678 8133 6976
7724 6978 8145
6964 6922 8427
8438 6720 6795
8089 7363 7500
7384 8033 7137
7693 6633 8264
7038 8012 7509
8268 6841 7554
7891 7743 7340
7920 7700 7288
6918 7962 7579
7819 6668 8220
7272 6585 8429
8143 6885 7763
8007 7397 7615
7959 7772 7207
6948 7918 7677
7259 7306 8255
8424 6657 7121
7126 7238 8316
8254 7245 7284
7875 7054 8017
7202 7992 7420
7533 6253 8354
6887 6349 8529
8044 7154 7755
8296 7236 6996
7615 6999 8205
7225 7831 7821
8095 6636 7886
7426 8036 6916
7949 6730 8062
8246 7365 6975
7885 7540 7606
7765 7500 7755
8194 7458 7016
7686 6095 8301
8121 6499 7909
7580 7866 7425
6933 7952 7603
7420 8068 6771
7152 6734 8442
8069 6437 7955
7819 7484 7723
7909 7308 7763
7315 7539 8093
8012 6741 8019
7526 7940 7449
7160 7259 8256
7812 6932 8086
6750 7743 8084
8341 7115 7097
7775 7726 7502
7089 7839 7787
8149 6942 7692
8373 6423 7397
8173 7384 7299
7480 6488 8360
6525 6992 8453
7311 8022 7291
7779 7607 7664
7701 6517 8272
7371 8099 6595
8310 7054 7162
7907 7440 7691
7254 6580 8442
7702 7560 7760
7984 7445 7538
7939 7656 7384
7134 7159 8323
6725 7962 7667
7492 8003 7135
7842 7041 8024
7619 7325 8075
7526 7826 7585
8112 6700 7876
7952 6834 8048
6955 7516 8172
8310 6900 7380
7466 7848 7576
6992 8046 7311
8298 7031 7313
6566 7224 8376
8321 6823 7549
7586 7876 7416
8431 6453 7315
8069 7470 7351
7091 7837 7813
7789 7359 7828
8034 7400 7493
7913 7396 7677
8465 6736 6603
8113 7188 7628
7302 7868 7665
6625 7342 8305
7718 7816 7416
8053 6984 7859
7919 7268 7816
7438 7506 8093
8360 6933 7134
7699 7641 7678
7938 7251 7778
8151 6643 7832
8306 6507 7555
8046 7448 7470
7565 7686 7789
7817 7794 7282
7484 7040 8230
8261 6916 7578
8493 6459 6716
8210 7249 7308
7523 7651 7861
7002 7571 8107
8499 6431 6715
8336 6758 7412
8337 7139 6987
8086 6849 7906
7214 7215 8270
7697 7295 7987
6627 6866 8474
7080 7023 8374
7918 7569 7529
8338 7081 7119
6878 6609 8533
7068 8045 7249
8450 6520 7021
7295 7299 8225
7898 7119 7923
8084 7647 6779
7304 7941 7548
8372 7041 6964
7771 7768 7402
7518 6772 8340
8115 6621 7893
7727 6961 8168
8070 7048 7849
7148 7017 8357
7808 7246 7929
8056 7411 7474
7979 6674 8024
6829 7170 8355
6745 8102 7241
8269 7073 7355
7577 7389 8012
7695 8011 6609
7861 7174 7969
7841 7563 7593
7633 7637 7735
7857 7466 7719
7454 7813 7725
8257 7128 7322
7849 7477 7699
8031 7269 7653
7885 7802 7064
8072 7080 7832
7756 6411 8264
6822 7231 8325
7801 6748 8187
7794 6956 8114
7463 7981 7209
8300 7235 6975
7228 8014 7340
8041 7253 7643
7721 7541 7763
8096 6935 7791
7159 7983 7449
8211 7310 7199
8380 7051 6699
8324 7031 7178
7418 7619 7963
7948 7478 7551
7986 7191 7763
7654 7226 8051
8429 6460 7174
7269 7850 7697
7004 7973 7561
6844 8013 7453
7710 7549 7780
7698 7353 7977
7042 8107 7065
6859 7459 8248
8061 6919 7878
8388 6682 7317
7747 7644 7666
8002 7219 7721
7130 8124 6679
6530 7838 7880
7942 7096 7885
8134 7227 7533
8259 7159 7270
7553 7264 8111
7257 6991 8362
8197 6996 7608
8293 6681 7608
8379 6892 7298
7160 7842 7748
8266 6897 7448
8355 6740 7402
7742 7241 7986
8204 7200 7460
8241 6644 7705
7090 6727 8446
7873 7321 7849
8306 7102 7184
8351 6721 7460
8235 7339 7123
6838 7906 7756
8204 7498 6766
7374 6323 8433
8330 6645 7544
8147 7387 7328
7065 6866 8421
7843 7756 7347
8411 6874 6876
7721 7103 8064
8273 6744 7589
8190 7078 7509
8437 6588 7126
7254 6472 8446
8350 6593 7482
8100 7181 7703
7975 7004 7890
7294 6808 8397
7536 7315 8082
7246 7057 8342
8067 7538 7372
7969 7432 7565
8112 7101 7681
8270 7402 6746
6783 8031 7416
8111 6738 7857
8133 7469 7257
7873 7226 7901
8136 6539 7877
8027 6454 8047
8097 7326 7546
7595 7812 7592
7412 7886 7570
7830 7470 7700
7206 7991 7405
8449 6557 7055
8212 7273 7251
8405 6572 7269
7595 7116 8181
7920 7560 7499
7440 8065 6763
7529 7984 7203
7972 6657 8081
8330 7007 7162
7295 8038 7122
7365 8072 6873
7452 7004 8252
6611 7900 7804
6918 8079 7160
8164 7276 7350
7816 7446 7771
8267 7319 6989
7691 7523 7827
7771 7232 7975
6912 7975 7592
8079 7655 7080
8281 6686 7592
7059 6912 8389
6770 7283 8337
8263 6729 7702
6868 7948 7642
7851 7326 7816
7290 7476 8118
8165 6525 7825
6986 8080 7117
8030 7628 7109
7688 7151 8065
8417 6874 6866
8193 7261 7333
7908 7818 7025
7467 7624 7913
7915 7643 7389
7879 7338 7777
7441 6924 8303
8558 5785 6401
8099 7347 7490
7417 7855 7619
7881 7215 7921
7816 7385 7815
7777 6777 8167
8348 6986 7190
6809 6434 8542
8185 7077 7512
7774 6525 8239
7704 7340 7983
7588 6883 8281
7366 7397 8113
6770 6644 8535
7923 7787 7063
7996 7159 7821
8149 6425 7878
8085 7385 7525
7756 6991 8098
8029 7419 7484
7977 7475 7559
7282 6852 8387
7612 7859 7467
8034 7511 7389
7791 7239 7971
7988 6850 7973
8155 7537 7040
8311 7151 7121
8380 6564 7339
6978 7533 8145
7508 7661 7883
7047 7360 8261
7383 7341 8146
7860 7261 7907
8003 7064 7877
7735 7609 7754
8081 7546 7292
8351 7000 7113
7405 7720 7822
8104 6682 7878
7422 6234 8393
7930 7329 7760
7339 7427 8124
7879 7854 6422
7853 7366 7786
8290 7210 7156
7265 7293 8242
7421 8044 6887
8408 6877 6867
7660 7825 7474
7223 7997 7367
8123 6896 7761
7527 7132 8195
7967 7773 6771
7631 7367 8027
7663 7847 7458
6869 7602 8121
7472 7541 8023
7465 7557 8014
8506 6150 6851
7573 7866 7475
8167 7484 7097
7157 7838 7758
8376 7056 6435
7584 7973 7168
7635 7853 7416
8417 6808 7032
7932 7672 7375
7689 7643 7684
7889 7518 7581
8025 7704 7026
7011 7947 7569
7795 6933 8154
7950 7599 7426
7680 7778 7483
8042 6651 8000
8212 7037 7498
8142 6693 7852
8516 6225 6702
7830 6949 8084
8456 6689 6880
7387 7888 7605
8208 7394 7132
7839 7619 7566
6926 8060 7268
7992 7442 7523
7965 7755 6880
8055 7392 7549
8213 7250 7296
8131 6974 7715
7180 7896 7673
8080 7676 6631
8060 7128 7729
8162 6919 7740
7580 7972 7194
7149 7931 7660
8067 7402 7484
7899 7317 7762
7116 6786 8438
8204 6803 7694
8206 6848 7667
7924 7636 7435
8295 7163 7169
7927 6771 8073
6896 8000 7603
7566 7226 8155
8226 7382 7174
7735 7962 6751
7928 7097 7916
7778 7514 7734
8299 6738 7552
7430 7962 7359
8006 7742 7050
7456 7232 8214
7960 6590 8098
7532 7801 7635
8140 7354 7483
7057 7515 8171
7059 6567 8477
6728 8013 7473
7899 7718 7404
7844 7467 7731
8243 7007 7490
6549 6974 8439
7883 7501 7653
7877 7578 7570
7709 6351 8273
7490 7338 8115
7058 7958 7547
7513 8042 6837
8334 6761 7409
7723 7852 7400
7469 7469 8057
7368 7039 8281
6907 8003 7521
8205 7292 7222
7469 7384 8101
6739 7002 8414
7746 7485 7812
7748 7346 7904
7679 7481 7875
6669 7935 7719
6588 7932 7727
7102 8149 6692
8159 7515 7015
7809 7911 6809
7121 7887 7773
8060 6829 7950
8268 6884 7472
7887 7800 7145
7694 7990 7058
8076 6881 7869
7485 7969 7209
7879 7826 7085
7089 7806 7902
8232 6653 7716
7967 6747 8060
7005 7336 8272
7716 7109 8070
7381 7332 8157
7708 7135 8085
7060 8008 7450
7474 7891 7476
8172 7161 7504
8214 6998 7590
8042 7625 7123
8176 7475 7096
7384 7860 7623
7549 7996 7181
7378 7624 7958
7757 7658 7618
7624 7466 7962
7361 7613 7966
8081 7522 7298
7463 8060 6795
6594 7117 8420
7389 7201 8232
7719 7874 7406
8009 7210 7739
6866 6882 8442
8247 7266 7175
8100 6857 7826
8332 6935 7257
8178 7258 7411
7089 7124 8327
6701 7876 7816
7476 8028 7146
8282 7136 7199
8053 6644 8010
8002 7361 7650
8316 6875 7388
7911 7418 7666
7743 6754 8255
7049 7987 7491
6362 6484 8574
7877 6720 8111
6795 6938 8438
7459 7460 8107
8145 6585 7869
8328 7127 7160
7771 7690 7527
7438 6974 8282
7850 7843 7102
7030 7497 8184
8099 7123 7713
6924 8111 7049
7772 7826 7392
7765 7701 7550
7483 8000 7142
6453 6875 8472
8102 6821 7838
7881 7763 7233
8172 7350 7307
8405 6965 6674
7931 6754 8090
7441 7635 7915
8467 6428 7119
6686 7042 8408
8157 7303 7358
7248 7906 7659
8267 6928 7413
7710 7974 6880
6707 6996 8422
7744 7317 7949
8118 7625 6976
8091 7437 7348
8512 6052 6861
8017 7195 7745
6960 8137 6786
8085 7524 7267
7519 7243 8171
6637 7003 8415
7939 7350 7693
8425 6652 7077
7880 7847 6636
7975 7627 7418
8199 7059 7573
8287 7316 6981
7788 7640 7653
7403 8013 7226
7325 7033 8282
7637 7929 7225
6846 8147 6807
8083 7318 7626
8286 7110 7199
8040 7411 7486
7717 7640 7676
8164 6568 7868
7146 6950 8376
7868 7826 7105
6582 6314 8564
7550 6718 8317
7269 6579 8430
7638 7673 7700
7552 7747 7810
7049 6590 8488
7539 7870 7511
7944 7126 7882
8476 6508 6884
8059 7096 7735
6973 7916 7691
8094 6887 7850
8197 7354 7203
7910 7794 7042
7481 8034 7042
7668 7689 7670
8210 6747 7707
8011 7580 7371
7525 6872 8324
8402 6892 7091
7734 7973 6941
8203 7142 7470
8440 6533 7080
6551 6510 8552
8416 6907 6832
8392 7046 6602
7387 7972 7297
8375 6927 7057
7048 8094 7052
7596 7174 8171
8146 7106 7613
8184 7288 7315
7665 6915 8200
8108 7039 7701
7205 6920 8384
7311 7430 8132
7900 7456 7682
7048 6274 8499
7916 7165 7889
7677 7497 7861
7095 7356 8233
8260 6956 7456
7434 7964 7263
7083 7819 7915
7646 7623 7727
7413 7912 7514
8054 7683 6803
8204 7331 7201
7444 6961 8269
7524 7804 7594
8201 6979 7595
8373 6688 7344
7569 7888 7500
8286 6559 7617
7829 7731 7396
8523 6539 6575
7584 7950 7169
7804 7537 7692
8134 7116 7637
7063 6786 8445
6839 7211 8335
7972 7383 7627
8290 6867 7409
7943 7499 7557
7414 7566 8031
7810 7215 7944
8533 6419 6560
7457 7200 8236
8240 6962 7564
8280 6741 7612
6885 7010 8409
8066 6545 7972
7607 7504 7913
7669 7717 7633
7831 6954 8066
8318 6927 7337
7706 7513 7805
7246 7841 7717
7534 7613 7845
7870 7721 7423
7061 6471 8477
7745 7953 7073
7552 7896 7421
8418 6813 6938
7681 7836 7473
6816 6892 8452
7642 8003 6908
7579 7311 8094
8372 6993 7028
7423 7708 7864
7889 7218 7888
7683 7670 7682
7830 7098 7983
7051 7370 8242
7675 6782 8269
7154 7272 8269
7839 7855 7095
8249 7104 7397
7561 7425 8036
7552 7978 7152
6593 6507 8540
8177 7588 7013
7455 6408 8365
8090 6906 7807
6363 7793 7934
8015 7400 7511
8315 7025 7309
8416 6540 7213
8189 7541 6761
8049 7663 7069
7626 7634 7825
7660 7452 7974
7461 7943 7478
7426 8097 6721
8153 7265 7444
7682 7132 8165
8203 7068 7496
8404 6488 7281
8471 6537 6841
8555 5935 6358
8380 6640 7336
7788 7547 7657
8121 7604 7063
7020 7145 8357
6776 7950 7673
6993 7500 8172
8214 6586 7740
8390 6280 7345
7149 6728 8443
7469 7947 7403
6879 7423 8209
7939 6985 7995
8076 6962 7816
8259 7211 7208
6440 6399 8561
8196 7440 7031
7315 7055 8286
7728 7616 7681
8313 6948 7337
6551 7974 7621
7378 7935 7527
6883 7524 8169
7071 6801 8410
8157 7217 7560
8217 7394 7045
7239 7711 7980
7917 7756 7299
7081 7985 7461
8262 7183 7199
7064 6289 8496
8475 6677 6838
7876 7256 7844
7694 7846 7414
8209 6873 7661
7845 7676 7510
7919 7382 7680
7263 7166 8276
7529 6991 8231
8249 7120 7355
7586 7662 7818
7673 7739 7625
6485 6542 8542
8469 6716 6552
7870 7886 6988
7468 7846 7602
8311 6911 7370
7273 8037 7328
8019 7569 7391
7282 7435 8184
8368 7045 7095
7542 7915 7438
8061 7336 7543
8109 7019 7748
7733 6972 8147
8065 7245 7628
7738 7872 7330
8448 6607 7037
8266 6927 7445
8262 6922 7475
7063 7502 8158
7771 7530 7725
8476 6406 6933
7656 7757 7622
7041 8039 7268
7604 7720 7719
7652 7246 8045
8098 6607 7925
7071 8129 6991
7656 7613 7741
7833 7677 7504
8184 7234 7395
7998 7696 7178
7577 7892 7425
8158 7333 7350
7813 7889 6784
7447 6941 8281
8089 6767 7870
7066 7391 8219
7054 8021 7338
7895 6899 8068
7434 7136 8276
6735 6948 8421
7850 6893 8105
7823 7648 7570
7288 7422 8171
8540 6032 6570
6941 7776 7927
7698 6370 8291
8143 7235 7499
7577 7051 8223
7253 7875 7708
8183 7399 7298
7808 7438 7779
7934 7628 7430
7041 7067 8388
7454 7319 8220
6884 6886 8435
7965 7330 7671
7409 8098 6789
7356 6455 8457
8027 7291 7678
7695 7740 7591
7444 7343 8114
7085 7176 8331
7945 6639 8094
8096 6796 7859
7678 7657 7707
8233 6807 7667
8009 6361 8053
8145 7521 7189
6609 7553 8168
7295 7914 7615
7494 8059 6860
6681 7182 8359
7467 7209 8186
6440 7862 7868
7893 7836 6824
8027 7628 7338
7910 7777 7122
8028 7606 7237
7864 7811 7144
8441 6218 7197
6981 8053 7288
7280 8041 7172
7898 7070 7969
8272 7045 7346
7163 7227 8264
8077 7587 7133
7403 7669 7880
8066 6926 7857
7344 6602 8423
6773 7641 8102
7729 7482 7831
8029 6765 7999
7651 7839 7540
7111 7058 8333
7637 7343 8011
8139 7591 7047
7269 7153 8263
7978 7654 7346
7677 7399 7963
7619 7108 8166
8289 6883 7445
8177 6861 7738
8257 6931 7462
7802 7447 7772
8277 6737 7622
7483 8079 6728
8425 6682 7046
7825 7771 7318
7596 7258 8083
7046 7302 8271
8495 6327 6979
7362 7899 7579
8443 6679 6939
7146 7965 7472
6914 8023 7422
7282 7867 7678
7524 7637 7829
7313 7031 8288
7777 7865 7322
7661 6916 8230
7854 7634 7498
7714 7324 7973
8217 7086 7461
6650 7885 7833
7787 7835 7322
7699 7513 7823
8215 6742 7709
7747 7513 7754
7011 7418 8188
7330 8020 7215
8189 6671 7796
7152 7863 7786
7336 7828 7806
7137 8012 7409
8199 7252 7299
7281 6995 8342
7301 7077 8289
6902 7987 7590
7824 7889 6764
7860 7865 6991
8371 6818 7341
8208 7293 7218
6876 7585 8139
7248 7839 7743
7908 6760 8110
7760 7772 7415
8005 6797 7978
7489 7151 8189
8276 6918 7446
7413 7508 8041
8068 7512 7357
8387 6367 7388
8493 6642 6502
7637 8008 7051
7776 7910 7263
7982 7208 7761
7807 7328 7906
8214 7385 7109
7010 7960 7548
6596 6653 8533
8072 7574 7337
8063 7485 7440
8269 7256 7142
8420 6714 7076
7975 6804 8002
7430 7853 7601
8148 7324 7400
7111 7999 7433
7387 7890 7566
7658 7675 7678
7905 7517 7561
7970 7592 7481
7850 7097 7972
6963 7121 8387
6865 6222 8538
8250 6776 7652
7192 7879 7711
8223 7357 7180
7169 6971 8371
7481 6990 8264
6887 8075 7239
8056 7199 7647
8413 6834 7249
7898 7790 7081
7534 8033 6910
8365 7142 6694
8372 7082 6652
6995 7983 7543
6988 7359 8285
6986 6700 8474
8225 7269 7257
8166 7321 7323
7564 7864 7518
7017 7244 8290
7789 7261 7930
6678 7189 8347
7739 7360 7970
7923 7364 7714
8317 7280 6957
7004 7953 7566
6837 6935 8426
7631 7669 7762
8221 6528 7726
7497 7343 8086
7852 7656 7465
7836 7695 7450
6790 7621 8112
7642 7605 7821
7342 7185 8250
8335 6806 7371
8258 6989 7452
6676 8034 7440
8000 7701 7169
7778 7219 7982
7922 7786 7067
7741 7774 7491
7518 7267 8099
7973 6825 8010
7808 6738 8159
7775 6786 8160
7894 7286 7798
8297 6598 7560
6891 7402 8235
6948 7426 8205
6647 6680 8510
6856 7948 7644
7580 6995 8229
7558 7846 7545
7928 7447 7652
7986 6769 8003
7640 7163 8099
8100 7609 7014
8112 7327 7526
7729 7549 7755
6957 7748 7929
7373 8062 6838
8448 6374 7192
7802 7187 8019
8217 6582 7739
8391 6898 6902
7745 7524 7744
8350 6663 7470
7182 6898 8389
7470 7905 7560
8170 7224 7485
8030 7164 7753
7078 7336 8241
8253 6940 7489
7932 7834 6786
8119 7277 7495
7954 7392 7669
7409 7530 8066
6932 6961 8418
7775 7540 7711
6999 7191 8343
7852 7787 7206
7634 7475 7912
6181 6554 8542
8184 7046 7678
7618 6702 8294
7454 7513 8028
6927 7768 8007
7436 7657 7939
7486 7719 7821
7676 7800 7508
6727 7526 8166
8360 6473 7467
8393 7026 6839
7999 6533 8054
7984 7139 7847
7688 7917 7216
8256 7380 6974
7643 7614 7730
8229 7023 7549
7640 7062 8180
8457 6631 7012
7862 7092 7973
8147 6787 7842
7387 7741 7955
6782 7879 7808
7642 7583 7843
7670 7522 7834
8055 6212 7980
6922 7470 8205
6890 6495 8522
7961 7763 6951
7651 7189 8084
7445 7835 7802
7534 8067 6719
6900 6825 8440
8200 6957 7673
6841 7386 8250
8140 6960 7751
8533 6316 6586
7646 7897 7332
7221 8050 7178
7675 6327 8309
8179 7202 7408
7869 7451 7708
8206 7363 7184
8119 7006 7737
6788 6620 8507
8052 7681 7015
7514 7813 7593
7471 7677 7845
8416 6510 7244
6968 6756 8463
8156 6636 7862
7210 8119 6690
6355 6545 8544
7637 7547 7878
6929 7927 7679
8269 6802 7597
7327 7997 7280
8163 7233 7452
7839 7725 7393
7234 7540 8094
7125 7998 7435
7995 7683 7332
7200 7922 7643
8096 6434 7933
8207 7288 7243
7315 7632 7975
7924 6564 8114
8307 7175 7011
7897 7713 7413
8494 6539 6608
8076 7605 7248
7840 7340 7839
7344 7868 7643
8018 7739 7064
8244 6300 7723
8014 7480 7490
7835 7877 7120
7772 7759 7468
7731 6238 8282
7732 7512 7774
7834 7702 7456
7884 7559 7643
7090 6842 8398
8077 7020 7806
8028 7488 7410
7472 7025 8231
8239 6838 7621
6396 7233 8347
7920 7379 7670
8350 7160 6493
7277 7282 8227
7998 7070 7843
8429 6514 7169
8492 6574 6677
7407 7984 7275
8033 7328 7611
8210 7433 7005
8234 7164 7436
7012 7901 7720
7497 7964 7243
6903 8142 6861
7477 6670 8341
7419 7967 7313
7174 6990 8365
8232 7351 7050
8369 6524 7357
8099 6880 7805
8019 7399 7513
8489 6526 6741
7921 6956 8040
8527 6340 6644
7026 7290 8286
7077 8116 6978
7725 6766 8213
6986 8025 7359
8095 6738 7869
7839 6963 8044
6923 6785 8469
7670 7319 8043
7556 7097 8209
7744 7355 7897
8267 7285 7165
7968 7446 7579
7924 7784 7097
7373 8053 7005
8325 6910 7288
7176 7216 8266
8108 7274 7594
8176 7070 7589
8293 6627 7613
8109 7626 6874
8299 7012 7352
8250 6977 7563
7273 7984 7358
7473 6388 8376
7971 6857 8000
7858 6945 8083
7784 7199 7977
7257 7876 7682
7818 7658 7519
8232 7153 7443
7459 7000 8253
8367 7048 6800
7232 8109 6896
7623 7738 7669
8203 6822 7731
8031 7073 7839
8277 7147 7312
7929 7367 7673
7700 6846 8216
8160 7434 7291
7960 7191 7826
8086 7199 7642
7830 7828 7217
7949 7303 7768
8190 7173 7462
7975 7303 7705
8016 7369 7570
8212 6738 7719
7093 6826 8409
7198 7924 7617
7216 7703 8019
8139 7257 7524
7063 7793 7926
7172 6630 8437
8191 7473 7255
6758 6970 8416
7914 7565 7533
6606 6912 8460
8084 6933 7803
8044 7635 7084
7696 7140 8085
7003 8066 7211
7988 7196 7754
8124 7020 7704
7223 7969 7431
8121 7035 7721
7069 7977 7522
7820 7798 7272
8140 7231 7509
7885 7422 7704
8118 6923 7797
8470 6531 6874
7889 7846 6738
6573 7614 8121
7088 6607 8450
7758 7768 7417
6949 7586 8129
7963 6961 7952
7106 7760 7914
8011 6982 7886
8441 6747 6769
7699 7311 7986
6935 7722 7978
8294 7095 7293
6759 7970 7663
7709 7105 8079
7771 7772 7395
8355 6692 7407
7410 7841 7623
8220 7013 7587
6767 6498 8542
7921 7359 7738
7063 7940 7576
8074 6639 7937
7844 6829 8132
7976 7292 7754
7362 8085 6794
7127 6505 8475
7711 7800 7449
7775 7048 8081
7689 7810 7449
6831 8087 7199
8205 7416 7090
7026 6960 8390
7802 7935 7080
7898 7312 7785
7648 7849 7418
8278 7058 7338
8042 7208 7702
7556 7182 8165
7876 7869 6661
8117 7508 7239
8216 7028 7471
7283 7797 7907
7116 7401 8216
7656 7952 7125
7362 7387 8132
7676 7597 7769
8261 7014 7446
7912 7284 7789
7057 7357 8229
7431 6896 8313
8437 6769 6922
8303 7197 7036
8037 7220 7675
7485 8012 7017
6719 7518 8199
8171 6929 7702
6895 6714 8481
8525 6172 6669
8190 6747 7739
7498 7015 8233
8156 7112 7564
8209 7044 7480
8460 6734 6767
7422 6126 8397
8168 7273 7377
7709 7908 7289
7396 7578 7989
7396 7719 7878
7605 7778 7709
7114 7362 8225
8035 7210 7676
8300 7062 7261
7581 6783 8297
7501 7834 7661
8103 7505 7281
7654 7697 7684
8208 6654 7795
7517 7330 8177
7624 7255 8075
7574 7536 7921
7925 7547 7533
8539 6294 6619
8383 7049 6603
7498 7414 8079
7361 7977 7405
7867 6365 8202
8406 6636 7259
8257 6981 7460
7887 7077 7968
8160 7180 7486
7979 6451 8072
7085 7315 8253
8281 6847 7501
7703 7086 8179
7649 7666 7718
7904 7828 6939
7615 7907 7378
7859 7459 7713
8142 7496 7195
8346 7186 6710
6660 7541 8174
7860 7475 7682
7965 7776 6826
7124 8137 6692
8098 7628 6984
6998 6460 8520
8336 7066 7160
8455 6763 6724
7309 7068 8299
8096 7570 7183
8067 7463 7415
7662 7814 7566
8419 6686 7078
7902 7736 7350
7480 8006 7121
8296 7338 6856
7310 6803 8372
8376 6905 7041
8266 7362 6967
7796 7342 7929
7749 7088 8099
7612 7071 8210
7673 7200 8059
8221 7280 7208
8123 6989 7739
7630 7848 7467
7883 7836 6918
7873 7871 6749
7243 7330 8209
8299 7099 7189
7806 6907 8093
7897 7621 7456
7407 7991 7201
7664 7505 7906
7236 6604 8470
8303 6835 7507
8432 6526 7142
7315 7763 7842
8048 7148 7764
7836 7707 7447
8029 7735 6937
7912 7728 7345
7563 8017 6962
7322 7880 7643
8293 6983 7402
7939 6723 8074
7739 7827 7389
8490 6368 6818
7519 7906 7458
6723 7332 8328
7200 7349 8237
8389 6772 7283
7892 7621 7508
6988 7853 7790
7700 7699 7668
7889 6823 8091
7966 7237 7765
7744 6823 8196
8087 6525 7938
7771 7047 8095
6754 6942 8435
8132 7481 7308
8274 6866 7508
7852 7370 7785
7365 7860 7648
7142 7956 7557
6611 7841 7872
7495 7835 7588
7750 7948 6930
6840 7973 7655
8440 6737 6775
8448 6853 6348
6772 7315 8320
7257 6679 8405
8414 6678 7105
8446 6714 6785
8101 6640 7879
7774 6979 8140
7601 7252 8077
8064 7188 7667
6791 6719 8470
7064 7131 8348
6863 7914 7711
7561 6380 8335
7959 7309 7719
7557 6506 8344
7611 7220 8114
8482 6650 6760
7972 7123 7874
7835 7325 7898
8246 7331 7151
7884 7676 7428
7548 8035 6761
7126 6797 8402
8337 6713 7540
7319 7764 7816
7745 7585 7708
7570 7603 7899
7413 6920 8341
8243 7330 7155
7389 6745 8404
8153 7435 7322
7615 7645 7778
8383 6870 7273
7211 8062 7176
7532 7310 8097
7004 6447 8507
6709 7930 7702
7611 7592 7846
7010 7932 7612
7298 7431 8121
7642 6492 8322
7291 8032 7211
7642 7176 8091
8025 7023 7866
7714 7710 7567
7571 7856 7486
7816 7470 7739
8378 6500 7388
7733 6991 8138
7809 7614 7596
7387 7969 7337
8440 6703 6951
7864 6759 8144
7740 7226 8012
6775 7196 8336
7418 7881 7563
8154 7270 7419
7108 7177 8317
7856 7441 7767
7134 8058 7217
7881 7623 7493
7575 7424 8024
7762 7776 7401
6960 7558 8121
7382 7906 7576
7261 7670 7969
8247 7346 7014
7660 7923 7174
7584 7489 7996
7989 7302 7695
7814 6905 8091
8182 6868 7717
7681 6628 8290
8466 6535 7005
8098 7505 7333
7723 7363 7935
6929 8138 6878
7826 7117 8001
7626 8028 6919
7786 7557 7666
7673 7919 7176
7247 6792 8415
7933 7536 7553
8019 7283 7711
7512 7413 8067
7263 7360 8194
8220 7111 7455
7780 7499 7788
7165 6865 8391
7588 7185 8151
8357 7103 6937
6541 6928 8454
8010 6809 7962
8361 6666 7359
8401 6613 7322
7405 7021 8337
7318 7572 7996
7523 7145 8210
7819 7752 7418
8165 6832 7795
8075 6961 7848
7926 7351 7691
7873 7634 7473
8032 7327 7643
8531 6050 6785
6779 7628 8089
7560 7950 7226
6787 7915 7773
8354 6481 7419
8175 6929 7681
7870 6605 8165
7362 7960 7538
7930 7506 7610
7873 7809 7157
7986 6551 8056
6930 7759 7943
8025 7647 7308
7602 8029 6858
8315 6895 7401
7707 7649 7670
8143 7540 7026
6777 7782 7950
7871 6847 8119
7413 7386 8129
8012 7188 7766
7866 7340 7776
7497 8009 7031
8172 6593 7821
7220 7887 7673
8111 6619 7924
7261 7916 7600
8319 6871 7382
7877 7458 7657
6846 7960 7642
7900 7502 7620
8081 7058 7755
7603 7512 7948
6799 7333 8307
6757 8037 7432
7777 7077 8065
7449 6610 8352
8085 7460 7338
7481 7055 8227
8133 7055 7695
8168 7289 7335
7075 7491 8143
7736 7413 7861
8223 7115 7445
7986 7541 7499
8019 6566 8052
7113 6640 8445
7084 6740 8459
8472 6347 7010
7557 7251 8106
7982 6665 8065
7559 7903 7410
7149 7584 8099
8182 6473 7806
7360 6878 8356
8085 6967 7799
7947 7013 7935
7072 7292 8273
7997 7657 7252
7097 7616 8104
7060 7980 7514
7641 7525 7853
7834 7541 7682
8198 7300 7258
7075 7964 7509
8427 6754 7035
8254 6833 7634
6606 6694 8513
7902 7077 7960
8437 6667 7062
6954 7413 8192
7853 7724 7379
7043 6603 8501
7869 7324 7786
7717 6762 8221
8021 7680 7157
8195 7516 6981
8365 6572 7392
7919 7613 7498
7633 7852 7457
7160 8052 7201
8363 7100 6867
8202 7025 7545
6994 7346 8272
7220 7202 8257
7816 7820 7297
7868 6869 8077
6645 8077 7250
8380 6932 7028
7591 7117 8196
7245 8098 6883
7240 7102 8316
7839 7405 7791
7078 7376 8223
8064 7669 6694
8008 6650 8051
7461 7763 7727
7839 7274 7884
6836 8152 6527
8421 6656 7208
8043 7207 7661
7656 7616 7720
8148 7294 7435
8380 6976 7020
7161 7177 8310
7661 7944 7154
7909 6548 8121
6862 6907 8433
8221 6771 7680
7785 7728 7464
8396 6756 7274
8045 7701 7018
8129 6714 7844
7318 7570 8035
7995 7101 7831
6617 7887 7791
8273 6609 7687
6835 7876 7797
7794 7726 7477
8422 6646 7157
8021 7561 7486
7776 7394 7834
7241 6715 8429
7450 7924 7503
7991 7123 7856
6935 7789 7940
7756 7123 8051
8047 7346 7570
8310 6976 7346
7742 7288 7965
7503 7683 7815
7311 7622 7994
7733 7836 7365
7739 7924 7123
8129 6993 7715
7292 7775 7830
8010 7119 7825
7008 6956 8397
8276 6739 7643
7732 7707 7558
8162 7445 7284
7717 7094 8099
7671 7388 7984
8188 7067 7516
7691 7617 7718
8222 6933 7609
6544 7544 8185
8394 6584 7327
7981 7505 7534
7648 7206 8061
8082 7560 7219
8295 6855 7421
8375 6796 7316
7191 6461 8489
8354 6634 7417
7128 6774 8429
7727 7932 7098
8086 6737 7927
6975 7432 8186
7388 7893 7563
7702 7724 7600
7831 7736 7373
8095 7435 7334
7993 7077 7888
7714 7665 7621
7615 7493 7933
7619 7193 8122
7954 7796 6694
6494 6318 8566
8420 6947 6449
7489 7723 7811
7487 7457 8099
7966 6998 7919
7415 7030 8287
7814 7333 7866
7994 7747 6836
7543 7780 7654
8042 7311 7633
8274 7122 7318
7690 7808 7428
7774 6717 8219
7948 7813 7021
7841 7686 7465
7832 7536 7691
8302 6394 7570
8071 7516 7347
7057 6189 8512
6411 6140 8574
7534 8042 6743
7398 8039 7071
7356 7912 7592
7570 7840 7541
6942 6795 8436
7591 7614 7838
7716 7799 7444
7558 7357 8080
7818 7204 7964
7210 7716 8032
7561 7725 7733
7808 7002 8052
8127 7533 7147
6962 6511 8507
8032 7231 7652
8025 7670 7202
7082 7761 7925
8519 6081 6856
8157 6667 7827
6776 7922 7750
8211 7035 7507
7812 7627 7576
7342 8096 6815
7939 7335 7710
8374 6947 7070
8092 6453 7950
7863 7642 7469
8501 6179 6808
7886 7292 7811
8100 7302 7549
8539 6124 6742
7419 6466 8414
7586 7578 7873
7420 6708 8368
7728 7413 7890
7004 7945 7625
7756 7794 7440
7450 7100 8252
8089 6713 7915
7751 7464 7806
7990 7572 7410
7708 7036 8138
8298 6941 7366
7681 6897 8200
7682 6870 8244
8321 7166 7120
8122 7644 6745
8273 7160 7269
7815 7763 7335
7826 7695 7507
7780 7005 8060
7757 6762 8175
7347 8087 7095
7742 6903 8159
6911 6537 8502
6775 6896 8449
8327 7142 7104
7062 7440 8171
7436 6984 8301
7862 7631 7539
7091 7248 8270
8249 7307 7165
7284 7918 7555
8042 6705 7995
7399 7858 7663
8212 6877 7651
7704 7876 7366
7797 7250 7950
7558 7561 7947
7291 7387 8148
7642 7322 8051
7554 7150 8182
7707 7760 7565
8099 7608 7044
7695 7275 8011
7579 7572 7886
8240 6978 7522
7829 7102 8045
6801 7508 8222
8061 7158 7724
7874 7864 6963
8194 7338 7313
8329 7167 6890
7588 6968 8237
7429 7146 8238
8437 6835 6756
6793 8025 7447
7999 7434 7548
7801 7507 7749
8044 7627 7095
7433 7949 7436
8274 6802 7579
8013 7711 7110
7991 7234 7752
8032 6936 7900
7133 7026 8343
7985 7483 7509
7502 6973 8244
8037 6898 7900
7529 7872 7575
7810 7610 7585
7637 7181 8164
6857 8081 7183
8377 6539 7345
8033 6934 7879
6984 7908 7703
8228 7353 7151
7211 6907 8371
8097 6969 7783
7053 7347 8248
7592 7392 8010
7968 7754 6992
7699 6604 8262
6921 7781 8020
7497 7808 7711
7763 6857 8173
8499 6510 6651
7307 7962 7412
6993 7672 8056
7352 8062 6932
7424 7971 7232
7870 7840 7094
7943 7634 7359
8107 7065 7716
7606 6956 8279
8364 6601 7402
7357 6756 8357
8366 7085 6722
6887 6836 8456
7837 6644 8192
8083 7462 7395
8047 7150 7804
7651 6907 8280
8152 7377 7332
8187 7009 7604
8318 7050 7303
8148 7638 6770
7190 8093 6988
7526 8052 6778
7988 7409 7577
8381 6698 7326
7274 7625 7982
7631 7882 7367
8503 6351 6771
8107 6844 7833
