75 3
5428
202 165 140 4
254 90 45 89
174 254 71 18
186 103 192 107
65 87 201 24
200 274 291 274
254 166 174 114
216 34 12 118
32 283 253 285
74 297 207 80
84 277 97 269
81 122 209 145
208 110 1 240
84 291 215 38
289 221 283 205
87 295 156 118
111 109 104 184
239 11 263 23
120 193 292 200
15 201 177 55
11 10 295 94
2 43 263 290
263 247 29 50
75 184 168 185
292 104 70 64
114 165 87 233
58 79 266 204
112 275 92 122
285 87 48 119
261 143 109 224
90 269 106 296
153 273 182 278
77 84 42 23
81 128 89 139
39 187 43 150
294 266 104 279
53 283 230 14
127 40 70 49
141 176 46 294
281 60 105 191
275 146 46 56
107 266 194 277
153 70 260 280
36 196 92 221
180 23 67 139
194 269 187 35
145 65 29 258
124 133 149 231
112 28 287 218
293 14 28 279
215 287 259 84
184 51 5 196
73 203 35 266
172 221 2 149
119 162 240 75
295 89 7 239
116 293 289 242
139 17 221 55
137 180 138 21
230 274 216 136
10 250 102 15
4 235 163 122
98 103 197 225
25 203 164 272
29 153 214 167
2 267 54 138
147 24 290 210
297 206 46 140
288 279 154 292
215 149 246 145
85 275 70 241
178 66 213 39
51 260 39 52
227 92 23 207
116 13 249 245
569
9638 8772 8975
10288 7602 7947
9358 9365 8238
9210 9355 8355
9189 9160 8795
9260 8597 9243
9967 8380 8784
9447 8212 9350
9401 8119 9381
9276 8319 9390
9377 9253 8666
9454 8766 9099
9840 8610 8853
9778 8880 8666
9809 8426 9104
9951 8600 8945
8919 8459 9384
9206 9263 8628
9465 8736 9134
9617 8658 9086
9331 8317 9382
8910 8139 9468
9561 8504 9184
9428 9332 8365
9731 9106 8573
9224 8132 9479
9256 8605 9273
9301 8817 9084
10161 8090 8540
9451 9040 8841
9549 9192 8593
9942 8727 8311
9750 8679 9074
9653 9126 8549
10138 8356 8220
9119 9037 8928
10144 8263 8179
9779 9064 8447
9318 8083 9421
9599 8551 9149
8712 8204 9458
8980 8531 9306
9591 8493 9279
9437 8754 9145
9476 8999 9050
9675 8751 9043
9136 8081 9505
9939 8777 8335
10139 8120 8395
9345 8323 9363
9934 8853 8557
9543 9126 8613
9367 8606 9223
9762 9072 8405
9520 8946 8934
9729 8332 9115
9339 7993 9439
9746 8845 8907
9596 8147 9269
9052 8027 9522
9876 8877 8470
9362 8145 9418
9641 8764 9006
9028 8051 9513
9422 8749 9198
9064 9087 8912
9988 8693 8293
9865 8788 8837
9188 8369 9358
9979 8499 8767
9202 9503 8138
9005 7872 9590
8872 8175 9477
9249 8796 9140
9431 9281 8557
9017 7877 9553
9724 8993 8665
9711 8434 9169
9296 9417 8341
9783 8748 8943
9087 8827 9173
9181 9308 8578
9294 8652 9238
9633 8260 9188
9390 9253 8625
9342 8624 9230
9472 9154 8730
9558 9291 8311
9814 8395 9004
9593 8956 8803
9934 8678 8693
9383 8504 9293
9396 8008 9388
10134 7850 8598
9457 8569 9204
9938 8825 8367
8789 7692 9624
9812 8097 9012
9306 8078 9458
9316 9025 8927
9554 9199 8584
9141 7882 9506
10138 8284 8308
9363 8301 9396
9128 9440 8166
9222 9342 8575
9621 8568 9125
9080 7851 9550
9578 9083 8658
10250 7777 8172
9173 8785 9153
9635 9055 8697
9714 8750 8982
9266 8411 9319
9242 8364 9385
9768 8577 9020
10174 7951 8389
9184 8566 9281
9617 8683 9065
9221 9158 8794
9755 8867 8868
9017 9365 8524
9826 8630 8954
9714 9003 8740
9513 8022 9337
9290 9421 8155
9956 8536 8753
9193 8304 9443
9445 8814 9088
8996 8527 9309
9684 8535 9112
9931 8691 8564
9602 8582 9092
10133 8212 8341
9299 8741 9206
10158 8187 8359
9455 8611 9188
9455 8573 9197
9077 8266 9446
9262 8431 9353
10163 8196 8261
8977 7934 9533
8485 7483 9656
9614 8398 9216
9584 8684 9146
9595 9261 8156
9595 8890 8964
10006 8680 8445
9995 8639 8480
9108 7642 9555
10176 8106 8297
8854 7697 9601
9152 7791 9532
9438 8067 9362
9342 8681 9212
9587 9157 8604
9449 8759 9108
9550 8629 9151
9915 8797 8705
9262 9144 8903
9283 8389 9322
9165 8366 9386
10287 7766 7860
9717 9116 8550
9070 8110 9487
9465 9268 8570
10148 8250 8314
9145 8847 9096
9123 7806 9519
8893 8199 9469
9499 8848 9044
9977 8346 8790
9350 8591 9239
9229 9043 8921
9734 9056 8549
10219 8173 8186
9076 8590 9289
8673 8077 9534
9608 8466 9151
9764 8605 9030
9955 8615 8693
9735 8493 9107
8632 7928 9554
9797 8610 8980
9938 8646 8699
10137 8209 8349
9060 8171 9456
9759 8574 9048
9395 8412 9313
9709 8815 8946
9625 9233 8421
9378 8472 9314
10016 8431 8666
10117 8364 8343
9051 9352 8537
9886 8870 8490
9570 8933 8962
9584 9061 8829
8779 7498 9630
10007 8355 8750
9684 9047 8681
9647 8592 9078
10011 8352 8758
9576 8080 9301
9234 9438 8106
9354 9188 8776
10056 8324 8740
8986 8049 9517
9511 8174 9347
9703 8853 8889
9537 8586 9154
9628 8267 9212
8983 8173 9457
9714 8240 9169
9278 8406 9335
9594 8809 9092
9623 8564 9132
9953 8310 8814
9253 8671 9233
9667 8444 9159
8901 7387 9629
9072 8538 9296
9469 9360 8297
9206 8347 9391
9715 9187 8521
9163 8825 9129
9927 8722 8565
9782 8864 8752
8840 8336 9401
9424 9240 8638
9600 8388 9253
9627 9001 8755
9549 8499 9221
9439 9020 8982
10127 8125 8433
9390 8016 9382
9117 8394 9394
9258 8172 9425
10101 8295 8620
9436 9191 8661
9748 9003 8632
8854 7591 9619
9400 8444 9292
8876 7612 9592
9424 8812 9139
10109 8310 8527
9870 8976 8631
9966 8706 8442
9951 8714 8225
9434 9083 8830
9855 8504 8947
9747 8978 8795
9780 9022 8531
9357 8889 9055
9519 8212 9281
8776 7417 9638
9370 9350 8338
9788 8717 8843
9437 8471 9287
9396 8874 9082
9412 8427 9297
9579 9193 8552
9926 8713 8648
9234 8220 9451
9388 9337 8503
8647 7442 9675
9538 9165 8620
9296 8817 9133
9681 8934 8871
9757 8796 8897
9048 9287 8590
9528 8029 9321
9396 8216 9377
9657 9218 8276
10260 7945 8056
10278 7851 7858
10111 8463 8504
9983 8615 8555
9576 9195 8482
9720 8329 9143
9655 8493 9139
8859 7623 9598
9569 8498 9179
9665 8843 8972
8503 7446 9642
10176 7862 8435
9407 8426 9302
9608 8945 8903
9502 8926 9006
9227 8513 9321
9991 8642 8472
9773 8656 8956
8855 7918 9534
9456 8096 9360
10049 8599 8575
10180 8103 8305
9732 9100 8140
9598 8610 9102
9543 9248 8594
9102 9035 9016
9032 8718 9217
8753 8240 9447
9603 8749 9073
9460 8647 9166
9563 9124 8829
9603 9076 8656
9247 8554 9295
9787 8453 9007
9764 8762 8842
9175 8326 9410
9365 9157 8824
10135 8123 8387
9312 8784 9154
9356 9380 8119
9080 8566 9282
8910 8569 9329
9342 7995 9430
9702 8871 8871
9620 9239 8208
9240 8755 9170
9872 8905 8660
9761 8753 8843
9743 8100 9106
8683 7919 9559
9376 9142 8793
9622 8688 9051
9191 8763 9186
9513 8319 9298
9924 8360 9003
9604 8454 9153
9172 9276 8615
9958 8465 8782
9086 9354 8477
9025 7870 9554
9501 8314 9335
9580 9202 8469
9201 7980 9500
9936 8744 8406
9752 8789 8906
9569 9250 8372
8565 7224 9684
9139 8863 9128
9374 9442 8065
8962 8605 9284
9708 8820 8912
9289 9208 8692
9632 8869 9032
9425 9316 8571
9425 9061 8869
9440 9159 8690
8529 7248 9693
8737 7439 9656
10217 7845 8345
9512 8834 9077
9247 8263 9399
9761 8443 9037
9107 9233 8812
10095 8569 8645
9693 8456 9136
9018 8169 9460
9059 8889 9116
9505 8598 9178
9969 8506 8747
9252 9342 8415
9055 9444 8264
9515 8939 8943
9336 9219 8669
9716 8088 9159
9341 9373 8196
10020 8632 8271
9483 8336 9302
9000 8663 9235
8814 8121 9483
9797 8668 8864
9480 9266 8587
9683 8863 8900
9360 8813 9128
9768 9060 8448
9698 9037 8704
8817 7564 9624
9436 8704 9169
8657 7416 9658
9682 9118 8652
9873 8426 8964
9417 9206 8706
9950 8110 8951
9165 8423 9368
9380 8903 9052
9200 8834 9108
9126 7887 9511
9440 8365 9354
9257 8824 9126
9627 8878 8961
9273 9228 8740
9519 8999 8923
9593 8624 9127
9373 8161 9408
9918 8784 8834
9375 8009 9398
9588 9153 8556
9236 8753 9192
9395 8544 9280
9924 8685 8673
10293 7745 7731
9816 9043 8515
9801 8646 8889
9395 9344 8306
10128 8274 8429
10174 8153 8258
8846 7915 9562
9979 8674 8631
9586 8973 8823
9268 9030 8944
9513 9276 8329
9528 9319 8046
9732 7928 9112
9731 8095 9143
8967 8488 9358
9405 8634 9202
9926 8641 8736
10022 8393 8723
9075 8864 9117
10101 8470 8484
9318 7786 9460
9970 8613 8710
9389 8641 9214
9954 8468 8774
9592 9164 8552
8865 8112 9488
9129 8453 9357
9303 8379 9325
10164 8034 8422
9792 8643 8917
9083 7867 9518
9489 9152 8644
9898 8857 8706
9753 8485 9074
9090 9361 8426
9011 8111 9514
9448 8403 9288
9275 8474 9301
9625 9072 8726
9198 9411 8411
9684 8872 8817
9828 8830 8734
9668 8865 8883
9336 8778 9146
9450 9002 8882
10244 8051 8197
9353 9004 8995
9661 9007 8743
10302 7605 7839
9526 9145 8761
9761 8904 8751
9588 8744 9126
10015 7892 8799
10005 8615 8545
9773 8905 8708
9258 8534 9302
9941 8215 8977
10020 8413 8679
9300 8231 9399
8971 7885 9553
9411 8486 9282
9372 8233 9390
10275 7983 8029
9728 8684 8974
9989 8194 8773
9546 8898 8980
10259 8089 8170
9993 8653 8462
10217 8020 8209
9336 8931 9078
10178 8234 8234
9624 8562 9148
9452 8623 9221
10220 7844 8265
10157 8225 8289
9072 7666 9564
9550 9255 8397
9390 9361 8117
9230 9346 8379
9451 9328 8432
10129 8369 8306
8650 7886 9572
10119 7812 8625
8899 8332 9445
8979 9040 8961
9381 9087 8833
9981 8168 8774
9109 8638 9250
9617 9035 8769
10140 8131 8371
9567 8569 9150
9516 8198 9292
9627 8943 8840
9036 7890 9530
9555 8564 9187
9360 9150 8833
8835 8114 9485
8836 7976 9531
9309 8199 9411
9775 9015 8583
9234 9050 8912
10165 8065 8332
10189 8164 8226
9083 9510 7895
9540 8559 9240
9660 7975 9174
8425 6963 9694
9552 8168 9292
9597 9000 8796
9660 8500 9130
9217 8610 9279
10189 7989 8362
9660 9012 8709
9143 9438 8186
9417 8551 9248
9210 8244 9442
10030 7930 8772
9534 8021 9327
9813 8587 9006
9959 8707 8420
9965 8274 8915
9828 8605 8890
8828 8592 9285
8433 6948 9718
9124 9348 8439
8235 7013 9708
9903 8792 8742
9668 9124 8566
9559 8961 8872
9060 8656 9274
9756 8849 8782
8593 7663 9634
10144 8343 8152
9571 8966 8835
10069 8175 8677
9726 8755 8945
9994 8201 8764
9023 8828 9162
9602 9007 8787
10121 8315 8490
9783 8974 8646
8923 8612 9277
9159 8673 9234
9376 9069 8885
9802 8617 8971
9636 8506 9138
9759 8824 8814
9783 8799 8782
9096 8717 9228
8616 7854 9596
9596 8940 8940
9099 7823 9532
9628 9185 8536
9092 7856 9513
9370 8562 9287
9967 7961 8822
9385 8567 9234
10057 8170 8714
9785 8605 9017
9124 9433 8217
9949 8714 8400
8728 8376 9400
9643 8431 9176
8845 8202 9457
10287 7838 7772
9245 8491 9354
