75 3
5529
130 104 20 65
75 283 6 242
274 252 65 26
84 268 161 77
278 57 171 201
228 251 37 79
242 2 112 238
165 75 71 294
179 90 60 253
205 197 196 180
149 93 205 65
193 199 141 172
88 144 73 148
96 109 226 38
242 38 109 108
244 179 102 123
102 293 209 7
23 237 19 5
162 57 69 55
88 43 59 175
186 131 155 114
72 81 152 147
250 93 254 194
271 188 150 205
182 191 212 204
260 63 208 122
119 110 9 206
152 68 213 170
31 68 284 235
280 268 82 63
193 36 257 164
56 239 70 237
262 114 274 222
176 15 176 128
124 17 166 108
84 212 278 247
112 95 15 93
195 228 155 88
96 244 84 151
16 285 89 277
231 195 199 108
209 207 68 166
224 233 273 140
145 84 219 257
11 233 182 205
161 169 125 256
114 209 240 261
27 29 239 258
56 270 198 264
178 265 130 234
31 104 74 176
20 293 265 31
59 147 68 53
16 193 141 261
234 81 223 260
241 294 51 296
264 81 261 274
46 223 208 77
159 115 85 179
108 50 209 298
29 276 51 176
2 192 138 235
105 193 29 47
187 211 43 151
292 136 126 38
60 166 246 218
280 163 97 220
45 138 219 73
247 102 249 248
126 219 17 231
112 177 277 298
88 152 281 80
288 107 250 48
106 29 98 86
192 195 7 69
2309
9156 7456 8089
9310 7174 7831
8826 7489 8960
8023 8417 8830
7019 8728 8349
8927 7212 8970
8462 7884 9083
8577 8185 8519
8841 7889 8246
9348 6986 8007
9152 7340 8388
8398 8278 8603
9046 7576 8227
8690 7746 8955
8916 7603 8782
8296 8333 8689
8303 7989 9150
7810 8071 9268
8901 7725 8542
8909 7523 8833
8397 7674 9259
8707 7853 8846
8257 8210 8916
7974 6908 9487
8821 7856 8532
8445 8216 8651
7550 8420 8960
8954 7722 8359
8122 8320 8903
8644 7872 8885
8845 7862 8292
7898 8666 8348
8701 7408 9117
8376 8332 8249
8208 8165 9064
8989 7477 8721
9105 7519 7937
8623 7804 8995
8715 7509 9090
8004 8023 9298
8571 7519 9254
8909 7453 8880
8689 7386 9134
7881 7857 9377
9168 7415 7857
8349 8277 8761
8353 8297 8680
8917 7256 9006
8286 8008 9123
8520 7840 9064
7344 8696 8414
9308 7130 7964
8388 7487 9305
8045 7329 9432
8093 8167 9077
7986 8582 8479
8636 7573 9116
8754 7829 8750
8497 8130 8791
8293 8185 8945
8216 8115 9055
8115 8513 8518
8552 7731 9094
8451 7916 9041
8284 7848 9267
7232 8415 9014
7164 8783 8046
8238 8408 8503
8920 7740 8520
8218 8427 8526
8295 8169 8949
7755 8072 9315
8718 7670 8983
9114 7514 7991
8805 7934 8528
7882 8413 8918
8306 7946 9157
7684 7382 9495
8226 8224 8953
8766 7969 8489
8186 8119 9086
8718 8050 8179
9217 6946 8551
8952 7490 8782
7875 8301 9082
8168 8361 8783
8776 7787 8784
8444 8317 8385
7419 8005 9336
8057 8379 8858
8386 8043 9005
8437 7935 9034
9125 7206 8616
8299 8278 8710
7784 8121 9272
8621 7716 9075
7562 7906 9386
7962 7475 9431
8215 8422 8569
8593 7972 8868
8792 7942 8146
8093 8279 8955
8179 8116 9107
8868 7530 8852
9419 6832 7581
8142 8395 8736
9172 7323 8449
8956 7559 8696
9153 7324 8464
9163 7318 8477
8960 7477 8787
8448 8060 8910
8214 8193 9019
7992 8077 9207
8603 7777 9024
8384 8253 8687
9032 7618 8293
7724 8594 8580
9235 7342 7951
8910 7852 8227
8047 8382 8847
8045 8564 8332
8645 7726 9011
9050 7567 8334
8940 7654 8663
8770 7651 8989
7731 8553 8771
8156 8303 8876
8522 8053 8830
8194 8335 8829
8967 7728 8133
9192 7354 8273
8395 7934 9123
8220 8196 8998
8857 7682 8765
8709 7852 8794
8400 8063 8988
8069 8480 8737
8696 7893 8763
7987 8008 9309
8829 7891 8480
8110 8081 9157
8952 7105 8992
7780 8215 9158
8778 7805 8728
8076 8557 8281
8558 7918 8932
8071 7811 9318
8650 8075 8511
8940 7662 8504
8632 7668 9084
9011 7697 8046
8664 7804 8909
7819 8674 8422
8761 7891 8653
9106 7372 8515
9268 7172 8277
7999 8435 8828
8598 8129 8527
8217 8458 8432
8284 7264 9385
8308 8369 8565
7764 7281 9517
8103 8474 8663
8605 8127 8503
8890 7672 8701
8441 8084 8985
8825 7433 9009
8579 7968 8887
8232 8388 8615
8251 8289 8781
8340 8229 8830
9078 7548 8296
9054 7136 8870
8882 7806 8472
8464 8309 8322
8899 7209 9011
8663 7938 8754
9204 7211 8419
8035 8078 9189
9033 7604 8368
8895 7386 8965
8605 8028 8737
8752 7971 8506
8625 8092 8539
8845 7216 9061
8740 7748 8892
7880 8377 9055
8495 7665 9205
8987 7348 8793
8120 8417 8804
8858 7301 9040
9093 7487 8455
8286 8137 8994
9125 7511 8018
9017 7513 8646
8412 8222 8657
8550 7729 9113
8045 7206 9449
8768 7239 9149
8424 7972 9048
8332 8334 8620
8536 7919 8950
8007 8368 8962
8718 7903 8752
8214 7421 9359
8589 7988 8820
8263 8344 8622
8666 7450 9177
8747 7831 8798
8749 7564 9067
8293 8271 8796
8072 8275 8979
8997 7706 8184
8616 7997 8710
8047 8213 9051
8292 8224 8843
8680 7919 8781
9100 7515 8209
8953 7654 8495
8215 8315 8754
7743 8421 8932
9158 6983 8707
8386 8137 8877
9181 7366 8088
7619 8697 8378
8965 7641 8455
8898 7777 8626
9106 7245 8616
8725 7890 8767
8612 7890 8894
8321 8395 8523
8903 7282 8994
8891 7540 8842
8627 7581 9121
8070 7783 9344
8281 8337 8642
8148 8545 8271
8304 8271 8765
9139 7363 8354
8726 7860 8745
8134 8438 8591
7869 7634 9418
8042 7762 9361
8133 7168 9406
8944 7663 8501
8202 7893 9263
8241 7808 9279
8658 7523 9183
7892 8309 9033
7942 8300 9088
8114 7808 9318
8249 8367 8648
8322 8141 8912
8202 8326 8851
8308 8124 8972
8266 8476 8426
7808 7662 9403
8270 8214 8854
8269 7789 9300
7939 8543 8702
7232 8802 8020
8407 7947 9055
8010 8225 9091
8109 7606 9386
8423 8195 8786
8709 8009 8546
8764 8001 8320
7800 8417 8957
8627 7846 8932
8519 7933 8970
8989 7547 8674
8991 7670 8351
9003 7695 8325
9099 7264 8603
8390 7293 9344
8408 7830 9177
7870 8593 8559
8844 7827 8468
8955 7735 8213
7573 8366 9071
8295 8000 9153
8510 7890 9002
7873 7441 9478
8688 8055 8309
8005 7678 9379
8964 7684 8433
8674 8013 8649
8215 8112 9116
9038 7235 8823
8588 7631 9191
8678 7577 9086
8188 8433 8602
8816 7853 8624
8568 8159 8542
7889 8373 8980
8762 7805 8769
7336 7540 9499
9049 7450 8562
8617 8075 8642
8314 7957 9102
7753 7426 9491
8220 8286 8784
8063 8460 8778
8768 7752 8857
7796 8043 9287
8376 7327 9318
7751 8688 8364
8114 8048 9233
9179 7219 8524
8217 8392 8568
9112 6999 8735
8773 7996 8374
8292 8157 8953
8384 8317 8514
8543 8186 8580
9166 7301 8477
8686 8044 8583
7903 7894 9356
8915 7655 8673
8718 7935 8637
7879 7391 9450
8811 7620 8945
8896 7791 8329
7855 7652 9403
7947 8474 8756
8577 7547 9209
8277 8153 9024
7896 8430 8879
7854 8456 8860
9084 7574 8211
8992 7645 8400
7614 8461 8932
9115 7367 8569
8591 7875 8959
8964 7605 8689
8328 7942 9140
8901 7494 8904
7999 8488 8725
8960 7446 8790
8592 7606 9176
9461 6692 7465
8134 8366 8807
8619 7821 8969
8588 7692 9133
8561 8029 8836
8954 7615 8597
8308 7648 9322
8074 7360 9431
7871 8557 8644
8784 7801 8778
7972 8499 8682
9076 7592 8046
9007 7611 8492
9442 6477 7718
8465 8005 8955
9036 7447 8733
9095 7084 8809
9225 6924 8525
8291 8388 8538
8335 8163 8909
8678 7408 9185
8518 8241 8490
8540 7258 9279
8315 8151 8910
8361 8348 8536
8441 8266 8572
7963 8522 8664
8938 7412 8851
8490 8030 8881
8900 7739 8544
8387 7911 9146
8910 7628 8683
8663 8057 8492
7585 8269 9162
8430 8286 8468
8184 8000 9224
8000 7446 9425
8659 7937 8784
9000 7216 8868
8607 7772 9074
8632 8093 8476
8740 7978 8586
8808 7777 8711
8072 7773 9324
8955 7635 8492
8310 7621 9292
7992 8147 9160
8446 8247 8540
7945 8410 8859
8097 8335 8855
9075 7475 8479
8865 7825 8445
7586 7909 9372
8410 8121 8890
7664 8599 8647
7708 8713 8359
9106 7494 8276
9093 7555 8012
7878 7831 9400
8666 7714 8985
8155 7794 9318
8538 7864 9029
8302 7387 9345
9094 7341 8581
8013 8396 8917
8909 7625 8713
7199 8022 9336
8524 8097 8738
8981 7711 8390
8612 7920 8893
8636 8116 8361
8730 7386 9121
8577 8018 8828
8807 7890 8603
8210 7874 9283
8081 8174 9157
7834 7867 9377
8242 8038 9098
9087 7543 8350
9455 6703 7324
8583 7876 8978
8473 7505 9300
8429 7746 9215
8134 7531 9383
8183 8456 8585
8055 8330 8934
8511 7919 8995
9097 7240 8644
8647 7891 8852
8713 7865 8793
8373 7780 9227
8591 7807 9032
8450 7427 9315
8719 7996 8589
9170 7409 8097
8749 8003 8299
7252 8719 8313
9100 7345 8579
9049 7428 8609
7972 8156 9198
8615 7486 9194
8590 7546 9184
8661 7684 9068
8632 8072 8583
7590 8549 8859
8410 8309 8537
9149 7357 8388
9317 7133 7818
8822 7931 8322
8943 7706 8399
7714 8427 8938
9011 7593 8509
8954 7199 8964
8400 8198 8735
8231 8489 8349
8604 7720 9094
8430 7941 9051
8235 8200 8927
8752 7912 8661
9147 7340 8477
8058 8336 8847
8821 7178 9067
8785 7511 9030
8687 7633 9082
8357 8100 8978
8107 7327 9419
8078 7397 9406
8811 7746 8850
8765 7412 9114
8583 7819 9010
8747 7732 8867
8615 7998 8704
8456 8035 8930
8388 8236 8720
8290 7762 9320
8707 7422 9101
9049 7325 8713
9359 6979 8120
7897 8181 9196
8590 8118 8665
8852 7814 8473
8420 8215 8678
8523 7744 9120
8418 7700 9247
9020 7155 8862
8821 7705 8832
8341 7901 9185
8721 7877 8768
8015 8077 9198
8551 8193 8496
8946 7653 8558
8173 8485 8397
7460 8158 9249
8366 7824 9224
7890 7377 9462
9173 7349 8360
8700 7541 9103
7449 8283 9151
9042 7479 8608
8241 8377 8642
9031 7208 8858
8308 8182 8900
8093 7772 9325
8449 7756 9185
8158 8120 9140
7687 7509 9484
7888 7703 9386
8324 8343 8598
8110 7225 9414
7463 8133 9257
9018 7657 8204
9373 6978 7902
8310 7949 9116
8027 8555 8471
9445 6641 7694
8130 8137 9087
9098 7251 8607
7817 8425 8908
8651 7894 8811
7988 8569 8617
8395 8231 8697
7333 7549 9518
8981 7434 8764
8775 7284 9100
8544 8005 8880
8664 7950 8731
8718 7544 9078
8365 7524 9287
9196 6980 8560
9302 6802 8385
9327 6848 8223
9071 7308 8723
8428 8006 9007
9301 7259 7958
9038 7295 8775
7900 7415 9441
9435 6770 7289
8841 7858 8329
9141 7433 8231
8699 7603 9074
8076 8098 9184
8185 8375 8680
8562 8022 8781
7976 8409 8857
8866 7528 8870
8604 7532 9202
8467 8273 8528
8869 7781 8603
8977 7704 8422
8702 7788 8926
8333 8388 8443
8879 7544 8837
7671 8658 8605
8064 8325 8988
8014 8315 9014
8736 7965 8587
8052 8184 9094
9366 6717 8206
9176 6914 8675
8776 7839 8739
8171 8425 8651
9202 7187 8460
8864 7839 8447
9027 7328 8763
7929 8340 8985
8644 8080 8436
9131 6989 8745
8558 7794 9084
7510 7883 9387
8275 8169 8952
8924 7740 8455
8747 7321 9128
8466 7625 9259
7059 8822 7842
8543 8007 8848
8361 8372 8437
7510 8385 9037
7921 7112 9487
8252 8515 8337
8900 7722 8561
8875 7571 8826
8434 7936 9022
7746 7326 9500
7396 8699 8392
9021 7552 8499
8366 8142 8868
8712 7957 8621
8591 7869 8999
9350 6904 8195
7970 7891 9330
8108 8292 8928
8712 7915 8701
8840 6972 9074
8703 7952 8639
8624 7827 8965
7595 8246 9185
8669 7587 9092
8700 7926 8687
8578 8093 8691
8627 7841 8947
8151 8501 8364
7709 8237 9147
8338 8378 8280
8669 7649 9073
8201 8397 8653
8329 8398 8417
9184 7191 8452
8022 8560 8503
8914 7139 9011
8127 8372 8765
8937 7690 8537
8711 7520 9081
7590 8683 8462
8939 7658 8553
8297 8213 8860
9374 6940 8080
8666 7999 8663
7896 7059 9502
9119 7448 8345
8585 7994 8802
8794 7545 9021
9209 7099 8527
9203 7236 8450
8782 7558 9061
8453 7926 9028
8843 7871 8217
8495 7699 9198
7958 7959 9352
8765 7870 8659
8504 8152 8726
8607 7875 8918
8571 7878 9016
8215 7986 9211
9018 7367 8772
9111 7001 8779
8956 7641 8463
9240 6913 8484
8324 8014 9069
8681 7889 8834
9054 7558 8392
9177 7333 8328
8491 8219 8596
8093 8369 8821
9236 7331 8181
8271 8255 8817
8457 8053 8921
8659 7869 8840
9286 7088 8218
8952 7686 8435
9085 7469 8492
7078 7780 9440
9135 7421 8472
8711 7609 9025
8735 7504 9099
8648 8093 8435
8007 8564 8456
8493 8027 8850
9047 7565 8457
7998 8575 8399
8049 8331 8875
9252 7305 7917
8937 7591 8756
9409 6834 7799
9128 7433 8280
8196 8431 8517
8636 8029 8678
9221 7337 8068
8908 7710 8583
8248 8179 8949
9108 7226 8670
8752 7713 8883
9089 7442 8494
8226 7362 9383
8139 7716 9329
8652 7842 8920
8287 8474 8403
8457 7819 9125
8399 8227 8683
9086 7297 8682
9109 7506 8244
8673 7375 9192
7718 8594 8632
9241 6994 8460
9179 7345 8302
9069 7602 8132
8793 7681 8894
7992 7543 9401
8102 8065 9163
8343 8374 8283
7974 7698 9390
8547 8161 8565
8932 7770 8250
8413 8149 8848
7938 7448 9438
9112 7493 8234
8157 8464 8562
7468 8766 8292
8156 8218 8985
8293 7589 9355
8126 8382 8769
9263 7302 7822
7995 8236 9132
8343 8192 8838
7842 8273 9120
8464 8117 8843
8595 7865 9002
9138 7265 8552
8626 7979 8818
9050 7599 8170
9059 7283 8749
8169 8067 9162
9100 7087 8720
7993 8139 9168
9343 6985 8041
8786 7892 8626
8430 7189 9316
8651 7928 8804
7862 7463 9469
7925 7085 9489
8194 7936 9270
8741 7880 8673
8606 8003 8697
8669 7775 8978
7906 8104 9227
8599 7817 9009
9314 6761 8288
8374 8045 9009
9033 7110 8882
8772 7686 8871
7491 8625 8689
8385 7649 9285
9031 7232 8854
7831 8543 8759
8550 7863 9030
8762 7858 8679
8504 7991 8995
8719 7952 8598
7855 8066 9264
9483 6572 7579
7970 7861 9331
9343 7055 7994
9105 7512 8429
8758 7949 8522
7931 8588 8484
8601 8043 8721
8620 8017 8696
8538 8079 8806
9216 7058 8514
8206 8364 8691
8664 7741 8989
8251 8062 9092
8376 8205 8786
8006 8290 9032
8547 7942 8924
8435 7774 9170
9043 7574 8258
8842 7693 8806
9036 7501 8543
8135 6995 9428
8003 7397 9425
8085 8623 8280
8534 8034 8845
8541 8104 8699
8230 8045 9178
8095 8541 8529
8150 8513 8440
8870 7603 8828
8344 8303 8629
9177 7368 8084
8993 7585 8643
9006 7643 8416
8670 7449 9209
8751 7786 8811
8728 7717 8958
8886 7662 8719
9334 6926 8195
9067 7405 8674
9062 7510 8479
8274 7970 9198
9138 7335 8505
7930 8395 8947
9099 7521 8375
7935 7551 9425
7828 8553 8745
8592 8012 8770
8269 7915 9205
8969 7258 8927
7943 8160 9174
9147 7424 8285
7899 8529 8817
8442 8120 8859
8840 7892 8411
8710 8001 8535
9081 7130 8832
7958 8639 8369
9048 7532 8477
7909 8391 8971
9353 7045 7867
8897 7784 8352
8791 7783 8697
9434 6826 7694
8600 7728 9101
8996 7655 8348
8432 8252 8600
9094 7319 8643
9170 7176 8601
8211 8048 9207
9087 7070 8825
7412 8682 8472
9235 6849 8543
8586 7746 9086
8760 7761 8808
9159 7199 8557
8030 8404 8868
8751 7709 8890
8628 8098 8426
8257 7920 9242
8652 7716 9015
8801 7937 8200
9452 6706 7657
9276 6912 8418
8441 8236 8573
8168 8462 8472
8541 7828 9038
7952 8468 8764
8861 7661 8746
8684 7947 8712
8516 7687 9172
8432 8089 8931
8053 7925 9316
8395 8132 8931
8899 7788 8313
9197 7343 8134
8550 8066 8766
8505 7527 9233
8414 8214 8685
7653 8572 8661
8853 7518 8903
8648 7569 9095
8687 7563 9129
7820 7656 9432
8986 7387 8792
8474 7277 9282
8343 8369 8509
7672 7960 9367
9461 6622 7512
8935 7655 8641
8670 7548 9157
8864 7444 9004
8831 7674 8848
7603 7706 9475
8778 7578 8983
8151 7939 9270
8584 7876 8952
8259 8059 9094
8670 7968 8688
7867 8416 8963
8304 7991 9114
8514 8039 8836
8869 7787 8563
8483 7674 9224
9147 7451 8117
7774 7517 9477
8628 7671 9120
7990 8252 9063
8704 7333 9133
8519 7864 9059
9105 7305 8590
9010 7338 8818
7760 8567 8687
8936 7490 8823
8768 7758 8855
9217 7009 8536
9356 6787 8145
8298 8413 8302
8165 8397 8696
8254 8445 8492
8233 8298 8775
8919 7477 8834
8509 8100 8783
7878 7571 9436
8859 7617 8867
9134 7470 8241
8215 8163 9001
8174 8380 8692
7662 8603 8628
8379 8152 8850
8193 7409 9395
8891 7257 9020
8245 8450 8438
9245 6826 8474
8416 8021 9045
8562 7697 9133
8121 7964 9259
8562 7732 9088
8474 8191 8655
7367 8685 8476
8228 8256 8949
8835 7914 8224
9061 7475 8536
8554 8141 8587
9138 7293 8551
7953 8501 8751
9090 7553 8135
8044 8199 9062
8429 8165 8798
8142 7682 9357
7935 8579 8554
7951 7620 9405
9022 7540 8531
8231 8123 9040
8281 7906 9186
8329 7454 9338
8224 7845 9313
8616 7993 8714
8072 8515 8558
7711 8327 9082
8646 7998 8694
9243 7250 8335
9058 7433 8581
8746 7878 8741
7522 8563 8801
7956 7294 9469
9006 6944 8917
9311 7080 8113
8073 8285 8969
8344 8084 9011
8935 7226 8933
8617 8110 8503
8376 8194 8825
8510 8084 8760
9083 7234 8775
7787 7689 9444
7801 7729 9425
9183 7363 8166
7863 7478 9437
9079 7526 8366
9491 6215 7216
7743 7989 9326
8735 7683 8972
8249 7955 9199
8874 7737 8656
8576 8020 8796
8636 7960 8863
9271 7183 8154
7595 7858 9392
8623 7772 9033
9211 7306 8255
9377 6933 7726
8834 7723 8771
7954 7803 9357
7712 8691 8340
8538 7803 9087
8441 7749 9190
7767 7567 9458
8020 7720 9364
8523 7883 9003
9086 7379 8587
8342 8232 8797
9209 7317 8239
7475 8463 8941
8716 7848 8900
9075 7353 8684
8687 7561 9146
9125 7441 8275
8608 8054 8689
8396 7733 9267
9176 6844 8722
8751 7806 8783
9014 7530 8646
8021 8279 8991
8684 7886 8770
8483 7737 9196
8627 7691 9089
8487 7807 9122
8094 8036 9234
8866 7661 8743
8761 7867 8700
8962 7629 8581
7644 8141 9218
9256 7072 8399
9079 7267 8699
8454 8205 8678
9094 7326 8611
8333 7935 9138
8931 7659 8609
8568 8023 8774
9365 6935 8108
9264 7208 8104
8743 7920 8548
7747 8608 8548
8298 7719 9313
8726 7781 8857
8240 8484 8403
8413 8325 8455
8036 8382 8878
7394 8625 8715
9142 7509 8053
7673 8275 9122
8545 7769 9101
9331 6943 8195
9035 6839 8878
9318 6970 8188
8585 7975 8821
8217 8447 8471
8590 7778 9039
8319 8021 9071
8034 8353 8887
8154 7488 9383
8513 8197 8571
9027 7570 8448
8570 7918 8918
9067 7137 8790
8674 7941 8713
8566 7751 9077
8146 8074 9145
9236 7321 8213
8145 7509 9392
8944 7378 8897
9165 7051 8660
8196 8470 8458
9025 7575 8439
8749 7663 9015
7644 8588 8701
9065 7434 8518
9057 7527 8531
8960 7732 8061
8338 8301 8633
9459 6493 7584
7520 8312 9110
8725 7854 8791
9000 7644 8357
7137 7652 9496
8641 7689 9059
9188 7181 8591
8423 7905 9112
7513 8212 9210
7619 8563 8775
7969 8644 8294
7689 8345 9057
8231 8262 8912
8127 7220 9404
8536 8105 8677
9217 7176 8419
8654 7782 9007
8868 7481 8956
8563 7336 9264
8887 7796 8275
8569 7973 8832
8324 7929 9148
9101 7006 8741
8564 7987 8861
8621 7769 9059
9124 7458 8247
9286 7052 8240
7533 7858 9420
8284 8190 8891
8380 8296 8592
7929 8625 8453
8721 8002 8466
9228 7162 8445
8985 7705 8198
8687 7734 8975
8593 8140 8543
9157 7339 8410
8537 8171 8634
8408 8033 9023
8468 8284 8307
8456 8291 8387
8697 7963 8679
7827 8656 8432
7834 8507 8846
8740 7887 8687
7798 7715 9430
9401 6911 7721
8052 7668 9379
8102 8546 8055
8981 7289 8861
8422 7943 9102
8098 7978 9298
8181 8385 8654
8047 7375 9417
8362 7571 9300
8778 7171 9102
8308 7888 9237
8429 7845 9163
8204 8362 8714
9384 6781 8024
8626 8104 8516
8840 7852 8483
8293 7892 9190
9165 7220 8501
8881 7710 8634
9138 7378 8410
8639 7903 8830
9183 6919 8653
8685 7855 8868
8479 8276 8451
7700 8672 8521
7806 7672 9423
9151 6922 8780
8768 7309 9102
9308 6949 8229
8700 8014 8492
8921 7777 8283
8231 8003 9162
9056 7154 8796
7898 8421 8855
7760 7765 9438
8645 7787 8953
7172 7559 9507
9270 7135 8270
8495 7762 9170
8698 7970 8601
7548 8620 8661
7946 7763 9362
8923 7673 8636
8365 8265 8655
7967 8325 9014
7715 8632 8513
9140 7359 8464
8591 8067 8648
8743 7706 8917
8875 7598 8805
8339 8336 8591
8720 7747 8923
8236 8073 9133
8557 7765 9091
8032 8501 8673
8395 8237 8657
7279 8338 9078
8834 7476 8965
8918 7748 8417
8731 7927 8628
8988 7701 8212
8672 7770 8932
8365 8328 8614
8370 8256 8656
8416 8219 8671
8202 8053 9153
7789 7616 9437
8770 7848 8685
7400 7819 9438
8102 7268 9421
8630 7861 8899
7677 7635 9463
8811 7815 8665
8782 7917 8641
8264 8448 8432
8631 7790 8968
8740 7359 9129
8798 7590 8982
9091 7118 8737
8002 8065 9241
8782 7682 8923
8282 8380 8596
8670 8078 8244
8483 7899 9031
8204 8265 8848
8239 8015 9099
8570 7819 9058
8786 7664 8930
7929 8079 9260
8463 7156 9304
8904 7458 8889
8274 8012 9118
8704 7491 9110
8650 8077 8450
8552 7854 9019
8933 7173 8976
7497 8780 8208
9119 7494 8149
9132 7472 8123
8722 7589 9039
8779 7162 9116
8404 8330 8401
8993 7459 8738
7376 7616 9493
9393 6856 7949
8658 7981 8728
8453 8312 8439
8480 7264 9292
8528 8009 8889
8355 8217 8812
8312 8219 8852
8543 8097 8708
8199 8266 8886
9327 7154 7777
8110 8151 9110
8511 8197 8588
7804 8604 8573
7715 8564 8773
8488 8271 8505
9258 7271 8280
8122 8206 9033
8726 7979 8483
8486 7564 9231
8228 7641 9350
8511 8179 8611
9020 7529 8541
8474 7861 9086
8725 7856 8774
8752 7685 8895
9324 6840 8247
8997 7025 8931
7847 7236 9504
8416 7743 9237
8992 7172 8875
8673 7860 8905
8972 7441 8753
8976 7418 8785
8580 7674 9198
8469 8048 8884
9143 7488 8083
8948 7382 8860
7776 7504 9476
8122 8077 9162
8575 8124 8552
8201 7392 9360
7684 7352 9496
8309 7317 9370
8835 7577 8897
8167 7907 9306
8823 7653 8922
8913 7420 8956
8097 8555 8258
8837 7275 9052
7935 8653 8408
8741 7936 8533
8500 8264 8425
8551 8206 8316
8601 7874 8925
9339 7046 8085
8151 7539 9375
8679 7938 8713
8151 8283 8934
9073 7436 8516
8868 7695 8694
8632 7902 8893
8735 7932 8588
8571 7816 9035
8029 8584 8361
8981 7560 8669
8499 7638 9207
8440 7791 9162
8702 7607 9039
7805 8713 8333
8042 7432 9419
8400 8224 8695
8373 8365 8357
9015 7638 8470
8110 7609 9363
9152 7096 8640
9310 7111 7965
8160 8217 9011
8142 8168 9047
8131 8238 8988
8806 7576 8955
8277 8342 8637
8948 7657 8460
8819 7904 8437
7968 8557 8618
8139 8073 9159
8356 8023 9026
8807 7797 8680
8927 7464 8839
8631 8081 8533
8688 8049 8349
8360 8173 8865
7442 7716 9464
8072 8179 9103
9383 6926 7888
8137 8504 8531
8100 8326 8919
9419 6746 7875
8038 7628 9398
8695 7371 9151
9337 7066 7853
8465 8245 8534
8429 7906 9105
8287 8236 8815
8309 8244 8794
8042 7502 9397
9019 7541 8519
7848 8201 9216
8537 8004 8943
8890 7575 8808
8830 7402 9049
8476 7808 9151
8505 7317 9277
8785 7913 8596
9454 6627 7502
8141 8518 8386
8092 8474 8694
8778 7962 8409
7125 7569 9507
8423 7679 9225
8387 7946 9101
7991 7467 9434
9304 6645 8315
7672 7450 9517
7907 8438 8844
8012 7254 9443
8417 7820 9189
8295 8372 8587
8257 7858 9261
9172 7078 8625
8131 8413 8656
9217 7106 8466
9332 7087 8098
7825 7482 9462
8015 8185 9146
9096 7300 8618
8241 8213 8912
9275 7158 8210
8723 7759 8903
7401 8304 9118
8264 8257 8880
8986 7667 8443
8102 8545 8465
9178 7360 8175
8241 7957 9250
9170 7224 8470
9423 6805 7824
8471 7748 9172
8854 7718 8780
7671 8738 8213
9103 7424 8571
9271 7066 8228
8194 8434 8595
7850 8033 9265
8515 7956 8947
8524 7832 9057
8236 8356 8719
8940 7465 8808
8016 8284 8997
8919 7628 8675
7523 8750 8146
7999 6961 9472
8660 7830 8942
8488 7860 9109
8352 8364 8563
8578 7776 9051
8069 8553 8345
8268 8158 8970
8666 7993 8703
8711 7590 9034
8732 7616 9022
8545 7961 8936
8816 7573 8973
8943 7627 8589
8522 8008 8896
8421 7789 9222
8119 7534 9394
8737 7780 8843
7938 7378 9460
7374 8613 8716
8028 7392 9438
8922 7784 8205
7639 7783 9435
7775 8590 8657
8125 7334 9401
8341 8137 8920
8490 8181 8634
8229 8182 8978
8482 7660 9244
7961 7526 9423
9329 6750 8247
8912 7287 8966
9045 7618 8166
8324 8105 9010
8383 7463 9314
8314 8122 8951
8249 8190 8917
7755 8578 8658
9060 7486 8520
9192 7017 8641
8304 7921 9161
8370 8295 8652
8337 8282 8704
8699 7495 9107
7907 8430 8848
8664 7867 8894
8250 8265 8840
8604 8120 8581
7826 8321 9102
8048 8060 9191
8728 7854 8752
9199 6963 8560
8945 7553 8750
8208 8302 8756
8893 7113 9023
8261 8282 8785
8654 7968 8729
8626 8153 8491
8462 7836 9112
8308 8311 8677
8018 8280 9034
7839 8120 9225
8607 8001 8729
8396 7920 9114
8296 7962 9185
8114 8122 9089
9301 6927 8376
8759 7702 8859
8490 7897 9028
8478 8035 8918
8320 8149 8946
8934 7710 8429
8026 7651 9399
7797 8272 9145
8944 7697 8472
8704 7937 8622
8826 7841 8529
8692 7904 8705
7461 7636 9486
8690 7637 9047
8152 8500 8578
8978 7591 8530
8889 7469 8930
9023 7290 8794
8589 8012 8787
8601 8001 8797
8029 8248 9076
8825 7559 8914
8438 7901 9159
8325 8024 9055
9181 7290 8436
8453 7774 9164
9230 7342 8040
7936 8079 9238
8863 7790 8549
9034 7258 8823
8065 7840 9346
9054 7312 8726
7984 8609 8307
7941 8400 8872
8529 7832 9033
8928 7757 8322
9332 7114 7930
8257 8037 9096
9384 6851 7977
7835 8485 8823
7738 7877 9374
8914 7768 8394
8820 7470 9096
8099 8084 9145
8028 8103 9170
8340 8060 9034
9309 6851 8288
7584 8544 8860
7542 8192 9224
8613 7687 9146
8483 8177 8698
8894 7649 8724
8255 8358 8702
7820 8678 8346
8908 7779 8251
8223 7980 9185
8375 8209 8749
8651 7892 8828
8641 8067 8637
8996 7549 8628
8325 7943 9128
8543 7884 8996
9307 7041 8260
8203 8429 8649
8189 7661 9348
8368 8012 9050
8385 8206 8738
8690 7744 8972
7531 8742 8126
8212 8263 8864
7950 7548 9414
8060 8361 8840
8058 7857 9316
9079 7330 8684
8833 7515 8922
8111 7123 9456
8528 7948 8947
8967 7154 8984
8053 7727 9358
8364 8163 8891
8565 7678 9151
8378 7921 9134
8516 7750 9144
8671 8075 8427
9407 6900 7862
8906 7779 8406
9315 6692 8284
8184 7429 9394
8474 7552 9253
9060 7543 8426
8435 8232 8576
7212 8705 8428
8606 7791 9006
9199 7387 8001
8296 8280 8743
7928 7212 9478
8524 7743 9113
8131 7704 9348
8833 7887 8466
7812 8391 8997
8858 7763 8741
8478 7906 9047
8841 7779 8690
8541 7610 9211
8238 7291 9392
9113 7472 8264
8534 8223 8559
8111 8422 8750
8023 7950 9305
8503 8083 8823
8035 8276 9031
7350 7751 9444
8265 8279 8771
8520 7925 8978
7903 7611 9419
8772 7931 8537
7528 8726 8296
8162 8506 8360
8159 8376 8763
8203 8380 8674
8889 7447 8992
8618 7967 8843
8454 8199 8718
9098 7447 8466
7602 8615 8646
8495 7887 9074
8604 7631 9150
8694 7650 9046
9110 7486 8275
7643 8080 9275
9288 6866 8469
8883 7783 8513
7954 8513 8671
8364 8357 8483
8709 7366 9126
8822 7358 9056
8324 8183 8865
9113 7240 8626
9213 7173 8486
8174 8017 9255
8699 7618 9044
8636 7834 8958
8524 8232 8544
9333 6845 8219
8435 7948 9008
8122 8059 9178
8386 7497 9307
8617 8059 8671
8645 8042 8622
8428 7991 9037
8420 7959 9049
8441 7843 9125
7940 7312 9454
9370 6845 8108
8289 7897 9192
8829 7548 8923
8802 7751 8796
8707 7729 8984
8694 8015 8433
9208 6934 8611
8699 7951 8669
8090 8514 8531
9072 7135 8778
8056 7643 9364
8187 7455 9371
7821 8594 8554
8312 8112 9090
8661 7350 9218
8298 8132 8957
8450 8164 8750
8842 7372 9041
8131 8256 8975
7099 8756 8301
8175 8408 8684
8328 8169 8867
8934 7446 8944
8825 7503 8962
8736 7685 8936
8671 8050 8470
8302 7694 9298
8570 7720 9110
8439 7787 9169
7602 8246 9163
8562 8097 8700
8925 7451 8890
8375 8334 8396
8122 8269 9018
8851 7428 9037
9032 7608 8325
8169 7941 9257
8928 7594 8763
8500 7786 9161
8938 7725 8346
8270 8277 8839
7745 8620 8568
9023 7492 8713
8136 8430 8643
7874 7395 9447
7669 7623 9482
7462 8082 9274
8123 7279 9403
9047 7149 8824
8491 7928 8998
9268 7199 8109
7359 8786 7931
8544 8166 8611
8107 8327 8870
8282 7963 9162
8611 8106 8639
9172 7383 8027
8818 7522 9006
8686 7920 8721
8826 7678 8815
9374 7026 7786
8817 7668 8880
8487 8067 8873
8483 7087 9288
8118 8449 8635
8912 7566 8830
8747 7806 8841
9269 7086 8280
9123 7304 8592
8747 7717 8897
8336 8146 8899
7676 7425 9502
9101 7199 8705
8489 8164 8744
8830 7465 8969
7737 8727 8275
9028 7457 8644
7872 8590 8631
9160 7182 8588
8276 8242 8804
8260 8172 8997
8688 7864 8820
9119 7449 8296
8149 8368 8774
9045 7455 8607
9202 7117 8507
8129 8340 8835
8735 7567 9019
8837 7737 8753
7960 8245 9078
8558 7722 9148
8407 8125 8851
8728 8013 8434
7921 8692 8319
8921 7720 8551
8169 8457 8482
8309 7958 9153
8508 7894 9044
8246 8024 9098
8605 8020 8741
8316 8302 8699
7958 8527 8670
8595 8160 8436
8305 7521 9333
8549 7998 8902
7805 8493 8930
8675 8048 8473
8787 7957 8463
8968 7436 8763
9249 7303 8040
7607 8699 8386
9118 7445 8375
7926 8230 9153
8669 8081 8409
7333 7519 9519
8028 8385 8876
8507 8116 8711
8144 8380 8716
9261 6923 8459
8432 8286 8451
8845 7462 8991
7916 8396 8943
8902 7642 8693
8132 8031 9224
8847 7811 8565
8343 7665 9283
8946 7752 8324
7435 7726 9449
8579 7844 9025
8706 7519 9104
8637 7733 9042
8771 7700 8873
8138 8539 8489
8324 8401 8486
9184 7325 8344
7607 8604 8675
9164 7197 8534
8835 7640 8882
8694 7363 9166
8176 7526 9370
8432 8240 8631
8237 8043 9115
9150 7420 8256
9314 7007 8137
8981 7108 8961
9011 7299 8819
8669 7713 8997
9020 7566 8512
8153 8291 8880
8442 8174 8744
8773 7861 8645
8091 8427 8741
8180 8272 8899
8610 7598 9171
9307 7095 8203
8306 7490 9335
8409 8107 8911
8424 8103 8958
8527 7399 9266
9275 7194 8130
7935 8341 8966
8885 7691 8648
8297 8118 8977
9234 6929 8497
8572 7931 8910
9145 7184 8706
8728 7728 8943
8566 8094 8686
8349 7803 9242
8856 7666 8870
8726 7833 8821
8130 8242 8995
7441 8696 8388
8782 7676 8963
9300 7183 8136
8053 7687 9365
8327 8179 8871
8795 7774 8751
8183 8355 8725
8213 8359 8668
8512 7948 8988
8667 7918 8804
8487 8218 8626
8802 7627 8934
7974 7180 9471
8687 7795 8917
8579 7877 8946
9221 7300 8268
7977 8587 8425
9133 6875 8785
9129 7432 8282
8619 7848 8926
8879 7614 8790
8106 8231 9049
8744 7325 9192
7397 8706 8383
8115 8341 8831
8430 8196 8723
9211 7192 8432
8668 7795 8947
8434 8145 8815
8927 7746 8368
8640 7785 9022
9209 7235 8343
7581 8437 8949
8801 7765 8805
8806 7748 8782
8602 8111 8585
8148 8356 8797
8139 8058 9189
7589 7495 9530
8640 8092 8529
8010 8100 9181
7281 8788 8020
8456 8155 8804
9088 7342 8624
9230 6972 8473
9076 7587 8206
8209 7137 9410
8071 7533 9396
8633 7741 9049
8933 7735 8509
8231 8201 8970
8438 7957 8996
8490 7931 9021
8579 7907 8945
8696 7951 8702
8693 8027 8477
7981 7519 9418
8474 7800 9152
9112 6992 8767
8132 8402 8728
7696 8412 9011
9446 6717 7516
8808 7766 8742
8210 8392 8606
8950 7642 8568
8055 8527 8644
8276 8250 8800
8907 7641 8715
8761 7532 9073
9206 6953 8557
8793 7794 8687
8753 7879 8678
9295 7127 8165
8403 7946 9060
8896 7496 8895
8502 8022 8904
9104 7259 8594
8133 7745 9339
8347 8373 8334
9315 7005 8212
8994 7612 8482
9410 6897 7529
8940 7678 8475
9117 7360 8487
8031 8347 8924
8686 8038 8623
8897 7323 8971
8967 7597 8607
8256 8127 9036
8616 7870 8972
8163 8276 8854
8948 7452 8813
7962 8467 8738
7998 8541 8555
7913 7724 9369
8002 7088 9461
8589 8127 8544
9318 6856 8260
8879 7274 9018
8132 8410 8724
8864 7540 8889
8639 7804 8954
8512 7847 9095
7913 7739 9363
8831 7926 8376
8588 7482 9220
8986 7623 8518
8163 8366 8789
9080 7470 8456
8862 7805 8678
8949 7616 8730
7992 8536 8580
7872 8182 9163
8350 8165 8876
8065 8352 8835
9352 7060 7966
7547 8588 8727
8273 7764 9285
8944 7691 8474
8331 7956 9113
8662 7739 9000
8884 7861 8324
8867 7812 8359
7983 7851 9323
8838 7837 8559
9224 6988 8486
8838 7514 8934
8368 8375 8256
8863 7360 9015
8462 7893 9080
8182 8211 8995
8171 8495 8417
8544 7933 8944
8765 7868 8676
9243 7180 8382
8719 7933 8669
8691 7536 9131
9010 6786 8893
8845 7824 8651
8998 7023 8887
7956 8464 8759
8817 7849 8585
8980 7429 8775
8675 8050 8412
8450 7833 9137
8318 7612 9298
8299 8321 8672
8423 8282 8532
8990 7284 8915
9169 7381 8150
9096 7230 8665
9103 6987 8795
9147 7086 8730
8727 7517 9081
8491 7898 8999
8695 7590 9075
8487 7898 9077
9135 7190 8693
8924 7591 8804
8453 8016 8963
7469 8081 9280
8004 8430 8822
8407 7965 9049
7950 8436 8804
8040 8003 9264
8975 7370 8887
8378 8225 8732
8399 7909 9108
8143 8287 8909
8875 7810 8366
8956 7478 8749
8936 7334 8904
8738 7834 8748
8801 7771 8765
8765 7904 8652
7858 8421 8909
9218 7197 8410
9000 7362 8782
7552 7778 9442
8489 7995 8948
8968 7404 8801
8889 7782 8572
8317 8405 8497
8131 8441 8626
8233 7348 9366
8235 7464 9357
8265 8311 8703
7925 7495 9429
8383 8322 8504
9276 6944 8404
8789 7819 8702
8267 8284 8705
7491 7961 9394
9172 7373 8059
8624 7888 8907
9387 6954 7685
7842 8660 8383
9295 6944 8261
8487 8025 8949
8420 8058 8997
8565 8154 8585
8815 7571 9009
8353 7592 9309
8021 8055 9208
8173 8345 8783
8326 7602 9303
8838 7520 8894
8227 8422 8529
8812 7883 8529
9198 7341 8255
8446 7930 9088
9434 6620 7824
7396 8788 7889
9416 6886 7670
9084 7205 8691
7842 8548 8684
8625 7619 9124
8649 7659 9094
7829 8431 8873
8628 7572 9172
8400 7708 9252
8426 8088 8938
9113 7310 8579
7490 8592 8702
7786 8211 9207
9438 6766 7784
7898 8336 9028
8533 7799 9109
8388 7550 9277
8417 7790 9190
8350 8053 9014
8193 8271 8874
8509 8009 8919
9340 6910 8182
8666 7938 8721
8300 8194 8878
9306 6930 8287
7813 8646 8467
8745 7994 8461
9045 7412 8624
7812 8464 8891
9140 7289 8511
8647 7899 8834
8508 8200 8623
8356 8278 8698
8994 7700 8252
8463 8209 8671
8930 7549 8821
8584 8040 8763
9392 6906 7749
8371 7438 9340
8189 8366 8719
8147 8345 8829
8182 8097 9125
7905 7596 9424
8256 8365 8624
8012 8132 9177
8740 8038 8408
8588 8051 8730
9041 7576 8316
7867 7646 9432
8868 7421 9004
8134 8262 8938
9097 7545 7975
9300 7236 8034
9196 7317 8296
9062 7329 8710
8560 8201 8370
7998 8069 9247
8735 7745 8907
9415 6651 7903
9162 7445 8230
8749 7850 8708
7859 7969 9313
8846 7501 8939
7982 8143 9184
7932 8485 8797
9288 6954 8264
9285 7215 8089
8268 7810 9270
9074 7272 8708
8626 7985 8778
8256 8258 8862
9020 7692 8100
7687 8683 8436
9030 7574 8426
8537 7707 9162
8753 7780 8802
7659 8577 8660
7969 7237 9445
7750 7299 9502
8296 8338 8631
8594 7895 8903
8240 8188 8927
8599 7889 8945
8443 7995 8966
8531 7733 9117
8196 8371 8692
8522 8177 8692
8457 8116 8906
8865 7025 9059
8541 8218 8411
8399 7971 9075
7649 8575 8711
8449 7935 9020
8981 7717 8350
7773 8593 8585
7973 8220 9153
8975 7630 8501
8733 7924 8596
8462 7650 9274
9005 7535 8592
7526 8392 9012
7763 7592 9473
7694 7848 9431
8325 8251 8770
7615 8574 8785
7239 7719 9456
8621 7644 9139
8495 7663 9222
9317 7093 7985
8247 8403 8557
8872 7699 8657
9200 7326 8221
8433 7759 9214
8331 7838 9267
8899 7794 8273
8943 7496 8760
7968 8495 8693
8638 8084 8530
8918 7704 8596
7778 7492 9462
8440 7700 9207
8390 7892 9164
8952 7741 8288
8247 8338 8703
8571 8092 8754
8084 7767 9353
8389 8291 8646
8458 7915 9050
8433 7783 9181
8995 7563 8536
7426 8720 8299
8956 7678 8434
8475 8187 8692
9325 6921 8223
8988 7336 8825
8300 8186 8882
8553 8135 8633
8509 8108 8779
8589 7572 9183
8706 7960 8607
7928 8543 8733
8606 8108 8571
8099 8133 9130
8332 8403 8374
7829 7661 9404
8968 7521 8686
8062 8597 8309
8999 7568 8535
7624 8764 8119
8953 7490 8773
8909 7516 8865
8314 8167 8942
7797 8618 8531
8898 7827 8253
8091 8331 8865
9152 7206 8559
8940 7474 8806
8260 8210 8883
9186 7359 8119
8431 7934 9041
8132 8488 8579
8684 7894 8766
8545 7893 8992
8229 8489 8366
8653 8025 8675
8452 7939 9011
8912 7747 8535
8018 7850 9346
9187 7355 8229
8084 7249 9434
8557 7548 9224
8856 7603 8885
8886 7051 9047
8256 8324 8746
9222 7033 8460
8940 7700 8467
8141 7702 9332
8959 7438 8839
8656 8111 8370
8344 8024 9025
8900 7640 8778
8706 7576 9072
8502 7752 9122
9159 7262 8542
8110 8188 9073
8361 7548 9317
9310 7164 7863
8373 7325 9340
8429 8273 8652
7423 8639 8631
8358 8246 8731
8466 7910 9042
8136 8164 9082
8783 7840 8676
9062 7624 8144
8877 7751 8638
9019 7636 8466
8600 7629 9153
9167 6839 8750
7543 8449 8999
8908 7521 8869
9247 6771 8608
9072 7499 8481
8567 7913 8986
8352 8115 8935
8458 8278 8474
7464 8685 8450
8263 8320 8741
8941 7765 8304
8366 7915 9179
9381 6965 7544
8923 7630 8667
7913 8251 9131
7333 8816 7993
8168 7954 9259
8749 7842 8712
8544 8172 8571
7908 7711 9378
8219 8077 9136
8847 7671 8816
9217 7212 8339
8333 8285 8681
8627 7965 8809
8190 7582 9360
7387 7353 9537
8637 7436 9261
8761 7875 8682
8525 8140 8700
8639 7786 8960
8405 7888 9211
7792 8400 8982
7970 8435 8846
8848 7825 8464
8322 8044 9043
8373 8242 8778
8448 8121 8852
8651 7980 8791
8976 7723 8187
9113 7471 8405
8584 8062 8694
8870 7269 9046
8431 8279 8529
8429 8210 8732
7900 7784 9384
8277 8391 8612
7737 8507 8872
7337 7971 9361
8165 7441 9379
8945 7307 8901
7722 8674 8448
7611 7633 9469
9087 7344 8668
8998 7553 8545
8401 8283 8560
7416 7515 9490
9070 7368 8617
8117 8193 9045
8691 7994 8676
8465 8305 8359
8381 8151 8805
8665 8106 8424
8694 8046 8363
8325 7976 9101
7902 8435 8854
9050 7549 8413
9039 7595 8422
8144 7957 9276
8345 8316 8615
8443 7841 9113
8934 7727 8350
8237 8179 8980
8703 7692 9032
8829 7478 8970
8014 8189 9109
8350 8332 8567
8612 7857 8973
8867 7627 8830
8540 8129 8659
8127 8169 9028
8308 8410 8443
9169 7371 8182
8772 7258 9102
8743 7918 8609
8642 7985 8737
8358 8264 8718
8546 8216 8479
8679 7705 9046
7933 8404 8894
7466 7736 9445
8113 8274 8964
9060 7104 8844
7859 7168 9482
8774 7830 8743
8490 7468 9266
8016 7227 9445
9028 7545 8497
7630 8423 8949
8982 7397 8852
7898 8632 8504
8656 7879 8878
7557 7721 9440
8295 8283 8705
8090 8161 9114
8540 8227 8338
8053 7617 9387
8875 7508 8921
8699 7463 9125
7909 8354 9008
8549 7936 8921
8645 7824 8952
9165 7401 8350
8345 7828 9257
8690 7763 8952
9414 6819 8016
7665 7968 9339
8931 7592 8741
9015 7276 8810
8532 8141 8637
8845 7864 8231
8245 7630 9339
8786 7827 8644
8730 7818 8809
8223 8154 9023
8823 7590 8937
8952 7580 8715
8112 7140 9407
8657 8073 8556
8791 7776 8743
8798 7823 8674
8740 7742 8932
8662 7811 8936
8198 8249 8964
7853 7606 9451
8319 7725 9279
9077 7571 8308
9282 7049 8365
8861 7547 8832
8896 7793 8302
8485 7487 9279
8624 8054 8648
9007 7551 8572
9281 7064 8294
8856 7852 8442
9206 7315 8362
7757 8017 9307
8833 7881 8506
8383 8008 9097
8842 7704 8791
7704 8699 8360
8158 8479 8450
9318 7063 8099
8348 7360 9355
8298 8033 9097
8425 7703 9218
8152 8437 8593
9250 7108 8459
7979 7798 9349
7411 7568 9492
9197 7061 8536
8535 8110 8667
8993 7504 8658
8236 8296 8751
8552 7917 8939
7958 8128 9217
8458 8171 8712
8469 8193 8660
8388 7776 9274
8920 7282 8975
