85 3
6376
196 231 168 187
145 93 130 186
288 255 133 17
53 18 286 41
62 11 193 220
86 35 95 4
186 201 146 212
63 5 23 91
236 23 110 213
115 240 231 103
28 64 251 80
213 71 253 274
213 146 28 298
14 122 3 199
155 280 111 50
284 133 141 220
288 83 265 103
155 196 39 16
92 289 95 6
192 180 112 106
159 271 104 172
93 238 203 248
218 14 297 203
278 270 255 266
186 221 202 41
249 73 56 42
194 283 179 87
295 123 192 286
95 128 290 20
67 193 100 284
39 230 20 18
200 275 116 218
29 150 92 110
222 279 283 117
95 162 36 91
118 227 209 212
187 200 231 253
93 32 71 132
94 222 281 126
30 229 45 58
80 136 1 134
115 283 250 43
146 118 133 96
177 42 8 65
74 71 18 167
234 220 131 28
143 244 154 172
173 198 63 252
166 63 219 113
46 169 155 24
287 120 119 164
294 258 61 68
30 211 67 96
131 30 124 106
273 110 111 147
140 173 231 6
68 150 250 245
152 238 269 271
190 220 267 17
12 29 85 173
239 283 268 202
14 224 9 119
34 119 265 173
124 30 11 191
179 94 136 163
32 237 134 54
290 234 71 2
262 287 7 34
270 274 235 116
199 76 235 65
194 33 238 150
62 81 41 241
174 10 236 38
79 71 92 69
5 294 202 99
281 208 132 251
16 199 200 47
275 135 111 2
167 181 284 229
262 157 3 268
166 238 139 78
141 63 278 277
57 181 76 38
221 40 121 69
72 21 115 179
3747
9293 9504 7700
9146 9005 8386
9134 7998 8798
9923 8692 8105
8613 9527 7902
8856 9513 7884
8236 9225 8319
9615 9458 7466
9072 9014 8384
9473 9494 7547
9213 8714 8552
8576 7848 9003
10289 8813 7364
9832 8952 7989
9486 8620 8450
9649 9111 8012
8995 9581 7693
9280 9665 7287
8646 9565 7804
8968 9012 8419
8701 8996 8480
8430 8943 8597
10560 8185 6676
9994 8884 7936
9176 9680 7406
9742 9109 7978
9332 9559 7542
9845 9309 7678
9747 8887 8110
8139 7534 9112
9353 9605 7479
8536 7912 9008
8703 9851 6845
9316 8359 8658
9424 9180 8128
8322 7831 9052
10322 8808 7140
8230 8928 8603
8420 8984 8551
9777 8736 8177
9346 9448 7808
10140 8453 7864
9735 8287 8421
9296 7976 8752
9285 9074 8285
9075 9748 7167
9434 9522 7529
9040 7725 8877
9260 8705 8555
8902 9176 8286
9314 8485 8606
9359 8769 8467
10125 8649 7893
9551 9206 7981
9745 8901 8099
9243 9289 8054
9751 8709 8220
9082 9644 7554
9164 9690 7359
10417 8354 7283
9697 9281 7857
8585 9648 7682
8842 7947 8914
9215 8929 8413
10510 8361 6798
9709 8908 8130
9216 9686 7290
8765 8316 8863
8677 8903 8592
10050 9136 7427
8846 9564 7783
8383 9589 7813
9623 9508 7247
10272 8682 7550
10003 9114 7590
9781 8987 8050
8232 8124 9037
10235 8668 7590
9629 8840 8265
9787 9123 7917
9793 9114 7927
8265 9892 6899
9808 8716 8177
10136 8838 7775
9684 9450 7307
9114 9746 7194
9410 9470 7687
9395 9320 7967
8614 8393 8891
9684 9455 7131
8870 9264 8190
8960 8448 8761
8490 9020 8491
8418 9501 7957
9430 9115 8137
8734 9426 8023
9388 9293 8003
7763 7416 9179
9274 9720 7027
8362 9766 7440
9206 7910 8803
10529 7855 6959
10252 8344 7741
9131 9715 7256
8418 8372 8901
9461 8668 8449
8637 9786 7338
9285 8114 8740
9887 9312 7123
9443 8548 8526
9541 8956 8218
9273 9650 7324
9226 8656 8556
9263 9478 7751
9268 8812 8462
9656 8106 8557
9045 8105 8817
9255 8461 8645
10018 9183 7266
9588 8634 8433
10307 8632 7469
9780 9057 7982
8000 8067 9053
8100 7923 9085
9296 8594 8576
9577 8878 8245
9160 8943 8417
9802 7788 8400
10043 9112 7548
9366 8985 8301
9747 8774 8195
9136 9726 7174
9075 9525 7789
9779 7980 8390
9868 9200 7807
9161 9642 7553
8774 8552 8814
8552 9594 7802
9387 9644 7216
10260 8705 7542
10556 8134 6689
9260 9672 7282
9395 9011 8299
8419 9793 7355
9784 9377 7320
8951 8561 8712
9616 9405 7604
9080 9350 8055
9774 7813 8410
9516 9054 8158
9737 8881 8131
8088 8076 9043
10418 8630 7152
9890 9284 7132
8772 9692 7562
9602 8422 8497
10038 8687 8028
8934 8560 8715
8857 8784 8665
8785 8417 8826
10152 8820 7726
7951 8123 9073
9290 9575 7567
9335 9580 7501
9660 8780 8261
9227 9010 8326
9360 9547 7640
8859 8414 8827
8780 9282 8183
9126 8985 8399
9321 9034 8300
9603 9116 8050
9646 8658 8335
9812 8748 8170
9032 9434 7905
9370 9445 7741
8745 8592 8801
8241 9659 7678
10003 8379 8079
8792 9184 8293
9153 9417 7921
10236 8944 7051
10186 8935 7514
10157 8091 7920
8911 8911 8541
10139 8785 7744
9621 9130 8011
9289 9458 7779
9882 8204 8263
8593 9438 8036
8814 9847 6807
10078 9111 7346
10231 8394 7740
10498 8237 7036
9722 8740 8226
8847 9374 8089
9254 8519 8623
9228 9393 7939
9199 8421 8713
9362 9444 7743
9925 8506 8167
9594 8677 8396
9447 9340 7920
8892 9084 8412
9691 8570 8341
9327 8361 8631
9939 9192 7705
9421 8608 8514
9005 8631 8684
10304 8831 7152
8574 9386 8100
9010 8764 8618
9470 8795 8379
10100 9046 7545
9181 8242 8748
8534 8808 8677
8307 9406 8094
10119 9084 7025
9499 8784 8379
9734 8176 8442
9822 8955 8013
8958 8818 8599
8632 7485 9003
9632 8650 8360
9005 9392 8025
10300 8697 7476
9509 8838 8324
10113 8364 7957
9828 9327 7462
9341 8848 8413
8689 9107 8392
9561 8384 8548
9601 8424 8467
9009 8634 8672
8220 9230 8306
10205 8619 7727
8948 8208 8824
8629 9784 7361
9790 8202 8353
9941 8034 8199
9997 9024 7800
8873 8720 8687
8981 8410 8779
8623 9299 8166
8767 9276 8221
8539 8578 8847
8611 9491 7941
8497 9208 8337
9739 8969 8114
9262 9423 7862
9861 9062 7912
9973 8373 8133
9360 9643 7342
9390 9421 7806
9997 8285 8123
9082 9542 7720
10052 9116 7420
9180 9128 8258
9605 9150 8036
9459 9552 7427
9612 8903 8236
10520 8238 6809
8896 9589 7710
8998 8964 8470
9643 8668 8354
8550 8317 8910
9618 9079 8028
8832 9546 7829
9411 8021 8668
9897 8660 8191
10542 8136 6902
8894 9225 8234
9440 9627 7291
10133 9035 7221
9180 9584 7594
9854 8377 8278
9519 9170 8075
8284 9392 8169
9612 9457 7479
9903 8724 8076
8296 9657 7674
10254 8928 7164
9527 9517 7505
7936 8955 8592
8812 7920 8944
9075 9115 8307
9158 9493 7860
8897 9553 7771
9349 9117 8174
10152 8738 7800
8892 8971 8497
9933 8942 7954
9765 9288 7696
10524 8038 6958
8511 8417 8886
8511 9008 8546
10379 8564 7267
10151 8811 7730
9275 8892 8402
8797 7862 8953
9464 9477 7642
8918 9454 7985
9000 8999 8464
10019 8918 7897
8225 8385 8942
9509 9284 7906
9827 9110 7872
9199 8413 8716
8362 9783 7389
10010 9156 7370
9529 8563 8486
8561 7732 9021
8403 8980 8579
8249 8247 8990
9242 8485 8640
9400 8156 8656
8860 9696 7536
8941 9117 8319
9451 9379 7867
8997 8638 8680
8684 9103 8394
8862 9018 8453
8638 8954 8546
9569 8175 8546
8889 8597 8730
9911 8544 8186
10116 8977 7734
9370 8776 8459
8996 9575 7695
9615 9156 8015
9082 9429 7954
9936 9233 7442
9288 9667 7260
9725 8889 8137
9971 9012 7825
10190 8832 7667
9670 8634 8335
9697 8905 8156
9215 9426 7871
9781 8874 8135
9444 9543 7467
9223 9402 7925
9737 8145 8430
9732 9393 7480
8846 9118 8358
9086 8727 8612
9969 9103 7778
8153 9816 7345
9819 8177 8336
10039 8284 8021
8364 9069 8492
10000 7747 8151
10418 8585 7204
8940 9413 8009
8574 9840 7205
8993 8680 8662
8732 9295 8219
8650 9168 8348
9380 8976 8314
9178 8759 8534
9748 7587 8448
9270 9540 7645
8713 8860 8612
10553 8232 6467
9526 8741 8369
10298 8413 7664
8446 9279 8246
8864 9580 7751
9972 8083 8149
8551 9260 8234
9326 8479 8594
9074 9185 8239
9710 8238 8439
8984 8624 8707
9521 9209 7997
10042 8949 7838
9783 9351 7558
9972 8974 7819
9487 8579 8462
9496 7961 8633
9267 8859 8426
9931 9034 7850
8909 9083 8372
10424 8309 7249
10096 8723 7836
10071 8699 7927
10499 8003 7050
9616 9437 7539
9298 8581 8589
8339 8851 8684
8798 8643 8722
9827 8703 8172
9840 8416 8307
9523 9393 7744
8520 9684 7641
10126 9010 7536
9910 8077 8246
9221 8742 8538
9517 8537 8500
9396 9643 7191
9686 8876 8182
8917 9054 8407
10128 8780 7789
10486 7944 7091
9791 8613 8238
9402 8335 8601
9440 8801 8382
8333 9187 8346
9901 7879 8288
9239 9409 7894
9385 8388 8603
8484 9374 8103
8685 9021 8469
8829 8565 8760
8598 9707 7567
9743 8035 8423
9059 9577 7689
9576 7877 8605
9062 8913 8479
9507 9042 8192
9305 9577 7512
10137 8275 7893
9265 9284 8114
9855 8511 8252
9635 9323 7737
8654 9686 7586
8555 9122 8404
8979 8847 8568
8322 8562 8859
9577 9357 7781
9088 9335 8052
9654 8808 8257
10154 9013 7468
9891 8045 8258
7932 7598 9137
10450 8368 7137
8973 9653 7576
8499 9454 7998
9694 8715 8277
8752 9516 7878
10144 8188 7894
9356 8369 8612
10460 8290 7096
9564 9049 8149
9508 9301 7941
8496 8674 8828
8985 8647 8671
9929 9233 7592
9100 9302 8079
9120 9715 7331
8784 9213 8258
10357 8111 7485
9440 9204 8079
9915 9274 7436
8978 8156 8854
9059 9651 7591
9331 9166 8159
10068 8576 7941
8994 9500 7849
9486 8644 8438
9521 8724 8391
9329 9680 6920
8582 8529 8858
9316 9450 7771
9676 8507 8402
8632 9568 7846
9515 9589 7101
8462 9438 8042
10256 8395 7728
8622 9015 8486
9295 9564 7606
9538 9449 7618
8122 9017 8518
9100 9659 7502
9791 9235 7753
9740 7959 8453
8016 8981 8591
9775 9373 7342
9115 8627 8645
8581 9489 7956
9047 9722 7425
8653 8064 8951
8772 7984 8949
8726 7782 8975
9411 8910 8339
8531 7856 9022
8560 9120 8407
10133 9064 6850
8714 8677 8765
8327 8737 8759
10058 8266 8047
9455 7951 8655
9570 9193 7976
8945 9563 7755
8787 9319 8137
9475 8626 8482
9823 9096 7953
8534 7565 9029
8636 9298 8178
9577 8525 8464
8991 9604 7681
9349 9469 7767
9370 8663 8544
8353 8020 9035
9654 8274 8463
9005 8064 8837
9355 8856 8388
9065 9109 8308
8952 9576 7719
9025 9064 8380
10494 8374 6904
9436 7964 8660
9109 8827 8542
9149 9128 8268
9609 9437 7544
9614 9182 7992
10345 8488 7451
9002 8153 8825
8586 9783 7384
9918 9131 7737
9159 8943 8431
9057 8513 8729
9240 8304 8710
8752 9586 7795
9321 9645 7315
9120 9179 8223
9029 9585 7661
9811 8813 8146
8748 8983 8488
10151 8589 7805
9962 8962 7826
9111 8412 8723
9244 9622 7508
9699 9355 7678
9472 9534 7494
9246 8846 8463
8616 8680 8810
8442 9049 8473
9193 9405 7936
9071 9278 8137
9637 9419 7527
9612 9144 8019
8709 9404 8090
10438 8229 7203
9475 9403 7788
9307 8454 8666
9415 9039 8244
10001 8971 7823
8407 9431 8077
9833 8750 8138
9846 9229 7634
8964 9307 8124
8386 9494 8014
8967 8295 8800
9797 8805 8171
8383 9572 7864
9350 8027 8726
9290 8547 8610
10361 8162 7472
9007 9347 8079
10106 8662 7898
7996 8121 9053
9789 8274 8352
10126 8253 7912
9094 8668 8612
10041 7837 8086
9820 9008 7987
9048 9676 7445
9860 9257 7596
9771 9371 7391
8875 9485 7932
10458 8304 7135
9235 9669 7372
9717 8538 8339
8468 9456 8004
9861 8281 8269
10467 8220 7117
9744 8875 8114
8522 8043 9012
8494 8922 8594
9039 8254 8793
9717 8710 8252
9938 8209 8175
9283 9347 7976
8864 9559 7786
9659 8607 8336
9488 8928 8266
9613 9283 7919
9227 9483 7775
10003 9147 7557
9617 8680 8375
9074 8073 8827
9122 9669 7500
8947 8395 8780
9459 9093 8145
9383 8411 8610
8792 8875 8600
9897 9289 7061
9225 8705 8561
9938 8230 8174
8883 9548 7801
8417 8199 8970
9208 8491 8645
8445 8444 8881
9724 7882 8480
9031 9427 7982
9360 9361 7943
9911 9282 7446
9292 9539 7669
8759 9099 8402
9420 8989 8263
9874 8840 8073
7982 7827 9121
9830 8582 8277
10324 8694 7409
8551 7854 9013
9727 8886 8119
9171 8522 8674
9742 9222 7893
9124 9711 7277
9396 7753 8742
9934 8117 8190
9853 8831 8082
8799 9710 7550
9474 8342 8586
7699 8021 9085
9971 8899 7910
9999 9084 7741
9439 9570 7434
9962 8826 7957
8746 8661 8772
8771 9654 7649
9392 9104 8197
10020 9089 7631
9155 8133 8778
9448 9308 7970
8191 7879 9077
9418 8990 8279
8574 9873 6718
8153 9414 8126
9298 8860 8404
9742 8662 8253
9144 9314 8071
9206 9675 7442
9021 9595 7667
9276 9338 7987
9437 9603 7419
9179 9431 7895
9042 9568 7728
10056 8605 7984
9910 9218 7743
10130 8844 7703
9544 9227 7970
9771 8620 8252
9442 9409 7741
9295 9455 7795
8329 7512 9087
9454 9099 8152
9824 9230 7681
9059 9728 7310
9216 8662 8567
10350 8206 7519
10076 8489 7935
8698 9275 8224
9415 9555 7507
8633 8186 8926
8384 8729 8769
9882 7892 8293
9362 9316 7997
9009 9414 8006
10373 8237 7460
10556 8116 6727
8504 9127 8383
8304 8821 8691
8176 9553 7915
10047 8072 8048
9259 9666 7305
10418 8652 6616
9401 8576 8521
8998 9140 8301
8800 9534 7865
9408 8152 8660
8973 9256 8182
9088 8976 8450
8361 8370 8915
8406 9355 8151
8889 8722 8665
8807 8526 8785
9931 8063 8199
8812 8972 8542
9341 8735 8498
9417 8267 8625
8981 9808 7072
9832 8480 8311
8963 9552 7798
10109 7789 7974
8389 8986 8557
8601 9685 7616
9109 8355 8764
9361 9476 7693
9455 8742 8417
9277 9592 7480
9814 8428 8340
9799 8665 8227
10284 8702 7475
8620 8244 8915
8534 9187 8340
8157 9581 7841
8996 8602 8709
9938 7918 8204
9409 8016 8692
8055 8706 8795
9998 9195 7191
9680 9464 7318
8430 9837 7290
10460 8304 7062
8800 7975 8942
9189 9545 7707
9217 9412 7875
9133 9185 8201
9023 9110 8329
9937 8889 7977
8964 9697 7527
7646 7494 9174
9268 8673 8554
9586 9277 7941
9645 9148 7989
10018 8111 8136
9088 9219 8205
9452 8588 8500
10214 8560 7768
8413 7744 9064
10163 8823 7718
9573 9412 7640
8818 9833 6962
8932 9118 8335
9271 9658 7409
10126 8586 7895
8521 9623 7761
9250 8954 8404
8680 8982 8511
9908 8577 8163
9301 8516 8621
9229 9457 7841
10090 9006 7613
9457 9521 7509
8859 9361 8097
10174 8438 7821
9513 8486 8513
9393 9102 8252
9975 9087 7808
9761 8447 8367
9915 8672 8137
9437 8870 8356
10029 8516 8077
8795 8343 8833
9643 9493 7195
8894 9810 6958
9738 9235 7848
9627 9323 7746
10136 8168 7926
9429 8439 8588
9849 9109 7894
9786 9406 6993
8949 8480 8776
9005 9737 7342
9230 8919 8424
9027 8664 8662
9321 8921 8385
9956 8289 8168
8617 9512 7922
9529 8571 8483
9916 8293 8182
10517 8133 6992
9707 8892 8150
10134 8283 7910
8896 8918 8517
9895 8467 8213
10146 8611 7836
9999 8361 8100
9626 9541 7092
9237 9727 7161
9010 8702 8655
9917 9213 7667
9798 8958 8080
9489 8405 8571
9898 8281 8236
9055 9023 8378
9232 9585 7569
9698 8879 8179
8704 8866 8610
10085 8917 7798
9376 9439 7794
9587 9122 8078
8966 8721 8630
10011 8152 8092
8568 9274 8228
9796 9050 7976
8249 9590 7811
9235 8634 8615
9890 8659 8207
8950 8633 8685
8251 7922 9055
8837 7432 8938
8449 9650 7721
9486 9416 7734
9395 8898 8384
9025 8139 8814
9486 9104 8126
10559 7838 6884
9282 7853 8793
9877 9256 7554
8625 9434 8014
8968 9213 8223
9541 9533 7421
9428 9423 7762
9440 9091 8164
10012 9100 7693
9107 8734 8589
9067 8856 8558
9394 8957 8319
9956 7977 8198
8614 9375 8099
9480 9626 7024
10112 9039 7332
10228 8558 7723
9757 8693 8250
9444 8709 8432
8679 9422 8079
8282 8626 8864
8916 8101 8872
8617 9445 8033
9744 9293 7696
8605 8915 8597
8924 8749 8658
9374 9113 8180
8429 9359 8145
8676 8269 8898
8836 9699 7492
8085 9559 7885
10148 8962 7495
9396 8946 8323
9386 9396 7900
8801 8574 8767
9259 9330 8022
8475 9316 8206
9673 8574 8398
8777 8107 8924
8998 7753 8905
9702 9379 7550
8282 8739 8779
9257 9366 7939
9191 8893 8471
8956 9634 7658
7991 8727 8798
9471 7896 8717
10039 9142 7272
8021 8676 8821
9371 9165 8165
9644 8759 8283
9569 9473 7474
9338 9664 7304
8696 9187 8332
9899 8518 8200
9032 9683 7435
9617 9103 8041
9295 9368 7923
8974 9440 7967
9095 8233 8812
10147 8957 7499
8415 8043 9017
9557 8805 8326
9605 8682 8351
10046 8698 7939
10100 8495 7925
8378 9785 7372
10603 8135 6455
8864 8334 8828
8937 9307 8130
9644 8603 8378
9253 9631 7506
9576 9511 7431
8758 9144 8334
9436 8232 8604
8582 9043 8486
9394 9037 8276
9110 9180 8215
9148 8756 8544
9692 8919 8145
9747 8439 8392
10026 8035 8093
8807 9041 8426
8952 9112 8324
10413 8303 7296
9203 8505 8648
9451 8457 8581
9214 8353 8711
9197 8105 8750
9299 9458 7772
9258 8734 8545
8664 9858 6620
9450 8812 8367
9997 9137 7715
9259 9683 7205
8920 8691 8719
8132 9319 8223
8719 8878 8599
9716 8662 8313
8342 9457 8050
9090 8859 8537
9757 9222 7843
10387 8462 7294
9622 9417 7556
8241 9423 8116
9921 8455 8180
10470 8504 6543
8944 8092 8865
8511 8895 8631
10587 8003 6477
8579 8241 8963
8383 9870 7192
9910 8722 8077
10105 9050 7410
9065 8762 8617
8795 9094 8374
9917 8033 8225
9797 8109 8389
9020 8128 8826
8814 8541 8763
8176 9242 8278
9498 9620 7029
9983 8277 8148
9541 9473 7490
8662 9045 8454
10108 8525 7923
8534 9477 7974
8969 8423 8765
10006 8317 8079
9399 9631 7174
9187 9652 7467
8873 9748 7480
9109 8061 8793
8790 9835 7084
9141 9458 7864
9772 9383 7368
9517 7735 8648
10107 9024 7598
9499 9504 7521
9002 8855 8563
9445 8527 8533
7972 8190 9041
10611 7831 6359
9696 9448 7329
9058 9019 8366
9475 8739 8397
9958 9003 7863
9539 9047 8171
8312 9251 8272
9041 9660 7505
9319 9353 7960
8740 8046 8949
8640 8346 8875
9696 9090 7994
9715 8739 8242
7783 7724 9153
10159 8965 7487
9262 9488 7752
8719 9621 7701
9678 7926 8509
9073 9691 7418
10015 9124 7565
9522 8985 8191
9135 9607 7596
9958 8571 8140
8889 8835 8580
9100 8954 8465
9919 9247 7432
9098 9416 7930
9020 9452 7908
9875 8250 8295
9031 9552 7773
9944 9242 7221
9118 7425 8855
9390 7902 8718
9751 8721 8218
9437 9529 7517
8737 8167 8911
9601 8757 8336
8820 9032 8462
8646 8768 8706
9163 9504 7778
9868 9303 7418
9810 8849 8118
10374 8157 7416
10185 8930 7518
9204 8387 8685
9126 8596 8656
9815 9318 7692
9425 8874 8369
8448 7903 9018
10114 9102 7234
9622 9532 7218
9960 8110 8183
9983 8371 8096
8335 8364 8939
9121 8048 8807
9298 9162 8189
8211 8965 8587
9476 9050 8172
10340 8539 7418
8114 9103 8466
9250 8995 8352
8619 9222 8288
8546 9517 7914
10364 8155 7479
8594 9554 7904
9699 8701 8288
9394 9570 7435
9104 9684 7408
8882 9731 7424
8425 9842 7164
9058 9522 7800
9609 8996 8134
9457 9124 8131
9568 9498 7446
8684 8619 8778
9618 8340 8467
8751 8022 8931
9369 8708 8476
9885 9260 7506
9107 8780 8553
8357 9556 7885
10379 8572 7259
8286 9119 8429
8733 9474 7976
9041 9630 7627
10282 8788 7375
9895 8155 8243
8639 8170 8956
9509 9445 7670
9720 8052 8488
8546 9472 7989
9718 9368 7591
9854 9305 7388
9377 8907 8367
9979 7785 8208
9849 8996 7979
9383 8707 8470
8952 8027 8889
9502 8758 8384
9406 8934 8325
9909 8984 7943
8166 9794 7387
8943 9571 7739
10573 8106 6780
9197 8336 8717
9451 8906 8313
9674 9244 7868
9884 8755 8087
9626 9499 7274
9568 8940 8205
8519 8709 8791
9233 9295 8065
9923 9114 7790
9822 9209 7753
8265 8011 9045
8746 9682 7602
8175 9529 7923
9410 8884 8354
9511 8737 8397
8210 7970 9046
9367 9407 7838
8879 9652 7673
9686 9453 7007
9363 9440 7795
10136 8890 7633
8832 8470 8795
8920 8512 8766
10207 8679 7668
9336 8668 8549
10045 7888 8073
9841 9333 7391
9778 9266 7738
9742 9352 7593
9301 8248 8730
8997 9009 8402
9517 9421 7724
9342 9577 7486
8927 9625 7684
9289 9021 8305
10327 8669 7320
9334 9512 7683
9249 9717 7117
9690 9376 7556
9419 9540 7557
10515 8310 6831
9091 8794 8561
8120 8512 8913
9017 9805 7137
9282 9469 7811
9852 8207 8299
9762 9190 7922
8794 7991 8912
9827 9338 7274
8738 9619 7733
9324 9435 7844
10358 8731 7303
8966 9450 7942
9258 9122 8230
9588 9073 8073
9138 9189 8199
9558 9194 8032
8959 9612 7707
9126 9777 7002
10060 8340 8014
8643 9518 7888
10456 8092 7182
9263 9552 7653
9190 9509 7768
10143 8567 7849
9328 9580 7506
8848 9326 8136
8738 9557 7819
9553 8193 8577
8175 8527 8897
10073 8979 7712
8823 9854 6685
9291 9694 7043
9576 9464 7496
8762 8140 8909
9896 8725 8167
8303 9504 7988
9611 9058 8099
8478 8773 8730
9495 8065 8618
9669 7753 8527
9384 8547 8539
9715 9344 7719
9499 9269 7985
8707 9199 8291
10423 8214 7350
8549 9870 6808
9234 9029 8311
7772 7840 9112
10389 8158 7389
9584 8931 8218
9532 9503 7470
9519 9479 7539
9646 9428 7525
9374 8341 8678
10479 7989 7125
9611 9495 7361
8264 8380 8943
10232 8400 7717
10300 8038 7624
9212 9724 7251
8842 9546 7822
9858 8807 8133
9843 7878 8335
9219 9536 7693
9234 9641 7416
8846 8937 8514
10019 7940 8119
8280 9885 7049
9443 8618 8486
9270 9295 8032
9476 9451 7651
9385 9550 7550
10182 8993 7211
8056 7747 9121
9091 8907 8476
9724 8751 8208
9602 8692 8360
9476 9537 7458
7923 7736 9123
8154 9560 7882
8686 9033 8452
9280 8803 8471
9509 8232 8601
8392 9478 7984
9006 8667 8662
8431 8700 8801
10194 8883 7654
8566 9694 7610
8832 8021 8907
9619 8742 8312
8998 9442 7945
8801 8913 8545
8206 7995 9059
10030 9001 7791
10382 8124 7415
10524 8226 6813
9058 9647 7621
9678 9364 7699
10371 8493 7354
9419 9054 8239
9130 7961 8807
9616 9381 7693
8611 9685 7609
9929 9247 7222
8601 9815 7295
10647 7828 6424
8695 9779 7437
9977 8424 8120
8550 9869 6869
8220 8652 8831
8840 8808 8619
9730 9429 7276
10069 8511 7965
8663 7537 8983
9391 9441 7739
9207 8914 8449
9376 9658 7204
9242 8031 8751
9564 9404 7655
9459 9071 8157
8914 9260 8220
8195 8503 8944
9008 8793 8608
9374 9587 7467
9721 8910 8120
10392 8351 7373
8518 7760 9038
9611 8929 8213
10233 8661 7613
8590 9103 8406
9791 8132 8361
9586 8012 8559
8694 9844 6967
8725 8380 8868
8418 8904 8620
9613 9381 7732
8741 9131 8362
8298 7979 9036
9610 9348 7887
9896 9248 7484
8586 9866 6918
9612 9257 7934
8383 8856 8673
9302 8677 8527
9481 9331 7914
9101 8130 8800
9965 8148 8149
8269 7917 9075
9443 8888 8324
9513 9386 7761
9011 8016 8855
8556 8949 8586
9162 9574 7710
8076 9268 8305
8894 9679 7541
9668 8598 8347
9690 8635 8317
9879 8254 8266
8436 9238 8281
8574 8920 8616
9163 9173 8196
9346 8532 8591
8690 9609 7749
9061 9753 7168
9772 7861 8421
8810 9615 7731
9531 8542 8493
10287 8736 7419
8642 9693 7599
9209 9495 7832
9291 8434 8681
9194 9129 8221
8863 9794 7310
8547 9313 8180
9632 9441 7474
10072 8274 8022
9092 8872 8480
9037 9042 8395
8590 8217 8945
9065 7961 8856
9075 9002 8392
9087 8908 8467
9714 9442 7334
9487 7773 8666
8829 9568 7780
8847 8695 8706
7914 7285 9162
9988 7956 8159
9847 9286 7565
8944 9635 7640
9711 9450 7153
8910 8983 8480
8774 9313 8155
8244 9126 8410
9978 8387 8094
9549 9399 7709
8915 8003 8898
9223 9210 8154
8739 8124 8948
9696 8261 8468
10197 8788 7646
9446 8705 8434
9003 9713 7439
9141 9208 8192
9437 9543 7488
9768 9047 8007
8474 9055 8466
9495 7992 8635
9955 8827 8048
9096 9336 8047
10365 8636 7269
8738 7826 8957
9682 8962 8157
9979 8826 7945
9625 8888 8229
9981 9143 7618
10046 8472 7990
8462 9021 8505
9082 8008 8851
9578 9079 8084
8671 9497 7930
8497 9129 8383
9934 8828 8037
9147 8625 8625
9841 8114 8328
9526 8968 8233
8701 8979 8531
9888 8513 8245
9842 8274 8316
9238 8831 8499
9176 9624 7525
8070 9031 8515
9548 9098 8121
10028 8941 7850
8556 9310 8218
9402 8850 8375
9393 9619 7319
9662 9429 7451
9495 9480 7599
10081 8445 7973
9029 9235 8201
9152 8816 8539
9455 9403 7789
9841 7802 8358
8966 8321 8821
10393 7981 7398
8887 9527 7830
9825 9229 7688
9126 8328 8765
9636 9067 8086
9478 9438 7687
10452 8578 6928
9282 8654 8554
8868 8760 8647
9746 8617 8283
9158 8147 8749
9610 8994 8189
9385 9585 7426
8757 9317 8152
9762 9063 7977
8559 9216 8331
9074 9600 7599
9722 9391 7529
8244 8447 8924
10088 7838 8013
9336 8817 8432
9526 9491 7518
9449 8902 8318
9630 8818 8279
10514 8304 6854
8394 9460 8005
10279 8722 7457
9339 8746 8494
9494 9476 7629
9311 8887 8391
9269 8758 8507
9278 9673 7271
9294 9436 7857
9473 9466 7651
10156 8993 7461
9801 9323 7575
8782 9836 6913
8719 8482 8828
9974 8507 8087
8882 9755 7358
9409 9011 8253
10167 8996 7453
10038 8375 8058
7943 8401 8956
9450 9375 7897
9398 8697 8481
9928 8781 8071
8337 8724 8774
9063 9766 7164
9907 8965 7964
9142 9163 8260
9938 7976 8200
9664 8939 8190
10358 8805 7205
8928 9700 7462
9124 9082 8307
10094 9072 7324
10237 8941 6891
9563 9418 7651
9615 9043 8100
9375 9634 7241
9704 8491 8448
9551 9398 7726
9463 9056 8168
8616 9548 7861
9282 9221 8151
8954 9763 7262
10000 8931 7902
9780 9327 7686
9186 7750 8819
8789 8629 8765
9873 8570 8246
8876 9555 7769
8798 9455 7966
9554 8949 8192
9801 9211 7859
8382 7600 9081
9576 9401 7636
9452 9284 7944
8651 8115 8958
10281 8782 7398
8257 9657 7678
9465 9630 7201
9925 8845 8022
9097 9519 7787
9175 9747 7111
9718 9353 7653
8883 9147 8327
8394 9866 6989
8516 7811 9045
9810 9359 7432
9408 8088 8686
9712 9362 7608
10211 8254 7806
9411 9467 7734
10315 8813 7114
9559 8745 8339
9322 8809 8457
9169 9422 7919
9464 9513 7515
9757 8868 8145
9110 8186 8778
8937 9730 7413
9229 8788 8505
8920 8804 8634
9207 9679 7412
9112 9409 7938
9469 8688 8437
9137 8629 8620
8407 8254 8980
9664 7999 8510
9200 9750 7021
8715 8227 8899
8847 8541 8757
9208 8869 8517
8788 9622 7698
9375 9443 7755
8044 9247 8310
8502 9736 7559
8390 9486 7968
9555 8584 8445
9744 8567 8317
9900 7944 8264
8719 9059 8443
9666 8699 8295
9564 8715 8414
9764 9264 7743
9386 8148 8674
8191 9549 7908
8523 8687 8769
9097 9287 8092
8602 9617 7773
9451 8886 8344
10346 8785 7280
9172 9534 7729
8913 7478 8920
9298 9049 8274
8620 9356 8104
9026 7680 8889
8822 9291 8179
10312 8608 7457
8332 9048 8497
9128 9423 7907
8869 8118 8895
10550 8226 6563
10488 8500 6637
9241 9566 7601
9537 9452 7571
8421 9864 7092
9151 8327 8736
8286 9029 8513
10082 8380 7997
9314 9108 8212
9238 9533 7756
8605 9236 8304
9130 9706 7315
9702 9402 7494
9275 9625 7465
9288 9608 7450
9051 8261 8786
9241 9557 7628
9961 9140 7650
8950 9312 8125
9661 8564 8403
8619 8409 8865
9566 9440 7629
9765 7972 8415
8731 8469 8842
8869 9777 7316
10269 8658 7678
8582 9453 8017
9165 7915 8848
8625 9635 7722
9697 8196 8492
10470 8041 7142
9306 9581 7482
9746 8504 8368
9181 8587 8627
10154 8939 7566
10553 7981 6799
9320 8574 8580
9212 8636 8573
9872 9277 7521
9289 9281 8047
9399 9386 7835
9399 8590 8521
9282 9108 8236
9369 9679 7166
8669 7917 8968
9325 9482 7732
8653 8722 8732
9544 8503 8481
9887 9187 7802
9639 8850 8235
9659 9405 7579
9046 8653 8639
8931 9153 8306
8536 9874 6875
9474 8465 8576
9302 9688 7198
8363 9163 8359
9039 7876 8863
10348 8658 7404
9756 9353 7567
8126 8043 9038
8844 8727 8675
10191 8752 7758
10380 8441 7337
9937 8302 8173
9173 9662 7478
9001 9759 7270
8890 8758 8636
9123 8661 8624
9522 8964 8262
10394 8440 7297
9203 9614 7525
9265 8039 8746
9046 8822 8573
9079 9094 8324
8483 8806 8705
9527 8208 8585
9043 9028 8386
8310 7797 9091
9591 9443 7539
9852 8903 8081
10485 7860 7097
9413 9227 8056
9811 9120 7850
9285 9639 7437
8679 9704 7568
10145 8200 7882
9432 9521 7535
8513 8326 8933
10505 8223 6956
8710 8861 8624
8775 9218 8250
9924 8910 7998
10205 8732 7642
8622 7574 9019
9647 8736 8314
9283 9695 6928
8821 9587 7792
8316 8372 8935
9864 9250 7625
9595 8853 8284
8226 9708 7622
10515 8145 6915
10109 8666 7876
10229 8714 7590
9457 9011 8216
9079 8407 8734
8282 7895 9057
8801 8872 8597
8860 9540 7854
9486 9291 7943
9698 8124 8493
10166 8598 7790
9483 9282 8009
9711 8890 8122
8707 9135 8354
9490 9326 7902
9750 9415 7105
10204 8916 7456
9684 8871 8204
9220 8204 8735
9562 9140 8102
10135 8417 7884
8965 9590 7707
9746 7702 8432
9784 8255 8377
9283 9401 7896
9818 9342 7564
8491 9331 8202
10129 8470 7908
10057 9012 7764
9693 8086 8507
9691 9450 7157
9543 8864 8322
9558 8627 8435
8666 8160 8935
9096 9410 7949
8907 9325 8119
9980 8329 8112
8818 9678 7600
9527 8767 8354
10578 8132 6545
9701 8847 8250
9346 9648 7225
10232 8702 7610
9560 8316 8565
10221 8785 7579
9910 8566 8172
9116 8514 8716
8093 8048 9041
9626 9179 7966
8748 9656 7649
10116 7970 7942
9543 9421 7654
9945 8833 7992
9741 8752 8204
9346 9323 7987
9029 9659 7563
9059 9753 7175
8946 8836 8578
8866 8621 8747
9726 9362 7581
8811 9162 8309
9250 8887 8453
9122 8524 8677
8428 8422 8892
9098 9126 8296
9630 8931 8194
9671 9445 7419
10112 8926 7747
8829 8466 8797
9186 9704 7273
9884 8089 8279
9252 8796 8500
8780 9395 8098
9815 8356 8341
8718 9418 8052
9780 8899 8086
9626 8464 8449
8524 9171 8355
10179 9016 7378
9075 9277 8129
9520 9386 7756
10416 8655 6765
8574 8807 8701
9588 9454 7543
10185 8936 7323
10055 8670 7960
10271 8331 7736
10037 8752 8004
9553 8159 8584
9209 7608 8817
9727 9447 7222
9453 9557 7389
9745 7895 8440
9060 9004 8432
8824 9389 8055
9739 8338 8408
10374 8623 7226
10433 8301 7225
9468 9444 7698
9331 9125 8206
9107 8725 8602
9714 8725 8262
9140 9116 8302
9386 8456 8586
9312 9180 8149
9427 9115 8160
9598 8939 8206
9627 8335 8469
8418 9631 7769
8223 9207 8359
8784 8852 8626
8893 8294 8841
10087 9099 7264
10443 8588 7114
9965 8661 8078
8684 9331 8164
9270 9369 7934
9192 9438 7862
9443 9537 7490
10463 8232 7113
9433 8654 8510
9280 9505 7728
10044 7953 8049
9548 9374 7854
8549 8392 8896
7978 8259 9009
9765 8981 8089
9108 9191 8204
10127 8850 7659
9300 9532 7673
10067 8437 7998
9972 8438 8109
9914 9236 7473
8013 9727 7569
10168 9034 7416
9468 8748 8389
9063 9421 7961
9171 8612 8626
9140 8645 8609
9559 8475 8501
8443 9805 7313
8155 8027 9076
9083 9588 7658
9576 9022 8163
8925 9048 8397
9847 7929 8322
8801 8759 8682
8854 9362 8073
8709 7853 8963
10282 8855 6880
9683 9497 7163
9498 9178 8056
9645 9088 8022
8812 8776 8667
7904 7938 9105
10219 8928 7382
7938 8444 8970
8429 9350 8152
9282 9590 7494
8701 8620 8775
9613 9247 7968
9402 8737 8460
8733 9221 8250
9556 8505 8466
9053 9062 8380
9801 8602 8278
9274 8982 8353
9093 8753 8589
8602 9496 7933
9932 8283 8198
8308 9896 6664
9413 8706 8471
8823 7833 8940
8685 8717 8752
8583 8992 8518
9607 9438 7564
9311 9551 7603
9439 8214 8620
8534 9877 6658
8485 9577 7831
9767 9041 8030
7961 7409 9138
8256 9804 7314
9421 8214 8624
8461 7796 9061
9719 9001 8073
10193 8996 7203
8683 8608 8792
9085 8785 8590
7503 7831 9137
9548 9377 7767
8666 8545 8838
7981 9755 7483
9645 9382 7587
8594 9309 8185
7877 7684 9154
8653 9223 8268
9399 9382 7884
9067 9479 7887
10066 8507 7987
8998 9462 7888
9339 8939 8366
9349 9493 7701
9504 8840 8365
9060 9583 7676
9634 9319 7764
8991 9625 7664
9201 9593 7558
9325 9559 7547
9712 8943 8120
9185 9424 7886
8266 7870 9108
8552 8024 8975
9513 7914 8653
8264 9295 8227
9095 8611 8684
8916 9099 8339
7634 7573 9160
9974 9233 7207
9132 9458 7903
9866 8727 8129
9606 9502 7417
8973 8185 8815
9394 8844 8404
8461 9483 7974
9041 8447 8737
9702 8916 8136
9599 7885 8600
8986 8533 8754
9686 8541 8379
9587 8509 8438
9579 9159 8027
8860 9770 7438
8823 9718 7484
9597 8542 8414
10147 8988 7479
9674 9189 7950
9483 9395 7750
9586 8763 8325
8605 9123 8389
7594 7878 9118
8344 8303 8956
9603 9431 7610
8706 8300 8878
9369 9539 7562
10509 7975 7032
9825 8599 8211
9263 9629 7474
9360 9566 7529
9454 8550 8511
8690 7918 8954
9090 9178 8233
8946 8830 8580
8893 9019 8436
8031 9534 7916
9410 9249 8023
8571 7792 9017
9251 8866 8432
9551 7860 8631
8006 8037 9056
9310 9496 7714
9639 8290 8468
8911 9461 7930
8195 8628 8860
9755 9369 7451
9632 9207 7914
9964 8860 7948
10460 7857 7187
10369 8485 7384
9582 9397 7649
9188 9612 7580
8210 7941 9059
9592 7950 8566
9096 9144 8276
9561 9142 8047
9573 9440 7624
10032 9142 7422
9996 8444 8079
9579 9077 8139
8236 8021 9041
9557 8387 8503
8513 8297 8946
8923 8569 8712
9107 7933 8828
10447 8206 7192
9088 8863 8535
10198 8657 7724
8570 8418 8873
10479 8123 7123
9592 9571 7288
8577 9859 7040
9909 8475 8188
9107 9746 7199
10384 8232 7387
10265 8855 7488
8977 9005 8437
8491 9128 8407
9813 9102 7897
8946 9290 8144
10051 8564 7988
8964 8350 8811
10186 8904 7534
8585 9194 8321
9618 9490 7285
8994 7999 8861
9924 7910 8229
9814 9368 7306
8863 9227 8240
9052 9107 8312
8723 8244 8878
10037 8440 8034
8943 9148 8307
8675 8291 8904
8751 9774 7385
8713 9133 8362
8070 9345 8190
7894 7574 9141
9323 9495 7686
9638 8915 8211
10310 8647 7452
9135 9364 8016
9882 9234 7547
9548 9470 7556
9949 8630 8099
9350 8536 8562
8864 8712 8700
9015 9077 8338
9072 9629 7633
9302 9499 7688
9446 8680 8442
10364 8588 7388
8226 8207 8992
10002 7816 8149
9265 8950 8379
9403 9383 7836
8634 9630 7730
8986 9748 7352
9742 9422 7438
10019 8774 7931
8546 8725 8755
9827 8675 8175
9921 9251 7394
10408 8406 7300
9428 8808 8381
9004 9319 8080
9166 8629 8617
9048 8640 8652
8745 9353 8142
9630 9238 7917
9108 9592 7615
9243 9694 7164
8669 8307 8874
8954 9094 8344
8551 8772 8738
10105 8776 7815
9174 9193 8184
9736 8733 8213
9650 9434 7502
9264 9320 8053
8456 8797 8721
10210 8509 7781
8860 9432 8012
9588 9186 7988
10034 8195 8088
9880 8883 8036
9215 9682 7320
8974 8754 8621
8639 8781 8728
9169 8564 8649
8835 8844 8653
9739 9445 7244
9187 9577 7620
9311 7608 8779
9577 9384 7667
9867 9107 7812
8766 8953 8558
9641 9384 7603
9063 8911 8534
9064 9741 7291
8954 7760 8887
8634 8844 8659
9700 8549 8354
9829 9012 7952
9352 8847 8389
10203 8714 7643
8581 9108 8462
9467 8779 8390
10018 8322 8078
9939 8187 8189
9462 9606 7329
9780 8907 8083
10112 8801 7804
9354 9265 8036
10399 8256 7339
9218 8076 8742
10101 8432 7927
9661 9145 8003
9175 9430 7897
9926 8127 8212
9530 9517 7466
9152 9130 8258
9557 8234 8567
9526 8775 8361
10183 8963 7401
8288 9116 8424
8933 8549 8729
8652 9687 7588
9577 9396 7653
9498 8646 8436
8531 9461 7990
10090 9087 7373
9819 9274 7721
8300 8376 8973
9431 8297 8597
9206 9569 7625
8713 9644 7712
9400 9162 8148
9159 9056 8346
8936 9446 7953
9638 9028 8126
10043 8567 7998
9125 9398 8007
9418 9412 7808
8277 8849 8725
9846 8919 8051
9451 9305 7965
9398 9235 8051
9256 8502 8624
10294 8362 7677
8674 8158 8922
9729 8380 8398
8909 9711 7462
8561 9011 8520
7515 7752 9151
10061 9063 7751
9870 8454 8251
8801 9354 8116
9645 9261 7904
9715 8208 8438
8710 8974 8539
9962 8713 8042
8807 9248 8221
9022 8615 8671
9159 8306 8722
9424 8806 8386
9095 9406 7979
9865 8305 8257
8184 9616 7784
9118 8935 8448
9064 9696 7430
10093 8273 7964
8347 9798 7344
9852 8519 8269
9071 9391 8052
8659 9555 7822
9972 9156 7605
9874 8953 7988
9429 9393 7815
9650 9375 7628
9177 8073 8790
8886 9158 8317
9788 9098 7966
8412 9278 8266
8979 9011 8409
8963 8773 8615
9266 8823 8475
8913 9819 6681
9384 8555 8536
9858 8334 8263
9075 9653 7505
8367 8863 8679
10242 8918 7189
9428 9554 7479
9954 8616 8110
9421 9433 7767
9322 9133 8182
9167 9453 7860
9038 9750 7306
9590 8492 8442
9674 9318 7770
8515 8836 8685
9147 9540 7715
8346 8395 8923
8945 8756 8635
8635 9160 8359
9167 9007 8354
10125 9037 7501
8163 9886 6979
9903 9000 7913
9959 8506 8164
9133 9586 7652
10395 8125 7357
8924 9582 7724
9654 9251 7882
8596 8485 8872
8330 8559 8876
8728 9072 8417
9008 9298 8138
10253 8780 7540
9677 7791 8520
9420 8899 8326
9128 8754 8571
8938 9641 7639
9619 9329 7753
9458 9119 8122
8760 8650 8744
10222 8791 7556
8697 9532 7887
8296 7851 9071
8816 9166 8307
9176 9710 7284
8188 9093 8476
8881 9032 8428
10212 8189 7830
8912 8087 8876
9539 9268 7991
9706 7569 8512
10504 8410 6901
9025 9434 7910
10517 8355 6706
9928 8668 8156
9079 8801 8560
9490 9537 7409
9854 8985 7947
10122 8535 7908
9150 8638 8608
9637 9204 7927
9405 9590 7424
9977 9040 7773
8430 7985 9022
9057 9590 7643
9416 8313 8650
8759 9506 7920
8803 8236 8889
9271 8621 8569
9999 8661 8075
9662 9080 8027
8400 8574 8854
9894 8921 8017
9206 9575 7595
9316 8683 8524
8781 9330 8122
9428 8546 8548
8492 9685 7632
10473 8440 7023
9575 9082 8113
9363 9667 7214
10254 8207 7766
9340 8800 8474
9617 8358 8505
8656 9855 7008
9056 9498 7816
8281 9300 8223
10261 8804 7501
9450 8968 8264
9635 9016 8130
8977 9108 8335
9276 8986 8348
9593 8910 8244
8393 8337 8922
8502 8846 8652
9298 9415 7866
8358 8337 8923
8861 9360 8073
10042 8738 8015
9555 8896 8279
9485 9078 8141
8559 9880 6568
9681 9388 7571
9042 9017 8400
8351 8815 8694
9512 9211 7996
9090 8429 8723
10082 8893 7926
9566 9468 7491
9107 9555 7713
9246 9693 7245
8505 8420 8894
9455 8855 8332
9105 8924 8454
9823 8961 7990
9099 9708 7367
8380 9257 8271
8824 9608 7751
9461 9472 7659
9432 9518 7599
8479 8551 8875
9203 8251 8732
8735 8422 8837
9364 9451 7739
9501 9569 7351
8099 9159 8434
9522 9339 7897
9254 9698 7065
8944 9219 8222
9096 8302 8783
8949 8652 8665
9219 8045 8762
9247 9146 8214
9333 9413 7825
8997 9205 8277
9787 8655 8232
9939 8673 8111
8368 8793 8747
9079 8875 8486
8224 8756 8779
8626 8920 8585
10285 8747 7374
8825 9611 7724
8893 9263 8169
10488 8455 6689
8358 9691 7612
8553 9577 7810
9475 9378 7807
9339 8051 8744
9811 9347 7347
9671 9411 7482
8968 8710 8634
9976 8489 8096
9413 8819 8386
9656 9369 7674
8793 8604 8753
10489 7911 7084
9671 9246 7900
9271 8274 8697
8650 8017 8984
8029 9906 6537
9124 9740 7237
10091 9048 7452
9600 8829 8298
8916 9278 8161
9059 8422 8776
9260 9456 7847
9476 9550 7454
9429 8117 8655
9585 9390 7652
8436 9569 7840
10179 8942 7476
9747 7913 8421
9884 8934 8023
8235 8291 8976
8915 7974 8911
8956 9560 7756
8850 8211 8869
8994 9248 8180
9632 9044 8096
8519 8366 8914
9714 8796 8221
9526 9572 7261
10067 8648 7940
9521 8139 8617
8956 9661 7539
8061 9717 7621
8466 8892 8649
10355 8438 7427
9104 9722 7327
8896 8938 8499
9680 9017 8075
9643 8797 8258
9327 9159 8172
9432 8699 8442
9997 9173 7419
8870 8805 8603
8278 9814 7312
9736 9371 7476
9175 8107 8761
9176 8963 8402
8401 8174 9021
8601 8823 8665
9581 9066 8143
9300 9575 7524
9215 9394 7967
9464 9481 7593
9483 8644 8458
9375 9591 7437
9726 7951 8478
9124 8400 8741
9083 9709 7341
9235 9250 8119
9248 9647 7414
10125 9052 7089
9579 9535 7303
9119 9249 8155
9179 9599 7598
10226 8586 7754
8455 9394 8102
9550 9460 7529
10388 8300 7386
8834 9827 6876
8940 7859 8891
9084 9599 7608
8968 8185 8818
9249 7993 8792
8121 8281 9005
10078 8401 7986
9818 8990 7988
8982 9503 7836
9391 8582 8532
9567 9568 7378
10089 8315 7997
9603 9003 8135
8009 8070 9048
10539 8307 6764
9187 9042 8334
9617 9388 7655
9452 8525 8564
9541 8516 8466
8851 9578 7778
9558 8740 8350
9244 8956 8371
9673 9098 8021
9963 8447 8099
8285 8561 8896
9784 8665 8241
9220 8013 8758
9457 9184 8098
10097 9057 7397
9312 8364 8632
9184 8187 8737
10058 8477 7989
9846 9282 7595
9222 9472 7857
10308 8714 7316
9963 8224 8168
9526 8927 8285
8869 9753 7382
9191 9213 8155
8373 8756 8743
9823 9221 7744
9824 9031 7977
9389 9530 7567
10507 8433 6747
8997 9092 8362
8778 9041 8434
10576 7653 6745
9817 8120 8348
9134 7990 8801
8243 9191 8386
9742 8613 8312
9375 9479 7681
9164 8131 8779
8713 9080 8418
8855 9581 7727
9757 9396 7390
8127 8251 9008
8303 8884 8682
8677 9197 8309
9607 9018 8130
9859 8742 8157
8275 9790 7440
9039 8433 8746
8525 8994 8530
8769 8775 8675
8427 7843 9023
9380 9654 7150
9083 9650 7531
9069 8765 8605
8613 9299 8173
8667 9727 7560
8720 9681 7662
9074 8675 8614
9424 9401 7816
9051 8700 8619
8784 9402 8015
9425 9458 7673
8924 9398 8013
9770 8707 8228
9072 9326 8076
9717 8597 8337
8778 9602 7774
9612 8148 8550
8723 9855 6739
9615 9079 8051
9656 8629 8364
8193 8949 8600
7987 8388 8950
8878 9333 8110
9848 8940 8047
9074 9009 8388
9448 8987 8263
10133 8751 7805
9691 9386 7539
10215 8710 7634
9652 9191 7941
9142 9452 7892
9778 8727 8196
10535 8182 6766
9598 9068 8070
9417 9099 8185
7967 7598 9136
8946 9717 7452
10215 8181 7813
9739 8856 8199
9907 9039 7866
9914 9189 7795
10072 8460 7969
9732 8676 8279
10517 8310 6758
9335 9640 7432
8678 7730 8978
10165 8464 7816
8948 8943 8477
8548 8048 8977
9797 9386 7278
10454 7986 7215
8680 7969 8960
10082 9095 7316
9807 8942 8016
9088 9769 7074
8349 9185 8352
9425 9545 7545
9081 9171 8234
8825 9341 8102
9331 8451 8599
8668 9148 8374
8843 9836 6872
9529 8633 8446
8986 9233 8216
9496 9500 7532
9061 9799 7047
9562 9414 7681
9183 9027 8339
9557 7607 8622
9705 9426 7366
9741 9134 7929
10112 8386 7943
8376 9609 7801
8591 9359 8137
9639 8617 8367
9074 8065 8830
8466 9760 7453
8963 9120 8306
8731 8329 8870
9915 9041 7856
9288 9624 7437
9676 9427 7362
9655 9257 7859
9022 9599 7637
9612 8256 8527
8885 9554 7762
10423 8473 7118
8843 8693 8717
9764 9338 7645
9389 8914 8354
9425 8761 8454
9856 8446 8276
9384 9663 7024
8872 8847 8591
9613 9170 8004
9758 8628 8274
9337 8806 8425
8774 8665 8729
9916 9098 7842
9077 7906 8858
9305 8144 8700
9434 9076 8169
7661 7610 9156
9556 9205 8028
9229 7768 8801
10294 8661 7588
9575 9156 8039
10549 8229 6723
9521 9407 7740
10119 9001 7606
8695 9232 8264
10368 8340 7464
9376 8972 8343
9335 9296 8027
10428 8601 6788
10505 8330 6857
8534 8417 8879
9946 8947 7909
10011 9124 7581
9163 9578 7680
10488 8278 6923
8974 9211 8250
7760 7890 9111
10110 8202 7968
9024 8493 8751
9413 9137 8137
8913 9305 8152
10132 8787 7788
10428 8352 7192
9219 9419 7873
9142 8215 8765
9463 9015 8215
9160 9155 8228
9192 9287 8082
8318 9050 8508
9289 8908 8390
9558 9499 7449
8567 9483 7964
9423 9610 7305
9492 9281 7956
9879 9037 7867
9950 8721 8083
9212 8465 8660
9739 8214 8428
9486 8636 8441
9286 9122 8224
9526 9279 7924
8111 7910 9085
9180 8551 8649
8104 9127 8408
8581 9514 7945
9802 8537 8302
9993 8793 8007
9708 8753 8258
8864 9684 7577
9409 9287 8029
8925 9024 8410
9598 8448 8482
9564 8936 8234
9222 8677 8562
9956 8934 7865
9533 9572 7111
8925 9514 7881
10016 8824 7948
10603 7958 6689
8743 8739 8725
10408 8708 7193
9437 8983 8271
9741 8727 8229
9176 9753 7088
8310 7900 9050
9455 9447 7691
9411 8794 8392
9181 9756 7008
10563 8209 6548
9406 8550 8523
9337 8096 8690
8516 9045 8472
9588 9057 8102
10484 8452 6945
10130 8304 7899
9057 9558 7739
9208 9230 8149
9883 7820 8294
8717 9454 7991
8881 9239 8223
9741 8639 8289
9202 8584 8627
8235 7953 9058
8392 9289 8227
9014 8985 8448
8711 9073 8421
9204 9120 8262
9380 9297 7980
8078 8564 8879
9994 8771 8021
10078 9116 7170
9265 9171 8199
9747 7659 8447
9673 9320 7721
9684 9408 7489
10549 7916 6925
9163 9286 8119
8947 9537 7802
10225 8985 7302
9482 9379 7778
8645 9831 7135
9214 9107 8304
9470 9231 8049
8651 9481 7966
10035 9143 7102
8204 8249 9010
9780 8428 8343
9740 8704 8265
9679 8137 8498
10272 8911 7457
9744 7963 8424
9812 8967 8011
9062 7848 8867
9162 9215 8169
9524 9300 7895
9036 9512 7802
9671 8991 8089
10086 9066 7661
9397 9325 7959
9508 9063 8167
9630 9378 7673
9892 8852 8019
10525 7867 6955
9216 9358 8028
10308 8788 7218
10315 8733 7281
8481 8816 8690
9907 9247 7540
9532 9423 7695
9767 9362 7517
8495 8852 8662
8714 9848 6861
9773 8338 8405
9868 9300 7505
9412 9647 7126
9931 9236 7292
9884 9093 7853
9041 9817 6860
9409 8042 8661
9397 9392 7822
10210 8933 7428
9487 9548 7413
9964 9167 7555
9673 9020 8082
9796 8719 8203
10444 8511 7052
8556 9856 7062
9976 9177 7530
8763 9634 7678
9808 8697 8183
8519 8164 8974
8970 9578 7700
9725 8016 8454
10138 8367 7867
10175 8769 7741
9032 8704 8630
9358 8608 8561
8770 8634 8738
9745 9376 7465
9435 9341 7902
10453 8197 7275
8431 9258 8256
9192 9168 8223
8024 9326 8206
8210 8570 8865
8967 8775 8610
9753 8817 8158
8180 9347 8179
9180 8487 8675
8316 8401 8922
9425 7905 8663
10334 8605 7463
8926 9661 7623
9286 9330 8016
9590 9009 8131
9181 9384 7989
10293 8822 7238
8240 8501 8924
9494 9376 7782
9256 9742 6961
9081 9680 7415
8207 8635 8833
8884 9434 7990
8914 9542 7820
8962 8709 8655
9124 8687 8609
9894 8995 7919
9776 8818 8149
8410 7873 9023
8582 9345 8175
8131 7734 9124
8570 9591 7800
8684 9705 7556
9628 7663 8592
8397 9112 8440
9380 9613 7390
9934 8997 7873
10487 8281 7083
8456 9762 7469
10157 8927 7586
10014 8755 7950
10454 8120 7213
9049 7538 8887
9200 8059 8779
9048 9207 8249
8980 8213 8813
9907 8817 8064
9453 9404 7764
9553 9256 7947
10290 8736 7302
9150 9176 8207
10560 7761 6822
10130 8957 7618
9017 8918 8489
8739 9822 7146
9004 8578 8686
9370 9355 7932
9594 9422 7612
10548 8280 6636
9223 9640 7520
9935 8972 7922
9824 8590 8229
8698 9852 6829
9268 9597 7492
9031 9592 7659
8209 9795 7364
8725 9111 8377
8797 8298 8844
9291 8817 8437
9436 9009 8248
9017 7867 8879
9284 8861 8410
9309 7918 8763
9373 9178 8156
9327 9046 8257
10383 8059 7439
8195 9828 7302
8308 9177 8369
9833 8415 8335
8913 9119 8321
8701 8866 8616
9709 8688 8282
8753 9146 8331
9942 9216 7577
9180 9435 7865
9368 8422 8610
9560 9389 7684
10310 8608 7530
8671 8594 8793
8955 8883 8567
10138 9052 6932
9227 9557 7677
9208 9699 7345
9570 8243 8529
9284 9471 7774
9339 9250 8057
8491 9336 8191
9263 8896 8415
9423 8336 8593
9179 8498 8651
10513 8207 6931
8713 9517 7892
8821 9039 8415
8056 8636 8863
9953 9186 7703
7983 8064 9072
7994 8126 9023
8356 8301 8957
9444 9070 8158
8702 9826 7094
9271 9696 7155
9769 8639 8245
9040 8551 8722
9659 9459 7351
9149 9241 8183
10296 8718 7330
9317 8797 8495
9428 9127 8148
10275 8888 7290
9898 8696 8091
9523 9467 7646
10229 8919 7366
9370 9560 7479
8824 9014 8463
8683 9008 8501
8824 9483 7960
9226 9664 7392
10019 9173 7067
9271 9493 7732
9231 9235 8124
10084 8425 7943
9918 9267 6937
8955 9271 8147
9389 9569 7439
9739 9113 7933
9286 8332 8688
9760 9121 7924
8679 9545 7875
10413 8178 7353
9452 9512 7659
10097 8983 7647
8830 9188 8291
8332 9580 7837
9109 8428 8721
10394 8547 7248
8921 8581 8737
9396 8788 8434
9363 9571 7512
9470 9484 7571
9916 8985 7927
9250 9689 7191
9039 8570 8702
10242 8735 7580
10197 8907 7526
9658 8252 8519
9126 9333 8031
9018 8791 8585
9014 9757 7331
10344 8527 7422
8896 8805 8602
9496 9576 7133
9289 7668 8767
10328 8555 7564
9254 8899 8428
9616 8482 8458
10007 9139 7512
9552 8940 8247
8505 8072 8982
8752 9814 7191
10148 8680 7834
10549 8041 6868
8220 9300 8257
9657 9482 7464
10186 8561 7786
8895 8535 8775
9195 8743 8579
9103 9588 7657
9676 8985 8082
8425 7823 9025
9774 8802 8192
9179 9452 7878
9061 9575 7694
9415 9604 7396
8742 9396 8045
10650 7756 6475
9486 9217 8041
9168 9758 6947
8933 9357 8063
7876 8132 9042
8668 9035 8459
9109 8828 8530
10086 8098 8001
8410 7840 9042
9868 8080 8309
8402 8479 8878
7797 7363 9157
10474 8360 6979
8784 7552 8973
8630 9258 8237
9247 8579 8617
9442 8760 8410
8485 9625 7736
8023 9582 7839
9871 9324 7377
9497 8729 8422
8902 9742 7410
9481 8848 8326
10124 8069 7937
9107 9519 7780
9054 9318 8111
9893 7948 8260
9745 8720 8226
9435 9074 8224
8813 8573 8751
9805 9158 7882
10372 8785 7030
9396 8833 8408
7817 8230 9018
8858 9709 7490
8607 9805 7299
8554 9243 8272
8831 8017 8908
9743 8548 8336
8845 9163 8290
9185 8622 8620
8394 8949 8594
8999 9688 7533
10208 8685 7645
9628 9324 7729
8482 8958 8584
8237 8081 9023
10158 8886 7589
10158 8960 7491
8777 9572 7795
10065 8932 7760
9622 9341 7732
9534 8802 8347
8623 8733 8743
9589 8456 8464
9497 7923 8627
9268 9524 7742
8721 9147 8335
10022 9133 7495
10095 7957 7982
9272 9023 8325
9324 8102 8696
8428 8854 8653
9087 9763 7097
9256 8462 8639
8969 9731 7358
8870 8903 8558
8846 9687 7579
9542 8444 8504
9703 8536 8380
8867 8874 8577
10448 8476 7028
8044 9310 8233
8427 8435 8888
8689 9845 6951
7745 7774 9129
10305 8683 7453
9368 7829 8736
9687 9233 7876
8618 9034 8474
9262 9124 8209
9661 9032 8088
9706 8462 8372
9233 9606 7553
8253 8193 8990
9292 8859 8425
10170 8354 7870
9314 9649 7377
9920 7983 8222
10393 8343 7374
9744 8049 8421
10106 8151 7981
8736 9005 8473
9551 8892 8308
8698 9072 8429
9177 9687 7384
10261 8679 7558
9231 9678 7352
9720 9172 7986
9671 8999 8086
9336 9251 8095
9227 9123 8241
9622 9074 8054
8396 9285 8258
8934 8508 8756
9460 8632 8471
8227 9792 7362
9689 9396 7565
10132 8904 7644
8633 8365 8879
9065 8384 8745
9517 8999 8180
8990 7987 8886
9014 9702 7452
9986 9210 7332
8667 9828 7199
9298 9476 7754
8458 8266 8961
9595 9524 7344
7717 7949 9084
9671 8778 8266
9360 9430 7820
9433 9453 7692
8598 8567 8813
9625 8521 8407
9350 9622 7404
9133 9730 7187
9441 9516 7562
8578 9654 7669
9472 8845 8345
10474 8000 7140
9681 9459 7167
8331 8080 9023
9581 8873 8271
10246 8786 7567
9737 9060 8067
9658 9455 7381
9353 9646 7276
8903 9131 8354
9902 7670 8254
9263 9605 7540
10345 8259 7523
9534 8689 8432
8976 8715 8619
10123 8882 7700
9415 9641 6939
8748 9147 8329
9546 8268 8566
8845 8292 8875
9378 9223 8067
9640 9380 7633
9349 9555 7574
8727 9811 7281
8029 7769 9120
8861 8471 8786
10241 8912 7212
9775 9086 7969
9554 9516 7406
9570 8130 8614
9850 7834 8314
10161 8841 7685
10169 8419 7846
9683 9221 7906
9323 8830 8432
9322 7584 8761
9247 9404 7903
10107 8590 7899
8837 7948 8919
9050 9770 7231
10082 9015 7674
9780 9253 7784
8684 8494 8862
8161 7997 9079
8428 9063 8489
8740 8815 8662
10019 9151 7477
9282 8645 8567
9904 7528 8263
8393 7929 9023
9974 8604 8080
9687 8362 8462
9270 8679 8528
8344 9786 7358
8883 9825 7061
9163 9752 7162
9003 8312 8798
8841 8465 8803
8945 9267 8161
8786 8597 8767
9224 9353 7970
9028 9531 7814
9361 9489 7692
9288 9486 7716
8284 9515 7965
9680 9473 7291
8882 8328 8840
9271 9477 7745
8812 9399 8022
9530 9003 8179
7909 7895 9091
8975 9584 7696
9050 9746 7297
8622 8805 8682
9530 9386 7749
8178 9718 7570
8736 9168 8325
8084 8302 8975
9129 9699 7353
9482 8966 8309
9456 9424 7706
9174 8690 8595
8882 9554 7768
9094 9764 7007
10139 8516 7862
9963 9161 7578
8904 8270 8823
9386 9331 7924
8910 9286 8159
8741 9839 6882
10140 8951 7607
9289 8479 8627
8969 9450 7936
8791 8222 8903
9017 9781 7203
9960 9150 7642
10455 8506 6979
8158 8757 8752
9540 8976 8208
8976 9217 8222
9375 8692 8506
9570 9391 7681
9726 9076 8038
8767 9166 8319
9767 7857 8431
9953 8681 8086
9715 8731 8245
9179 9580 7624
9710 8061 8452
9580 9012 8163
8929 9667 7544
8865 9600 7719
9325 9693 6902
9287 8983 8332
9440 9426 7722
9541 9432 7693
10354 8481 7412
9408 8785 8408
10158 7988 7878
9157 9256 8147
9273 9096 8270
9668 9414 7577
9866 9240 7599
9542 7687 8649
8083 7523 9135
9468 9542 7460
8900 7929 8934
9587 8698 8349
8829 9140 8352
8312 7889 9058
10133 8910 7621
10154 8473 7818
8713 8747 8697
8926 9003 8465
9205 9075 8330
8600 9300 8197
9141 8585 8656
8751 9552 7817
8410 9840 7219
9175 8919 8429
9784 9403 7293
9490 9575 7196
10623 7851 6284
9713 8350 8429
8887 8926 8533
9956 8762 8072
10177 8258 7861
10076 9107 7548
9602 8518 8428
8721 9858 6522
9192 8124 8755
9048 9597 7652
9073 8889 8495
9967 7982 8153
9972 9230 7507
9375 9528 7570
8808 9442 7992
9656 9251 7879
9214 8994 8389
8902 9718 7476
9211 8458 8669
9740 9313 7846
10551 8208 6687
8829 8182 8900
9045 8522 8720
9265 8868 8407
9577 7945 8588
9922 7841 8231
9936 9263 7101
9740 8784 8200
8379 9137 8403
8703 8151 8912
9422 9521 7673
9830 9356 7052
9623 9038 8115
9465 9534 7499
9675 9445 7403
9337 9408 7851
9647 9379 7641
8703 8976 8489
9268 8298 8712
8763 8238 8883
10520 8374 6654
9829 8011 8366
9198 9569 7686
8383 9464 8022
9344 9676 7256
9916 9264 7237
9907 8973 7961
10027 7970 8117
9288 9009 8317
9354 8713 8481
9552 8827 8332
8861 9559 7792
8319 8274 8964
8944 8681 8667
8635 9450 7993
8430 9570 7866
9669 8995 8176
9516 9482 7525
8853 9268 8194
10500 7864 7045
10094 8730 7868
8926 8210 8835
10290 8610 7601
7591 7840 9127
8179 7332 9113
8639 8894 8643
9511 9528 7464
8662 8028 8954
9114 8559 8662
8857 9269 8175
8759 9040 8436
8744 8706 8718
9145 9070 8362
8583 8969 8551
9096 9535 7740
9627 9335 7729
9377 9020 8282
9066 9547 7730
9353 8792 8414
8647 9254 8240
9783 9226 7767
9834 8844 8087
9098 9598 7626
9663 9435 7428
8161 8026 9066
9673 8687 8313
9687 9432 7361
8671 8216 8921
8949 8472 8779
9246 9474 7835
8789 8492 8809
8541 9862 6991
9378 9336 7982
10457 8568 6939
9779 8493 8319
10122 9060 7307
9648 9176 7988
8658 8652 8782
9263 8783 8500
9738 8715 8240
8353 8049 9022
9484 7660 8677
10378 8566 7282
9203 8425 8691
9743 8860 8170
9714 9188 7956
8681 8142 8928
9530 8547 8455
9234 8565 8644
9143 9262 8125
9395 9236 8039
9252 9351 7970
10285 8708 7452
8454 9580 7821
10065 8572 7963
8889 8219 8858
8795 9207 8289
9385 8396 8600
9026 9662 7531
9377 9630 7278
8868 9241 8236
9350 9572 7540
9453 8852 8342
8649 8768 8700
9097 9757 7086
10433 8136 7309
10043 8030 8064
10147 8546 7860
8963 8552 8721
8113 7872 9080
9585 9469 7476
9247 9478 7805
9050 8704 8626
8791 8401 8856
9262 9548 7683
9801 8715 8193
9145 8957 8447
9480 9587 7363
10187 8701 7771
9255 9379 7969
10215 8835 7577
10316 8713 7367
10219 8886 7564
9167 9222 8166
8751 9146 8334
9087 9264 8137
9335 9367 7929
9161 7984 8802
9089 9299 8113
10184 8998 7169
10378 8423 7375
8382 9227 8309
9131 8767 8554
9370 9230 8141
9972 9177 7546
8806 8490 8814
8569 9656 7703
8976 9519 7866
9636 9272 7861
8371 9077 8483
8992 8166 8831
8632 9447 8005
8373 8508 8909
8905 9676 7545
9731 8057 8443
10097 8722 7816
9736 9062 8012
9184 9135 8232
9473 9151 8091
9056 9739 7314
9550 9271 7957
8998 9339 8092
9613 8725 8345
8868 9709 7483
9533 9143 8119
9241 8385 8688
9267 8860 8414
9748 8184 8417
9547 8420 8518
9377 9372 7921
8928 8931 8512
7900 7544 9144
8488 9117 8417
9277 8605 8599
9772 8452 8322
9290 8732 8525
9604 9080 8049
8650 7988 8997
8571 9013 8514
8801 9498 7926
8864 9266 8186
9450 8748 8393
8696 9607 7776
8771 8405 8837
9885 7896 8271
9309 9564 7557
9362 9633 7315
10186 8431 7843
9401 9661 7114
8683 9367 8103
10349 8620 7316
8874 9818 7183
8448 9367 8138
9217 9486 7777
9253 8626 8583
9770 8594 8313
9351 7890 8735
9493 8406 8523
9920 8989 7898
8872 9801 7188
9852 7719 8330
9046 9745 7325
9721 8797 8205
8546 9599 7809
9139 8538 8667
9473 8510 8508
9742 9079 7982
10501 8261 6908
8991 8771 8615
9007 9163 8282
8251 8055 9031
10450 8413 7085
9245 8911 8439
9529 8897 8260
9337 9291 8031
8636 8057 8967
8489 8183 9011
9385 9469 7719
8896 9051 8414
9008 9798 7259
9010 9614 7679
8616 8302 8938
9934 8352 8176
10075 9139 7337
9555 9017 8175
8882 9355 8091
8163 8798 8737
9913 8221 8231
10197 8246 7831
9303 9186 8146
9334 9403 7868
9139 8676 8609
10265 8607 7691
9145 8476 8712
9245 9563 7611
8771 8732 8712
9696 8970 8132
8951 9073 8378
9985 9213 7492
8766 7718 8970
9323 9309 8019
8457 8732 8745
9687 8748 8270
8360 9358 8148
8765 9051 8420
8556 9240 8267
10000 9090 7718
8876 9772 7352
9046 8915 8472
9554 9525 7379
10032 9134 7462
8424 9888 6964
10464 7908 7174
8425 9863 6924
8857 9112 8370
9396 9526 7559
8729 9562 7811
8952 8542 8732
9933 9239 7229
9976 8669 8037
9064 8694 8634
8625 9015 8480
9250 9680 7290
10543 8133 6742
9798 9383 7118
10260 8670 7562
9783 7907 8397
8277 9399 8114
10083 7979 8002
8834 9034 8420
9792 9179 7903
9030 9190 8269
10369 8544 7338
9452 8979 8246
9712 9372 7536
9670 8930 8200
9912 8286 8207
9027 9567 7753
8338 9286 8229
8827 7965 8921
8632 8039 8973
8799 8333 8833
8773 9550 7802
9298 9589 7520
8897 8444 8822
9662 8499 8427
10273 8727 7449
9665 8874 8214
9288 9663 7309
10225 8452 7780
9619 8629 8397
8057 9590 7819
10425 8410 7175
9638 8863 8218
9684 8758 8289
9240 8305 8698
10236 8914 7392
8697 9542 7873
9486 9491 7556
9284 8747 8507
9101 9623 7563
9001 8934 8488
9679 9424 7469
10235 8833 7506
9716 8522 8342
9782 8370 8361
9299 8545 8611
10425 8424 7141
8648 9782 7393
8832 9671 7620
10172 8960 7409
8787 9174 8298
9860 8267 8271
9790 9007 8013
9815 9358 7107
8028 7553 9137
9386 8464 8583
8043 7725 9134
9247 9047 8302
9868 8793 8107
9470 8470 8525
9803 8977 7995
8327 8624 8844
8741 9182 8321
10037 9158 7088
9964 8898 7926
9412 9202 8113
8370 8257 8971
8454 9157 8389
8843 9807 7258
8611 9869 6828
8865 9544 7812
8728 9744 7531
8400 7927 9035
9556 8831 8303
9432 9449 7722
9507 9474 7557
9233 9481 7762
8690 9505 7923
9431 9079 8198
9153 9132 8239
9161 9666 7487
8502 9279 8224
8510 9523 7937
9299 8607 8574
9461 9147 8121
8987 9491 7927
8809 9378 8063
9001 8925 8495
9149 9395 7940
8730 9210 8260
8223 9893 6681
9441 8047 8650
9276 8537 8616
9111 9467 7878
9327 8425 8605
9575 8720 8369
9447 9562 7396
8776 9045 8432
9807 8762 8159
8833 9026 8429
9437 8916 8320
9219 9152 8215
9700 9448 7313
9386 8338 8590
10017 8579 8031
10344 8482 7474
8758 8741 8697
10113 8807 7781
9902 8450 8199
9583 8817 8301
8597 9099 8410
9383 8200 8659
10372 8711 7128
9297 8925 8380
9036 9796 7137
9959 8841 7967
8823 9246 8247
8981 9703 7441
10279 8835 7372
7749 7978 9082
9232 8979 8365
10071 8488 7985
9813 8493 8316
8607 9367 8108
9122 9501 7797
10041 8353 8019
8242 8989 8563
9095 9531 7770
9008 8293 8793
8849 9457 7938
9872 9044 7941
8838 9132 8336
9300 8645 8563
10133 8348 7886
9167 8655 8602
9250 8841 8489
10064 9087 7623
8793 9727 7498
9698 8766 8264
10494 8186 7049
8351 9028 8494
9438 8805 8380
10543 8310 6508
9462 9510 7627
9611 8945 8184
9100 9619 7593
10585 7764 6732
10548 8103 6870
9255 9195 8172
9714 9399 7475
9784 8631 8248
10203 8555 7813
9485 8190 8649
8781 7797 8959
9477 9554 7424
9078 9695 7415
7871 7733 9143
8548 8324 8913
8639 8621 8798
9281 9745 6871
8753 8371 8861
9612 8790 8321
9960 9210 7582
10027 8282 8087
8799 8917 8543
8156 9219 8337
9454 8273 8599
9627 9397 7648
10074 8350 7999
10475 7938 7138
8314 9158 8387
9438 8194 8631
8531 9853 7152
9448 9016 8235
9323 8212 8695
9268 9254 8089
9089 9743 7284
8841 8953 8504
9485 9191 8056
9809 9173 7824
9748 9406 7228
9351 9441 7777
8358 7615 9074
9151 9780 6912
8194 8617 8874
8526 8746 8741
10007 9131 7552
9505 8402 8582
10457 8298 7158
8337 8837 8689
9308 9253 8095
10103 8716 7874
9062 9675 7463
9158 9015 8370
9567 9494 7476
9618 8615 8399
9255 9488 7757
9900 8139 8245
9352 7958 8718
8937 8946 8498
9133 9390 7969
9343 8424 8628
10462 8500 6887
9722 8732 8229
9358 9239 8040
9577 9461 7482
9640 9500 7248
9311 8443 8611
9868 9226 7603
10484 8111 7120
8933 9577 7750
9453 8795 8391
9808 8026 8361
9829 8836 8113
7975 8324 8977
9265 9137 8206
9765 8929 8096
9071 9503 7808
10150 8357 7879
9631 9447 7507
9034 8629 8657
9271 9188 8166
8319 9451 8074
8698 7890 8962
9310 8270 8684
8934 8435 8799
9530 9404 7700
9917 8263 8215
9267 9576 7575
8451 9657 7669
8426 9244 8260
8889 9591 7718
9716 8117 8448
9812 9235 7732
9069 9539 7725
8622 9016 8475
8373 7787 9071
8157 9661 7674
9099 9595 7601
8517 9368 8135
10209 8927 7451
9139 8270 8776
10089 9090 7533
9640 8280 8479
8515 9256 8249
8798 9448 8003
9144 9589 7618
9912 8284 8229
10023 9124 7473
9502 9079 8137
10422 8476 7278
8142 8997 8561
9898 8583 8176
8634 9526 7904
9946 8986 7901
8857 8892 8564
8599 8980 8523
9818 8652 8222
9887 8578 8221
8476 9754 7442
9815 8051 8350
8556 8549 8877
8615 9330 8167
8561 9423 8045
9652 9304 7856
8684 9086 8445
9175 8930 8407
8458 9707 7595
9379 9558 7442
7887 8315 8987
9521 9050 8167
8218 8896 8647
8187 8278 8980
9854 8579 8210
8765 8912 8582
9744 9399 7325
8662 9749 7455
8906 8190 8888
8833 9139 8344
8394 9557 7883
9291 9415 7871
9774 9241 7832
8828 8497 8777
8303 8423 8940
10337 8434 7601
9746 9380 7435
10040 9140 7142
9841 8339 8292
9721 8805 8202
9572 8635 8410
9306 8687 8519
9271 9721 7004
9215 9042 8328
9168 9458 7858
10365 8395 7416
9131 8169 8777
9489 8457 8520
9615 8414 8475
9339 8859 8409
9573 9377 7764
8266 8038 9037
9310 8091 8731
9421 9308 7976
10073 8905 7810
9613 9372 7759
9515 9005 8219
9226 9536 7688
8817 9571 7801
10125 9042 7325
8772 9316 8160
9425 9456 7705
9638 9067 8048
7865 7763 9140
9327 9691 7108
8817 8624 8738
10095 8262 7973
10113 8717 7863
8654 8329 8886
10463 8497 6727
8854 9827 6697
9706 8349 8457
9064 9671 7500
9812 8607 8233
10127 9049 6940
9661 8735 8329
8887 9395 8030
8622 8313 8887
9355 8743 8473
9402 9391 7818
9451 9192 8050
9458 8488 8521
9201 8090 8761
10447 8340 7190
8638 9067 8461
9108 8667 8624
8651 9125 8384
8785 8528 8796
9993 9180 7356
9702 9113 7992
10030 9161 7311
8330 7947 9041
9667 9201 7916
9055 9270 8158
9896 8212 8238
9325 8558 8573
9541 8742 8348
9101 9651 7520
8943 9114 8314
10384 8193 7413
9140 9301 8085
9252 8824 8441
9523 9471 7576
9702 8770 8235
8821 7733 8954
8830 8561 8748
9614 8573 8411
9163 8765 8534
10225 8746 7631
8905 9100 8349
9301 8984 8306
8980 9327 8109
9653 8362 8465
8562 7979 9007
10002 9108 7613
9089 9704 7406
10299 8691 7499
9915 8405 8206
9611 9417 7630
9986 9157 7430
10409 8515 7221
9524 8979 8229
10444 8585 6954
8699 8769 8692
9277 9576 7568
9145 8589 8627
10465 8460 6671
8905 9766 7282
9418 9105 8162
10224 8517 7756
9038 9682 7456
9448 9403 7794
10073 8209 8046
9979 8394 8088
8438 9633 7735
10001 8195 8104
9350 8125 8688
9382 8772 8446
9886 8255 8250
9260 9576 7580
9187 8929 8419
9233 9702 7255
9293 8923 8385
9862 9153 7841
7773 7941 9085
9035 9508 7832
9910 8609 8162
9017 8920 8480
9413 9312 7935
9889 9296 7394
8408 9386 8145
8484 9622 7763
8697 9549 7836
9688 9377 7605
8591 7790 9008
8864 7702 8935
10086 8571 7905
9204 9007 8347
9757 8650 8260
9922 9248 7234
9293 8855 8413
8619 8177 8958
10468 8033 7172
8919 9813 6868
9034 9725 7400
