85 3
6280
202 165 140 4
254 90 45 89
174 254 71 18
186 103 192 107
65 87 201 24
200 274 291 274
254 166 174 114
216 34 12 118
32 283 253 285
74 297 207 80
84 277 97 269
81 122 209 145
208 110 1 240
84 291 215 38
289 221 283 205
87 295 156 118
111 109 104 184
239 11 263 23
120 193 292 200
15 201 177 55
11 10 295 94
2 43 263 290
263 247 29 50
75 184 168 185
292 104 70 64
114 165 87 233
58 79 266 204
112 275 92 122
285 87 48 119
261 143 109 224
90 269 106 296
153 273 182 278
77 84 42 23
81 128 89 139
39 187 43 150
294 266 104 279
53 283 230 14
127 40 70 49
141 176 46 294
281 60 105 191
275 146 46 56
107 266 194 277
153 70 260 280
36 196 92 221
180 23 67 139
194 269 187 35
145 65 29 258
124 133 149 231
112 28 287 218
293 14 28 279
215 287 259 84
184 51 5 196
73 203 35 266
172 221 2 149
119 162 240 75
295 89 7 239
116 293 289 242
139 17 221 55
137 180 138 21
230 274 216 136
10 250 102 15
4 235 163 122
98 103 197 225
25 203 164 272
29 153 214 167
2 267 54 138
147 24 290 210
297 206 46 140
288 279 154 292
215 149 246 145
85 275 70 241
178 66 213 39
51 260 39 52
227 92 23 207
116 13 249 245
52 127 85 40
106 71 164 153
220 243 297 137
218 199 78 229
97 123 267 147
83 6 32 143
230 54 182 178
198 131 255 249
257 173 122 195
243 285 49 295
1037
10217 9163 10523
10014 10164 10008
10716 9747 9960
10214 10060 10042
10680 10080 9563
10611 10262 9519
10305 9859 10187
11205 8996 9252
10643 9878 9929
10207 9872 10286
10843 9186 9992
10562 10270 9521
10381 10289 9657
10251 9811 10275
10300 10267 9739
10669 9346 10214
9861 9278 10560
10317 10259 9756
9929 10332 9802
10179 9322 10494
10908 9549 9764
10869 9240 9991
10823 9700 9882
10156 9221 10555
9951 10286 9819
9794 10243 9912
10716 10084 9473
11169 9000 9295
10335 10238 9753
10648 10241 9587
10407 10415 9257
9025 7901 10862
10760 9483 10061
11142 9279 9172
10373 9866 10143
11013 9497 9553
9959 10345 9773
11213 8920 9239
9888 9622 10429
10168 9627 10381
10860 9776 9631
10373 9154 10495
10541 10303 9296
10873 9834 9601
11091 9096 9637
9945 8932 10656
11075 9361 9482
9798 10660 9005
10499 10335 9419
10418 10499 9041
10464 9963 9994
10272 9974 10101
10705 9890 9840
10024 10221 9905
10695 10134 9322
9979 9489 10464
10074 9553 10431
11225 8991 8904
10316 9606 10334
9840 9142 10604
10643 10053 9793
10209 9847 10222
9205 7983 10849
9870 9098 10611
10463 10165 9787
9775 10238 9943
10302 9149 10515
10641 9747 10081
10002 9759 10318
10026 10361 9756
10892 9765 9602
10910 9548 9744
10820 9435 10001
10778 9879 9808
10480 9273 10388
9888 8854 10678
10417 9836 10208
10172 10093 9998
10347 10272 9727
10582 10059 9886
10529 10201 9652
10154 9704 10317
10101 9975 10160
9735 8820 10699
10229 10516 9491
9897 9209 10579
9977 9446 10473
9824 9041 10646
10500 10063 9955
10861 9704 9787
10421 9856 10156
10528 10332 9296
9867 8914 10660
10477 9404 10336
10186 10597 9336
10237 10280 9815
10400 10064 9952
10151 10642 8882
10691 9579 10165
9711 10553 9427
10199 10544 9226
10291 9695 10291
10906 9528 9853
10277 10324 9694
10475 10284 9505
9569 8386 10784
10402 9951 10083
9753 8804 10692
10877 9792 9604
9898 9823 10305
10286 10328 9623
10037 10285 9860
10368 9186 10454
10691 9754 10029
10545 9960 10003
10519 10342 9357
10236 10114 9984
10285 9399 10438
10580 9753 10174
10376 9972 10080
9460 10249 9875
10425 10428 9154
10136 9154 10587
9842 9249 10576
9998 8900 10647
10865 9900 9551
10119 10080 10076
10274 10246 9869
10211 9795 10288
10072 9510 10440
9626 8605 10743
9953 8760 10714
11007 9511 9620
10408 9070 10470
10078 10615 9191
11108 9272 9497
11210 9015 9100
10423 9412 10377
10264 9976 10127
10991 9644 9643
10709 9902 9806
11014 9236 9785
10625 9574 10248
10659 10070 9722
10054 10047 10114
10180 9093 10576
9584 8550 10748
10286 9437 10423
10635 10123 9646
11053 9481 9690
9620 8850 10680
10337 10476 9247
9663 10206 9973
11145 9201 9332
10311 10536 9162
9786 10071 10102
10525 9951 10021
10928 9752 9321
10672 10171 9410
10301 10167 9862
9527 8327 10810
11065 9395 9562
10627 9243 10255
10332 10156 9904
10381 9979 10071
10434 10253 9693
10449 9422 10347
10704 9868 9849
10231 10076 10029
9642 8414 10778
10880 9643 9788
10011 9304 10535
10278 9750 10254
9875 10491 9524
10618 10269 9322
10839 9904 9740
10030 9614 10442
10695 9047 10212
10978 9694 9201
9791 8645 10721
9489 8486 10781
11095 9369 9248
10253 10167 9921
9971 9738 10337
10356 9601 10327
11078 9263 9537
11257 8944 9003
10165 9491 10421
10270 10136 9938
9777 10647 9164
10259 9222 10497
10758 10065 9436
10271 9785 10260
10541 10194 9599
10190 10563 9296
11175 8757 9390
10349 10434 9321
10240 10259 9856
11130 9260 9401
10864 9759 9665
10507 9900 10063
11172 9180 9141
10693 9885 9877
9273 8306 10815
10565 9868 10049
9602 8530 10762
10464 9586 10311
10733 9938 9797
9089 7854 10862
10814 9308 10009
10048 9425 10481
10629 9091 10245
9517 8918 10690
11072 9345 9493
9715 9016 10650
9687 10622 9263
10515 10173 9715
10484 10244 9735
10015 9107 10598
10683 9931 9849
10724 9648 10034
10281 9916 10126
10660 10069 9766
10325 9682 10328
10991 9469 9779
10821 9117 10142
10312 9421 10386
10536 10296 9348
10488 9599 10294
9854 9519 10473
10938 9372 9927
10581 10290 9254
9816 10184 9978
10231 9338 10493
10626 10001 9853
10025 8832 10659
10676 9833 9937
11071 9001 9665
10430 9971 10055
10159 10015 10138
10382 10163 9852
10088 9444 10455
9737 8401 10761
9529 8210 10798
10679 9823 9941
10072 8628 10669
9572 10721 8747
11222 8907 9153
9937 9313 10543
10460 10383 9608
10149 10101 10014
9938 9219 10577
9550 8154 10799
10169 10056 10063
9982 9907 10237
10747 9184 10145
9890 8435 10740
10165 8966 10614
10378 9057 10499
10678 9241 10188
10825 9194 10025
10235 10476 9330
10075 9459 10465
9640 10244 9893
10856 9769 9751
9966 10563 9378
10513 10346 9171
10101 10133 9989
10069 8703 10662
9446 8385 10788
10043 10314 9754
10116 9440 10470
9818 8577 10733
11040 9513 9501
11261 8751 9057
10667 9878 9899
10264 9938 10144
10930 9650 9736
9273 8146 10816
9855 10657 9044
10761 9688 9971
10214 9196 10532
10236 10429 9420
10586 9329 10343
10031 10180 9981
10477 10143 9818
10929 9501 9740
10525 10291 9453
10957 9167 9851
10373 10228 9761
10289 9202 10515
10467 9950 10123
10893 9551 9853
10585 9760 10165
10615 9417 10275
11160 9220 9326
11167 9002 9441
10684 10130 9323
9885 8856 10666
10563 9737 10201
10603 9184 10317
9944 9207 10574
10006 10431 9648
10479 9812 10133
10722 10017 9663
10646 9754 10072
10198 10415 9513
9497 10555 9449
10138 10268 9855
10497 10152 9800
10215 9984 10143
11162 9064 9279
10724 9823 9898
10613 9593 10161
10060 9176 10562
10362 10034 10055
10501 9835 10097
10367 9578 10326
10759 9441 10094
10200 9160 10544
10700 9694 10064
10654 10124 9529
9682 8430 10765
9446 8544 10763
10814 9927 9581
11058 9440 9413
10719 10065 9548
10217 9678 10332
10659 10138 9471
10031 9899 10221
10378 9873 10134
10515 9826 10089
10443 10026 9994
9181 8046 10836
10962 9690 9546
9587 10502 9559
11116 9018 9448
10459 10199 9827
9870 10230 9936
10763 9506 10034
9896 10225 9889
9771 10351 9805
11165 9080 9268
9963 9962 10221
10529 10341 9213
10046 9756 10305
10512 9771 10197
10627 9705 10096
10324 10218 9832
11106 9134 9610
10183 8821 10622
10121 10534 9346
10274 9038 10551
10406 9472 10378
9841 9499 10483
10196 10546 9156
10512 10263 9573
10340 10474 9317
9791 8801 10695
11000 9044 9786
11028 9124 9730
11025 9529 9398
10084 9877 10231
10786 9429 10050
11068 9194 9579
9763 10499 9588
9921 9204 10593
10042 9103 10595
10313 9412 10431
10053 9565 10438
9699 8739 10719
10610 10078 9738
10051 10143 10076
11149 9186 9409
10878 9768 9526
10913 9459 9899
10241 9401 10450
10974 9722 9391
11104 8964 9612
10114 10407 9728
10676 10140 9409
9728 10432 9650
9266 8392 10784
10864 9691 9916
11069 9375 9549
10013 8824 10669
9850 9013 10649
10283 10164 9906
10427 10136 9870
10348 10176 9839
10723 10123 9451
10178 9280 10495
10239 9860 10193
10674 9816 9950
9976 10005 10169
10213 8834 10593
9596 10444 9664
9734 8476 10754
11207 9149 9229
10557 10082 9741
10630 9581 10239
9927 9222 10550
9829 9223 10578
10771 9499 10051
10576 9645 10266
9394 8009 10825
10668 10236 9464
10857 9781 9705
9904 10305 9817
10108 9656 10387
9656 8302 10773
10352 9229 10454
10778 9320 10082
10521 10147 9724
10751 9501 10071
10632 9393 10191
10683 9104 10203
10648 9479 10185
10259 10303 9779
10277 10202 9849
10121 9699 10335
10899 9127 10022
10254 10502 9189
10352 10256 9749
10267 10332 9714
9637 10509 9507
9985 8880 10657
10041 8709 10670
9233 8422 10799
10367 9403 10408
10627 9880 9960
10257 10228 9873
10148 9424 10484
9852 9476 10482
10286 10277 9730
9707 10618 9313
9970 10408 9698
10412 9399 10400
10877 9744 9650
11008 9660 9616
10915 9732 9635
10308 10343 9611
10147 9461 10435
10770 10017 9589
10771 9265 10086
11210 9017 9058
9851 8450 10717
10253 10377 9618
10185 10413 9555
10296 10227 9798
11089 9387 9222
10818 9825 9792
10885 9628 9916
10486 10273 9488
10175 9399 10492
10073 10617 9158
10268 9459 10439
10466 10266 9550
10156 10225 9877
9673 8835 10679
9724 9173 10616
10377 9418 10388
10762 9370 10112
10359 9956 10107
10225 9683 10325
9685 8355 10772
10312 9639 10380
10288 10440 9414
10061 9512 10452
9812 10537 9389
10400 9820 10235
9737 8478 10745
10613 9822 10043
9009 7954 10859
10698 10073 9671
10453 9650 10211
9660 8866 10667
10130 9446 10451
10071 10488 9573
10663 9980 9921
9555 8869 10682
10368 10276 9684
10136 9507 10438
10876 9696 9879
10342 9260 10449
10244 10503 9266
10221 9830 10227
9897 9297 10556
10134 9047 10615
10814 9859 9832
9072 8029 10837
10447 10265 9667
10198 10565 8927
10029 9734 10326
10047 10286 9795
10396 9100 10457
9049 7838 10875
10445 10086 9852
10036 9543 10459
10680 9873 9878
9301 7953 10850
10309 9436 10425
10170 9893 10218
9831 8529 10737
9978 9427 10531
11044 9169 9692
9914 10527 9423
10247 9916 10165
10273 9394 10475
10549 9405 10324
10663 9650 10108
10192 9264 10500
10685 10127 9323
9824 10668 9002
10254 10296 9788
10445 9717 10283
10490 9242 10393
10258 9727 10283
10237 9829 10211
10591 9336 10334
10051 9751 10302
9999 9715 10347
10062 9283 10534
9988 9753 10321
10682 10126 9342
10145 8980 10593
10387 9060 10471
9263 8112 10821
10705 10001 9690
11062 9437 9421
10491 9965 9962
10244 10194 9970
9077 8277 10825
10140 9077 10589
11086 9313 9471
11157 9317 9145
10736 10079 9364
10856 9904 9532
9233 8092 10825
10781 9994 9538
10118 9795 10297
10378 10421 9275
10809 9301 10018
10700 9869 9928
11061 9290 9613
10761 9863 9835
9384 8696 10729
10016 9691 10378
10788 9301 10031
10950 9730 9731
10380 10420 9301
10615 10172 9718
10609 9714 10135
10537 10218 9599
10182 10080 10028
10031 9777 10317
10061 9533 10441
10177 9490 10433
10778 9759 9871
10732 9254 10146
9796 10302 9820
9527 8629 10736
9831 10726 8689
10194 10561 9037
10370 10010 10023
9440 8677 10725
10663 9386 10183
9946 10627 9205
11186 8940 9329
10246 10395 9714
10526 9841 10077
10338 10326 9612
10159 10060 10059
9896 9450 10487
10733 9763 9933
10496 10153 9756
10071 10272 9873
10437 10163 9835
9810 9129 10633
10909 9512 9990
10447 9775 10149
10488 9927 10032
9290 8645 10737
10475 10129 9836
9793 8790 10711
10652 10207 9547
10488 9976 9977
10778 9584 10007
10862 9755 9684
9850 8551 10724
11236 8865 9018
10537 9777 10098
9785 10628 9193
10673 10099 9566
10400 10467 9176
9386 8615 10738
9789 10641 9098
10715 10062 9555
10613 9569 10285
9875 10653 9094
10281 9954 10117
9698 10662 9071
11045 9095 9730
10377 10471 9109
10299 10446 9385
10590 9781 10077
10947 9267 9901
10207 10215 9902
10070 10088 10092
10478 9830 10115
11114 9265 9233
10612 9079 10291
10466 10163 9758
10092 9605 10422
11061 9471 9379
10340 10324 9646
10380 10395 9402
10250 10260 9791
11171 9032 9271
10555 10085 9949
10913 9527 9738
10374 10412 9542
10372 9864 10172
10105 10465 9623
10861 9707 9779
11199 8808 9304
10422 10220 9759
11097 9231 9532
10087 10209 9919
10744 9774 9902
10619 10138 9678
11091 9271 9501
10613 9887 9922
10480 10136 9827
9862 10529 9404
10710 9825 9876
10419 9765 10237
9929 10494 9516
10987 9180 9822
9983 9330 10535
9734 8582 10736
10304 9323 10455
10155 9685 10375
10311 9341 10450
10221 10436 9505
9971 9618 10398
10346 9908 10138
10419 9967 10056
9974 10325 9801
10696 10117 9539
10344 10483 9050
11223 8987 9148
10765 9176 10112
10266 10148 9933
11042 9545 9371
10272 9060 10554
10623 10090 9698
10281 9502 10387
10009 9346 10530
10161 9264 10536
10653 9834 9946
8957 7578 10896
10745 9975 9693
10064 9468 10446
10509 9825 10104
11030 9057 9757
9866 10295 9822
10398 10273 9669
9632 9354 10547
10544 9896 10037
10115 10304 9749
10661 10094 9603
9898 10565 9341
10646 9638 10154
11165 9196 8984
10686 9903 9815
9981 10666 8658
9734 10035 10147
10426 9574 10370
10711 9705 10033
10908 9777 9486
9522 10400 9744
10930 9475 9872
11015 9563 9478
10638 10095 9612
10798 9686 9999
9827 9153 10601
10524 9492 10296
10682 9473 10181
10531 9848 10068
10882 9839 9262
10329 9891 10180
9989 9716 10370
9620 8898 10675
9844 9434 10488
9950 9489 10474
9555 8759 10719
11233 8895 9074
10693 9248 10172
10091 8773 10653
11294 8732 8939
9654 8984 10659
10318 9602 10341
10476 9032 10404
10749 9950 9640
10794 9932 9704
10050 10621 9091
9437 8110 10818
10797 9470 10015
10710 10078 9634
11295 8636 8812
10381 10257 9696
9990 9915 10219
9691 10714 8990
10282 9740 10255
10369 10135 9972
10794 9757 9840
10271 10424 9441
9868 10520 9438
9709 8520 10739
10291 10464 9388
10250 10361 9674
10752 9923 9774
10251 9361 10486
9851 9800 10325
10700 9871 9848
10685 9194 10185
10800 9297 10034
10156 10625 9071
10605 9890 9944
10210 9949 10177
10788 9354 10025
9942 9075 10625
10450 9835 10127
10030 9163 10591
10476 10277 9467
10577 10324 9280
11024 9554 9475
10331 9261 10489
10377 10156 9861
11116 9051 9424
9721 9565 10461
11096 9322 9176
11059 9207 9665
10687 9338 10181
10746 9595 10024
10186 9688 10331
10186 9234 10526
10743 9517 10062
10589 9717 10111
10242 9047 10583
11279 8742 8953
10166 9974 10214
10713 9812 10005
11239 8881 9007
9714 9756 10328
10721 9631 10064
10454 9407 10366
9697 8594 10729
9929 8899 10661
10410 10027 10021
9961 10625 9222
10729 9655 10025
10362 9180 10488
9950 10719 8932
10696 10049 9790
11054 9354 9597
10271 9525 10392
9604 8256 10784
9918 10410 9679
11169 8797 9359
11015 9082 9759
10717 9351 10152
11071 9275 9498
9987 10645 9030
10166 10161 9976
9960 9059 10618
10650 9862 9980
10746 9598 10016
10499 10394 9141
10054 10234 9876
10790 9981 9452
9849 8774 10693
9739 8379 10758
10471 9395 10444
9592 10509 9550
10250 9085 10517
10117 9331 10514
10776 9216 10093
9929 9657 10380
10462 10415 9073
9939 9981 10180
10119 8883 10651
10815 9461 9998
9946 9790 10313
10303 8979 10553
10995 9506 9657
10294 9234 10494
11067 9222 9572
10397 10274 9625
10492 9182 10386
10835 9796 9832
9007 8048 10839
10300 9821 10232
10261 10141 9942
10778 10044 9562
10535 9781 10138
10852 9812 9805
10298 9442 10386
10228 9849 10195
9826 9722 10347
10811 9948 9677
10104 10126 9998
10671 10090 9581
10318 10269 9736
10320 9121 10514
10892 9590 9738
10012 10542 9351
9909 10691 9000
10205 10532 9182
10422 10465 9001
9895 10345 9789
11112 9269 9505
10342 10304 9664
10663 9770 10045
10096 9588 10389
10822 9966 9307
11122 9319 9049
10233 10482 9451
10730 9526 10038
10022 9267 10547
10821 9197 10017
9702 10532 9500
10600 9906 10023
9822 8564 10720
10578 9776 10114
10510 10215 9692
10766 10051 9629
10281 9292 10488
10582 9598 10172
10578 9934 9943
10537 9400 10361
11149 9011 9545
11219 8622 9190
10696 9586 10156
10475 9556 10346
10322 10054 10072
10923 9815 9459
10281 10270 9739
10745 9690 10002
10095 9274 10524
10908 9022 9996
11001 8884 9788
10239 10560 8899
9289 8583 10746
10492 10387 9338
10244 9984 10094
10528 9944 10030
10038 8784 10663
10280 10280 9688
9698 8500 10763
10596 9806 10070
9833 9531 10480
9220 8011 10828
11190 8958 9279
9157 8177 10828
10325 10010 10066
10315 10277 9681
10288 9960 10092
10374 10455 9315
10533 10132 9824
9602 8200 10788
10361 9575 10330
10089 9226 10541
10178 8918 10618
10274 9869 10186
10284 10348 9687
10886 9836 9391
10151 10331 9747
10772 9744 9913
9858 10612 9301
10708 9591 10119
10537 10292 9300
10704 10156 9265
10473 10339 9507
10277 9981 10092
10896 9544 9801
9797 10486 9601
10496 10088 9834
11177 9085 9231
10573 9944 9987
10665 10004 9802
9678 8601 10740
10506 9045 10375
10024 10034 10143
10158 10223 9904
10450 9652 10319
11119 9002 9585
9692 8825 10688
9941 10226 9881
10928 9525 9755
10370 9789 10252
10053 9360 10517
10514 9971 9961
10842 9000 10049
10349 10263 9740
10674 10131 9467
10504 9464 10313
10256 9577 10417
10602 10054 9777
10291 9377 10473
10419 10142 9920
9696 8635 10725
9900 9253 10550
9675 8878 10666
10912 9774 9494
9789 9312 10572
10965 9001 9852
10064 10540 9340
10149 9714 10296
10068 10159 10049
10432 9070 10457
9740 8559 10737
10722 9517 10075
10638 8851 10278
9995 8819 10688
11115 9222 9428
10036 10218 9936
10197 9226 10509
9862 8448 10736
10104 9034 10644
10729 10072 9547
10196 10039 10127
10220 8977 10592
11099 9360 9042
10222 9793 10276
9936 10644 9081
10764 9766 9833
10827 9960 9520
10573 9358 10301
9469 8576 10750
10059 9213 10570
10838 9321 9992
10578 10193 9650
10284 9840 10199
10324 10405 9594
9972 10656 8780
9771 9172 10605
10504 10149 9730
10795 9189 10083
10466 10008 9960
11106 9309 9474
10091 9686 10364
10385 10155 9907
9228 8551 10755
10155 10472 9571
10811 9695 9919
10154 10288 9790
10046 10529 9364
9955 10629 9036
10707 9950 9698
10136 9025 10612
10430 10411 9343
10013 10318 9808
10655 9233 10239
10683 9678 10091
10211 9236 10501
10148 8996 10591
9926 9938 10232
10160 9691 10295
10856 9912 9349
10732 10113 9390
10311 9305 10459
11041 9476 9727
10350 9653 10316
10615 9997 9854
9958 8884 10660
10618 9829 10034
10389 10090 10021
9848 8970 10662
9935 10294 9859
9660 8659 10734
10740 9815 9912
10235 9141 10556
11260 8847 9184
11219 9004 8972
10755 9728 9940
10127 9747 10318
9966 10473 9584
10083 9291 10519
10975 9471 9810
10133 8832 10627
9936 9112 10605
11270 8812 8978
10752 9174 10185
10101 10320 9751
10332 10247 9767
10372 10317 9635
10519 9518 10293
10745 9515 10138
9925 10358 9760
10844 9516 9942
11063 9225 9564
9480 8666 10730
10245 10556 9085
10249 9768 10284
10281 9004 10516
10631 10257 9396
10385 10245 9701
10335 9488 10374
9677 9175 10621
11163 9192 9228
10338 10146 9930
9867 10237 9927
10167 9365 10498
10828 9921 9483
11087 9366 9445
10414 9728 10241
10212 9640 10377
10039 10650 8946
9924 9229 10559
10426 9800 10145
9896 9621 10399
10425 9964 10064
10496 9828 10106
10077 9897 10225
8851 7903 10865
11076 9509 9352
9424 8580 10745
10558 10064 9853
9948 9105 10609
10614 9794 10060
9865 10560 9382
10266 10280 9726
11217 9001 9215
10926 9367 9964
9365 8368 10791
