85 3
5562
59 207 296 69
110 158 11 55
99 199 205 47
203 67 70 53
78 192 193 279
153 245 60 114
217 288 140 248
91 176 113 149
215 241 217 26
99 60 80 30
259 285 76 294
52 145 179 261
169 72 240 22
149 1 135 66
121 107 15 44
115 127 192 31
200 242 56 298
2 267 160 93
252 235 219 136
212 98 229 81
169 170 102 19
3 69 216 255
176 230 298 123
189 23 153 89
264 41 219 99
9 79 191 93
146 111 62 58
41 290 138 43
160 239 193 294
9 109 249 17
40 247 139 61
270 125 150 67
165 201 165 6
113 57 99 258
299 292 149 40
282 286 82 275
59 274 102 199
84 52 215 255
131 186 16 233
11 297 1 176
32 165 14 276
54 244 234 185
236 215 225 52
35 139 27 93
114 260 291 30
12 39 117 275
224 132 208 68
130 208 76 293
206 89 269 92
34 36 277 102
251 35 153 285
173 12 210 119
272 201 280 116
72 97 91 128
229 299 28 191
40 103 184 78
25 285 170 58
21 279 159 271
14 145 89 19
156 298 138 128
32 118 77 235
48 167 64 276
298 91 299 171
27 16 248 51
1 250 108 153
229 99 257 75
243 46 94 232
45 64 192 208
181 268 144 228
268 207 37 266
130 168 137 156
16 218 39 148
168 278 2 230
78 258 137 153
4 230 217 180
126 110 221 8
210 65 68 178
104 237 277 66
237 246 55 253
164 93 101 165
72 102 227 149
192 64 134 29
127 52 41 252
293 261 92 203
26 292 214 261
2937
10848 7789 10072
10440 9441 9111
10260 8308 10082
10142 8532 9988
10878 8523 9771
10351 9869 8364
10536 9713 8503
10035 9565 9079
10735 9404 8790
10710 9188 9223
10995 9183 8738
10013 9720 8852
9983 9351 9395
10119 9881 8480
11115 8553 9551
10545 9283 9282
10301 9358 9234
10299 9094 9548
10562 8909 9588
10256 9778 8593
10801 9199 9093
10864 9134 9128
10620 9663 8147
10452 9659 8648
10584 7914 10166
10923 9003 9218
10063 9530 9133
10005 8730 9844
10984 9048 9100
10496 9398 9091
10403 9424 9114
10302 9436 9138
10699 8639 9738
10886 9186 9103
11243 8815 8903
10756 8928 9447
10500 8893 9658
11284 8711 8920
10407 8732 9807
10307 9062 9583
11220 8729 9088
10354 9873 8180
11256 8535 9316
10027 9718 8830
10026 9730 8803
10281 9979 7863
10597 8805 9660
10238 9323 9308
10566 9721 8181
9828 9862 8718
10952 8887 9378
9869 9504 9210
10854 8076 10026
11033 8515 9610
10986 8826 9398
9995 9579 9045
10231 9580 8984
10729 9171 9201
9730 10172 7866
11131 8870 9124
10582 8783 9724
11014 8377 9783
10615 8400 9957
10705 8935 9476
10697 9240 9128
10219 9278 9373
10584 8835 9676
10802 7626 10128
10612 9237 9245
10666 8586 9863
11048 7747 9993
10018 10012 8245
9992 9969 8388
9942 9478 9238
11150 8872 9027
9346 9811 8838
10686 8194 10040
10102 8892 9749
9916 10055 8232
10565 9002 9519
10649 8940 9514
10654 9241 9150
9807 9843 8722
10429 9786 8322
9879 9620 9053
10829 7815 10126
10094 9251 9442
11013 8574 9576
10280 9551 8965
10436 9012 9552
10367 9092 9486
10846 8056 10049
10674 8975 9480
10700 8006 10096
10734 8749 9634
10809 8700 9638
10150 9336 9356
10781 9177 9148
11198 8884 8927
11159 8868 8959
10323 9857 8412
10557 9417 8981
9598 9993 8506
10793 8878 9469
11138 8763 9252
10979 8307 9840
10788 9377 8728
10838 8439 9812
10420 7703 10250
10291 8642 9923
10652 9574 8604
10911 9316 8659
10336 8593 9931
10562 7682 10216
10414 9603 8812
10885 9313 8765
10781 8885 9480
10987 9158 8805
10510 9606 8752
11096 8106 9850
10873 8642 9635
10739 8872 9536
11145 8927 9044
10269 9153 9509
10984 9285 8489
9754 10148 8145
11432 7978 8650
10672 9267 9148
10983 8536 9657
11020 8134 9933
11084 8757 9423
10853 8196 9909
10451 9346 9166
10469 9249 9300
10758 8062 10092
10515 9619 8702
10819 9095 9219
10306 8217 10158
9894 9886 8611
10640 8922 9538
10135 9497 9188
10569 9366 9095
10345 9217 9431
10558 9243 9274
11048 8316 9803
10540 9683 8522
10751 9063 9379
10330 9808 8445
10044 8529 10019
10427 9448 9039
10702 9069 9355
10927 8069 10001
10726 8795 9627
11128 9038 8758
10553 9653 8643
10243 9678 8777
9214 10238 7684
10442 8973 9601
10667 8913 9532
11032 8690 9458
10086 9413 9272
10299 9427 9155
10244 8808 9815
10636 8197 10041
10731 7825 10120
10261 9228 9460
10094 10035 8136
9979 10103 7502
10245 9584 8958
10421 9790 8372
10753 9424 8759
11017 9236 8482
9986 9454 9308
10252 9610 8907
10953 9304 8522
10138 9956 8347
10565 8611 9853
11184 8641 9312
11360 8362 9034
10915 8712 9579
10687 9241 9130
10725 8724 9697
10120 8670 9894
10555 8588 9870
11129 9011 8884
9887 10023 8347
9894 9717 8990
10098 9548 9127
10678 8951 9471
10214 9561 9007
10844 9416 8596
10352 9481 9066
11018 8824 9287
10216 9990 7954
10547 9771 7974
10734 8684 9686
11062 8916 9185
10150 9046 9667
11023 8986 9107
10630 9252 9164
10650 9249 9198
10590 8930 9544
11215 8879 8845
10468 9446 9058
10519 9673 8524
10788 9544 8178
10094 9360 9334
10924 9002 9238
10211 9371 9302
10308 8511 9970
10889 8805 9504
10813 9282 8982
10287 9456 9137
10191 9070 9593
10590 9686 8394
10760 8734 9647
10647 9408 8896
11191 8175 9667
10044 9874 8509
10242 8500 9979
10837 8414 9835
10755 8654 9721
10865 8899 9449
10528 8970 9568
10041 8960 9725
11014 8530 9616
10165 9501 9142
10742 8758 9620
11068 8527 9572
10800 9164 9138
10885 8387 9816
11052 9192 8516
10783 8873 9533
10260 9887 8437
11422 8104 8833
10254 9963 7924
11085 7961 9901
9745 9845 8734
10833 9335 8815
10278 9537 9011
10727 9549 8622
10264 8936 9686
10760 9518 8488
10399 9794 8370
9165 10273 7426
11052 8928 9202
10061 9754 8790
9745 10201 7646
10628 9588 8500
10223 8889 9754
11031 8570 9595
10539 8911 9636
10529 9513 8860
10562 9560 8680
10049 9041 9668
10168 9842 8496
10804 9104 9225
10658 8787 9647
10753 9259 9040
9573 9874 8762
10629 9086 9421
10846 9436 8327
11125 8988 8958
10648 9436 8890
9958 10132 7812
10340 8458 9988
9637 9781 8893
10749 8420 9878
10152 9823 8596
10590 9411 8952
10400 9605 8810
10511 8729 9766
10351 8586 9921
10819 9040 9328
11097 8063 9799
11312 8593 8941
10789 8458 9821
10794 8720 9632
10388 9377 9160
10547 9580 8678
10553 9488 8924
9830 10020 8354
11282 8680 9105
10223 7673 10272
11032 8831 9281
10655 8669 9746
10977 9170 8822
9560 9964 8567
10194 9739 8773
10455 9341 9205
9896 9753 8877
10216 9383 9233
10046 10069 8010
9753 10115 8150
10204 9560 9016
10319 9435 9143
10218 9785 8595
10775 8924 9430
11034 9212 8181
10231 9094 9570
10152 8662 9901
9677 9681 9047
10371 9792 8485
10680 8734 9728
10590 9219 9295
10507 8914 9636
11054 8960 9113
10928 9005 9203
9563 10031 8409
10588 9090 9429
11034 8831 9277
10747 8226 9975
10243 9070 9578
10208 9695 8810
10589 8527 9890
10653 9347 9123
10314 9730 8683
10103 8575 9968
10562 8186 10070
10292 9175 9480
10406 9475 9037
10555 9414 8995
11053 8934 9183
10791 9342 8864
9958 9728 8855
10744 8237 9987
10224 9012 9709
10368 9752 8578
10707 8125 10073
10507 9128 9434
10790 8658 9677
10330 9257 9356
10018 9549 9150
10039 9410 9293
10552 8748 9740
10358 9339 9235
10709 8918 9473
10362 8621 9880
10537 9382 9131
10459 9622 8696
10110 9949 8350
10394 8737 9790
10922 9033 9156
11352 8471 9086
10830 8562 9745
10871 9348 8619
10649 8495 9914
10622 9181 9305
9932 9829 8806
10403 9225 9360
9954 9272 9442
9139 10286 7243
11321 8641 8885
10069 9822 8681
10889 9098 9196
9958 9990 8401
11227 8404 9521
10668 8138 10050
10780 9331 8989
10953 8842 9442
10505 8972 9616
11029 8666 9520
10586 9710 7951
11119 8340 9680
10337 9749 8613
10811 9161 9190
10454 8728 9767
9949 9557 9120
10543 9540 8780
10329 9142 9483
9748 10181 7667
10125 9549 9050
9445 10028 8446
10121 7835 10284
10093 9866 8511
10702 8684 9711
10246 8791 9796
10637 9636 8267
10333 9439 9117
9877 7910 10236
11054 8142 9877
11021 8868 9246
10780 8659 9679
10432 8175 10114
10301 9157 9482
10567 8465 9956
10379 9156 9451
9636 9361 9399
10631 8651 9770
10140 9916 8430
9833 9648 9085
9633 10232 7629
10477 9624 8649
10075 8899 9745
10011 10042 8240
10826 7855 10089
10245 9346 9305
10436 8773 9769
10020 8328 10105
10083 9856 8529
11014 8510 9663
10748 9410 8765
9995 9737 8827
10901 9229 8925
10968 9125 9063
10933 9318 8604
11187 8268 9592
11015 9245 8485
11188 8298 9588
9970 9591 9056
10833 8998 9329
10590 8810 9686
11293 8590 9088
9321 9948 8617
10388 8550 9932
10643 9067 9446
10001 9421 9257
10305 9872 8293
10854 8649 9681
10843 8813 9564
11189 8797 9013
9598 9957 8595
10801 9192 9132
11013 9088 8998
10359 7617 10267
10848 9425 8362
11024 8853 9270
10473 9392 9104
9821 10211 7602
10778 9557 7890
10819 9247 8954
9938 9525 9163
10631 8914 9584
10299 9340 9276
10391 8764 9771
9880 9286 9447
11015 8491 9667
10851 9136 9169
9851 10169 7636
10462 9613 8736
10807 8423 9859
10675 9255 9111
10742 9475 8711
10590 9348 9108
10900 8072 9947
10727 7535 10151
9645 10069 8350
10505 8128 10133
10135 8691 9878
10959 9292 8282
10419 9832 8271
10618 7663 10179
10240 9508 9078
10291 9839 8461
10074 9789 8757
10507 8624 9857
9651 10135 8164
10447 8072 10137
10577 9283 9201
11017 7928 9969
10099 8606 9951
10241 9536 9072
9943 10103 8032
10611 9209 9251
9958 10010 8299
11042 8051 9913
10844 9112 9183
11063 8523 9579
11160 8841 9085
11259 8623 9201
10145 8036 10198
10337 9316 9280
10227 9368 9261
11043 8814 9359
10658 9041 9428
10836 7835 10072
10503 9031 9498
11128 8198 9774
10671 9239 9154
10615 9225 9208
10088 9592 9039
10189 9113 9603
9976 7598 10314
10345 9263 9326
9408 10202 7885
10421 9039 9507
10277 8279 10105
11017 8475 9677
10326 9190 9474
10771 9442 8627
9842 9918 8554
10935 8821 9467
11342 8532 8857
10554 8215 10038
10811 9465 8603
10983 9175 8762
10294 8933 9717
10194 9647 8890
9944 9284 9459
9974 9714 8864
10326 9695 8761
9969 9355 9364
10774 8650 9704
10041 10036 8160
10559 8944 9574
10615 9192 9275
10879 8382 9863
11095 8867 9178
10587 9443 8976
10735 9275 9068
10618 9270 9192
11185 8418 9517
11202 8795 8967
9418 9921 8739
10365 9473 9061
10158 9283 9402
10295 9360 9273
10855 9020 9285
10313 8605 9935
9983 9924 8511
9732 9763 8955
11054 8967 9074
11087 8155 9804
9711 9866 8747
10605 9634 8367
9946 9593 9054
10379 7599 10267
10443 9001 9595
10203 9774 8619
10568 8888 9603
10015 9988 8318
10491 8708 9774
10381 9013 9588
9590 9770 8923
11062 8939 9174
11067 9089 8930
10386 8630 9878
10197 9782 8645
10058 9853 8548
11254 8566 9234
10762 8662 9670
11190 8821 8982
9554 10037 8404
10056 9596 9013
10431 9582 8835
10735 8774 9612
10431 9160 9421
10393 9037 9535
10061 9684 8904
9827 9834 8724
10002 9750 8814
11192 8602 9330
10453 9811 8258
10709 9160 9229
10999 8955 9264
10028 9939 8496
11226 8900 8755
10160 9980 8280
10247 9274 9391
10788 8798 9569
10498 8477 9924
10547 9444 8998
10345 9144 9459
9744 9323 9438
10813 9334 8835
10770 8846 9542
10527 9380 9148
11329 8496 9230
10034 9926 8459
10494 9438 9032
9659 9961 8551
10458 9814 8196
10243 9577 8960
10228 9871 8439
10189 7824 10235
11103 9120 8194
10579 9539 8840
10906 8449 9763
11170 7990 9787
10641 8928 9519
10741 9269 9054
10796 8587 9742
10851 8771 9563
10318 7423 10275
10523 8567 9886
10102 9555 9072
10620 9092 9371
10524 8595 9880
10513 8763 9735
10470 8712 9789
10013 9516 9165
11108 8656 9409
11057 9101 8947
10184 9326 9352
11438 7886 8920
10956 8280 9880
11252 8261 9489
10694 9610 8162
10761 7432 10136
10850 8870 9529
9922 10082 8103
9915 9410 9345
9616 10031 8389
10100 9415 9256
10740 8764 9631
10248 9322 9306
10394 9023 9557
11172 8184 9690
9763 10097 8260
11333 8489 9063
10709 8525 9817
10865 8529 9759
10950 8721 9561
9864 9496 9221
10786 8773 9586
10519 9509 8937
9879 9891 8615
11303 8014 9426
10507 9560 8823
10916 7958 10037
10695 8736 9685
10658 8812 9645
10615 8247 10020
10831 9208 9002
9747 9629 9123
10626 9558 8649
10567 8843 9649
9794 9765 8845
10269 8493 9983
10378 9801 8387
11290 8568 9141
9262 9989 8559
10329 9251 9375
10900 9269 8807
10729 9239 9087
9948 7861 10230
11051 7953 9957
11109 9098 8716
11223 8659 9299
10728 9563 8358
11282 7890 9460
10990 8429 9793
10156 9552 9028
10988 8794 9405
11104 8824 9232
10410 9500 8979
11025 8844 9254
10568 9627 8625
10817 8589 9706
9830 10180 7772
9870 9959 8485
10285 9795 8535
11145 8258 9691
10703 8768 9667
10420 9033 9526
10865 7962 10026
10685 9509 8643
9987 9955 8456
10561 9145 9343
10959 8835 9404
10074 9852 8557
10985 8736 9472
9987 7837 10228
10985 8985 9121
10072 9870 8510
10877 8672 9631
10470 9636 8659
11302 8670 9039
10713 8747 9655
9828 9979 8466
10634 9379 8970
10622 9284 9136
9743 9817 8807
9939 10029 8312
10976 9164 8841
10082 8907 9739
11185 8842 9082
10854 8343 9885
10543 9131 9380
10430 9021 9509
10790 8452 9836
9905 9699 8942
10175 8243 10109
10539 9140 9368
10952 9284 8564
10786 8244 9962
10857 8995 9313
11348 8338 9171
10095 9395 9274
9894 10098 8055
10681 9050 9395
10535 9400 9021
10551 8809 9718
11053 8597 9552
10944 9322 8520
10387 8807 9775
10784 9208 9065
11282 8408 9383
10213 9412 9224
9798 10023 8446
10486 9429 9033
10875 9032 9265
9947 10100 7858
10675 9179 9241
11015 9214 8521
10811 9474 8274
10931 8908 9319
11349 8604 8723
10031 9432 9229
10623 9411 8949
10324 9894 8283
11032 8462 9690
10332 9076 9550
11302 8237 9374
9765 9863 8703
10832 8693 9651
10926 8861 9478
10400 8872 9696
10739 8978 9425
10843 8838 9562
10546 9213 9305
10230 9592 8957
10811 9239 9023
10304 9807 8497
10331 9340 9230
10420 8974 9635
10900 9367 8611
10308 9317 9280
10613 9518 8827
10452 9847 8161
11151 8863 9095
10734 9009 9428
10941 9144 8963
10836 8319 9895
10508 9460 8953
10778 8065 10042
10060 9432 9208
10863 8718 9562
10438 9168 9370
10175 9773 8683
10534 9580 8791
10225 9375 9276
9851 10167 8017
11451 7960 8673
9996 9713 8860
9358 10252 7386
10782 8882 9465
9762 8790 9833
10341 9609 8862
10440 9595 8786
9333 10251 7583
10500 8671 9827
11299 8349 9336
10302 8858 9766
10571 9275 9256
10094 9871 8506
11251 8228 9494
11129 9110 8425
10469 8454 10004
9951 9091 9627
10491 9765 8189
10380 9838 8182
10618 8774 9696
10529 8364 10003
11032 8793 9449
10018 9250 9501
10860 9332 8756
9797 9486 9281
9819 10053 8299
10891 8891 9423
10681 9378 8969
10716 9368 8960
11065 8028 9877
10779 9063 9300
10970 7993 9955
10277 9457 9139
10461 9005 9560
11356 8588 8662
10673 7785 10160
10319 8824 9793
10950 8458 9747
11255 7766 9582
10014 10096 8004
10827 8875 9467
9991 9470 9240
9988 7203 10332
10521 9452 9024
10113 8728 9866
9950 9085 9646
10382 8804 9782
10350 8747 9794
10770 8722 9630
10356 9250 9335
9812 9722 8959
11277 8565 9228
11100 8987 8961
9914 9737 8845
10361 8263 10075
10484 8549 9899
10698 8414 9901
11058 8976 9070
10657 8920 9550
10872 9233 8910
10988 8504 9716
10283 9657 8772
11047 9165 8789
11073 8994 9031
9649 9746 8971
10454 9313 9211
9930 9607 9040
9998 10073 8193
9824 9458 9309
10381 9616 8785
10821 9472 8310
9958 9821 8780
9691 9902 8672
10439 9864 7989
10527 8884 9652
10682 9245 9132
10180 9934 8351
9676 9842 8775
10746 8984 9421
10388 9878 7949
10817 9375 8665
9829 9894 8657
10469 8832 9760
9631 9516 9254
10613 9550 8727
10950 9224 8769
10811 9093 9282
10637 8951 9502
10875 9203 9025
10366 9796 8388
10773 9101 9245
11136 8311 9703
10385 9837 8221
11302 8067 9447
10919 8185 9935
10070 9126 9565
10457 8862 9704
10196 9833 8464
11008 8805 9377
10518 8270 10069
11235 8009 9627
11021 8248 9817
10843 9438 8423
10561 9586 8644
11243 8789 9041
10634 8825 9652
10286 8464 10006
10461 9294 9311
9129 10290 7226
10641 8816 9624
11079 8817 9305
10087 9725 8815
9603 9802 8906
10928 9176 8963
10345 8829 9771
9832 10002 8433
9527 9726 8992
10711 8110 10066
11084 8490 9564
10506 9014 9508
9947 8333 10062
10585 8219 10030
9446 9937 8652
10006 9921 8546
10431 9137 9484
10313 9132 9511
10225 9599 8914
10473 9608 8711
10229 9249 9454
10919 9374 8485
10603 7876 10208
9935 9467 9248
10232 7462 10273
10781 9034 9355
11086 8479 9599
11048 9196 8478
10294 9106 9559
10832 8430 9837
11348 7983 9204
10409 9238 9338
10159 9540 9093
10652 8704 9732
9526 9985 8580
9991 9574 9069
10318 9306 9366
9853 9784 8807
10206 9830 8472
10536 9351 9152
11174 8978 8581
11384 8353 9013
10438 8897 9639
10537 9379 9146
10607 7345 10187
10325 8482 9993
10767 8968 9424
11078 8964 9102
11328 8229 9348
10321 9352 9247
10742 9526 8626
10264 9194 9455
11027 8980 9199
10258 9366 9238
10621 8300 10018
11203 8907 8742
10650 8804 9678
11306 7983 9407
11246 8735 9027
9754 10067 8344
10946 9306 8508
10435 8914 9677
9607 9853 8749
11184 8934 8905
11041 8640 9499
10795 9286 8974
9981 9575 9071
10390 9875 8087
10788 8438 9865
10540 8698 9780
10473 9493 8939
10300 9013 9650
10620 9622 8441
11077 8965 9026
10749 8636 9737
10085 9407 9291
10472 9815 7982
11283 7948 9452
10760 9230 9143
10405 9148 9425
11114 8462 9563
9715 10006 8462
10560 9449 8938
10446 9859 8177
11324 8571 8964
11112 8771 9278
10472 9130 9428
11131 8968 8928
10408 9797 8300
10497 8368 9997
10389 8000 10159
10959 8599 9592
11033 9099 8970
10085 9079 9612
9783 9768 8852
9806 9569 9175
11262 8350 9447
9828 10078 8177
10514 8822 9729
10097 9977 8308
10404 9456 9053
10203 9314 9340
9537 9994 8545
10650 8946 9495
10399 8704 9824
10587 9607 8606
9875 9860 8670
10505 9454 8986
10853 9204 9000
11182 8693 9296
9895 9725 8883
10062 9058 9634
10012 9701 8905
10890 9281 8824
10215 9799 8554
10466 9689 8632
11253 8800 8603
10182 9851 8455
10927 8332 9815
10506 9316 9159
10005 9617 9037
10724 8629 9810
11263 8191 9497
11111 8783 9338
10310 9654 8787
10478 9180 9355
10224 9613 8891
10209 9131 9558
10839 9270 8869
9840 10032 8328
9762 9895 8644
10585 8936 9548
9854 9623 9079
10909 9327 8600
10397 9405 9119
10321 9651 8865
10807 9376 8824
11098 8919 9131
10468 8698 9821
10897 9085 9121
10134 9469 9194
11117 9017 8848
11011 9236 8719
9777 10073 8280
11052 8031 9896
11161 8876 8943
10612 9182 9307
11315 8541 9121
10883 7784 10069
10923 8784 9491
10008 9678 8938
10850 8580 9687
11089 8937 9129
9573 10043 8383
11057 8575 9568
10121 9890 8470
10572 9659 8435
11238 8877 8797
10697 9374 8946
10814 7952 10075
9773 9940 8613
11116 8024 9888
10297 8449 10006
10969 9190 8859
11282 8561 9216
9444 9709 9008
9946 9043 9680
10707 8547 9819
10520 9755 8035
11047 9021 9064
11125 7748 9847
10614 9214 9232
10088 9850 8579
9915 10056 8209
10655 8616 9825
9563 9632 9135
11002 9136 8889
10660 9547 8629
10671 8851 9582
10480 8668 9877
10559 8642 9819
11170 8231 9671
9660 9960 8561
10581 8784 9704
10350 9112 9518
9906 9731 8881
10576 9113 9483
10906 9186 8868
10659 8928 9497
10872 9038 9264
9973 9721 8874
10929 8860 9418
10452 9783 8264
11048 8469 9636
10976 8693 9582
10103 9801 8668
11232 7974 9674
10828 8941 9375
10373 9066 9526
10992 9156 8906
9550 10125 8167
9728 10086 8334
10699 9413 8818
10390 9153 9444
10870 9041 9205
10392 9158 9426
10556 9119 9399
11014 9186 8527
10795 9201 9040
10383 7977 10167
10597 8861 9609
10039 9596 9024
9807 9919 8600
11184 8410 9624
10165 9056 9622
10328 8850 9745
11007 8577 9568
10772 9099 9255
10221 9671 8796
10100 9815 8657
10166 9061 9604
10605 9248 9202
11190 8842 8965
10323 9518 8994
9758 9755 8929
10667 8860 9589
10736 8802 9606
10381 8628 9879
10960 8834 9424
11066 9061 8936
11195 8219 9645
9778 9356 9364
10255 9540 9046
11212 8279 9562
9933 9448 9342
10491 9167 9387
11146 8690 9350
10546 9453 9000
11013 8832 9360
9728 10168 7995
11023 9137 8873
10691 9629 8390
10550 8509 9903
10445 8846 9711
10250 9496 9061
9963 9489 9215
11148 8566 9478
10821 9384 8661
9762 9778 8896
9960 9073 9629
10567 8457 9973
10106 9647 8952
11137 8730 9361
11133 8825 9146
10365 9431 9114
10462 9266 9298
10557 9401 9017
11150 8565 9513
11163 8252 9633
10954 7863 9982
10634 9626 8415
10714 8888 9580
10434 8933 9654
10318 9488 9085
10302 8654 9911
10913 9305 8694
11271 8725 9099
10547 9490 8871
9829 9125 9597
10695 9507 8817
10495 8385 10016
10700 8737 9678
10191 9992 7988
10824 9251 8952
10551 9587 8646
11247 7880 9637
10761 8915 9463
11109 8794 9303
9849 9981 8443
10932 7980 9985
10747 9198 9161
10386 9601 8852
10259 9859 8443
10351 9641 8801
11224 8665 9280
10749 8670 9735
10192 9385 9231
9811 9770 8843
11031 9178 8663
10185 9354 9346
10273 9565 8983
10138 9413 9257
10955 8996 9197
10175 9500 9140
10285 9488 9088
10553 9571 8739
10894 9376 8519
10394 8744 9786
10703 9097 9349
10505 9008 9527
10074 9381 9318
10438 9389 9159
10957 8445 9774
9918 9894 8558
9889 9559 9183
10202 9935 8347
10624 9480 8836
9987 10048 8204
10068 9383 9357
10098 9849 8577
10805 9486 8386
10476 9795 8224
11215 8764 9106
10923 8506 9754
10175 8224 10114
10822 8377 9885
10271 9576 8997
10430 9496 8960
10416 9090 9519
10471 9724 8594
10730 8386 9960
11158 8554 9461
10478 9138 9408
10296 9530 8991
10048 9163 9553
9464 9865 8804
10357 9504 9049
10360 9766 8538
9780 9978 8484
10895 9231 8862
11016 8815 9322
10467 9754 8428
10075 9817 8751
9646 10003 8503
10684 9177 9324
10333 9517 8992
10826 9071 9213
9688 9496 9248
10275 9475 9092
10582 9111 9373
9992 9751 8816
9857 9414 9360
10721 8246 10000
10456 9763 8506
9447 9776 8924
11164 8489 9515
10375 9472 9059
11047 8990 9096
11296 8255 9337
10785 9309 8900
10158 9622 8939
11159 9019 8725
10546 9459 8936
11098 8890 9157
11207 8045 9658
9370 10053 8400
9932 9998 8427
10794 8285 9901
11125 8539 9518
9531 10237 7743
10846 8978 9325
10672 9423 8823
10592 9594 8575
10874 9339 8755
10761 8205 9984
10867 9206 8927
10434 9645 8687
10868 8595 9683
9528 10045 8430
10377 9490 8994
10003 6965 10323
10349 9600 8913
10231 9498 9080
10051 9443 9217
10471 8432 10037
10490 8406 9983
9883 9891 8613
10776 8627 9731
10131 9846 8558
10537 9544 8786
10913 8321 9883
10313 9747 8729
10392 9451 9082
10848 8250 9952
10411 8992 9633
10857 9330 8831
10706 9387 8897
10784 8396 9899
9479 10062 8358
10766 8162 10028
11106 8798 9269
10227 9945 8321
10418 9371 9190
11097 8891 9137
10773 9105 9236
10869 8689 9615
11331 8721 8576
11168 9001 8727
10862 9388 8630
10277 9829 8476
10059 9846 8613
9838 9587 9126
10815 9369 8821
10263 9487 9092
10701 8835 9592
10735 9168 9192
9624 9949 8569
10818 8545 9812
10928 8841 9445
10429 9020 9570
9925 9577 9131
9798 9492 9262
10444 8874 9666
10930 8995 9200
10527 9012 9516
10395 9867 8058
10599 9646 8383
10549 8899 9619
10736 9548 8104
10871 9328 8862
10784 9141 9222
11356 8527 8851
10423 8923 9684
11193 8025 9742
11157 8236 9647
10335 9261 9343
11359 8286 9185
10902 8645 9611
10870 9194 9038
11315 8799 8905
9597 10183 7970
10152 9991 8146
10669 9209 9184
10804 8618 9684
10907 8613 9670
10346 9762 8564
10205 9683 8888
10849 8264 9927
10556 9707 8407
10222 9485 9116
10438 8322 10048
10817 9465 8366
10346 9147 9454
11137 8628 9470
11166 8458 9597
10703 9179 9227
10863 9375 8583
10213 8125 10173
10646 9630 8293
10700 8850 9617
10992 8996 9109
10387 9815 8296
10640 8869 9595
11308 8052 9361
11187 8929 8921
10606 9243 9208
10888 8455 9805
10574 9408 9009
10795 9305 8971
9981 10009 8331
9955 7864 10222
10004 9212 9538
10258 9496 9050
11268 8176 9521
10603 8996 9476
9969 9669 8975
11005 9257 8502
10054 9653 9019
11167 8973 8733
11355 8478 9031
9976 10107 7611
10514 9539 8878
10106 9268 9434
10640 9212 9227
11055 8683 9471
10583 9119 9370
10747 8686 9675
10832 8682 9662
10017 10034 8282
9722 10037 8347
10962 9290 8302
10102 8897 9745
10017 9865 8661
10573 9634 8515
9741 9981 8451
11242 8590 9380
10445 8253 10090
11164 8233 9637
10725 9435 8732
10183 9772 8700
10241 9469 9142
10370 8026 10213
10545 8188 10064
10793 8960 9398
10842 7985 10062
10350 9402 9207
10766 9225 9118
10270 9324 9280
10204 9320 9321
10753 9252 9079
10372 9060 9545
10237 7927 10214
11065 8763 9354
10507 9741 8406
10852 7965 10045
10718 9575 8375
10360 9674 8748
9953 9976 8469
11213 8312 9557
10700 9200 9240
10844 8823 9537
9910 9762 8826
10702 8911 9538
10728 8809 9592
11181 8825 9086
9444 9947 8639
10994 8261 9866
11274 8522 9438
10125 9674 8909
10555 9372 9048
9947 9268 9486
10608 8115 10080
10033 8693 9902
10246 9623 8889
10883 9192 8973
9699 9779 8881
11105 9040 8806
10960 8322 9846
10498 9016 9505
11111 8949 9008
11194 8491 9459
10750 8655 9710
10703 8802 9614
10971 9213 8743
10093 9970 8340
10716 9375 8880
11076 9074 8784
9952 9851 8677
9944 9574 9148
10441 9157 9403
10663 9410 8872
10561 8345 10020
11380 8434 8924
10133 10002 8259
10168 9181 9511
10063 9421 9241
11069 8508 9576
10533 9030 9494
11185 8789 9120
10622 7850 10154
10376 8138 10166
10215 9957 8201
10980 9163 8796
11344 8701 8838
10367 9550 8988
10331 9782 8578
10827 8505 9801
11116 8626 9493
10388 9336 9266
11201 8952 8720
10432 9783 8311
10696 9040 9384
11224 8242 9565
10936 8584 9631
9783 9874 8673
11022 8953 9216
10819 8386 9862
10267 9873 8322
10926 8598 9664
10607 9633 8348
10896 8513 9791
8910 10286 7270
10035 9900 8510
11154 8959 8919
10024 9968 8402
10750 9347 8947
9677 9353 9368
10931 9344 8096
10753 9071 9326
10151 9052 9648
10726 8532 9813
10595 9646 8384
9551 9667 9057
10742 9275 9035
9856 9127 9581
10129 8718 9838
10360 9100 9501
9696 10045 8373
10829 9167 9114
10145 9907 8380
11278 7801 9537
10118 9349 9407
9836 9322 9420
10349 9774 8535
10228 9784 8593
10254 9177 9479
10837 8874 9465
11390 8420 8778
10084 9700 8871
10575 9661 8413
10709 7625 10162
10428 9617 8762
10597 8566 9874
10402 9738 8522
11370 8515 8981
9949 10098 8042
11211 8003 9637
9885 10106 8037
10534 8943 9577
10240 9799 8535
10512 9169 9351
10689 8694 9717
10096 9674 8930
10981 8866 9327
11052 8465 9640
10942 8538 9648
9963 9659 9007
11081 8656 9438
10837 9231 8997
10604 8218 10027
10009 9684 8919
10685 9044 9383
10811 8448 9818
9795 8951 9736
11153 8260 9648
9874 9723 8906
11086 9072 8908
10409 9321 9221
10051 9435 9225
10728 9070 9329
11001 9001 9080
11107 8407 9672
9760 9911 8630
11000 9288 8432
11068 7924 9980
11118 8218 9791
10641 8921 9558
9959 9474 9242
10473 9777 8332
9961 9758 8840
9689 10191 7926
10713 9075 9333
10013 9564 9083
10848 9207 9006
10525 8953 9581
10249 9483 9118
9516 9973 8606
9767 9774 8881
11062 8887 9211
10960 9012 9145
10522 7985 10162
10544 8752 9753
10376 8971 9658
9671 10033 8375
10456 9011 9564
10826 9156 9200
10842 9069 9224
10505 9779 8089
10087 9951 8450
10992 8291 9819
10393 9144 9437
10596 9674 8378
10438 9234 9318
10047 8717 9875
9561 9909 8684
10400 9501 8981
10942 9132 8990
9746 9790 8851
10943 9316 8539
10327 9906 8254
11055 8791 9401
10956 8181 9899
10814 8739 9612
10660 9351 8994
10822 9340 8775
10903 8735 9537
10077 9726 8817
10743 8702 9662
9945 9290 9440
10417 9632 8753
10272 9371 9211
11161 8615 9442
10120 9945 8421
10901 9170 9001
10847 9219 8980
9583 9738 8985
10730 9177 9182
10760 9241 9029
11379 8157 9195
10330 9170 9477
11246 8839 8841
10818 9041 9308
10722 9278 9073
10878 8762 9557
10784 9386 8693
10101 9716 8800
10141 9794 8696
10839 8703 9615
10206 9612 8968
10448 9388 9157
9875 9751 8900
10239 9662 8875
10443 8717 9773
10513 9511 8884
11106 9046 8787
10292 8700 9872
9961 9722 8929
10797 9055 9319
10040 9253 9455
11079 8448 9714
10308 9353 9208
10767 8523 9824
10515 9145 9361
10632 8961 9483
9863 9597 9100
10984 9170 8750
11278 8268 9471
10851 9372 8767
10677 8171 10046
10852 8770 9583
9876 9783 8839
10865 8973 9326
10942 9139 8951
10351 8284 10068
10770 9218 9126
9792 9734 8916
10700 9405 8926
11158 9013 8744
10533 9552 8797
10164 9788 8674
10715 8941 9463
10911 9265 8860
10184 9391 9236
10864 8972 9335
10238 9634 8881
10954 8875 9333
9642 10210 7813
10811 8600 9692
11180 8669 9337
9973 9590 9101
10920 9072 9202
10959 9006 9164
10733 9541 8304
10405 9484 9047
10717 8950 9453
10080 9247 9468
10072 9498 9173
10956 8699 9498
10593 8653 9807
10217 9686 8803
10680 8471 9888
10112 8548 9941
10726 9337 9018
10053 8489 10008
10323 9120 9494
10598 9144 9344
10331 8657 9892
11003 8694 9499
10696 8711 9702
10396 9733 8603
10286 9823 8529
11238 8762 9058
10336 7366 10288
10753 8668 9685
10096 9678 8894
10972 9201 8752
11073 9144 8513
10735 8307 9943
10281 9788 8567
10903 8868 9465
11259 8738 8940
10695 9232 9181
10730 9551 8335
10305 8942 9676
10980 8869 9319
10362 9241 9320
10764 9141 9256
11246 8919 8417
10184 9791 8635
11090 8642 9446
10188 9448 9172
10294 9955 8261
10781 9342 8867
10643 8738 9764
10820 8712 9621
10670 8656 9759
10927 9159 9060
11251 8803 8420
10152 9848 8548
10340 9795 8529
10852 8773 9553
10012 9881 8580
10623 8989 9535
11119 8059 9841
10852 9362 8772
10845 9032 9302
10301 9366 9226
10645 9375 9023
10068 9565 9076
11117 8902 9109
9927 9604 9056
10358 9487 9008
10173 9278 9374
10731 8227 10010
9871 10161 8101
10784 8606 9792
10684 9510 8739
10779 9303 8995
10756 8214 10029
9848 9973 8550
10357 9836 8399
10515 8701 9775
10164 9583 8988
10608 9075 9434
10087 9604 9012
11257 8730 8956
10944 8140 9907
10902 9030 9220
11332 8596 8891
10223 9718 8737
10646 9357 8994
10144 9640 8999
10186 9891 8420
10260 9896 8314
10206 9220 9490
10139 9210 9550
9847 9646 9063
10488 9292 9198
10727 8266 9964
9782 9929 8580
10482 9786 8183
10727 8003 10150
11400 8079 9034
10832 9244 8876
10462 8224 10113
11015 8878 9301
10089 9689 8851
10042 9315 9425
9875 9838 8722
10924 9022 9191
10314 9051 9613
11027 9126 8961
10802 9505 8614
11305 8060 9393
10452 8259 10078
11048 8987 9104
10824 9056 9242
10407 9404 9117
9793 9649 9024
9684 9664 9034
11253 8078 9569
10394 9638 8775
10617 9431 8920
10298 9590 8924
10075 9708 8859
10667 8772 9634
11122 8022 9778
10124 9646 8915
11122 8574 9504
10778 9094 9230
11347 8479 9314
10204 9738 8771
10801 9477 8620
9991 9955 8454
10148 9170 9539
9452 9900 8726
10451 9582 8769
10539 8067 10153
10180 9638 8892
10949 9303 8792
9787 10099 8138
10664 9613 8451
11139 8863 9121
10376 9047 9632
10108 9553 9033
10832 8396 9839
10412 8734 9806
10910 8959 9339
10668 9105 9337
10735 9538 8212
9785 10079 8211
9849 9812 8822
10471 9475 8999
10797 8871 9511
9978 9513 9168
10719 9488 8630
10005 9578 9043
10996 9067 9019
10895 9031 9277
11075 9108 8744
10161 9861 8499
10577 9313 9141
11216 8672 9283
10517 9302 9179
11083 8963 9089
10800 9517 8316
10882 8966 9370
9855 9629 9040
10473 7563 10246
10518 9050 9493
9997 9552 9132
10865 8695 9589
10941 8578 9617
10885 9395 8498
10319 9282 9317
10637 9300 9134
10962 8923 9313
10951 8703 9510
10536 8844 9641
10960 8749 9453
9884 9730 8885
10058 8928 9722
10823 8589 9693
10712 9069 9352
10995 9057 9090
10704 9574 8589
10023 9675 8908
10535 9685 8509
10728 8962 9436
10328 9736 8649
9972 9562 9107
9874 9492 9212
10925 9206 8848
9664 10100 8276
10322 9421 9182
10171 9742 8738
11012 8799 9365
9805 10054 8331
10861 9430 8285
10100 9479 9198
11057 8550 9570
10822 8952 9421
10832 9022 9333
10686 9077 9378
10514 9117 9464
10726 8247 9967
9806 9673 9004
9994 9586 9040
10535 8241 10092
9962 10076 8059
10889 9166 9013
10693 8570 9868
10701 9206 9221
10982 8833 9356
10453 8925 9628
9694 7243 10319
11098 8582 9528
10240 9591 8955
9833 9754 8862
10261 9958 8112
9909 9734 8847
9671 10131 8161
10795 8036 10065
9155 10277 7409
9553 10243 7671
10194 9761 8668
10765 9068 9370
10766 9105 9269
10098 10005 8302
9644 10013 8490
9990 9941 8461
10390 9753 8574
10794 8344 9898
10122 9355 9331
9773 10109 8234
10031 9519 9134
9673 9920 8622
11189 8772 9132
9653 10195 7960
10891 9287 8805
10547 9665 8415
11111 8929 9100
10980 9102 9105
10847 8530 9742
11125 7992 9810
10494 8999 9568
11106 8670 9405
10645 8912 9562
11057 8766 9429
10529 9286 9164
10793 9226 9041
9683 10167 8074
10969 8994 9147
11009 8667 9508
10929 9339 8309
9861 10102 8102
10958 9194 8753
10352 9478 9081
10067 9722 8819
10859 8699 9613
10696 8447 9940
10707 9076 9295
10217 9056 9607
10223 9614 8893
10694 9253 9103
10438 8701 9801
10971 9226 8735
10761 9236 9124
10458 8975 9577
10828 9461 8419
11190 8167 9774
9373 10246 7143
10315 8930 9659
10437 9603 8762
10021 9711 8903
10567 9158 9337
10888 9160 9032
10200 9023 9636
11096 8568 9557
10936 8573 9722
11061 8465 9630
11215 8471 9513
9965 9478 9201
10184 9275 9376
10066 8445 10048
11081 8797 9272
10928 9334 8474
10196 9613 8970
10143 9891 8466
10164 9704 8849
11074 8629 9455
10595 8639 9843
10132 8234 10127
11173 8733 9307
10757 8379 9923
10262 9200 9447
10634 9575 8500
10475 8589 9910
9558 9556 9193
10707 8395 9973
9455 9754 8977
10694 9605 8403
11410 8214 9032
10489 9757 8190
10676 9077 9381
10633 9556 8662
10384 9457 9087
9552 9896 8720
10506 9552 8930
10941 9133 8970
10591 9532 8777
10129 9554 9026
9625 9982 8564
11038 9209 8190
9469 10050 8384
10925 9330 8543
9942 9408 9331
10330 8139 10118
11412 8408 8935
11217 8753 9141
10651 9568 8623
10180 10067 8066
10188 9270 9415
10463 8697 9854
10668 9523 8676
10895 8802 9536
10041 9431 9227
10486 8425 10027
10959 8611 9591
10886 8690 9607
10895 8803 9482
10823 8586 9694
11007 8698 9450
10203 9159 9509
10438 7646 10263
11362 8551 8777
10293 9454 9098
10835 9456 8607
9490 9933 8614
10821 8182 9966
10475 9477 8943
11330 8715 8595
10794 8195 10015
10869 9104 9112
11086 8734 9350
10335 8329 10056
11215 7979 9636
10497 8981 9565
10944 8609 9608
10960 9005 9184
11316 8770 8659
11085 8205 9864
10334 9608 8872
11196 8678 9199
10545 8895 9622
10206 9820 8548
11057 8691 9455
10467 8850 9687
10905 8627 9634
10886 9423 8492
10341 9940 7738
10141 8810 9827
10163 9405 9232
11286 8154 9416
10714 9605 7852
11023 8470 9652
9850 9492 9247
10951 8902 9403
9584 9493 9278
10161 9788 8780
10324 8816 9782
10187 10028 8080
9853 9619 9094
10290 9915 8296
10958 8128 9943
10389 8756 9774
10762 9363 8855
9618 10200 7890
10790 8363 9942
11349 8377 9087
10182 9453 9197
9799 9680 8993
10611 9581 8645
10164 9840 8529
10942 9246 8827
9978 9942 8492
10469 9227 9312
11140 8754 9299
11283 8605 9093
10116 9536 9099
10558 9240 9289
10933 8619 9617
10359 9646 8754
10233 9316 9336
11239 8846 8671
10443 8981 9598
10204 9742 8735
11156 8380 9644
10409 9197 9409
10555 8883 9605
9904 9738 8847
10251 9796 8574
9976 9636 9030
10817 9202 9036
9841 9154 9564
10591 8830 9622
11251 8205 9498
11046 9207 8443
11394 8480 8596
10728 9405 8847
11089 8930 9168
10549 9577 8710
9709 10175 7851
10047 9873 8554
10315 9569 8955
10757 9506 8517
10074 9958 8378
10118 9240 9515
10837 8992 9317
9679 10203 7737
11153 9075 8638
9952 9521 9194
10390 8744 9835
10936 9174 8926
10610 9631 8527
10885 8139 10013
11425 8310 8797
10990 8670 9533
10561 9375 9044
10878 9193 8986
10815 9173 9122
10774 8902 9529
10786 9315 8881
10810 8975 9379
11060 8856 9216
9909 9617 9084
10075 9986 8372
10748 8903 9478
10640 9450 8850
10643 8772 9711
10921 9057 9177
10686 8491 9878
10896 8350 9860
10948 8990 9310
11103 9119 8499
10220 9672 8808
11289 8563 9166
10589 9658 8400
10340 9451 9097
10132 9527 9114
9664 9931 8655
11158 8787 9241
11163 8245 9634
10593 9565 8650
10280 9667 8825
10176 9447 9198
10285 8885 9773
11041 8753 9438
10659 9209 9187
10929 8263 9904
10539 9201 9325
10142 9544 9089
10409 9825 8294
9984 9847 8680
10968 7855 9982
10544 9585 8739
11302 8555 9300
10330 9718 8637
10920 9357 8307
10904 9345 8705
10098 9860 8504
10138 9591 9014
10035 8887 9805
11040 8502 9637
10651 9221 9185
10231 9709 8788
10091 8681 9902
10858 9343 8721
10239 9762 8664
9787 10171 7852
10644 9380 8928
11014 9217 8491
10557 9631 8572
10830 8910 9420
10948 8775 9474
10361 8899 9719
10418 8875 9694
10652 9427 8831
10300 9929 8070
11282 8422 9321
10132 9122 9584
11005 9258 8197
10447 9231 9350
11080 8953 9137
11014 8820 9305
10773 9397 8837
11110 8267 9738
10301 8281 10079
11107 8933 9051
10801 8634 9709
10381 9813 8342
11416 8345 8585
10300 9122 9542
10569 9491 8867
11186 8923 8940
10616 9642 8199
10207 9550 9017
10047 9135 9559
10157 9864 8480
9982 9686 8964
10885 7895 10050
9915 9578 9133
9424 9987 8553
10288 9669 8762
10295 9794 8533
11065 8509 9615
10558 9582 8669
11061 8888 9191
9662 9846 8787
10599 8044 10135
10899 8385 9813
10769 8753 9599
9891 9393 9347
11144 8659 9355
10374 9774 8516
10913 8370 9820
10084 9957 8376
10386 9829 8274
10280 8707 9856
10431 8585 9919
10938 9164 8946
10929 9215 8844
10717 9461 8732
9849 9464 9253
10188 9836 8580
10886 9308 8753
11050 8490 9620
10642 9632 8190
9877 10067 8259
10159 9274 9400
10458 9453 9009
9957 9643 9024
10898 8131 9948
10211 9379 9245
10337 9446 9113
10375 9846 8307
10374 7769 10243
10594 8654 9781
10604 9381 9002
10586 9703 8177
10800 8576 9718
10502 9387 9078
10970 9164 8935
11101 8625 9524
10949 8702 9588
11073 9040 8926
10054 9861 8599
10079 10055 8095
8838 10278 7350
10892 9189 9005
10501 9327 9180
10442 9082 9493
11317 8584 9080
10693 9577 8409
11275 8062 9507
11013 8807 9362
9267 10268 7312
10707 9393 8878
10420 9323 9215
11234 8168 9577
10833 8705 9637
10334 8993 9654
10799 8771 9578
10122 9571 9026
10958 8549 9638
10541 9720 8393
10226 9917 8327
10608 8775 9698
9691 9802 8826
10949 9039 9118
10379 9200 9378
10426 9370 9207
11058 8956 9162
10273 9245 9416
10665 8463 9908
10236 9905 8310
10438 9782 8478
10755 8766 9588
10182 9398 9238
10069 8736 9842
9932 9530 9188
10752 8814 9591
10280 9765 8626
10656 9077 9415
10411 9445 9096
10007 10101 7816
10662 9525 8714
10638 9635 8181
10118 9422 9234
10152 9987 8226
10031 10096 7900
10857 8901 9414
10764 9402 8727
10293 9838 8430
9992 9800 8767
9363 10245 7483
10678 8457 9920
11006 8839 9307
11161 8761 9204
11334 8714 8550
11218 8908 8662
9805 9834 8732
10116 9256 9417
10489 8835 9710
9704 9658 9118
10381 7969 10183
11245 8706 9132
9899 9669 8980
11091 8910 9135
10481 9749 8312
10018 9258 9444
11066 8627 9518
9836 9553 9217
10380 9162 9432
11205 8923 8521
10673 9515 8647
10680 9345 9078
9748 9649 9079
11204 8413 9574
11163 9007 8456
9888 10042 8325
10831 8994 9339
10469 9219 9360
10540 8917 9617
10050 9558 9098
11154 8966 8880
10183 9905 8415
10065 9707 8865
10812 9008 9361
10429 9715 8706
10576 9610 8528
10055 9690 8890
10738 8914 9484
10778 9207 9075
10918 9219 8828
11126 9076 8441
10018 9826 8667
10662 9347 8991
10746 9535 8392
10151 9840 8642
10160 8267 10114
11094 8486 9582
9977 10082 8019
10933 9014 9190
11027 9146 8869
11107 8382 9674
10541 8261 10056
10404 9610 8763
10643 9042 9448
10611 9703 8158
10979 8834 9416
11004 8666 9526
11011 9064 9039
10970 8989 9242
11157 8526 9467
11026 8936 9228
11147 8241 9711
10241 9497 9078
10455 8845 9709
10430 9485 9023
9845 9912 8628
11216 8939 8384
10720 9301 9086
10620 8745 9751
10559 8151 10117
10788 9204 9068
10900 9171 8980
10973 9289 8235
10159 9615 8929
10423 9535 8946
9653 9659 9064
10767 8425 9876
10291 9169 9499
9776 9947 8583
11174 8936 8781
10924 9009 9199
10832 8727 9598
10339 9239 9358
10771 9278 9014
10907 9165 8976
10919 8916 9358
10975 8748 9465
10396 9261 9315
10391 9592 8846
10961 8163 9896
10834 9143 9125
10990 8518 9687
10569 9664 8496
10762 8941 9441
10998 8617 9579
10431 8848 9733
11222 8259 9545
10117 9899 8492
10500 8784 9766
11113 9107 8482
10127 9309 9396
9898 9857 8705
10390 9584 8953
10965 8141 9888
10188 9466 9150
10253 8716 9849
10251 9465 9165
9337 9928 8694
9979 9541 9162
9995 9661 8949
10901 9024 9239
10501 9167 9384
10533 9600 8730
10411 8708 9813
9485 10128 8172
10821 8796 9577
10197 9308 9341
10705 9038 9467
10788 9026 9337
11209 8876 8883
10777 9201 9094
9991 8762 9834
9770 9655 9035
10838 8153 9989
10635 9477 8914
10621 9178 9309
11361 8545 8796
10136 8066 10200
10567 9314 9143
10081 9654 8942
11227 8873 8881
10719 9603 8369
9824 10015 8420
10203 9435 9201
10651 9424 8853
10879 9108 9110
11053 8927 9222
11011 8932 9306
9798 9906 8636
10577 8896 9601
10070 9250 9486
11209 8791 9097
10214 9848 8454
9533 9854 8830
10813 9289 8943
10593 9698 8365
10593 9107 9353
9773 9618 9182
10718 9071 9331
10825 8575 9729
10566 9517 8850
10917 9016 9304
10866 9401 8547
11021 9180 8539
10675 8932 9488
10776 9194 9176
10168 9795 8619
10792 8001 10112
10454 7647 10236
11003 8719 9497
10572 9281 9237
10703 9072 9351
10582 8870 9633
10205 8890 9737
10707 9371 8928
11069 9157 8760
10584 9561 8677
10609 8135 10067
10379 8768 9791
10000 9458 9282
11173 8970 8741
10166 9526 9075
9897 9685 8966
11321 8556 9055
10574 8836 9678
10115 9550 9052
11420 7903 8836
10398 9652 8719
10629 9396 8998
10763 9264 9021
10758 8220 9973
11052 9133 8888
10264 9772 8638
9736 9903 8670
10465 9661 8638
11133 8950 9002
10497 8636 9874
10220 9979 8073
10121 10023 8185
11187 8968 8423
10145 7696 10254
10437 9305 9238
10578 8416 9952
9849 10045 8292
9720 9798 8877
10209 7448 10309
10000 9402 9305
9617 10177 8054
9955 10017 8357
11271 8316 9474
11156 7811 9834
10323 8553 9934
10782 9387 8718
10636 9078 9403
10600 9400 8983
11142 8903 9106
11381 8351 9098
10508 9419 9059
10183 10048 7838
9706 10057 8347
9704 10220 7706
9908 10094 8135
10385 8924 9701
10085 9422 9237
10181 9614 8925
10595 9430 8924
10988 8806 9365
10867 8684 9624
10941 8769 9478
9825 10141 8117
11166 8788 9187
10476 9734 8515
10230 9713 8760
10750 9103 9293
10111 8539 9959
10583 9729 8179
10094 9518 9149
9761 9750 8902
10803 8158 9992
10508 9310 9167
10676 8263 10017
11153 8960 8899
10346 9698 8722
10022 9419 9265
11394 8253 8960
11100 9138 8727
11119 8251 9786
10609 9488 8855
10434 9254 9315
11146 8400 9661
11449 7914 8706
10745 8762 9595
10626 9414 8934
10546 9339 9135
10500 9079 9501
10427 9580 8891
9962 9687 8920
10469 9194 9362
9764 9838 8746
10932 8618 9628
10366 9091 9544
10758 9478 8654
10525 9291 9168
11218 8759 9122
10190 9518 9102
11204 8170 9691
9979 9887 8609
10379 9640 8838
10986 8628 9567
10356 9808 8405
9889 10077 8211
11254 8000 9560
11002 9276 8730
10384 8896 9707
11245 8141 9566
11042 8894 9240
9907 9915 8594
10805 9002 9365
10020 9872 8631
10659 8873 9585
10388 9024 9578
11233 8858 8954
11037 8327 9745
10865 9226 8979
11248 8347 9530
10585 9580 8656
10332 9188 9435
11088 8931 9148
10642 9039 9452
9874 9315 9467
10372 9215 9386
10586 9498 8859
9753 9624 9098
9964 9941 8527
9941 10011 8391
10435 7855 10226
10218 9631 8920
11381 8578 8734
10808 9440 8668
10338 9959 7966
11054 8650 9476
10896 8080 9960
10778 8745 9617
10293 9753 8645
10474 9142 9415
11026 9042 9005
11385 8515 8384
10185 9790 8658
9785 9708 9032
10451 9590 8761
10668 9130 9335
10039 9699 8875
9626 9821 8836
10591 9191 9282
10841 8982 9322
11038 8219 9840
10278 7795 10253
10211 9805 8562
10613 9679 8300
11057 8998 8956
11218 8752 9161
10523 8973 9539
10023 9883 8571
10933 8991 9201
10631 8274 10011
10552 9460 8930
10512 9224 9291
10724 8366 9996
10164 9873 8470
10079 9123 9565
10501 7596 10233
10766 9274 9016
11113 8829 9154
10404 9033 9551
10681 9239 9151
10541 9587 8678
11156 8818 9159
11033 9106 8931
9908 9856 8703
10643 8747 9713
10267 8441 10009
11001 8730 9462
10774 9028 9359
10749 8931 9472
10371 9209 9405
11058 8297 9729
11132 8790 9243
10042 9068 9616
11191 8761 9167
11044 8637 9563
10668 8764 9672
11007 8489 9710
10051 10080 7825
10629 9616 8494
10689 9327 9080
10049 9417 9267
10917 8917 9323
11316 8416 9327
10954 9202 8863
10758 9011 9405
10476 9011 9530
11193 8894 8894
10787 9382 8740
11176 7988 9821
10038 9713 8828
10822 9242 8971
10831 9308 8917
10642 9625 8416
10755 9339 8918
10905 8743 9521
10817 9400 8657
10384 9392 9203
10747 9513 8565
10493 9737 8432
9332 10265 7203
10243 8039 10167
9659 10219 7812
10413 9772 8504
10131 8705 9870
10169 9421 9215
11064 8344 9721
11047 9067 8985
9953 9512 9192
11099 8451 9664
10608 9143 9342
10414 8121 10134
10521 9332 9157
9936 10142 8018
11006 8597 9615
10674 9208 9266
11211 8760 9179
10235 9390 9217
9648 9907 8699
11112 9079 8488
10179 9134 9527
9680 9813 8811
10156 9708 8797
10775 9426 8704
11191 8505 9454
10901 8871 9406
10341 9642 8803
10354 9728 8623
10636 8839 9620
10447 7949 10171
10560 9747 8372
10180 9562 9014
10445 9589 8802
9881 9125 9582
10985 8653 9571
10754 9431 8747
11016 8449 9699
11264 8688 9155
10185 9303 9370
10586 9604 8636
9940 8908 9774
10815 8459 9814
10470 7777 10209
10633 8639 9786
10462 9730 8541
10381 9644 8721
11068 8851 9239
10428 9235 9320
10318 9910 8098
11034 8839 9265
10461 9302 9254
10194 9803 8615
10765 9525 8248
10285 9532 9034
10351 9118 9499
9789 9621 9125
10659 9508 8757
10374 9882 7854
11115 9028 8789
10745 9364 8975
9731 9509 9241
10982 8858 9354
9913 9898 8573
10530 8941 9593
11350 8521 8897
10202 9826 8484
11093 8717 9412
10029 9086 9618
11005 8860 9316
10107 9274 9415
9371 9998 8517
10400 8856 9739
11309 7974 9352
10279 9152 9507
10262 9627 8882
10199 8860 9778
10860 9061 9222
10378 9518 8988
9886 8774 9841
9287 10264 7309
10327 9347 9222
11100 9040 8923
10235 8848 9826
10060 8688 9898
10662 9417 8880
10813 9061 9244
10412 9171 9394
10572 8971 9565
10003 9736 8844
10363 9660 8753
10281 9579 8959
9953 9391 9331
11162 8206 9718
9925 9871 8632
10130 8699 9889
10538 9390 9024
10955 8832 9439
10629 8072 10125
10584 9280 9196
10217 9894 8383
11112 8461 9641
11153 8653 9398
10730 9530 8394
10048 9415 9271
10650 9548 8768
9723 10170 7913
10317 9460 9091
10172 9646 8894
10362 9266 9318
9839 9615 9120
10308 8411 10061
10535 9512 8880
9521 10227 7768
10661 9659 8169
9727 9792 8843
10445 9424 9083
10533 8972 9537
10543 9377 9036
10780 8652 9690
10327 9350 9208
10570 9330 9139
11387 8418 8863
9481 10122 8208
10852 8718 9592
11279 8202 9419
10529 8846 9706
10379 9163 9412
10177 9870 8453
10050 10030 8213
10181 9425 9203
10041 9512 9183
10785 9002 9399
10772 9228 9033
10962 8996 9125
10341 8787 9805
10753 8776 9591
9998 9558 9113
10370 9590 8869
10841 9239 8951
10529 8862 9663
11176 8591 9413
10858 9336 8812
9916 9904 8561
10419 8946 9641
10878 8267 9893
10076 9825 8644
9879 10102 8093
9491 10219 7869
11083 7850 9920
10955 8734 9476
10672 9274 9109
10660 9537 8636
10714 8998 9456
10233 8654 9923
10719 9273 9092
10379 8908 9718
10810 9000 9377
10126 9912 8456
10385 9420 9197
10176 7515 10278
10113 9717 8789
11039 8646 9503
10734 9238 9169
10935 9175 8906
10879 9037 9207
10167 9964 8230
10439 9871 7763
10778 9523 8281
9853 9725 8915
10364 9797 8413
10585 8695 9817
11044 8808 9323
10755 8691 9663
10779 8915 9423
11065 8669 9466
10581 9263 9239
10266 9250 9393
10362 9863 8135
10935 9168 8945
10227 8507 9989
10335 9150 9463
10951 9028 9153
10264 9616 8869
11393 8177 9111
11145 7925 9834
10553 9759 7958
11150 8995 8885
10359 9464 9063
10230 9983 7852
11120 8815 9213
9965 9780 8799
10281 9442 9143
11244 8375 9544
10502 8924 9617
10410 8986 9652
10489 9790 7746
10668 9530 8633
10562 8934 9586
11070 8834 9223
10839 9200 9079
10679 9339 9097
9982 9387 9346
10590 9355 9069
10743 9072 9328
11238 8616 9296
10305 8888 9723
10728 9036 9419
9777 9786 8855
10495 9555 8852
10882 8525 9755
10887 8722 9546
10294 9317 9293
9913 9312 9444
10356 8714 9837
10500 9134 9389
11102 8995 8945
9928 10078 8060
10514 7892 10169
10794 8962 9388
10440 9151 9422
9815 9087 9634
10185 9390 9257
10194 9991 7808
10234 9777 8597
10307 8848 9785
10916 9370 8554
10627 9104 9351
10571 9664 8404
10745 8467 9860
10925 9035 9129
10403 9617 8781
10666 9307 9115
10583 9252 9202
10736 8507 9871
10341 9453 9093
10485 8951 9624
10214 9516 9104
11163 8851 8971
10756 9070 9287
11058 9107 8928
10727 9377 8853
9873 9945 8490
10209 8453 10009
10796 9391 8692
11001 8963 9248
10907 8341 9821
11159 8017 9798
10210 9328 9311
10627 7771 10167
10712 9382 8872
9888 10153 7457
10940 8746 9503
10617 9604 8549
9953 9690 8949
10970 8493 9746
10585 9191 9313
10441 9579 8817
11264 8802 8564
11053 8694 9436
10280 9313 9319
11004 8577 9632
10363 9604 8887
10285 7370 10277
10335 8470 9976
10344 7720 10244
10748 9570 8084
10747 9349 8886
11087 8371 9681
10760 9344 8866
9668 9844 8748
10146 9659 8905
10948 8732 9526
10947 8367 9805
10485 9798 8154
11042 8819 9264
10741 9447 8717
11251 8559 9289
10183 9459 9178
11108 8939 9032
11102 8325 9707
9644 10228 7409
9843 9539 9190
9899 10076 8209
10458 9821 7970
10779 9170 9176
11187 8199 9668
10729 9411 8828
9643 10098 8299
9764 9875 8676
10450 9576 8849
10178 9553 9024
11249 8882 8668
10912 8628 9591
10612 9490 8833
11158 8798 9126
10592 9099 9356
11100 8953 8992
9870 9878 8651
10833 9468 8309
10838 9237 8978
10514 8607 9897
10535 8504 9906
10618 9273 9177
10333 9223 9375
10989 8293 9807
9847 8756 9854
9698 9834 8764
10004 10048 8100
10733 8743 9653
9983 9393 9327
10597 9301 9156
10599 8941 9539
10414 9053 9534
10160 9034 9650
11239 8415 9473
10626 9583 8555
10049 9719 8826
10465 9568 8890
9932 9161 9563
10945 8533 9711
10347 9887 8189
9931 9635 9034
10152 9417 9231
10847 8996 9315
10535 8603 9856
10553 8934 9606
10808 8914 9458
10987 8033 9934
10179 9392 9296
10663 8763 9705
9898 9830 8708
9994 9831 8696
10751 9131 9287
10587 8873 9626
10816 8905 9429
10418 9718 8628
10242 9847 8459
10722 9376 8877
10378 8340 10052
10727 9556 8396
10470 9696 8600
10352 9216 9374
11131 8961 8967
10527 9413 9073
10487 9220 9292
10302 8853 9770
10108 10090 7743
10524 8405 9975
9562 9748 8956
10922 9384 8107
10504 9675 8587
10099 9361 9304
10497 8536 9965
10452 9774 8387
11190 8234 9621
11189 8720 9279
10170 9147 9513
11025 8080 9890
9609 9868 8720
10500 9717 8469
11224 8228 9627
10310 9615 8867
9650 9365 9373
10358 9179 9439
10004 9254 9470
9891 9944 8477
10870 9030 9280
10486 9011 9527
10958 9193 8766
10734 8742 9673
9854 9924 8529
10594 7904 10151
10946 8334 9810
10863 9106 9134
9376 9877 8754
10737 9150 9262
10472 8790 9738
10912 8372 9808
10429 9315 9305
10929 9182 8944
10741 8486 9839
11124 8513 9540
11004 9128 9009
10664 9444 8830
10884 9281 8855
10295 8878 9729
10797 8632 9725
