85 3
6002
130 104 20 65
75 283 6 242
274 252 65 26
84 268 161 77
278 57 171 201
228 251 37 79
242 2 112 238
165 75 71 294
179 90 60 253
205 197 196 180
149 93 205 65
193 199 141 172
88 144 73 148
96 109 226 38
242 38 109 108
244 179 102 123
102 293 209 7
23 237 19 5
162 57 69 55
88 43 59 175
186 131 155 114
72 81 152 147
250 93 254 194
271 188 150 205
182 191 212 204
260 63 208 122
119 110 9 206
152 68 213 170
31 68 284 235
280 268 82 63
193 36 257 164
56 239 70 237
262 114 274 222
176 15 176 128
124 17 166 108
84 212 278 247
112 95 15 93
195 228 155 88
96 244 84 151
16 285 89 277
231 195 199 108
209 207 68 166
224 233 273 140
145 84 219 257
11 233 182 205
161 169 125 256
114 209 240 261
27 29 239 258
56 270 198 264
178 265 130 234
31 104 74 176
20 293 265 31
59 147 68 53
16 193 141 261
234 81 223 260
241 294 51 296
264 81 261 274
46 223 208 77
159 115 85 179
108 50 209 298
29 276 51 176
2 192 138 235
105 193 29 47
187 211 43 151
292 136 126 38
60 166 246 218
280 163 97 220
45 138 219 73
247 102 249 248
126 219 17 231
112 177 277 298
88 152 281 80
288 107 250 48
106 29 98 86
192 195 7 69
33 225 142 112
27 223 61 285
274 209 216 86
86 26 216 173
177 197 253 297
137 36 177 242
64 275 28 88
3 34 157 35
91 131 279 250
54 40 235 160
2746
9629 8618 10749
8625 9687 10577
9949 9257 9807
10453 8072 9565
10215 8778 9771
8389 9915 10334
9101 8475 10918
9707 9048 10546
10323 8718 9419
9151 9773 10259
9725 9355 10199
10156 9044 9367
9066 8608 10919
9193 9181 10794
10222 8697 9925
9756 8646 10619
9269 9412 10623
10340 8582 9545
8736 9089 10919
10206 8875 9653
10278 8387 10044
9359 9456 10542
8951 9877 10260
10008 8799 10312
9670 8868 10657
10271 8711 9764
10040 8923 10122
9089 9635 10549
8787 9946 10299
9663 9138 10573
9003 9748 10379
9408 9149 10739
10198 8856 9935
9599 9178 10576
9311 9508 10489
10122 8793 10077
9543 9667 9864
9035 9843 10248
10586 7866 8856
9727 8702 10656
9258 8618 10897
8992 9998 9810
9215 9717 10300
8826 9774 10476
9616 9509 10154
8144 10197 9349
9563 9113 10648
10144 9024 9472
9736 9266 10299
9704 9518 9925
10138 8916 9868
10257 8469 10015
9559 9461 10265
8816 9960 10215
8987 9981 10012
8755 9004 10927
9324 9865 9670
10084 8880 10087
10498 8087 9314
9063 9476 10670
9052 9871 10172
9983 9132 9923
9471 9240 10649
9431 9651 10161
10029 9145 9844
9646 9026 10636
9763 9462 9954
10278 8535 9896
10072 8908 10078
8219 9769 10534
9530 9209 10589
9344 9713 10097
9026 9035 10868
9738 9429 9998
9467 9737 9712
9327 9530 10453
9776 9363 10046
8456 10173 9762
9482 9610 10124
9676 9431 10178
9819 9039 10414
9141 9604 10549
9335 8720 10872
9898 9185 10100
10441 8357 9408
9261 8900 10841
9181 9505 10598
9437 9299 10601
10494 8282 9122
9910 8758 10489
8584 10054 9986
10361 8643 9354
10184 8895 9846
10289 8783 9510
9229 9670 10393
9706 8829 10631
9377 9698 10116
9434 9337 10558
9677 8612 10720
9119 9841 10219
9345 9830 9716
10210 8462 10110
9877 9071 10331
9546 9574 10162
10401 8408 9646
9653 8756 10720
9114 9011 10859
10239 8560 10015
9537 9334 10483
10096 8911 10021
10328 8404 9865
9748 9166 10357
9741 8951 10615
9918 9288 9767
9170 8762 10882
10448 8327 9452
8093 10196 9614
9412 9510 10428
9248 9290 10746
10488 8280 9307
7917 10201 9423
9796 9053 10449
10068 8273 10393
9758 9025 10538
9711 9538 9701
9498 9515 10321
8463 9943 10305
9011 9978 9884
8450 10018 10243
9537 9428 10355
10576 7942 9008
9776 9428 9861
9753 9476 9850
10308 8766 9518
9345 9227 10748
10112 8508 10314
9360 9826 9763
9112 9766 10338
9664 9508 9971
9569 9607 10020
8853 10015 9969
9121 9182 10808
9252 9578 10499
9199 9642 10423
9191 9758 10264
9721 9420 10034
10330 8551 9713
8565 10093 9954
9190 9655 10466
9695 9423 10096
10333 8194 9883
9650 8929 10685
8756 10015 9995
9434 9727 9925
10472 8402 9008
10332 8170 9962
9424 9664 10146
9565 9600 10073
9077 9972 9814
9661 9576 9741
9409 9690 10208
9981 9201 9746
9475 9143 10698
10447 8358 9310
8983 8753 10936
10573 7792 9029
9242 9812 10121
8651 10030 9993
9356 9846 9685
9281 9592 10415
8549 9814 10441
10064 8811 10214
9764 8733 10608
9608 9052 10648
8402 9639 10659
9648 9405 10298
9728 9309 10306
9801 9374 10022
9433 8734 10826
8621 9477 10745
8497 10107 9896
10513 8171 9090
9886 8795 10577
9147 9783 10233
9392 9099 10757
10399 8448 9522
9919 8753 10543
9802 9271 10269
9871 9058 10332
9829 9248 10163
9830 9223 10271
10105 8759 10153
10217 8465 10098
8556 9881 10395
9457 9632 10082
8173 10211 9265
10039 8895 10130
9746 9449 9965
10129 8900 9893
8726 10022 9981
9926 8951 10394
10073 8832 10133
9839 9097 10343
9444 9566 10289
10280 8588 9853
9322 9676 10277
9323 9570 10379
9529 9212 10612
8039 10057 10105
9161 9784 10205
9659 8934 10657
9514 9478 10325
9802 9419 9764
10625 7444 8627
10479 8282 9301
9995 9118 9946
9542 9140 10628
10007 8819 10286
9616 9634 9791
9167 8935 10847
8828 8926 10941
10564 7851 9024
9738 9363 10170
9469 9665 10073
9407 9722 10039
10173 8488 10190
9186 9656 10434
9220 9825 10084
8697 10008 10065
10090 8959 9908
10274 8493 9921
8844 9908 10247
10120 8931 9929
9654 9421 10189
8662 8802 10979
9394 9167 10724
10068 8787 10223
9634 9486 10219
9808 9364 10034
8924 9486 10708
8827 8716 10980
10117 8982 9848
9717 9441 10024
9548 8965 10737
7670 10226 9154
10193 8898 9657
8935 9802 10411
9444 9789 9798
9823 9061 10396
9027 10017 9701
10330 8646 9632
9968 8959 10358
9155 9764 10246
9203 9393 10681
8789 9526 10695
9394 9694 10161
9467 9574 10240
9603 9284 10471
9351 8918 10816
10411 8167 9653
9453 9776 9623
9977 9205 9751
10139 8627 10303
9843 8922 10502
10107 9022 9769
9079 9810 10358
8537 9201 10916
9711 9532 9741
10584 7813 8899
9514 9671 10002
8870 8857 10938
9272 8829 10842
10146 8854 10014
9340 9747 10063
9039 9988 9810
9466 9578 10203
9336 9827 9794
9308 9870 9851
10343 8393 9824
9224 9672 10325
9581 9533 10228
10242 8447 10025
9271 9815 10097
7876 10179 9677
9064 9505 10654
9256 9511 10531
9332 9849 9813
10114 9017 9762
9301 9567 10408
9415 9292 10660
9951 8817 10384
9641 8830 10694
8902 9131 10885
10305 8696 9568
8855 9224 10866
9400 9695 10154
9961 9121 10050
10339 8737 9310
10438 8171 9638
9574 9313 10460
8870 8550 10985
10021 8708 10375
9851 9135 10305
9915 9184 10046
9497 9196 10641
8823 8741 10995
9672 9535 9857
9515 9357 10476
9174 9145 10830
8947 8727 10941
8819 10090 9741
10367 8562 9542
9556 9657 9953
9848 8862 10484
9771 8568 10618
9767 9288 10188
9475 9404 10481
10506 8014 9461
9811 8605 10617
10314 8123 9967
8664 8862 10971
9630 9555 9987
9182 9763 10210
10233 8644 9909
9267 9517 10526
9173 8660 10877
10461 8455 9236
9514 9564 10240
10411 8341 9589
9325 9308 10733
8927 10002 9942
9572 9683 9668
9727 8855 10619
9746 9156 10480
9559 8926 10724
9423 9603 10260
10168 8455 10248
8707 9913 10307
8460 9487 10734
9582 9162 10599
9801 9412 9842
9894 9209 10087
10043 8767 10268
9720 9524 9844
9898 8727 10555
10496 8125 9303
8934 9283 10833
9767 9437 9939
9146 9907 10059
9211 9908 9891
9445 8957 10785
10271 8648 9779
10208 8833 9806
10024 8797 10329
8654 8570 10996
10026 9204 9645
8775 9096 10914
9511 9212 10618
9349 8931 10817
9701 9357 10244
9087 9741 10412
8960 9563 10668
10246 8596 9940
9312 9764 10112
10187 8877 9665
10360 8567 9532
9409 9196 10692
9544 9467 10323
9324 9721 10168
10025 8651 10455
8888 9191 10854
9300 9569 10448
10295 8370 9973
9283 9498 10564
9933 9144 10166
9153 9948 9786
8584 9137 10910
10421 8161 9666
8672 9799 10452
10362 8548 9586
9820 8878 10570
9810 9228 10262
10398 8626 9205
9146 8950 10883
10533 8093 9068
10080 8706 10228
10489 8171 9459
9910 9022 10329
9847 8967 10463
10110 8816 10109
8609 9438 10766
10359 8496 9790
10120 8782 10097
10043 9122 9758
10318 8655 9676
10279 8541 9869
9612 9491 10169
9213 9838 10046
9661 9536 9848
10355 8289 9800
10166 8944 9709
8606 10016 10070
9843 9350 9991
10556 8009 8973
8847 9376 10783
10146 8539 10237
9713 9327 10236
9914 8926 10420
9591 9358 10419
9452 9446 10458
9777 9202 10317
9887 9290 9885
10398 8424 9601
8357 10176 9309
9259 9587 10432
9257 9727 10222
9769 9299 10178
9804 8828 10588
9662 9387 10198
9661 9297 10374
10054 9009 9966
9816 9309 10073
8793 10120 9803
8822 9274 10847
9360 9781 9989
9686 8910 10635
9387 9364 10611
10367 8534 9564
10563 7921 9011
9011 9824 10300
9239 9618 10396
10292 8186 10016
9219 9565 10551
10050 9028 9964
9522 9552 10174
9993 9231 9560
8352 8940 10974
10060 9103 9714
10412 8013 9703
8763 9997 10127
9570 9140 10613
10233 8858 9732
10454 8190 9529
9075 9975 9742
8365 9453 10771
9660 9399 10257
10315 8676 9577
9330 9813 9950
9116 9857 10116
10575 8051 8856
9190 9594 10524
9689 9370 10284
9912 9166 10160
9868 8818 10512
9865 9047 10347
8692 10020 10002
8858 8925 10960
10607 7636 8830
9834 9387 9970
9173 8889 10871
9778 9199 10329
9580 9136 10641
9569 9590 10099
8657 9741 10529
10373 8634 9310
10466 8000 9576
9511 9124 10648
9492 9489 10406
10028 9042 10116
9666 9122 10538
10029 8666 10369
9627 9225 10468
9837 8841 10536
10308 8696 9565
10059 9000 10057
8169 8981 10986
9748 9232 10333
9533 9691 9782
9957 9079 10113
9791 9420 9778
8936 8774 10945
9905 8807 10504
9640 9334 10371
10312 8531 9765
10547 7956 9253
9374 9709 10091
9695 9463 10049
9289 8797 10846
9891 9033 10410
10492 8202 9264
9937 9188 9944
9791 9383 10007
9124 9511 10631
9190 9516 10594
9475 9634 10076
9981 9052 10124
9940 9055 10169
9911 8498 10546
9627 9249 10435
8311 8969 11002
9612 9209 10524
9725 9493 9830
9661 9526 9991
9839 9423 9660
8468 9211 10929
9018 9974 9961
8935 9881 10226
9607 9655 9554
9196 9572 10534
10519 8153 9195
10226 8733 9858
8717 9289 10845
10385 8311 9661
9128 9773 10288
8774 8931 10934
10430 8236 9591
10012 8766 10388
10225 8738 9780
10384 8488 9685
9138 9299 10787
9063 9987 9718
8923 10060 9878
8423 10078 10004
9898 9262 9979
9383 9496 10512
9283 9407 10623
8430 9123 10934
8838 9038 10913
9446 9291 10631
10101 8778 10173
8482 10143 9700
9478 9257 10613
9475 9564 10246
9955 8850 10363
9083 9948 9999
8958 9298 10800
9791 9100 10421
9422 9474 10430
8152 10190 9516
8815 9907 10265
10467 8291 9345
8856 8646 10993
10238 8751 9756
10421 8328 9636
10437 8486 9265
9081 9713 10457
8615 8652 11003
8782 9797 10432
8989 9797 10422
9260 9905 9621
9935 9296 9718
9620 8743 10772
10122 9004 9767
8437 9690 10621
9933 9015 10262
10337 8401 9873
9324 9856 9797
9789 9202 10274
9696 9057 10568
8895 9845 10314
8626 9020 10956
9101 9561 10601
9219 9608 10440
9658 8888 10661
10509 8198 9243
9128 9836 10273
9931 9088 10210
9012 9621 10552
8985 9158 10855
10249 8761 9697
10290 8632 9747
9385 9699 10107
9326 9699 10162
8387 8873 10995
10117 8650 10219
9658 8955 10627
10381 8147 9781
10386 8386 9656
10152 8522 10199
9352 9772 10037
9398 9180 10723
9756 9319 10215
10195 8490 10091
9185 9617 10507
9671 9438 10156
9845 9396 9836
9134 9984 9539
10034 9074 9991
9811 9145 10373
9787 9125 10436
10094 9002 9854
9858 9171 10215
10110 8720 10224
9356 9744 10031
10272 8806 9594
9916 9201 10030
9892 9046 10306
10063 9044 9913
8961 8999 10894
10188 8166 10263
10281 8502 9872
10056 9014 9922
8653 9180 10902
8719 9960 10241
10012 8703 10403
9338 8746 10849
9122 9759 10343
8525 9902 10368
9352 9778 9997
10157 8945 9680
9524 9071 10705
10337 8616 9676
9442 9570 10252
10173 8831 10009
10107 8888 10013
9535 9659 9976
9762 9397 10117
8668 10123 9303
9764 9281 10254
9577 9486 10231
9411 9351 10597
10049 9068 10104
9382 9553 10390
10540 8122 9021
10348 8250 9865
9341 9704 10150
9674 8902 10644
9092 9675 10453
9820 9306 10059
8108 10184 9520
10535 8051 9204
10462 8339 9422
9960 9128 10055
10135 8723 10212
10167 8936 9648
9938 9248 9941
9902 9000 10368
9470 9312 10549
9914 8869 10426
9061 9996 9406
9099 9772 10346
9785 9414 10004
9051 10015 9690
10484 8206 9348
9695 9197 10482
10365 8230 9811
9328 9558 10445
9689 9155 10507
9001 10023 9385
10192 8867 9794
9729 9330 10184
10303 8601 9684
8998 9507 10651
8441 9906 10333
9590 9078 10647
10126 9028 9548
9695 9523 9871
9491 9596 10167
9404 9775 9913
9435 9577 10262
9477 9598 10152
9680 9507 9967
10257 8785 9649
9820 9416 9801
9694 9388 10186
9645 9092 10583
9571 9349 10475
10228 8693 9898
9757 9399 10049
9170 9721 10315
8602 9928 10305
9760 8534 10653
9261 9693 10256
9864 8802 10527
10353 8236 9843
8491 10175 9559
8956 9902 10163
9545 9546 10170
9565 9149 10610
10426 8400 9541
8684 9892 10375
9029 10003 9745
9101 8839 10892
10239 8603 9920
9421 9552 10346
9660 8941 10631
9719 9450 10020
8211 8725 11009
9362 9794 9938
10315 8794 9272
9606 9459 10294
9774 8964 10563
9121 9152 10809
9711 9451 10018
10047 8247 10405
9752 9292 10275
10250 8582 9898
10252 8710 9824
9658 9443 10171
9416 9509 10460
9803 9007 10493
10158 8842 10050
9770 9139 10404
8954 8660 10947
8958 10062 9675
9719 9314 10252
9054 8902 10897
10381 7931 9807
9892 9243 10002
9287 9882 9877
9650 9518 10140
9488 9735 9689
8916 8817 10945
9233 9363 10752
9624 9598 9926
9715 9412 10064
9373 9179 10750
9307 9309 10688
9539 9731 9662
10289 8593 9825
9930 8939 10361
9278 9199 10789
9332 9669 10255
10182 8499 10161
9160 9790 10207
9461 8912 10770
9781 9190 10299
10597 7919 8772
9740 9528 9764
9054 9984 9857
10367 8632 9495
9209 9621 10454
8710 10081 9918
9630 9595 9880
10321 8546 9741
9563 9024 10704
9636 9368 10337
9894 9249 9980
9774 9328 10165
9558 9256 10527
9340 9693 10178
10090 8700 10241
9006 9829 10332
10103 8542 10352
10155 8505 10199
10032 8714 10322
8632 10046 10025
10282 8844 9342
8279 10178 9533
9983 9238 9643
10194 8728 10033
9214 9631 10423
9572 9080 10700
9741 9347 10162
9724 9267 10369
9280 9788 10077
10010 9077 9981
9787 9320 10156
9842 9290 9994
9301 9843 9966
9377 9515 10431
9345 9436 10559
8947 9485 10686
9642 9219 10476
9793 9215 10273
8814 9728 10572
9954 9220 9781
9972 8996 10310
9467 9435 10417
9375 9136 10791
9234 9562 10506
10239 8312 10181
9152 9664 10428
9755 9011 10572
9952 9262 9764
8975 9415 10779
9196 9910 9858
9525 9144 10631
9453 8985 10776
10247 8714 9777
9831 9064 10388
8701 8753 10991
9860 9123 10331
9248 9912 9701
9662 9085 10586
9431 9570 10322
10210 8706 9969
10037 8748 10282
9208 9724 10310
9423 9510 10397
8651 9452 10756
9590 9578 10073
9910 9290 9760
10381 8314 9751
9516 9446 10358
9546 9423 10409
10224 8632 9916
9269 9342 10670
9946 8849 10381
10259 8767 9691
9820 9004 10475
8883 9091 10895
9093 9855 10156
9988 9028 10231
9879 9008 10436
8682 9255 10901
10489 8206 9149
9548 9619 10046
9218 8771 10868
10063 8944 10100
9776 9419 9950
10577 7861 8884
9195 9466 10687
9502 9640 10068
9554 8751 10751
8970 9135 10868
8925 10055 9693
9170 9441 10761
9737 8564 10656
8681 10072 9940
9201 9400 10669
9425 9681 10068
10394 8498 9587
9916 9159 10154
10003 9105 9951
9824 8418 10613
8769 9860 10355
10571 7765 9087
8970 9360 10793
9450 9763 9824
10096 8684 10228
9539 9067 10752
8813 9849 10414
9451 9708 9952
8713 9442 10765
9516 9579 10139
9267 9518 10486
9469 9729 9722
8963 9331 10799
9002 9772 10372
8961 9627 10623
9151 8737 10903
9217 9713 10337
9064 9902 10106
9890 9282 10076
10128 8890 9905
9053 10006 9475
10221 8541 10065
10372 7926 9835
9894 8997 10395
9679 9539 9792
9632 8768 10746
8269 10069 10029
9654 9558 9792
10053 8798 10264
10168 9017 9547
9766 9144 10406
8901 9896 10224
9066 8550 10947
9584 9012 10678
10222 8513 10046
9765 9451 9803
9557 9565 10125
9769 9258 10321
9361 9154 10776
9418 9689 10044
9453 9730 9803
9341 9664 10309
10142 8906 9847
9594 9434 10320
8732 9170 10897
9624 9226 10456
9764 9485 9716
9616 9314 10434
8448 9565 10719
9217 9589 10448
9738 8555 10670
9488 9572 10217
9755 8786 10617
10273 8605 9867
8719 8766 10980
9310 9838 10020
9826 8941 10475
8878 9502 10703
10058 9116 9871
9798 9051 10440
10269 8566 10014
9706 8714 10682
9478 9199 10670
9063 8881 10888
9648 9266 10426
9969 9184 9831
9030 9169 10831
9383 9539 10401
9354 9525 10485
9641 9188 10506
9857 9269 10128
10094 9058 9806
9821 9259 10166
9797 9399 9914
8835 8673 10973
9627 9379 10310
9839 9362 9916
9406 9297 10606
10005 9009 10258
9099 8784 10894
9054 9934 10083
9486 9735 9706
9168 9918 9852
10199 8881 9611
9737 9037 10564
9442 9534 10293
10239 8457 10031
8220 10180 9525
9539 8841 10755
9273 9315 10672
9637 8970 10640
9415 9712 10052
8490 10032 10128
9227 9389 10662
9334 9707 10110
9797 9329 10061
9745 9400 10119
9900 9141 10186
8678 9865 10380
9936 9195 9984
9373 9760 10011
9209 9148 10794
9182 9917 9955
9674 8881 10656
10505 8327 9100
9963 9174 10007
8168 9966 10264
9587 9615 9894
9534 9299 10575
9859 9288 10004
9299 9453 10588
9688 9486 10004
9521 9698 9887
9155 9972 9513
9730 9406 10177
9770 8522 10622
9550 9200 10586
10232 8454 10057
9290 9740 10170
10159 8380 10323
9182 9373 10739
9713 9556 9645
8989 9485 10664
9273 9069 10831
10506 8034 9256
10216 8827 9761
9566 9226 10562
9825 8816 10562
8438 9150 10933
9716 9165 10412
9681 9542 9732
9449 9290 10582
8745 9424 10777
9864 8845 10510
9810 9434 9478
9729 9285 10293
10099 8667 10228
9312 9872 9750
9341 9601 10324
10396 8085 9783
9618 9564 10006
9853 9256 10129
9067 9685 10482
8431 10118 9834
10062 9019 9920
8906 9867 10310
10219 8755 9826
10000 8897 10330
10033 9190 9805
10285 8548 9838
10513 7983 9278
9637 8855 10709
8894 10046 9962
9207 9398 10665
9281 9026 10824
10361 8394 9761
8582 9908 10310
9089 9530 10641
8951 9212 10837
8980 8619 10948
9390 9363 10623
9137 9912 10005
10333 8688 9460
10614 7762 8774
9097 9013 10856
8957 10051 9764
9484 9399 10535
9191 9948 9662
9014 9723 10488
10280 8381 10014
10570 7840 9165
8754 8997 10953
9567 9312 10523
9565 9455 10297
9546 9688 9760
9140 9829 10193
8686 9790 10486
9893 8900 10432
9423 9321 10589
8987 9778 10430
9487 9341 10501
8759 9776 10500
8631 9765 10520
9498 9597 10104
9593 9411 10337
10148 8522 10213
9403 9381 10562
8556 9697 10590
9269 9323 10679
8839 9910 10179
9120 8757 10914
9225 9850 10010
8905 9912 10173
9521 9090 10687
9994 9027 10124
9615 9392 10350
9032 9148 10855
9628 9347 10411
8788 9824 10427
9158 9659 10440
9187 9649 10503
10233 8676 9895
9734 9309 10226
9646 9473 10179
9290 9799 10065
9468 8837 10785
9673 9344 10308
10314 8194 9939
10184 8925 9586
10249 8768 9665
10313 8088 9984
9990 9094 9955
9748 9506 9661
9577 8369 10775
9617 8916 10737
10480 8335 9205
9401 9513 10413
9832 9180 10312
10017 9120 9870
9964 9102 10107
9759 9194 10336
9805 9259 10207
10344 8414 9815
10260 8743 9667
9097 9043 10855
9444 9476 10423
9685 9325 10323
9164 8909 10870
9316 9313 10679
9130 9818 10205
10533 8086 9102
9502 9533 10306
9380 9009 10780
10004 9182 9864
9071 9589 10573
9217 9936 9846
8920 9892 10267
9062 9976 9767
8743 9072 10949
9390 9777 9898
9060 9922 10028
10419 8490 9482
8161 10182 9672
9164 9687 10395
9260 8897 10864
9284 9417 10609
10266 8731 9631
9359 9735 10095
9408 9465 10467
9702 9069 10515
9840 9301 10068
9316 9788 10034
9847 9184 10241
9376 9213 10743
9319 9903 9474
8950 9908 10183
9400 9477 10539
10241 8491 10015
10327 8460 9862
9670 8913 10635
9834 9162 10260
9442 9130 10750
9409 9515 10385
9522 8729 10818
9332 9718 10134
9948 9039 10176
10560 8057 8743
9854 9359 9857
9649 8757 10688
10508 8314 9057
9336 9787 9976
10548 7979 9215
9568 9172 10609
8336 9404 10814
9869 8927 10468
10241 8739 9736
10078 8790 10159
9497 9257 10583
9814 9342 10050
9371 9415 10567
8852 9249 10858
10474 8203 9412
8745 9863 10356
10085 8992 9905
9678 9425 10171
8890 9981 10038
9934 8917 10403
8920 9495 10677
9408 9576 10326
9091 9795 10282
10593 7785 9010
9069 9581 10627
10144 8637 10213
8770 9763 10511
9688 9295 10421
9879 9153 10212
8537 9599 10672
8390 9316 10843
8317 10180 9499
8158 10187 9506
10469 8238 9424
8758 10010 10041
9239 9917 9647
9091 8603 10932
9602 9416 10330
9405 9780 9884
8524 10046 10082
9452 9639 10135
10635 7488 8504
8289 10190 9251
9224 9855 10000
10389 8512 9609
9188 9575 10532
9444 9728 9856
9510 9382 10445
9338 9709 10107
9503 9398 10434
10440 8389 9355
9773 9161 10370
10480 8211 9308
10256 8810 9600
10070 8837 10159
9658 9504 10113
10607 7843 8620
9949 9114 10152
9705 9334 10267
9145 8982 10863
9608 9407 10384
9064 9999 9219
9600 9662 9534
9875 9288 9963
10354 8183 9845
9381 9644 10298
9786 9165 10338
10344 8601 9539
9731 9487 9857
8761 10010 9989
10527 7991 9225
8955 9732 10484
10113 9056 9689
10069 9076 9788
9694 9076 10526
9674 9481 10052
9961 9184 9970
9431 9458 10484
8249 10194 9441
9470 9555 10258
8508 9719 10580
10025 8763 10320
8816 9673 10564
10200 8843 9778
9290 9349 10667
9623 9529 10023
9146 9527 10610
8805 8833 10961
9581 9638 9954
8578 10090 9932
9549 8939 10738
8076 10211 9291
9562 9665 9852
9062 9865 10137
7820 10202 9468
8888 9733 10539
9510 9735 9639
9799 9120 10399
8703 10039 9983
9836 9313 9993
9675 9123 10535
9720 9222 10408
9730 9044 10517
10258 8573 9901
10312 8417 9942
8345 9327 10845
9559 9324 10501
8107 10222 9203
9892 9227 10011
9939 9176 10041
10117 8643 10251
9769 9357 10071
10262 8708 9890
9015 9766 10364
9897 8873 10429
9881 9296 9933
9631 9424 10271
9873 9344 9780
8407 9433 10773
9827 8814 10558
8376 9609 10661
9703 9168 10485
10217 8455 10130
8702 9261 10854
10047 9170 9542
8927 8795 10954
8305 9875 10420
9936 8716 10509
9817 9290 10141
10532 8202 8916
9748 8719 10625
9815 9059 10424
9789 8795 10603
10065 8999 9952
10049 9118 9731
9483 9136 10667
10200 8475 10184
10093 9079 9544
9584 9611 9942
9754 9363 10129
8629 9564 10692
9432 9796 9878
9049 8670 10943
10495 8037 9319
9210 9455 10646
9687 9095 10525
10090 8770 10194
9667 9499 10167
10298 8726 9524
9536 8940 10763
9417 9602 10267
8612 10171 9589
9844 9200 10185
10077 8546 10346
8852 9069 10906
10194 8870 9685
10090 9075 9571
9171 9958 9459
10209 8717 9992
10232 8486 10043
8730 9888 10340
10443 7944 9604
8128 10198 9411
10372 8548 9520
8640 10036 10009
10337 8546 9723
8664 8832 10972
9954 8819 10371
9420 9180 10683
8915 9857 10313
9429 9758 9885
10091 8738 10211
9609 9267 10470
9016 9977 9889
10071 8701 10256
9904 9313 9820
9000 9603 10567
9998 9203 9728
10056 8670 10343
9258 8948 10839
10233 8535 10033
9917 9260 9967
10408 8266 9770
9625 9164 10585
9944 9203 9943
9465 9502 10373
10229 8580 10006
9605 9572 10015
8916 9592 10628
10061 9143 9705
9517 9527 10248
9575 9263 10526
10160 8889 9849
9744 9195 10367
9171 9771 10204
9463 9617 10145
9644 9221 10465
9285 9001 10809
9565 9656 9783
9728 9476 9997
10553 7997 9163
10273 8557 9882
8794 10008 10039
10073 8967 9931
9772 9147 10383
9741 9371 10129
9010 9321 10799
9365 9437 10557
9722 9383 10232
9515 9454 10369
9198 9561 10575
9465 9769 9543
8987 9842 10298
9078 9568 10584
10205 8714 10059
10449 8157 9574
10121 9058 9469
10456 8469 9258
9505 9532 10285
9770 9050 10512
10049 8677 10323
9524 9364 10460
9964 9255 9684
10600 7803 8906
10239 8747 9739
9735 9469 9912
9903 8665 10547
10201 8946 9506
9028 9873 10291
9528 9716 9836
10379 8528 9532
10516 8157 9230
9499 9249 10611
9162 9822 10203
9472 9686 10001
10009 8811 10290
9691 9420 10137
9648 9275 10423
9568 9111 10667
9350 9651 10266
9423 9376 10571
9588 9534 10165
9744 8904 10584
8607 8695 11010
8662 9312 10829
10208 8234 10184
10139 8992 9690
8584 9291 10842
9803 9070 10413
8786 9152 10899
9698 9415 10113
9713 9313 10259
9407 9514 10406
10012 9124 9924
9697 9507 9957
9221 9829 10038
8995 8987 10880
8939 8601 10980
9917 9226 9974
9727 9311 10274
8732 9625 10654
9870 9287 10067
9397 9294 10713
10080 8917 10044
9727 8731 10651
9913 9215 9985
10372 8618 9473
9612 9552 10059
9856 9316 9898
10303 8412 9970
9615 9408 10321
9041 9848 10223
10413 8021 9696
10140 9015 9634
9611 9379 10351
10350 8678 9374
9683 9432 10115
9462 9756 9744
10140 8885 9929
9917 9071 10232
8536 10027 10131
8382 10032 10185
8948 9311 10814
9243 9788 10102
9211 9483 10638
9586 9588 10047
9953 9069 10165
9010 9967 9973
10286 8365 10001
9775 9345 10126
9778 9446 9805
9267 9575 10454
10287 8446 9977
9163 9774 10185
9001 9803 10387
9788 9024 10520
9698 9452 10043
9368 9810 9918
10373 8432 9706
10591 7930 8631
9342 9401 10651
9704 9222 10449
9806 8929 10476
9288 9497 10513
10562 8002 9135
10021 8771 10360
9994 9060 10106
9987 9169 9875
8668 10014 10076
9645 9225 10458
9295 9162 10755
9154 9961 9602
10063 9007 9942
9956 9115 10089
9715 9163 10448
9758 8838 10607
9641 9523 10086
8693 10053 9989
9420 9750 10011
9307 9910 9554
10418 8504 9252
9796 8983 10496
9607 9321 10423
9476 9542 10248
9681 9530 9911
10020 9213 9591
10191 8504 10133
9486 9679 9996
8938 8980 10922
9537 8788 10785
9054 9968 9927
9592 9337 10449
10370 8278 9759
9298 9915 9500
9607 9171 10565
9751 8813 10615
9176 8934 10844
9419 9620 10227
9477 9493 10359
10522 8131 9241
8993 9898 10150
10047 8885 10150
9639 9562 9983
8248 9649 10626
9836 9146 10346
10352 8568 9577
9727 8632 10703
10090 8772 10184
10220 8753 9775
10021 8836 10264
9003 9592 10616
9403 9812 9715
10441 8408 9298
10028 8689 10349
9049 9907 10085
9753 9402 10063
9273 9851 9960
10061 8847 10229
9729 9044 10543
8287 10140 9815
10281 8532 9856
10331 8672 9571
9630 9567 9929
9706 9057 10531
8612 9965 10215
10591 7798 8934
10194 8658 10080
9409 9226 10691
9061 9938 10019
8878 9515 10675
9795 9051 10485
9388 9238 10717
9741 9355 10158
9577 9360 10397
9454 9671 10131
9901 9190 10032
10376 8383 9720
9664 8954 10630
9670 9440 10124
10024 9195 9751
10069 8724 10258
9716 9445 10063
10318 8401 9929
10082 9105 9536
8646 9680 10591
10383 8604 9499
9811 9154 10324
9969 8813 10484
9707 9528 9795
9361 9812 9720
9972 9147 10010
10292 8654 9716
10214 8535 10089
10479 8182 9424
10116 8933 9858
10554 7743 9180
8731 9396 10796
9123 9677 10450
8530 9599 10694
8857 10069 9635
9109 9250 10830
10140 8908 9872
9844 8926 10495
10126 8921 9979
9338 9602 10345
9993 9126 9936
9417 9767 9904
10130 9053 9464
9927 9339 9725
9166 9242 10806
9497 9472 10360
8860 9997 10101
9193 9897 10059
9652 9365 10305
9580 9654 9660
9599 9239 10510
10161 8923 9776
9801 9406 9882
9249 9269 10776
9696 9272 10345
9654 9406 10219
8596 10053 10015
9389 9592 10358
8077 10206 9287
9947 8933 10370
10492 8116 9357
9661 9520 10031
9407 9418 10514
9254 9746 10204
9910 8896 10424
9486 9587 10179
9178 9470 10690
9814 9093 10387
9227 9818 10179
9762 9038 10537
9260 9743 10155
9345 9891 9658
8714 10023 9982
10244 8726 9739
9980 9133 9983
8824 10001 10053
9616 9640 9751
9262 9736 10210
10505 8130 9275
8247 9939 10333
9273 9515 10505
10050 9005 10010
10392 8554 9437
9231 9915 9810
9583 9635 9810
9150 9716 10387
9385 9791 9945
8838 8800 10962
9550 9233 10558
9503 9224 10596
10075 8824 10143
9469 9712 9837
9611 9442 10271
8022 10187 9641
9922 8991 10351
10143 8463 10353
9836 9083 10361
10044 8866 10202
9711 9188 10417
9080 9934 10027
9066 9654 10490
7876 10197 9435
9893 9130 10281
9448 9590 10211
9744 9464 9966
10552 8113 8977
9345 9777 10060
9566 9640 9837
8642 9803 10476
8764 10106 9887
10076 8548 10390
9547 9321 10526
10301 8701 9555
9900 9133 10190
10152 8875 9868
9910 9029 10297
9524 9413 10420
10353 7955 9867
8591 9113 10945
10343 8323 9871
9089 9656 10460
9919 9214 9957
9506 9585 10126
9456 8812 10811
10133 9027 9480
8599 9589 10681
9302 9230 10748
10012 8696 10435
9433 9254 10640
8780 9987 10108
10165 8728 10051
10066 8746 10316
9592 9557 10050
10234 8934 9554
9250 9485 10616
8998 9896 10198
10142 8996 9628
10287 8315 9985
9293 9692 10217
9094 9980 9667
9595 9353 10417
9912 9027 10288
9000 9200 10840
10307 8155 10004
9504 9632 10072
9606 9465 10254
8868 9183 10862
9720 9518 9884
10462 8478 9160
9955 9130 10014
9508 9391 10456
9412 9409 10517
9355 9773 9991
8696 10120 9829
9817 8686 10583
10007 9143 9920
9109 9621 10526
8773 9596 10626
9296 9877 9931
9850 9242 10147
10002 9236 9526
9417 9308 10604
9334 9801 9932
9555 9675 9717
9756 9418 9981
9153 9728 10383
9496 9397 10497
9627 9240 10438
9485 9537 10261
9532 9442 10349
9809 9173 10330
8975 8466 10963
9891 9178 10165
9163 8960 10862
10432 8402 9356
10150 8734 10109
8621 9996 10182
9839 8865 10506
8858 10010 9963
9216 9131 10824
10362 8393 9768
9130 8993 10874
9467 9287 10598
8660 9367 10837
10051 9145 9527
9207 9497 10621
9884 9367 9647
8731 8789 10972
9628 9221 10506
9660 8801 10671
9438 9028 10767
9222 9579 10469
9741 9248 10396
9731 9324 10202
9035 9711 10462
9643 8829 10694
9441 9719 9909
10111 8766 10122
9545 9139 10640
10234 8413 10136
10028 8834 10281
9925 9121 10221
10076 8802 10137
10437 8347 9527
10212 8792 9851
9685 9520 9937
9095 9557 10636
9434 9507 10407
8943 9867 10300
9872 8813 10510
10063 9004 10020
9771 9373 10042
10097 8765 10204
9942 8694 10495
9304 9699 10212
8227 10132 9911
10296 8245 9982
9616 9650 9608
9856 9307 9947
9198 9410 10651
9744 8744 10640
8783 9554 10725
9633 9425 10222
9279 9499 10532
9890 9156 10171
10083 8963 9976
9291 9574 10394
9694 8897 10653
9482 9137 10674
8785 9679 10615
9586 9644 9757
9322 9869 9954
10070 8761 10230
9580 9037 10693
9909 9187 10032
9135 9752 10299
9218 9823 10125
9162 9773 10228
9168 9850 10158
10067 8797 10165
9375 9563 10378
9341 9319 10657
9519 9730 9693
9281 9437 10597
10103 9065 9648
9677 8937 10632
8375 8790 11006
10240 8722 9788
9432 9598 10314
9460 9535 10272
9379 9451 10551
9419 9686 10056
9749 9503 9606
8288 10190 9381
9232 9465 10635
9874 9404 9777
9944 9085 10165
9102 9455 10703
10295 8489 9849
8976 9976 10087
10086 9015 9849
10034 9148 9752
10129 8902 9883
10119 9047 9743
10056 8609 10396
9052 9732 10458
10024 8914 10214
9111 9893 10132
8774 9473 10734
10256 8719 9749
9601 9124 10615
8698 8837 10966
9575 9394 10436
8541 8778 11003
9599 9351 10388
10035 8900 10240
9968 9102 10049
10001 9152 9866
10158 8845 9970
9715 8984 10575
9113 9966 9780
9772 8801 10589
9393 9412 10546
9679 9239 10425
9052 9664 10500
10059 8930 10104
9803 9133 10398
9502 9151 10645
9692 9565 9599
9602 9609 10007
8904 9803 10413
10289 8514 9866
8801 10053 9937
9531 9610 10052
10429 8051 9675
9516 9619 10092
10103 8958 9985
10617 7732 8778
10154 8986 9803
9788 9354 10069
10042 9145 9717
9245 9759 10247
9670 9544 9738
10046 9205 9439
8299 10183 9125
10363 8511 9649
9833 9290 10100
8997 9607 10589
9177 9773 10189
9970 9201 9815
9757 8956 10579
10226 8470 10070
9385 9008 10777
9046 9360 10771
9722 9551 9699
10298 8610 9704
9716 9489 9977
8540 9185 10912
9399 9585 10366
9421 9229 10666
8687 10026 10041
10274 8644 9748
10289 8482 9880
9716 9392 10178
10093 9027 9814
10246 8611 9905
9403 9549 10357
8531 9856 10469
10351 8552 9592
9702 9285 10344
9125 9954 9732
10121 8973 9855
9370 9807 9774
8341 9937 10324
9860 9306 9924
9645 9586 9900
10349 8649 9386
9257 9786 10117
9464 9471 10432
9431 9701 10001
9563 9688 9614
10478 8298 9238
8489 10129 9742
9806 8703 10587
8468 10093 9980
9027 8916 10901
10016 9084 9890
10240 8716 9856
10278 8690 9714
9545 9677 9849
10275 8822 9489
9228 9891 9873
10261 8407 10098
9755 9164 10354
9096 9897 10085
9816 9397 9902
9595 9227 10512
9274 9767 10144
9695 9457 10089
9823 8927 10493
9482 9673 10044
9653 9566 9803
9319 9566 10419
10037 8688 10330
9216 9663 10419
9430 8907 10791
9509 9761 9677
8890 10053 9896
9250 9726 10285
9658 8859 10674
8179 9953 10275
10504 8107 9313
9651 9555 9903
9249 9698 10293
10182 8978 9636
8730 8779 10978
9597 9667 9649
10337 8556 9691
10406 8355 9611
8885 9588 10666
9547 9024 10745
9760 9413 10031
10406 8360 9589
10328 8334 9912
9429 9691 10016
9819 9393 9857
9799 9313 10076
9893 8881 10452
9968 9157 9984
8413 8867 11002
9624 9173 10534
8857 9814 10409
9088 9733 10389
9347 8943 10831
8930 9028 10890
10241 8844 9613
9654 9561 9742
9870 9224 10147
9802 8549 10621
10385 8442 9653
9055 9995 9768
10164 8841 9943
9137 9805 10243
9327 9405 10604
8355 10181 9443
10261 8886 9573
9238 9802 10149
9023 9718 10542
9839 9082 10373
9399 9184 10716
9706 9313 10297
9778 9132 10425
10111 8936 9882
9619 9188 10546
10531 8136 9213
9597 9221 10566
9387 9737 10063
10292 8724 9709
9514 9395 10444
9020 8577 10954
9908 9207 10001
8914 9637 10623
9799 8365 10628
9215 9520 10590
9662 9557 9809
10397 8550 9383
9634 9190 10509
10075 8934 10047
9944 9282 9861
10463 8288 9412
9132 9950 9809
9450 9321 10552
9743 8761 10643
9525 9441 10412
9523 9666 10056
9826 9407 9855
9893 9362 9701
10310 8542 9749
9289 9885 9693
9006 9601 10563
9811 9151 10333
8580 9901 10321
8550 8757 11003
9862 9379 9803
9796 9333 10100
9841 9432 9554
10490 7917 9476
9162 9827 10159
9142 9968 9682
8827 10082 9721
9654 8983 10629
9694 9477 10058
8658 10012 10125
10227 8614 9927
9687 9110 10512
9580 9473 10231
9368 9500 10465
8824 10087 9555
8891 9878 10351
8994 9669 10585
9748 9160 10397
9251 9550 10507
9405 9804 9431
9438 9678 10046
9953 9232 9792
9395 9816 9526
9583 9272 10472
10046 8910 10110
9627 8788 10723
9018 9595 10563
9409 9770 9907
9304 9568 10386
9405 9323 10642
9376 9183 10744
9951 9149 10033
9219 9896 9819
10081 8695 10269
10049 8822 10255
9985 9054 10121
10303 8682 9609
9295 9248 10754
9225 9685 10323
9813 9242 10244
9849 9187 10215
9653 9313 10382
9754 9310 10219
9346 9694 10171
9862 9137 10249
9021 9745 10370
9552 9679 9748
10076 8618 10343
9711 9197 10414
9999 9116 9942
10601 7854 8479
9452 9769 9701
9009 8958 10910
10284 8739 9579
9448 9532 10323
9255 9121 10804
9789 9469 9697
10052 8880 10186
9532 9334 10495
9388 9603 10286
8688 9007 10953
9194 9910 9875
9305 8779 10861
9838 9243 10217
9356 8632 10851
9435 9202 10670
10286 8619 9748
9292 9704 10249
9333 9860 9724
10327 8576 9682
10362 8538 9618
10325 8479 9808
8484 8840 10996
9790 8969 10527
9983 9156 9876
9301 9736 10204
9404 9428 10515
9393 9538 10369
9539 9725 9702
9370 9368 10614
9997 9093 9998
9513 8862 10778
9551 8999 10730
10015 9076 10003
9202 9600 10489
10582 7937 8857
9670 8703 10689
9004 8897 10929
8753 9200 10893
9075 8875 10917
9989 9128 10037
9736 9405 10065
8479 10032 10159
9798 9464 9751
9891 9039 10370
9367 9426 10577
10315 8521 9759
10431 8354 9472
9753 8757 10624
9425 8831 10802
9512 9684 9915
10105 9013 9837
8869 9264 10847
9429 9798 9778
9312 9758 10152
9935 9199 10018
9389 9781 9971
8972 9789 10471
9895 9185 10133
9458 9583 10219
10327 8699 9319
9282 8995 10826
10265 8192 10054
9856 8831 10552
9857 8852 10490
10003 8846 10284
10355 8638 9527
9351 9831 9709
10031 8617 10358
9537 9645 10020
9689 9538 9751
9846 9345 9876
8886 9743 10498
9780 9418 9887
9930 9161 10059
9362 9002 10798
9493 9538 10252
9439 9677 10018
8295 10118 9969
9700 9314 10282
9702 8579 10718
10232 8567 9963
9980 9168 9938
9667 9214 10451
9440 9646 10215
10200 8817 9811
9472 9612 10199
7742 10204 9557
9845 8444 10601
8740 9846 10439
9963 9218 9921
9569 8953 10711
10440 8399 9323
9525 9411 10413
8863 9708 10552
10277 8730 9596
9521 9754 9597
9852 9145 10265
9770 8965 10531
9091 9881 10133
9801 9185 10308
8633 10121 9506
9745 9348 10152
9757 9315 10176
9446 9418 10503
9971 8828 10338
9517 9187 10638
9699 8752 10683
9761 9528 9580
9218 9452 10648
9003 9027 10875
9775 9351 10086
8948 9480 10679
8316 10043 10123
9822 9324 10003
9632 9196 10491
8715 9568 10667
9452 9538 10275
9040 9591 10564
9110 9484 10632
10441 8412 9279
10240 8820 9692
9990 9015 10145
9414 9799 9485
8672 9860 10381
7633 10224 9196
10137 8779 10089
9459 9179 10715
9778 9070 10458
9625 8843 10731
10335 8183 9901
9543 9641 9986
10390 8275 9708
9888 9384 9514
8778 10067 9976
9842 9285 10154
9382 9838 9708
9235 8540 10912
9244 9387 10697
8356 10176 9439
9825 8942 10467
9917 8868 10438
10183 8899 9698
9601 9642 9634
9541 9121 10661
9356 9768 10023
10074 8968 9922
10116 8879 10048
9086 9562 10582
9322 9449 10562
9217 9937 9436
9415 8848 10824
8457 9916 10310
9628 9284 10426
8747 9683 10577
9488 9679 9979
9601 9094 10616
9236 9612 10433
10246 8830 9591
10033 8762 10316
9545 9722 9716
9652 9505 10054
9669 9444 10102
8010 10222 9229
9743 9303 10248
9572 9538 10174
9904 9071 10280
9344 9819 9805
9293 9606 10390
9375 9414 10599
10337 8409 9837
9579 9297 10485
10246 8351 10116
9031 9859 10182
9674 9475 10092
10272 8665 9732
10285 8465 9923
10445 8062 9602
9831 8897 10528
9801 9459 9636
9741 9012 10549
9917 8798 10485
9157 9940 9682
9581 9632 9994
9024 9888 10221
9300 9530 10474
10207 8470 10126
9740 9418 10022
9621 9267 10462
10585 7928 8816
8917 9486 10730
9867 9045 10333
9978 8821 10358
9208 9893 10106
10463 8293 9390
9651 9621 9868
9942 9152 10040
9003 9978 9914
10094 9072 9526
10008 9079 9963
9302 9585 10392
9791 8955 10518
10037 8953 10197
10517 8208 8803
9905 9289 9864
9377 9154 10735
8986 9476 10717
10488 8287 9273
9586 9175 10598
10546 8124 8836
10105 8843 10090
10033 8711 10330
9855 9293 9954
10213 8868 9673
10241 8819 9656
9881 8856 10478
9233 9817 10067
8920 9072 10888
8018 10215 9396
9538 9361 10441
9439 9599 10251
9720 8925 10627
10296 8733 9547
10211 8571 10035
9519 9721 9782
9797 9148 10356
9831 8908 10513
9526 9306 10540
8958 9828 10382
8927 9950 10172
8726 8806 10976
9323 9566 10380
9683 9172 10508
10442 8227 9547
9989 9131 9959
9670 9155 10537
9891 9275 9964
9602 9548 10065
8583 10157 9673
9349 9540 10442
10547 8008 9022
9256 9606 10414
10232 8735 9783
9353 9824 9792
9703 9145 10497
9973 9250 9738
9347 9851 9631
10011 8864 10247
9835 8805 10564
8931 9892 10236
9463 9510 10330
8733 9486 10731
8776 9563 10669
9270 9404 10631
9499 8651 10833
8574 9896 10322
9811 9082 10388
8861 10062 9701
10106 8840 10129
9212 9252 10783
9813 9361 9982
9139 9786 10231
9504 9588 10158
9665 8636 10703
10103 9032 9766
10102 8761 10150
10159 8868 9888
9763 9478 9794
9173 9586 10573
10157 8761 10074
9913 9149 10157
9179 9716 10369
9802 9439 9736
9511 9464 10343
9018 9108 10874
10117 8747 10189
8590 10022 10116
9050 9263 10820
9544 9359 10469
10546 8072 9067
9819 9028 10470
8947 9962 10171
9969 9069 10060
8380 9759 10545
9899 9146 10165
9139 9665 10453
9609 9423 10279
10093 9061 9680
9118 9769 10317
9417 9539 10347
10142 8961 9829
9644 9253 10427
8919 9995 9954
9613 9460 10231
9308 9480 10531
10289 8451 9881
9540 9582 10124
9303 9791 10056
10008 9157 9849
10050 8643 10350
8946 9366 10822
9312 9690 10234
9257 9752 10167
9673 9300 10349
9670 9509 9939
10354 8208 9824
10498 8157 9267
9919 9250 9953
10064 8891 10128
9682 9602 9729
9462 9726 9745
9589 9649 9714
10520 8013 9243
10349 8400 9793
10422 8491 9146
9124 9943 9821
10164 8619 10198
9190 8926 10850
10431 8484 9450
9989 8566 10504
9985 9274 9567
8950 8413 10978
9751 9180 10349
10251 8740 9713
9554 9258 10556
10084 9070 9901
9379 9547 10427
10227 8869 9591
9679 9431 10145
9312 9878 9710
10000 8771 10425
9715 9272 10315
8873 10068 9573
9415 9548 10358
9993 9083 10050
9844 9049 10370
10482 8291 9166
9853 9338 9896
10061 9089 9783
9793 9152 10353
10180 8722 10164
10546 8117 8870
8468 9514 10733
10092 8628 10293
9330 9554 10382
9320 9468 10574
9915 9314 9751
9620 9265 10498
8991 10046 9936
9399 9395 10545
9087 8807 10895
9113 9691 10407
9028 9992 9834
9815 9120 10358
8484 8950 10967
10314 8585 9720
9804 8609 10615
10204 8858 9750
9242 9852 9962
10515 8000 9269
9089 9986 9654
8838 9553 10678
9387 9399 10561
9705 9052 10622
8321 8956 10988
9584 9617 9902
9086 9385 10768
9316 9730 10146
9923 8977 10349
9253 9461 10602
10182 8759 9950
9157 9642 10518
9629 8941 10711
9948 9224 9808
9774 9095 10473
9441 9202 10650
8778 9037 10923
9457 9616 10152
10006 9081 9949
9908 9303 9846
9411 9770 9890
9381 9336 10656
9236 9546 10578
9639 9426 10215
9290 9181 10768
9294 9556 10463
10539 7974 9243
9894 9326 9777
9612 9078 10607
9324 9751 10072
9765 9245 10322
9133 9973 9628
10197 8867 9705
9976 9245 9623
9844 9319 9923
10624 7673 8504
10217 8711 9947
10444 8280 9504
9899 9178 10127
10039 8901 10124
9952 9041 10173
9582 8952 10686
9896 9285 9939
9195 9749 10273
9663 9553 9846
9765 9364 10060
10028 8958 10143
9103 9960 9998
10185 8980 9513
9883 9330 9884
9246 9130 10843
9449 9324 10575
9658 8856 10679
9501 9456 10354
8618 9970 10214
9731 9533 9710
9341 9028 10793
8663 10092 9914
9849 9198 10159
9568 9081 10668
10136 8895 9903
9869 9226 10115
9393 9799 9785
9896 9083 10258
9281 9581 10416
10355 8568 9574
9158 9938 9993
10298 8471 9860
8377 9069 10973
10515 7930 9316
9112 9684 10434
9889 8925 10447
9266 9777 10138
9795 9415 9828
9199 9729 10256
9857 9143 10223
9492 9428 10464
8809 10032 9975
8408 10067 10096
9454 9280 10628
9809 9272 10206
9256 9819 10050
9664 9307 10330
9962 9257 9680
9158 9745 10316
10244 8233 10118
9252 9617 10371
9613 9175 10561
9781 9329 10102
9834 9198 10256
9500 9766 9623
8976 8951 10916
8941 9908 10221
9384 9650 10261
10285 8737 9525
9456 9523 10345
9494 9409 10452
9724 8805 10668
9251 9617 10397
9997 8820 10334
9573 9446 10346
9879 9304 9912
8918 8858 10936
10069 8992 9946
9047 9876 10178
10019 8986 10172
10016 8927 10209
8583 9265 10862
8839 9753 10498
10222 8694 10005
9218 9899 9888
9465 8967 10755
9623 9257 10460
9468 9501 10333
10000 9218 9582
9449 9440 10469
10266 8170 10069
8660 8857 10987
10105 8988 9880
9259 9579 10436
9939 9049 10182
9205 9905 9912
9101 9788 10290
9788 9388 10020
9230 9648 10371
9708 9235 10448
8840 8949 10933
8990 9741 10438
8481 9313 10856
9463 9384 10549
9695 9296 10358
9805 8945 10508
10063 9170 9501
9966 9213 9806
9708 9136 10483
9663 8884 10664
7994 10223 9291
10303 8599 9694
9938 8820 10452
9754 9467 9900
8873 9505 10677
9939 8822 10416
8521 9275 10853
9687 9209 10460
9993 8984 10284
9442 9292 10585
9781 9245 10281
9022 10001 9774
8912 9894 10305
8327 10110 9838
9891 8596 10559
10344 8689 9233
9030 8743 10936
8324 10132 9885
9346 9304 10700
8461 9515 10727
9263 9576 10422
8841 9013 10921
9800 8950 10572
9265 9339 10711
10105 8906 10075
8211 10192 9475
8895 9837 10318
10263 8724 9727
9061 9281 10800
9137 9694 10390
9468 9696 9975
9431 9324 10581
8340 8883 10995
9915 9178 10086
10317 8771 9490
10395 8303 9685
10356 8101 9837
9333 9746 10126
9774 9063 10511
9701 9563 9725
8995 9914 10146
8845 9249 10880
9127 9755 10297
9258 9684 10309
10279 8471 9916
10602 7771 8818
8861 8878 10947
9616 9428 10224
9742 9338 10155
9538 9237 10579
9254 9883 9896
9858 9334 9842
9631 9372 10304
9730 9449 10006
9048 9472 10674
10515 8251 8948
10286 8735 9568
9089 9086 10862
9893 8839 10498
8885 9679 10543
8457 9073 10964
10047 9126 9721
9445 9523 10376
10358 7907 9848
9817 9284 10181
9811 9421 9747
9818 9317 10035
9612 9573 9952
9721 9411 10123
9878 9257 10102
10008 8973 10243
9553 9523 10319
9490 9126 10671
9808 9452 9656
9941 9305 9654
9066 9720 10424
9615 9309 10445
9866 9177 10192
10079 8252 10371
10608 7727 8806
9661 9234 10454
9538 9202 10624
10063 9123 9552
9452 9524 10313
9074 9990 9607
9858 9020 10462
10110 8826 10087
9026 9592 10560
9240 9884 9793
9350 9740 10041
9932 9257 9887
10153 8401 10256
8498 9792 10507
8603 9981 10255
9445 9676 10077
9525 9548 10174
9243 9583 10445
9231 9574 10523
10203 8567 10060
9757 9082 10484
10136 8965 9856
10078 9117 9665
9932 9060 10191
8897 9992 9974
9510 9622 10078
9070 9862 10139
9900 9041 10284
8669 9311 10835
10024 8844 10261
9275 8956 10831
10180 8934 9769
10306 8555 9797
9925 9284 9873
9791 9295 10141
9536 9682 9795
9106 9738 10383
8893 9219 10839
9969 9178 9871
9945 9040 10236
9046 9843 10217
8981 9576 10637
9722 9107 10513
10537 8131 9062
9013 9996 9787
10149 8880 9983
8927 9888 10247
10106 8988 9833
9200 9770 10196
10161 8223 10253
9823 8837 10558
9621 9547 10113
10473 8312 9260
10226 8623 9939
10025 9079 9944
9514 9308 10578
10397 8540 9415
9384 9526 10399
9825 9304 10127
10288 8546 9841
10014 9080 9893
8448 10081 9981
9665 8912 10658
10063 8903 10106
8657 9030 10952
10485 8076 9487
9421 9683 10128
9442 9528 10333
9910 8966 10377
9994 8805 10379
9746 9519 9818
9790 9095 10432
8537 9992 10193
10020 9182 9823
10034 9180 9465
8761 10000 10055
9758 8590 10644
9236 9764 10193
9225 9869 9980
9044 9962 10145
9215 9616 10466
9694 9298 10326
9865 9230 10105
9659 9185 10522
9887 9305 9869
10122 9038 9569
9661 9360 10359
9148 9759 10273
9737 9161 10426
9618 9608 9920
10145 8970 9828
10118 8831 10085
9421 9658 10183
9776 9160 10382
8542 9920 10306
8275 9948 10262
9221 9679 10371
9568 9517 10261
9143 9979 9593
10424 8521 9024
10530 7826 9280
10302 8777 9377
9909 9240 10000
9741 9415 10043
9503 9627 10101
10342 8542 9669
8952 9020 10903
9721 9499 9952
9648 9421 10269
9609 9206 10528
9829 8662 10600
9796 9280 10215
9888 9071 10321
9492 9192 10663
9876 9187 10145
8472 8727 11008
9511 9213 10593
9666 9400 10197
9889 8844 10500
10217 8771 9764
10343 8693 9250
10085 8957 10009
9770 9112 10447
9509 9705 9967
9907 9035 10251
9503 9568 10206
8617 8931 10970
10414 8504 9504
9326 9670 10367
9848 9418 9714
9325 9594 10374
9156 9690 10398
9876 9349 9712
9631 9303 10393
9979 9066 10164
10151 8991 9682
9596 9126 10596
8919 9179 10843
9856 9074 10344
9934 8854 10418
9795 8952 10504
10317 8517 9743
8466 10096 9908
9414 9657 10246
10215 8724 9961
9642 9626 9814
10218 8864 9619
10142 8772 10115
10203 8758 9886
9618 9366 10366
8831 9983 10185
10422 8265 9552
9916 9161 10137
9303 9417 10579
9734 8677 10654
9557 9541 10133
9848 8901 10480
10124 8827 10058
8960 9906 10152
9205 8599 10901
8039 10236 9145
10273 8549 9918
9517 9115 10702
9745 9186 10381
8807 10081 9892
10299 8582 9833
9766 9075 10495
10522 8170 9102
10466 8349 9303
8182 10179 9611
10108 8757 10123
9470 9097 10713
9818 9198 10297
9948 9138 10108
9917 9169 10068
9913 9096 10247
8980 9484 10677
9934 8980 10323
9689 9094 10565
9247 8763 10871
9255 9726 10243
10523 7877 9258
8652 8930 10993
9781 9451 9762
8716 9301 10835
9634 9028 10674
9810 8909 10554
9732 9253 10342
10103 9021 9827
9929 9096 10206
9760 8873 10580
10453 8285 9476
10298 8722 9641
9425 9716 9929
9271 9612 10406
9587 9252 10550
9272 9255 10737
9349 9819 9800
9422 8549 10858
9276 9801 10050
10087 9080 9686
10077 8736 10224
8995 9775 10432
9355 9689 10225
10205 8991 9467
10180 8446 10204
8755 8974 10928
9635 9524 10027
9591 9061 10638
10202 8377 10208
9586 9065 10648
8112 9498 10740
10569 7956 8979
10276 8846 9410
9091 9803 10278
10413 8620 9318
10309 8580 9751
9699 9413 10145
9438 9793 9832
8845 9139 10909
