90 3
6961
196 231 168 187
145 93 130 186
288 255 133 17
53 18 286 41
62 11 193 220
86 35 95 4
186 201 146 212
63 5 23 91
236 23 110 213
115 240 231 103
28 64 251 80
213 71 253 274
213 146 28 298
14 122 3 199
155 280 111 50
284 133 141 220
288 83 265 103
155 196 39 16
92 289 95 6
192 180 112 106
159 271 104 172
93 238 203 248
218 14 297 203
278 270 255 266
186 221 202 41
249 73 56 42
194 283 179 87
295 123 192 286
95 128 290 20
67 193 100 284
39 230 20 18
200 275 116 218
29 150 92 110
222 279 283 117
95 162 36 91
118 227 209 212
187 200 231 253
93 32 71 132
94 222 281 126
30 229 45 58
80 136 1 134
115 283 250 43
146 118 133 96
177 42 8 65
74 71 18 167
234 220 131 28
143 244 154 172
173 198 63 252
166 63 219 113
46 169 155 24
287 120 119 164
294 258 61 68
30 211 67 96
131 30 124 106
273 110 111 147
140 173 231 6
68 150 250 245
152 238 269 271
190 220 267 17
12 29 85 173
239 283 268 202
14 224 9 119
34 119 265 173
124 30 11 191
179 94 136 163
32 237 134 54
290 234 71 2
262 287 7 34
270 274 235 116
199 76 235 65
194 33 238 150
62 81 41 241
174 10 236 38
79 71 92 69
5 294 202 99
281 208 132 251
16 199 200 47
275 135 111 2
167 181 284 229
262 157 3 268
166 238 139 78
141 63 278 277
57 181 76 38
221 40 121 69
72 21 115 179
287 59 13 155
239 296 216 34
154 218 3 152
288 141 229 262
203 208 239 92
5414
8938 9339 9115
10352 8751 8781
10486 9459 8337
10312 9139 8660
10448 9906 7547
10834 9259 8082
10420 8868 8711
9796 9578 8730
10813 9506 7730
10194 8962 8847
10367 9054 8694
9718 8750 9198
11172 8393 7506
9842 10011 8145
10964 8808 7971
9672 9356 8923
9626 8937 9172
8375 10262 7992
9131 7936 9521
9234 8928 9291
10504 9671 8035
10417 9506 8331
10378 8564 8835
10941 9344 7842
9195 8031 9483
10228 9024 8785
10803 9547 7617
10661 9131 8389
9521 9710 8687
10004 10206 7576
10188 9028 8826
9130 8429 9461
10002 9888 8223
10343 9539 8360
10441 9878 7604
10347 9512 8408
10322 9670 8263
10300 8811 8819
10590 9261 8369
9695 10188 7863
10323 8519 8861
9209 9262 9134
9406 9973 8396
9871 9402 8786
9378 10404 7210
9712 9619 8684
10502 9471 8258
10544 8413 8619
10048 8870 8957
10836 9491 7689
9623 8233 9330
9491 9831 8554
9479 9717 8668
9833 9127 8986
8536 9184 9250
8907 8735 9430
9492 10119 8105
10318 9515 8425
9503 8045 9399
8999 9672 8801
10678 8435 8476
9328 8125 9434
10140 9628 8423
9108 9603 8855
10161 10005 7925
8850 9355 9129
10175 9173 8760
10737 9582 7843
10752 9459 8069
9559 9144 9097
9203 9138 9190
9086 9930 8498
10293 9622 8337
10477 9179 8502
10327 9117 8668
10479 9017 8608
9815 8806 9132
10425 9353 8432
9996 9695 8501
9766 9976 8249
8863 8423 9549
9860 9070 8991
10038 9701 8446
10663 8492 8477
9837 10270 7542
9663 10249 7757
9660 9632 8713
10172 8074 9031
9113 9879 8566
10241 9456 8501
9617 8382 9306
10629 9719 7774
9719 9105 9034
9631 10206 7884
9178 9253 9148
9358 10406 7381
9487 10307 7728
9064 8897 9341
10335 9403 8506
9816 10153 7840
9722 10078 8067
10991 9238 7704
9390 10156 8118
9312 9858 8561
9286 10305 7768
10309 9821 8098
9743 10074 8064
11114 8809 7651
8966 9285 9178
9798 9258 8923
10129 8879 8929
10059 8767 9009
9986 10099 7892
9785 9099 9000
10464 9283 8455
11179 8756 7436
9025 8689 9423
10550 9022 8502
10726 9391 8101
10402 8994 8681
8986 9820 8651
10435 9499 8333
9839 9552 8682
9038 8097 9531
9857 10042 8087
9429 10323 7632
9507 9349 8969
10177 9499 8536
10578 9363 8280
10741 9232 8209
10845 9387 7956
9989 10123 7764
9428 8570 9349
9873 10244 7570
10034 8752 9013
10013 9583 8582
10658 8826 8469
10106 9461 8589
10842 9256 8060
9112 9327 9110
8675 8776 9479
10260 10020 7740
8799 9627 8875
9463 9904 8462
10340 8956 8751
10142 9455 8583
10101 8278 9103
8729 9400 9092
9067 9683 8768
10444 8710 8716
9234 10350 7654
8779 10017 8427
10476 8280 8726
10619 9453 8215
10570 8704 8564
9116 9336 9090
9976 9749 8478
10517 9376 8387
10563 8827 8580
9394 10193 8074
9910 10236 7593
10471 9136 8531
10038 9615 8514
10343 9965 7747
9684 9388 8880
10628 9586 8027
10256 10044 7663
9756 10220 7822
10420 9896 7671
10604 9185 8388
10526 9832 7534
10847 9107 8171
9786 8753 9139
9452 9154 9139
9240 10180 8133
9056 8606 9473
10701 9253 8228
10137 9616 8434
10180 9398 8617
9199 10029 8374
10650 9471 8121
9721 9076 9044
10484 9741 8063
9540 9739 8646
9101 10121 8240
8715 9932 8556
10061 9881 8226
9444 9861 8508
8836 9562 8944
9969 9285 8808
9625 9925 8372
10357 8904 8755
10422 9152 8604
10025 10221 7211
8971 10080 8312
9828 9350 8847
10742 9529 7863
10874 9196 8078
10474 8422 8717
10285 9775 8236
9971 10081 7923
8530 9417 9074
10113 9113 8845
10428 9680 8131
9906 9442 8718
10988 8693 7969
9676 8778 9226
10461 8672 8706
9312 8739 9327
10724 9284 8169
10338 9434 8460
9532 10383 7031
9428 8926 9222
9952 10019 8043
10113 9340 8723
9487 9422 8921
8722 8869 9422
9657 8852 9185
10240 8988 8816
8969 9763 8736
8527 9485 9036
10592 9553 8074
9868 9131 8969
10285 10023 7650
10336 9264 8614
10580 9265 8411
9289 10106 8219
9575 9702 8642
10186 9775 8251
10419 9890 7767
9606 10003 8259
10088 10180 7197
10808 9295 8032
10908 9393 7792
9180 10411 7401
9277 8340 9452
9884 9257 8872
10121 9852 8332
9010 10022 8395
10342 9760 8208
9932 9111 8959
10745 9506 7905
10644 8299 8509
10083 9955 8048
10265 8984 8795
10906 9456 7447
9328 8641 9415
9751 9476 8784
9684 9279 8959
9874 10283 7191
9351 9643 8778
10188 10028 7851
8737 9722 8794
11111 8980 7513
10142 8716 8981
9899 9292 8857
10404 8460 8771
10106 8632 8998
10281 9993 7801
9701 10233 7737
9889 8682 9114
9064 8647 9424
8723 9999 8449
10352 9455 8428
9516 8241 9373
10855 9493 7499
11235 8665 7209
9149 8395 9467
8938 8539 9496
10593 9296 8367
8850 10188 8123
9963 9465 8678
10073 8151 9117
10170 9965 7989
9373 9522 8898
10231 10025 7766
10988 9313 7402
8928 9201 9237
10026 9377 8748
9370 8812 9306
9229 8977 9312
10103 8629 9012
10091 9953 8139
9244 10333 7796
9971 9519 8633
10013 9903 8202
8979 10420 7417
9931 9197 8878
9120 9521 8944
10584 9498 8204
9660 9178 9031
9397 9056 9229
10113 9453 8638
8989 10015 8418
9996 9582 8586
9311 10433 7173
9514 9375 8952
10841 9459 7884
9186 10369 7637
10475 8680 8681
9966 10057 7999
9999 8752 9021
10374 8963 8717
8815 10105 8289
8090 8189 9642
9665 9713 8602
10782 8793 8276
10588 9536 8165
9650 9311 8950
8790 9555 8953
9509 9468 8915
10395 8339 8816
9210 8786 9347
10703 8615 8397
9950 9875 8283
9284 10281 7865
10301 9822 8083
9525 9489 8893
8602 10208 8111
8494 8945 9389
10122 9357 8667
10304 9670 8308
10389 9629 8252
9513 8829 9241
8894 10102 8291
9762 10064 8084
10274 9184 8686
9354 9333 9032
10121 8961 8933
9826 10207 7747
9366 9529 8867
10203 9218 8735
10930 9143 7923
9936 8789 9093
10041 9080 8924
8646 10194 8143
9217 8440 9446
9845 8194 9246
10960 8682 7976
10138 8784 8938
10541 9077 8488
9463 8898 9264
10321 8571 8845
8859 7965 9591
9963 8176 9204
10419 9574 8257
10420 9356 8472
10545 9113 8483
9924 10125 7859
9252 9938 8459
9933 10025 8118
10540 9142 8464
9685 9478 8794
9886 9456 8742
10296 9134 8665
9570 9698 8644
10111 8730 8996
9958 8210 9161
9617 10343 7452
9929 9916 8253
10663 8811 8438
10387 9569 8311
10354 9981 7702
9455 9954 8410
10331 9208 8628
8502 9231 9243
8793 9243 9224
9545 9888 8479
9860 10186 7760
10231 9702 8317
8772 9703 8796
9712 10122 8003
9598 8413 9317
9746 9641 8649
10390 8706 8755
8910 10421 7484
10544 8902 8545
10235 9476 8491
9787 9737 8522
9622 9239 9034
9820 9626 8641
9149 9571 8906
9589 9498 8830
9856 8852 9097
10403 9478 8338
10549 9008 8510
10287 9312 8596
10351 8935 8733
9254 10262 7895
9893 9499 8694
9201 10134 8159
10000 8855 9012
9988 9291 8788
10494 8780 8641
10193 9027 8823
9436 9528 8855
9974 10254 7251
10075 9254 8763
8777 8741 9483
10255 9379 8559
9031 9844 8608
9242 8681 9373
10362 8785 8760
10395 9903 7747
10547 9547 8154
9093 9967 8448
10592 9561 8071
10223 9667 8338
9940 9842 8399
9934 9371 8792
10550 9106 8458
9875 8925 9051
8240 7781 9689
9592 8431 9307
9454 9652 8752
9937 9140 8921
10188 8569 8977
9156 10465 6880
10790 9250 8103
8743 8235 9618
10252 9164 8697
9491 9122 9128
10087 10029 7886
8956 10384 7594
9283 9450 8957
10338 9818 8114
9522 9285 9042
10205 8291 9022
9622 9971 8323
9546 9156 9079
10105 8795 8987
8656 10188 8132
10094 9656 8510
10053 8242 9115
9413 8849 9271
9825 9069 9007
9785 10102 8021
11281 8409 7041
10368 9320 8518
9730 9435 8840
10409 9691 8154
10653 9254 8270
9653 9430 8882
10222 9800 8207
9437 10146 8090
10729 9135 8280
10338 9047 8704
10610 9461 8182
10382 8997 8693
9841 10146 7852
9352 8951 9258
9304 8330 9431
9069 9829 8620
9926 9984 8174
9855 10101 7940
10629 9275 8342
10617 8613 8521
10348 9290 8536
10190 9664 8368
10772 9173 8231
9781 9812 8460
8588 8275 9595
10468 9870 7817
8737 9138 9283
10694 9635 7824
9674 9677 8641
9439 9583 8796
10601 9416 8239
8930 9902 8549
9809 9085 9034
9051 9172 9211
10861 8974 8140
8035 7866 9684
10152 9384 8637
10396 9534 8313
9834 10312 7473
10705 8318 8392
9351 7975 9435
8692 9253 9196
9311 10146 8152
10018 9785 8351
10210 9146 8761
10709 8691 8381
8629 9937 8530
10223 10084 7586
10132 8578 9029
9635 9393 8906
9480 8677 9308
10802 9512 7849
10308 8964 8763
9747 9689 8588
10149 9143 8795
10688 8548 8423
8505 7974 9662
9870 10235 7636
9831 10214 7699
9600 10291 7677
9553 9298 8987
9663 8115 9329
9747 10018 8185
9421 10024 8310
10747 8734 8324
9248 8770 9347
9518 9851 8524
9873 9707 8527
9616 10208 7858
10494 9874 7373
10001 9417 8721
10118 10088 7754
11143 8782 7463
10780 9123 8203
10286 9458 8498
9977 9684 8502
9822 8303 9219
10228 9296 8652
9796 9269 8919
10389 9876 7837
8623 8275 9594
9338 8909 9276
9344 9486 8923
10675 9139 8364
9684 9430 8855
9758 9982 8250
10541 9759 7808
10518 9327 8382
10117 9032 8860
9948 10107 7864
9837 9499 8739
10516 8770 8616
9951 9494 8659
10056 9570 8550
9295 10029 8334
9745 10089 8062
9712 9419 8848
10611 8873 8494
9878 9038 9040
9217 10012 8367
10725 9572 7868
9910 10212 7659
10404 9523 8332
9849 9447 8759
8822 10179 8144
10139 10019 7873
9600 10075 8179
10046 9210 8856
9259 9651 8774
9434 10333 7589
10327 9525 8387
8876 10365 7651
10767 9481 8036
10555 9241 8422
11289 8400 6789
9220 10033 8326
9906 8804 9098
9547 10138 8102
10701 9402 8085
9717 10179 7887
10779 9578 7523
9364 8909 9253
8500 8442 9589
9629 10186 7900
10624 9145 8410
9786 10278 7581
9727 9206 8999
11087 8969 7604
8742 10058 8363
9611 10123 8038
10381 9470 8388
10594 9735 7799
10068 9803 8342
9899 9708 8518
9744 9686 8595
9914 9641 8580
9636 8605 9256
9240 8996 9257
9177 9141 9207
10288 8987 8774
10228 9183 8737
10034 7972 9132
8726 10273 7942
9737 9549 8739
8471 8653 9504
9326 8670 9357
10687 8606 8427
10289 9789 8155
9183 9744 8712
10525 9435 8273
10851 9480 7509
10456 9329 8508
10119 10020 7911
8963 9908 8539
10110 8795 8972
8810 8878 9412
9719 10076 8075
9641 9381 8903
10315 10032 7242
8372 9245 9228
9561 9405 8911
10896 8896 8099
9898 9538 8666
9785 9235 8935
9622 9741 8608
11166 8667 7437
10281 10040 7443
10055 9494 8592
11111 8616 7667
11272 8610 6939
10795 9238 8145
10217 8985 8837
10562 9067 8481
10360 9823 8070
9318 9545 8871
9649 10063 8228
9572 8598 9322
9933 9510 8684
9443 10345 7573
9212 9370 9061
10829 9482 7876
9991 9968 8158
9368 9503 8900
8723 8755 9492
10069 9566 8561
9863 9970 8214
10001 8781 9019
8848 9341 9134
9048 9113 9244
10416 9385 8420
10084 8556 9058
10041 8869 8973
9802 9479 8757
9734 9642 8637
8625 9607 8911
11066 8985 7700
9731 9943 8323
10654 8593 8471
9703 10092 8052
10945 9419 7344
10592 8612 8528
11147 8882 7419
10404 9093 8610
8862 9319 9139
10244 8233 8960
9144 8551 9424
10174 9351 8651
10994 9287 7540
9936 9619 8597
9970 9178 8872
9381 9309 9048
9899 9797 8448
10555 8858 8546
8782 9919 8589
10310 8845 8798
10092 10114 7706
10439 8912 8675
9598 10182 7939
10444 9797 7975
10391 9453 8454
10153 9610 8446
10182 8833 8909
10386 9486 8356
9963 10016 8104
9951 9362 8769
9312 10002 8371
8808 9897 8579
9143 8525 9445
9384 9224 9132
9999 9014 8948
9673 10078 8155
9135 9771 8697
10284 9156 8685
9712 8614 9222
9641 10162 7973
10150 9082 8848
10161 9112 8803
9386 10114 8168
8850 8152 9581
10136 8805 8931
9207 10219 8063
8508 9213 9250
10976 9175 7778
10302 9470 8441
10115 8434 9091
8915 10442 7207
11140 8735 7499
10464 9074 8609
11044 9190 7528
9351 10080 8252
10617 9656 7897
9800 9279 8914
9934 9020 9006
10433 9937 7455
9062 8798 9390
9748 8581 9216
9403 10272 7855
9816 8416 9254
9712 9775 8518
9169 9380 9042
9598 9070 9133
10328 8854 8784
9604 10260 7791
9622 9322 8957
9407 10345 7590
9867 10150 7819
10120 9368 8663
10168 9092 8798
9677 9133 9062
10356 9159 8609
9032 10120 8243
10274 9541 8430
11087 9043 7506
8619 10318 7843
10761 8768 8290
9587 9273 8989
10873 9266 7948
10400 9457 8383
9614 9242 9007
9995 9721 8478
10640 9589 8015
8699 9597 8921
9794 9851 8421
10568 9740 7873
10994 9140 7828
9306 9711 8734
10453 8990 8612
11007 9205 7652
9826 9117 8998
9502 9589 8779
9945 8941 9029
8925 8268 9528
9308 8851 9289
9568 10368 7152
9467 10258 7819
9727 9461 8794
9309 8838 9295
9341 9077 9210
10023 10224 7360
9006 7725 9541
9573 8711 9245
11201 8447 7403
9524 9328 8987
10177 9604 8430
9113 8540 9438
10381 9062 8669
9502 9275 9060
9973 9792 8381
9322 8926 9263
9134 9324 9106
10812 9533 7474
11182 8315 7465
9770 9430 8847
9695 10221 7785
10723 9303 8188
9324 10414 7316
10136 9933 8067
9485 10223 7894
11080 9263 7483
9379 9694 8722
9651 9620 8747
8934 8796 9405
9741 8604 9216
11152 8463 7556
9652 8437 9282
8266 8040 9674
9408 9633 8768
9133 7972 9498
8802 10358 7681
10303 8636 8863
9957 10104 7863
8790 10415 7502
9621 8870 9191
9228 9666 8766
8593 10358 7722
9690 10100 8084
10109 9891 8210
10391 8527 8784
8965 9661 8834
8824 9459 9027
9798 9487 8777
9691 10035 8200
10740 8487 8354
9479 8918 9249
8655 9258 9188
10931 9385 7729
9641 7992 9339
10283 9097 8720
8829 10112 8268
9434 10171 8044
10914 8831 8081
10407 9582 8284
9218 9703 8736
9117 10414 7387
10341 9984 7637
9611 9458 8910
10223 9043 8782
10396 8516 8797
10679 9600 7986
9155 9153 9218
9404 9875 8520
10768 8681 8291
11166 9043 7232
8210 10271 7991
9922 9959 8180
10109 10028 7887
9776 9048 9050
10309 8899 8787
8839 8650 9497
9569 10151 8066
9994 9008 8970
8844 10333 7807
10016 8998 8926
9178 9681 8768
9951 9589 8587
10447 9670 8151
8920 9016 9329
10376 8876 8755
10138 9243 8731
8244 8884 9424
11288 8502 6862
9854 9240 8921
10531 9572 8165
9996 9178 8860
9367 8398 9404
9277 9457 9003
10046 9323 8771
10230 8795 8887
10154 10011 7917
10375 8898 8741
9117 9114 9235
9328 8117 9437
9653 9471 8830
9141 10000 8438
9783 10295 7506
10444 9871 7877
10230 9546 8460
9602 9002 9176
9254 9463 8976
9409 9491 8910
9640 9042 9105
10755 9483 7941
10325 9048 8708
8659 10353 7798
10177 9705 8354
10006 8928 8996
9822 9887 8345
10776 9224 8218
10013 9977 8104
10041 9269 8788
9208 10046 8318
9623 9486 8835
10507 9833 7714
11196 8458 7418
10021 10086 7848
9473 8712 9313
9045 9312 9122
8958 9772 8698
10314 9005 8752
11292 8254 6938
9771 9158 8996
9502 9388 8975
10459 9108 8606
9915 9548 8647
9889 9840 8427
9069 9263 9161
9632 8964 9158
10620 8772 8500
10021 9882 8220
10182 9415 8599
9803 10027 8161
9942 8640 9117
9982 8767 9092
10946 8975 8034
11312 8389 6806
9704 10331 7511
10397 9725 8157
10443 9031 8634
9423 9822 8556
10418 8719 8746
8520 8090 9644
9277 9602 8838
9284 10128 8164
9172 9750 8700
8849 9615 8869
10393 9194 8605
9893 9969 8201
9403 10138 8123
10327 8936 8763
10398 8374 8806
9372 10062 8240
9528 9227 9047
9361 9423 8960
9291 9786 8628
10612 9408 8216
9908 9829 8404
8894 9164 9243
9674 10082 8125
9161 8386 9476
9840 10279 7476
9390 10331 7644
10229 9231 8676
9773 9038 9052
9348 9424 8984
10264 9675 8301
11112 8972 7514
10174 9020 8851
9199 8489 9441
8689 8732 9493
9289 8360 9448
9805 9940 8302
10091 8974 8921
9241 10419 7234
9398 10344 7623
9444 10081 8195
10512 8813 8621
10296 9021 8750
10227 9662 8364
10363 9821 8024
9716 10144 7996
9745 9685 8593
9243 9478 8957
9587 10154 7997
8916 9735 8748
10616 8348 8534
10807 8695 8249
9937 10182 7686
10744 8538 8341
9827 9186 8969
9863 9481 8719
9121 9369 9065
10307 9464 8495
8976 9800 8690
10158 10036 7823
10363 9832 8004
10725 8797 8332
10341 9387 8536
9473 8934 9219
9841 10283 7364
9965 9355 8770
10352 8971 8711
10173 8769 8918
9784 9946 8276
10435 9568 8269
9999 9960 8143
9869 10219 7664
9745 9925 8335
9291 9285 9092
9609 9339 8964
9215 8982 9260
9558 8682 9262
8996 10135 8185
10091 9019 8898
9619 8580 9275
10833 9529 7363
10693 9470 8103
9732 9231 8972
10538 9159 8514
10410 9276 8513
10032 10059 7939
10269 8135 8933
8826 9656 8836
9195 8892 9341
10549 8819 8605
9806 9738 8503
10440 9424 8393
9716 9060 9086
10694 9614 7883
9322 8657 9385
9309 8868 9286
10723 8847 8369
10911 9401 7586
9211 9680 8756
9199 10152 8170
10767 8346 8351
9363 9674 8737
9892 9849 8353
10431 9361 8427
10515 8703 8635
9996 10175 7689
9231 10185 8107
10108 10113 7776
9467 8352 9396
10722 9637 7401
10064 9206 8799
9808 9764 8496
8904 10445 7146
10478 9433 8342
10267 9864 8138
9422 9965 8375
9674 8701 9227
10317 9889 7993
8509 9433 9070
9464 8959 9218
8977 9396 9094
8518 9313 9180
10482 9845 7818
10686 9187 8335
10528 8852 8579
10741 9609 7755
10296 9940 7990
9573 9285 9008
10616 8990 8467
10035 9176 8872
10794 9257 8102
9457 9044 9193
9801 8857 9137
9801 9736 8556
10111 10137 7648
9480 9418 8944
9479 9483 8920
9884 8711 9116
10192 9647 8392
10607 9741 7682
10289 9108 8719
10467 8509 8716
8704 9453 9045
10321 8343 8878
10173 9085 8827
9357 9802 8591
9255 10008 8393
9539 10035 8259
10189 10156 7600
10539 9507 8206
9925 8729 9096
8825 9775 8727
10349 9523 8390
8640 9790 8729
8818 9661 8846
9992 10218 7505
9403 10323 7644
9745 10042 8155
10437 9563 8247
9862 9325 8849
8796 9685 8837
10695 8831 8411
9833 8979 9041
10020 8996 8949
9910 9886 8329
10437 9676 8162
9914 9235 8866
8981 10351 7686
9815 8726 9133
9534 9501 8859
10341 9087 8675
9950 9801 8376
10006 8714 9025
10240 10078 7507
10482 9147 8523
9403 9588 8857
10371 9517 8343
9091 10303 7877
10408 9874 7812
10119 9372 8677
9134 8948 9321
9802 9075 9046
10947 8910 8058
9123 9963 8462
9727 9862 8473
9560 10352 7461
10676 9347 8207
11110 8758 7664
10061 9689 8443
9135 9017 9292
9664 9110 9074
10963 8673 7991
9557 10219 7892
10037 9868 8248
10722 9548 7996
10919 8587 8072
9590 10129 8024
9848 9709 8519
10049 9416 8679
9405 9729 8679
8825 9662 8832
9028 8219 9523
10360 9481 8423
9644 9894 8414
9968 9382 8740
8888 9682 8808
9964 8138 9176
9392 10361 7617
9194 9512 8946
9644 10183 7932
9683 9392 8864
9068 8155 9518
8726 8612 9500
9860 8565 9169
9731 8839 9156
9552 8756 9237
10114 10008 7934
8887 8238 9533
9940 9244 8847
10296 9777 8172
9351 9530 8863
9958 9281 8823
10764 9499 7909
11239 8768 7036
9717 10163 7934
10764 8734 8282
10254 9858 8186
10741 8394 8356
10192 9572 8472
9212 9483 8976
10301 8419 8881
8960 9184 9231
8805 9990 8477
9550 8820 9218
10544 9413 8291
10519 8834 8610
11213 8841 7018
10172 9967 7952
10405 9473 8351
11282 8293 7002
8302 8171 9632
10791 8964 8227
9806 9959 8240
8844 8653 9470
9842 9967 8229
9811 9128 8998
10304 9061 8727
9075 9163 9201
11190 8491 7450
8469 8863 9457
8754 9695 8831
9846 9624 8620
8830 8958 9377
9938 9533 8673
9809 9553 8719
10278 9548 8415
10101 9144 8837
10044 10021 8009
9714 9415 8850
9584 8290 9341
10466 9627 8197
8870 8354 9545
10015 10093 7822
9109 9505 8993
11037 9271 7392
10323 9872 7990
10753 9578 7773
9158 10351 7668
10202 9987 7842
10602 9658 7931
9670 10361 7236
9164 9958 8456
10859 9262 7992
10729 9597 7790
10991 9165 7728
10869 9004 8138
8956 9613 8868
9266 8857 9319
10525 9189 8486
8898 8675 9457
9934 10235 7533
8958 9471 9018
9575 9877 8453
10375 9964 7595
9475 8118 9415
8813 8813 9444
9715 9219 9022
8882 9069 9296
9832 9538 8745
10534 9693 8010
9657 9059 9099
10073 10122 7770
8999 8437 9509
10005 9964 8121
10358 8839 8779
9706 8618 9234
9123 8170 9502
10937 9168 7912
8997 10238 8021
9352 9397 8998
9135 9937 8462
9352 9966 8441
9956 9613 8552
10166 8940 8863
9145 10134 8175
9272 10202 8030
10951 9172 7868
9382 9269 9078
9564 8666 9292
8833 8666 9467
9492 10260 7812
9178 8985 9285
10280 9652 8310
10078 10184 7253
10343 9085 8684
9396 7922 9435
8893 8222 9563
11316 8480 6674
11072 8746 7723
10716 9342 8214
10529 9627 8088
10411 9551 8272
11135 8636 7631
10408 9367 8466
10125 9145 8802
9971 9885 8266
10112 10073 7756
9086 8587 9436
10536 9824 7695
9591 9322 8984
9919 9431 8721
9809 9980 8199
9224 10346 7744
9332 8739 9325
8919 9890 8590
9942 9500 8683
8820 9146 9273
10698 8981 8380
9086 8400 9474
9882 8868 9059
8963 9163 9221
9767 10176 7846
10048 10013 7974
9173 10015 8383
9961 9182 8873
9234 10206 8039
9704 9361 8869
11145 8672 7628
10345 8956 8736
10875 8817 8123
10643 8913 8458
8646 10431 7385
10000 10030 8021
9732 9344 8887
8428 8488 9583
8466 8696 9518
10270 8950 8798
8831 10174 8152
11086 8613 7757
9571 10140 8047
9739 8475 9241
9643 9962 8348
9257 9785 8648
8838 9128 9289
10435 9333 8453
9865 10282 7386
8807 8924 9386
8948 9104 9286
9784 10162 7932
8573 10153 8223
8870 10261 7951
10270 9161 8749
10595 8988 8499
10380 8686 8769
9892 9447 8729
8405 8997 9376
10160 9483 8541
10096 9452 8642
9323 8791 9319
10440 9470 8349
10144 9256 8710
9084 9453 9010
9021 9383 9088
10471 9387 8399
9868 9936 8226
10088 8857 8939
9226 10353 7656
8816 10281 7930
9919 8772 9099
10985 9289 7530
10122 8764 8980
9174 9404 9028
10247 8309 8958
9999 9667 8504
9323 9280 9112
10296 9943 7903
11227 8681 7234
9686 10188 7881
9464 10260 7886
9459 9419 8922
9381 9768 8635
10733 9582 7859
10076 10146 7642
9172 10120 8215
10064 8737 9008
11169 8664 7470
9463 9616 8769
9963 8978 9005
10237 9965 7945
10916 8672 8064
9657 9523 8800
9706 9985 8267
10130 9995 7980
9467 9703 8712
9922 9292 8829
9683 10259 7715
10567 9230 8428
9358 10067 8274
9767 9756 8513
9383 8835 9294
10095 9591 8534
10519 9285 8434
10762 8360 8340
10929 9137 7946
9839 9979 8225
10199 9945 8003
9455 10139 8085
10083 10004 7980
10001 10052 7956
10900 8947 8086
9921 8983 9015
9773 9797 8496
8756 7784 9604
10592 8577 8550
9158 8507 9438
10561 9190 8455
9812 8566 9211
10060 8998 8920
10477 9852 7742
10069 8902 8942
9551 8430 9340
9871 9690 8536
9217 9180 9172
8577 10306 7886
10156 9201 8760
10292 9442 8528
9148 9143 9230
10469 9265 8479
9685 10186 7890
9652 9523 8815
9801 9159 8973
10404 9437 8373
10273 8756 8874
10964 9193 7858
10528 9468 8261
10544 9667 8031
10105 9611 8488
9948 9994 8137
10236 9907 8040
10467 9205 8538
9957 10228 7654
10167 9759 8266
9351 9696 8722
10481 8378 8696
10346 9144 8636
9471 9306 9006
9759 10244 7694
8674 9302 9182
10373 9481 8401
9082 9898 8557
10014 10142 7661
9720 9927 8368
9980 10119 7783
9970 9238 8839
9196 10294 7867
9766 9242 8949
9171 10374 7570
9785 9694 8584
9846 9800 8472
9506 10050 8234
9450 10395 7205
8838 10378 7600
9990 9470 8669
9787 8635 9194
9485 9258 9066
10003 8831 9015
9838 9663 8617
9035 9435 9016
8381 8303 9615
9828 9136 8962
8240 8163 9646
9223 9274 9116
10541 8594 8621
10313 9696 8258
11307 8296 6912
9189 8331 9462
10565 8634 8565
9221 9365 9069
9649 9150 9044
9857 10066 8021
10097 9212 8794
10874 8659 8144
10144 9030 8895
9975 9267 8801
9471 9589 8789
10704 8372 8405
9586 9506 8837
9772 9674 8596
10555 9654 8031
9860 9610 8604
9736 9756 8523
10223 8548 8937
9576 10351 7484
10276 9173 8677
9680 10106 8095
9990 10151 7719
9792 9370 8859
9583 9830 8521
10410 9388 8462
10192 10013 7901
10126 9415 8629
9197 9914 8508
9738 10301 7533
10686 9675 7845
9902 9126 8964
9529 9705 8662
9718 10183 7857
10727 8761 8338
9559 9034 9183
9603 9360 8914
11017 9220 7501
11072 8664 7797
10820 8407 8243
9735 10317 7427
9834 9342 8831
9609 9990 8315
8827 9926 8538
9634 9832 8493
9229 9922 8497
9875 9906 8339
10008 10146 7667
10397 9267 8551
9688 8757 9203
9992 10095 7869
9758 10181 7820
9944 10047 8036
9583 10133 8078
8651 10290 7929
9349 9636 8781
9071 8662 9402
8917 8776 9408
9002 9835 8647
9461 10236 8014
10168 9942 8046
9058 10147 8184
9926 9892 8266
9550 9797 8564
9549 9842 8496
9101 9607 8851
9559 8780 9220
10372 9297 8533
9987 9671 8544
10622 8597 8523
9601 9569 8763
10041 9354 8732
8878 8775 9417
10148 9593 8452
10013 9470 8667
10307 8373 8871
9784 9031 9058
10244 10120 7440
9539 9193 9054
9663 9797 8520
9719 8850 9150
10219 10034 7706
10065 8702 9018
10539 9313 8379
10876 9397 7844
9133 9356 9079
10004 9608 8581
10553 9395 8263
9142 9935 8462
10418 9548 8272
9766 9028 9064
10141 9660 8410
10305 9141 8659
10811 9488 7779
10993 8823 7901
9803 7911 9272
10018 10114 7781
10218 8554 8972
8612 8554 9523
10480 8772 8666
10360 9528 8345
8843 10271 7987
10062 9710 8426
9663 9997 8270
10457 9890 7532
10391 9479 8385
10365 8878 8755
9409 9295 9072
9155 9931 8495
9957 9346 8799
9920 9056 8976
9949 10072 7965
8998 10029 8380
10390 9884 7832
10834 9384 8025
9720 9669 8618
10186 9129 8774
10337 9312 8553
10436 9806 7957
9754 9695 8578
9397 9603 8796
10594 9476 8141
10133 8930 8916
10533 9578 8128
9314 9338 9025
10781 9479 7941
9383 9803 8587
10913 9210 8036
9517 9331 8982
10294 8604 8907
10909 9433 7280
9401 10392 7331
9874 8889 9073
10300 9683 8263
11013 8522 7891
9002 9840 8636
10646 9368 8276
10629 9727 7734
9271 8684 9360
10567 9389 8258
9766 10008 8205
9815 9449 8784
9949 10164 7758
9874 9496 8714
10493 9145 8523
10981 9288 7717
9322 9894 8524
10250 8703 8915
10428 9504 8292
10283 9208 8640
9975 9154 8886
10844 9242 8000
10150 9931 8097
10269 9973 7876
9636 10027 8243
8708 9676 8847
9857 9917 8296
9507 8667 9287
9683 8275 9313
8838 9241 9204
9924 10246 7542
9791 10006 8214
9294 8885 9284
11246 8684 7091
9846 9511 8705
9966 9519 8648
9940 9329 8805
10590 8692 8534
10296 9109 8703
10090 9864 8217
10933 9394 7351
10127 9792 8308
10135 10054 7871
10238 8812 8877
9840 10120 7947
10416 9837 7940
10806 8883 8221
10559 8842 8540
8992 9320 9135
8918 10354 7672
9401 10369 7475
9424 8760 9290
10031 10040 7966
10560 9815 7527
9171 10458 7030
8536 9071 9335
9059 9008 9326
9613 8182 9341
9457 10269 7806
8565 9461 9048
10576 9037 8488
10350 9286 8542
9519 9802 8583
10050 9315 8751
9659 8968 9146
9667 9785 8543
9971 9632 8548
10188 9595 8417
10284 9032 8744
10763 8295 8364
9470 10243 7892
10082 10193 7127
9729 8659 9214
8929 10135 8214
10050 9957 8124
9113 10121 8218
10651 9028 8405
10899 8716 8139
9800 9217 8951
10052 10038 7880
8863 9293 9165
8365 9700 8819
10363 9324 8528
10304 9949 7812
9229 10422 7189
10376 9709 8160
9752 9280 8956
10117 9676 8402
9213 9816 8625
9903 9296 8828
9766 8033 9277
10789 8583 8306
9563 9611 8757
9997 10222 7463
9927 10235 7538
8130 8184 9649
9485 9715 8695
9345 9762 8651
9956 9292 8819
10589 9630 8034
10143 9434 8601
9816 9297 8901
9741 9063 9065
9585 10289 7732
9068 8920 9330
10051 10074 7858
10132 9762 8281
10539 9801 7889
9762 9899 8340
11165 9046 7392
8331 8526 9552
10418 9018 8671
9828 10263 7664
9924 9925 8218
10124 9876 8204
10604 9482 8133
10424 8919 8698
9931 9701 8515
8367 9021 9364
10053 8643 9040
9471 8803 9266
9960 10252 7526
9881 9760 8472
8844 8624 9483
10283 9380 8553
10173 9986 7948
10290 9469 8451
10404 9817 8015
9410 8748 9301
9790 10211 7741
10400 9275 8515
10249 9985 7870
10044 9414 8724
10454 8977 8611
10486 8495 8669
9242 9543 8933
9672 9763 8562
10168 9220 8748
9792 10063 8071
8804 10035 8409
10301 9417 8529
9746 9754 8564
8804 10357 7747
9437 10165 8068
10740 9140 8235
9737 9436 8824
9980 9874 8309
9843 9708 8528
9101 9280 9125
10408 8844 8723
9675 9869 8441
10809 8841 8211
10141 9761 8334
10564 9068 8480
10062 8415 9097
11210 8913 6967
9639 8960 9160
10073 10125 7683
9690 8604 9250
10154 9264 8709
9904 10058 8082
8903 9460 9026
9076 10196 8095
10722 9627 7637
9475 9811 8569
9715 9769 8542
10714 9020 8338
10335 8786 8820
9993 9241 8823
9632 9990 8287
10295 9199 8641
10290 8858 8826
9819 8894 9113
9862 10130 7910
10171 8950 8857
9484 9095 9144
10299 8120 8928
9142 7885 9498
9854 9783 8480
10834 9497 7610
9377 8746 9320
10097 9500 8581
10382 9919 7846
9479 10137 8112
9600 9921 8386
9677 8424 9289
10219 8825 8882
10279 8902 8812
10232 9378 8615
9335 10112 8196
10093 9954 8039
10378 9676 8201
10149 8821 8925
10153 9952 8056
9592 9717 8624
10733 9611 7488
9667 9964 8326
9254 9243 9170
9818 8630 9158
9611 10216 7873
9639 8879 9183
9727 10163 7887
10256 9654 8318
10145 10058 7781
8505 8867 9432
10536 8289 8629
10603 9157 8416
10419 9706 8075
10108 9057 8859
10414 9738 8094
9897 9383 8810
9544 9360 8947
10133 10116 7686
9260 10309 7771
9845 9367 8815
8791 9977 8486
9613 9709 8634
9672 9954 8357
9928 8896 9037
10651 9691 7870
10457 8745 8699
9095 9022 9285
9392 8368 9408
11189 8678 7395
9302 9343 9049
9588 10218 7898
10132 9064 8856
9371 10044 8299
9877 10265 7489
9087 9969 8444
10548 8914 8543
10106 9198 8820
9687 10079 8125
10437 8824 8722
11261 8765 7042
8564 9644 8895
10983 9137 7836
9711 10331 7506
9886 8381 9202
10147 9431 8597
9899 9595 8603
9723 9356 8891
9845 9907 8313
10534 9108 8527
8791 8988 9366
10313 9974 7761
9975 9332 8774
10765 9496 7924
10701 8757 8388
10428 9877 7780
11139 8812 7561
9363 10004 8343
9732 8826 9155
10554 9456 8240
10389 9950 7739
9969 9223 8845
9634 9084 9092
9975 10129 7752
10385 9211 8597
8715 9876 8649
10030 9914 8176
10278 9545 8418
10064 9760 8392
9194 9112 9237
9842 10084 8049
9455 9314 9019
9922 9704 8499
10407 8830 8725
9698 10081 8065
9634 10170 7992
8902 9205 9222
10483 9125 8537
10535 8961 8540
10677 8500 8452
10245 8446 8933
9154 8986 9281
9134 8918 9330
11095 8695 7738
9203 10242 7992
10123 9648 8464
10291 8793 8850
9554 10166 8042
10240 9582 8456
8770 10292 7902
10163 9178 8756
10330 9198 8654
9390 8749 9313
9674 9637 8669
10008 9985 8080
9527 9851 8503
9542 9674 8694
10028 9286 8795
10174 8747 8923
8845 9035 9341
9554 8271 9368
10503 9304 8392
9068 8640 9434
8391 7650 9672
8854 9524 8954
9730 9656 8660
9583 8701 9245
10178 9474 8558
10583 9520 8190
9252 9635 8807
10414 8967 8684
9933 10117 7911
9591 8885 9196
9024 10057 8374
10623 9467 8134
10719 9645 7619
9542 9127 9127
10223 8724 8903
10485 8921 8660
9771 9960 8292
10452 9114 8586
9926 10265 7232
9300 8794 9325
9711 9459 8818
10572 9747 7858
10117 9707 8397
9277 8792 9328
8742 8376 9555
9476 10410 6784
9335 8669 9355
9013 10240 8004
10482 9277 8462
8690 9263 9181
9013 8938 9340
10881 9423 7765
10371 9573 8297
10118 8842 8934
10008 10142 7716
10445 9369 8402
9166 10382 7585
8582 7883 9634
9797 10335 7333
9377 9327 9059
9364 8723 9332
9094 9473 8996
8791 10098 8326
9601 9682 8678
9894 9851 8345
9398 8994 9224
9351 9077 9180
10565 9003 8504
10347 9079 8660
9163 8908 9334
10146 8888 8904
8871 9963 8502
9670 9378 8886
9285 9817 8600
10179 9865 8148
9172 9371 9037
8862 10089 8334
10787 9030 8241
10359 9253 8586
8711 9518 8986
9948 8261 9227
9338 8828 9299
8978 8475 9491
10218 9077 8779
9416 9441 8930
10493 8516 8658
10291 9757 8229
10323 9357 8541
10159 9805 8224
10419 8654 8770
9368 9616 8815
10738 9282 8226
9011 10261 7934
10070 9991 8016
8914 9484 9024
9210 9251 9128
10468 8962 8646
10535 8395 8650
9159 10186 8121
9504 10044 8253
9534 9614 8774
10757 8778 8283
9302 7855 9438
9870 9515 8691
10308 9053 8707
9671 9447 8862
10948 9326 7693
10307 8567 8856
9153 10441 7374
8993 8176 9555
9967 10102 7829
10354 9728 8242
9354 8570 9363
10726 8811 8330
8683 9380 9119
8937 10408 7460
8988 8782 9396
8500 9552 8983
10168 9580 8473
8984 9506 8975
8801 10259 8030
9239 10248 7976
11206 8910 7223
10527 9600 8130
9294 8270 9435
9872 9926 8221
10519 9172 8519
9724 10207 7827
10253 9583 8427
9536 10103 8180
9304 10302 7754
8952 9721 8747
10213 9768 8251
9907 10067 8016
10313 9300 8575
9652 10014 8217
8890 8109 9574
9857 8697 9127
9694 9495 8787
9504 10280 7737
9728 9717 8588
9539 9472 8872
9464 9859 8530
9947 9870 8339
10615 8406 8538
10174 8704 8942
10927 9077 8005
11107 8929 7526
9334 9538 8865
10009 9262 8796
9338 9840 8535
9768 9870 8384
10636 9694 7751
9961 9400 8755
9836 9986 8177
10578 8599 8563
9851 9624 8603
10270 9201 8673
9232 8771 9360
11172 8826 7415
10544 9692 7955
9199 8229 9477
11165 8488 7540
9206 8593 9418
9943 10233 7537
10609 9599 8032
10497 9544 8247
10386 8682 8767
10976 9353 7475
9165 8865 9371
10274 9892 8078
9789 9866 8381
10213 9485 8521
9887 9015 9011
10336 10030 7556
9199 10347 7679
10500 9486 8269
10438 8977 8651
9727 9669 8601
8808 10229 8031
10175 9414 8615
8593 8605 9530
9439 9322 9042
10762 8730 8321
11042 8920 7788
11121 8795 7571
10376 9981 7384
8844 8269 9552
9549 9997 8344
10626 8784 8472
8793 9130 9309
9047 9528 8947
9814 8880 9125
10844 9513 7214
9703 10166 7954
10075 8810 8992
10006 9328 8764
9690 10103 8043
10190 8715 8939
9991 9249 8822
10676 9074 8388
10788 9259 8116
9670 9997 8265
9395 10241 7938
10443 9867 7907
10015 9983 8085
10503 9191 8477
10302 9961 7815
10431 9373 8425
10579 9401 8246
10815 9488 7763
8884 8648 9477
10257 8761 8868
9426 8837 9289
9665 10330 7513
9971 10057 7989
8877 10298 7901
8722 9469 9032
10379 9888 7910
9669 9492 8808
9965 10125 7842
9587 10105 8152
9849 8937 9072
10370 9672 8206
10716 9229 8299
10752 8808 8281
8888 9223 9226
10119 8315 9079
9878 9592 8633
10977 9350 7315
9814 8461 9200
9808 9306 8881
10203 9047 8809
9360 9238 9098
9750 10272 7597
9636 9789 8537
9931 10193 7697
11146 8592 7584
10563 9711 7896
9277 9816 8605
10334 9468 8482
8469 10011 8451
10023 9975 8070
9831 9470 8762
9956 10100 7905
9263 10215 8031
11196 8818 7257
10308 8308 8895
10492 9757 7920
10432 9947 7654
8861 9770 8719
10187 9547 8478
9300 8198 9450
10447 9824 7880
9267 10127 8196
10705 8632 8388
10207 8417 8975
8962 9693 8798
10420 9546 8302
9204 10257 7970
10065 9161 8867
9938 9194 8876
10685 9619 7856
8876 10093 8321
9220 9908 8535
9422 9415 8986
10478 9082 8584
9625 9359 8949
10364 9947 7829
9024 8228 9535
11003 9240 7676
10691 9561 8056
10495 9078 8533
8533 8361 9612
10808 9492 7756
9937 8264 9166
10033 8344 9132
9731 10111 8026
8838 10392 7544
9154 9084 9247
9707 9405 8862
10926 9374 7734
10138 9470 8578
9722 9466 8793
10177 9959 7951
9906 7978 9253
9056 10064 8317
10621 8976 8478
9718 10003 8238
9767 9097 9035
10009 10232 7438
9110 9484 8968
8439 9939 8538
10053 9553 8589
9235 8828 9336
10033 9286 8780
9866 10210 7730
9482 9290 9035
10280 9792 8139
9243 9686 8749
9776 8658 9186
9680 10235 7843
9940 9025 8982
9333 8141 9432
11080 9189 7581
10249 8810 8877
10538 9039 8520
9291 9899 8543
10353 8720 8788
9317 9483 8928
10841 9542 7303
9282 9583 8892
8842 9074 9289
10689 9253 8253
10343 9500 8438
9849 10071 7997
9858 9362 8826
11281 8296 7162
10220 10049 7687
9889 9693 8519
9002 9632 8852
9721 9449 8814
9863 8696 9145
9822 8608 9171
10231 9443 8591
9738 10061 8122
9551 9327 8977
9962 8555 9159
8934 10220 8034
10202 8836 8871
11105 8517 7717
10073 8901 8945
9096 8542 9468
10180 9654 8371
9749 8571 9218
9850 8911 9054
10050 9865 8271
9969 9172 8893
9595 10296 7651
8973 8696 9429
9944 9220 8866
8930 10162 8167
9096 9698 8766
10490 9374 8394
8941 9313 9161
10152 9497 8552
9856 9942 8274
10355 9971 7503
9733 10069 8137
8827 10174 8198
9812 10097 7990
10146 8690 8996
10743 9072 8234
8171 8429 9609
8821 9639 8868
8601 8813 9454
9748 10266 7616
10451 9888 7601
10732 9018 8320
10095 8980 8909
9717 10070 8111
10203 9813 8212
10142 9312 8704
9046 9949 8505
10201 9875 8111
10162 9902 8089
11221 8461 7328
10042 9582 8569
9787 10171 7866
10168 9673 8398
10089 8621 9037
10134 9962 8036
9558 8213 9345
9451 9917 8454
10405 9799 7974
9204 9348 9075
10401 9732 8142
10043 9896 8198
9312 8328 9418
10130 9362 8652
9976 8439 9154
10212 10047 7729
9352 10412 7194
9303 9750 8694
9807 9433 8785
9772 9960 8252
9703 9037 9098
9596 9099 9123
9971 10182 7651
10249 8963 8817
9579 9188 9061
8829 9833 8653
10030 10108 7809
10647 9303 8300
9277 9344 9088
8582 8562 9536
9190 9926 8524
10515 8606 8654
9228 8387 9441
9760 10039 8164
8380 8095 9645
9781 10223 7732
10077 10211 7336
9195 9394 9015
9714 8416 9292
10620 9044 8445
10016 9761 8434
11323 8234 6703
10177 8862 8890
9398 10024 8312
9728 9051 9095
9992 7954 9196
9393 8466 9382
9388 8156 9416
10191 10061 7696
9290 10250 7948
9092 9720 8749
8289 7900 9664
9864 8831 9083
9371 10274 7883
9356 9851 8532
9838 10176 7797
9641 8496 9289
10741 9535 7853
9856 9622 8599
10102 10175 7314
9520 10327 7584
10659 9331 8225
9319 8312 9424
10449 9905 7500
10459 8603 8708
10147 10064 7762
9667 8666 9234
10631 8603 8503
10201 9665 8361
10769 9467 7976
9753 9341 8886
9965 10132 7822
9530 8920 9221
10340 8443 8838
10796 9317 8043
9708 8837 9159
9151 8523 9432
9439 8318 9406
10610 9738 7612
10006 8805 9006
10249 9653 8334
9821 9694 8559
10236 8488 8940
9811 10133 7929
9857 9577 8667
9096 9806 8672
10474 9031 8597
10028 9173 8880
9517 8090 9387
9793 9091 9022
11077 8896 7705
8831 10392 7596
8515 8499 9568
9272 10193 8090
9280 9859 8565
9317 10030 8300
10616 8635 8507
10188 8912 8864
9886 10185 7781
10816 9530 7602
9024 9314 9114
9643 8360 9300
9086 9291 9160
9034 9078 9265
9646 8613 9250
10326 8964 8759
10145 10055 7868
9757 10219 7752
8327 8620 9522
9702 9717 8600
9302 10017 8343
8982 8785 9404
10119 9241 8750
10101 9103 8850
10286 9024 8751
10057 10130 7693
8877 8677 9445
9497 9036 9199
9719 9734 8594
9087 10213 8081
9543 10116 8109
10855 9209 8083
10582 8650 8550
9409 9027 9209
9706 10098 8033
11222 8818 7007
9039 9712 8760
10076 9172 8838
11179 8988 7037
10443 8775 8692
10157 9301 8699
9878 9151 8955
9817 9129 8977
11015 9280 7516
9670 9447 8876
10400 8375 8805
9627 8696 9232
10748 8760 8314
11140 9043 7482
10559 9704 7911
9754 9189 9003
10375 8941 8731
10358 9660 8218
9916 9421 8723
10524 8665 8617
9025 8413 9487
10845 9215 8035
10159 9548 8517
9334 9750 8692
8833 8293 9570
11096 9081 7504
9304 8359 9418
10438 9348 8429
9636 9902 8452
10538 9479 8220
9811 9712 8544
10317 9580 8401
9448 9294 9040
9902 9248 8889
8587 9772 8750
11251 8313 7237
10822 8756 8231
9757 9191 8994
10571 9454 8257
10142 9234 8763
10246 9206 8704
10675 9695 7560
10153 8872 8912
9960 9614 8549
9641 10115 8066
10440 9701 8078
10354 8865 8764
8652 10066 8354
10421 9379 8436
8941 10067 8348
10862 8911 8142
9023 9379 9090
9019 10194 8122
9502 9132 9120
10430 8996 8651
9208 8834 9352
9960 9145 8896
9753 10303 7478
10902 9397 7594
10312 9970 7791
8713 8386 9551
10155 9219 8777
10778 8701 8277
9606 8299 9325
9403 10332 7614
9889 9727 8512
10226 9387 8605
9360 9954 8420
10281 9409 8543
10223 9518 8520
9217 8411 9459
10310 9995 7599
9800 9136 8974
10807 8501 8262
10180 9063 8814
9608 9270 8988
8827 10368 7671
10374 9775 8051
9602 9115 9091
10032 9679 8464
9993 10132 7748
10103 9963 8030
10477 9066 8587
10776 9601 7690
10909 9159 8049
9403 9475 8942
9689 8995 9116
11091 8943 7662
9904 9731 8488
8867 8799 9435
10037 9245 8814
9838 9156 8948
10331 9124 8661
10693 8992 8367
10819 9138 8129
10835 9265 8059
10138 9860 8153
10901 9400 7754
10461 9314 8477
10148 10079 7740
8884 9012 9354
10054 9559 8568
9348 10426 7039
9690 9935 8340
9717 10235 7699
9979 9399 8726
9993 10192 7614
9758 9032 9058
10035 9615 8518
9364 10121 8161
9147 9514 8942
9280 10256 7959
10626 7986 8541
9232 8208 9461
10507 9242 8464
9835 9826 8428
9550 9961 8405
10176 9066 8798
9692 10073 8122
10469 8897 8670
9249 8349 9459
9579 9273 9005
10187 8978 8839
9521 10201 7948
9706 10343 7267
9552 9247 9024
9987 9322 8784
9108 9148 9223
10327 8899 8783
10555 8972 8507
9091 9252 9154
9529 10243 7853
9232 10117 8264
10016 8945 8962
9846 9139 8956
10059 9744 8434
8893 9855 8633
10041 8695 9021
10389 9558 8287
9514 10277 7755
9972 9264 8802
10697 9659 7696
10116 9593 8502
9032 9714 8760
9741 10061 8099
10138 8465 9032
10377 9455 8397
9764 8472 9234
9274 9123 9203
10259 10007 7749
10346 8891 8760
9078 9258 9169
10053 8959 8949
9711 9004 9100
10698 8638 8389
10313 9109 8693
8893 10151 8198
9975 9137 8916
10971 8770 7974
9103 9674 8785
9448 10295 7803
10260 9214 8679
9843 9106 8983
10118 9923 8166
10215 10036 7725
8970 9079 9273
10015 9693 8451
8926 9408 9071
9912 10256 7495
10242 9684 8331
9027 10406 7411
10659 8655 8452
9858 8419 9207
9726 9762 8534
10059 9177 8837
10238 9969 7915
8848 9228 9219
8925 8717 9416
9967 9264 8817
9404 9523 8881
10073 8589 9063
10462 9509 8261
9588 10124 8032
9571 9656 8696
10508 9723 8011
10110 9855 8271
9552 9134 9109
9372 9944 8441
9444 9053 9174
10052 10128 7705
9689 10242 7721
9409 9554 8843
10171 9783 8218
10416 8399 8795
10600 9699 7902
10043 9517 8593
10150 8601 8992
9331 10373 7586
9582 9244 9027
9807 10217 7727
9599 9728 8612
9289 8285 9454
9652 10197 7895
10172 8701 8976
9288 9922 8468
10840 9491 7673
9585 10019 8255
9624 8664 9239
11275 8439 7077
10105 9413 8661
9196 10120 8199
9915 10136 7816
9734 10144 7965
9297 10026 8329
10487 8685 8667
10040 8647 9030
10490 9788 8029
10172 9877 8087
10055 8552 9087
9592 9478 8841
10234 9188 8713
9238 10375 7560
10428 9175 8544
10781 9583 7481
10452 8184 8738
8828 9881 8606
9820 9738 8494
10798 9491 7924
10395 9366 8495
10324 9967 7772
11147 8528 7567
9652 10087 8100
9395 9938 8435
10564 8732 8594
10600 9211 8392
10425 8942 8668
10108 9546 8530
8918 9441 9050
8978 9712 8794
9219 9407 9011
10742 8861 8296
9267 9301 9093
8980 10020 8410
9791 10009 8173
10372 9988 7313
10533 9848 7413
9496 10375 7412
10332 9069 8706
9628 9097 9103
9524 9090 9151
9796 9161 8975
9466 9119 9149
9920 10177 7742
10511 9821 7785
9311 9765 8658
9547 9849 8477
9397 9662 8762
9759 9100 9041
9333 9795 8624
10854 9362 7922
11066 8940 7752
9169 10425 7287
9377 8581 9342
9690 10124 8018
10101 9684 8450
8820 9370 9134
9564 9566 8825
9905 8870 9056
10498 9848 7631
10288 9993 7651
9405 9839 8581
10772 9332 8147
10215 9023 8814
8544 8989 9373
10326 9001 8739
9011 9071 9269
10268 9726 8288
8682 10121 8253
9696 8810 9186
9998 8541 9098
9133 8465 9449
9727 9888 8359
10788 8965 8265
10283 9124 8698
10201 9547 8473
10157 9332 8679
9034 8666 9461
9305 9312 9063
9360 10390 7422
10193 9853 8205
9680 8790 9201
10392 9450 8391
10170 9155 8785
10731 8771 8326
10167 9873 8119
10633 9002 8464
10636 9482 8108
10562 9379 8317
10961 9274 7728
9839 9453 8770
10798 9078 8212
9588 8769 9236
10234 9994 7756
10355 9249 8615
10661 8645 8467
9806 8655 9161
10516 9803 7728
10615 9768 7578
9404 8897 9277
9027 10257 7991
9082 8596 9448
9578 9285 8993
11225 8842 6879
9845 8784 9120
10164 9792 8275
10275 8798 8844
9729 9068 9054
10057 8897 8952
10745 9517 7900
8897 9998 8459
8788 9353 9170
10747 9053 8236
8962 9080 9271
10375 9550 8312
10436 8976 8652
8807 10381 7619
10151 10110 7691
10091 9675 8453
10029 8782 9014
10514 8371 8655
9802 9935 8319
11210 8662 7299
9260 9368 9042
9071 8553 9454
9965 9260 8822
9350 9069 9194
9333 8760 9308
9383 8762 9297
9965 9291 8811
10162 9591 8509
9116 9419 9042
9778 9864 8445
9968 10036 8030
9662 9402 8880
10494 8953 8616
9736 8548 9230
8960 10120 8264
11319 8309 6812
9808 9856 8401
10176 10104 7628
9523 9657 8738
10030 8558 9087
9236 9615 8822
9801 9221 8927
9568 10191 7953
9315 9466 8952
10093 8671 9002
10146 9520 8575
10125 9938 8057
9041 9543 8939
9102 9245 9170
9121 9376 9045
9407 10357 7520
9927 9138 8958
9670 9560 8791
10446 8595 8732
9109 9392 9078
10141 9281 8714
10995 9322 7332
9925 9563 8646
11297 8466 6747
9064 9920 8535
10274 9779 8163
9937 9905 8256
9355 10165 8112
9533 9254 9021
9806 10165 7816
10927 9190 7920
9202 9393 9021
9665 9651 8679
9653 9529 8794
10043 9928 8154
9778 10234 7736
10012 9419 8704
9625 9992 8282
9912 10071 7974
8934 9875 8572
10480 8627 8703
9443 8686 9331
9127 8382 9494
9251 9130 9181
9961 9263 8838
9932 9224 8874
10399 8945 8717
9543 10261 7754
10593 9782 7655
8902 9448 9056
10231 9544 8515
10554 8898 8564
10537 9538 8163
10119 9140 8826
9839 9598 8641
9289 9485 8928
9462 9577 8823
10206 9051 8793
10180 10087 7671
9652 9410 8900
9445 8412 9384
10312 8398 8863
10849 9507 7218
9762 10268 7588
10002 10242 7372
9885 9231 8895
8968 8940 9360
9701 10013 8213
10156 8524 9026
8254 8119 9660
10174 9238 8736
10458 9173 8582
10123 9761 8379
10020 9565 8572
9826 9918 8290
10805 9550 7317
9094 9360 9081
10189 10082 7698
10880 8441 8140
9914 8696 9111
10565 8946 8535
9925 8675 9152
10378 9418 8471
9584 9393 8940
9568 9469 8861
11343 8129 6580
10436 9401 8403
9472 9403 8980
11150 9059 7066
8813 8565 9504
9039 8373 9504
10778 9581 7683
9605 9574 8749
9832 9425 8830
9335 9079 9183
9400 10299 7772
9359 8693 9350
9992 8581 9141
10069 9765 8336
10475 8966 8621
10077 9722 8383
10071 9254 8783
10308 9332 8554
8976 10442 7166
9925 10049 8016
9471 9702 8704
10299 9176 8656
9280 8979 9284
9760 10171 7874
10436 8429 8751
10576 8523 8586
9808 9598 8651
10407 9944 7744
9274 8771 9342
10596 9298 8351
9651 9805 8530
10953 8852 8018
9482 9403 8950
8960 10135 8202
9584 8298 9338
8714 9831 8665
10631 8933 8466
9860 8252 9237
9859 9280 8901
10168 9335 8666
9705 9026 9102
10723 9618 7615
11336 8198 6575
9525 9634 8728
10634 9605 7985
9804 8726 9141
10241 9530 8466
9188 9701 8754
9988 9050 8933
9699 10246 7691
10438 8803 8693
10005 10089 7912
10719 9482 8078
10188 9755 8321
9876 9242 8908
8700 10108 8320
8965 9041 9323
9364 8285 9415
9814 9388 8854
10055 9857 8256
10187 9924 8034
9278 9780 8666
10534 9221 8442
9997 8738 9027
8638 10131 8274
10330 9581 8372
10037 9783 8369
9537 9334 8965
10529 8959 8546
8746 8282 9585
10055 8868 8988
10491 8440 8681
10350 9000 8709
9842 10088 7976
10127 9287 8717
8904 8800 9398
8718 9139 9278
9671 9288 8940
10876 9471 7746
9616 10237 7796
10724 9566 7891
9357 9622 8803
10438 9551 8250
9785 9464 8789
10273 9053 8762
9546 9202 9043
10554 9015 8492
9299 10106 8212
11282 8219 7100
10297 10033 7625
8766 10200 8125
10132 9633 8456
9097 8609 9425
10655 9400 8232
9793 10169 7810
9787 9842 8432
9683 9474 8799
9990 9641 8519
10317 8749 8844
10187 9064 8798
11017 9042 7804
9217 10021 8342
9847 8978 9044
10038 8987 8929
10301 9304 8614
9417 9192 9155
11223 8737 7148
9746 10303 7483
10407 9128 8608
9105 8568 9430
10488 9858 7593
10496 9276 8452
9849 10145 7899
9414 8708 9334
10744 9591 7773
9781 9799 8477
10087 8899 8938
8671 8982 9384
9587 9906 8415
9917 8450 9188
10404 9846 7970
9839 9295 8871
10671 8758 8414
10000 9924 8204
9198 9683 8767
9288 10417 7251
9889 9665 8589
9969 10066 7933
9265 9592 8842
9786 9771 8482
10179 8310 8998
9907 9155 8926
10190 8821 8911
9466 9387 9012
10537 9816 7385
8741 8745 9453
10208 9653 8386
9644 9020 9112
9948 8731 9093
10414 9351 8496
8969 10386 7566
9406 9584 8808
8899 10424 7423
8991 9739 8745
9829 9942 8280
8463 9215 9270
9567 8542 9336
9714 9972 8293
10395 9032 8676
10261 9952 7897
10342 9961 7777
9535 10349 7551
7983 8234 9638
8897 9719 8771
9272 9214 9156
9747 9342 8925
9859 9941 8234
10665 8846 8416
10489 9499 8308
10056 9442 8649
10609 9444 8218
9369 10397 7332
8569 8936 9420
10481 9254 8485
10130 10157 7423
9503 10080 8192
8978 10249 7998
10155 9653 8410
9770 9317 8932
11207 8318 7375
10088 9870 8220
10541 9642 8066
9708 9569 8740
10223 9919 7998
9208 10454 7140
10592 9424 8221
9458 8775 9289
10678 8747 8446
10349 9482 8431
8808 8445 9533
9421 10298 7772
9801 8938 9114
10151 10101 7718
9162 9629 8829
9874 9511 8699
10311 9043 8717
9634 9165 9069
9283 8998 9252
9406 10311 7750
9167 9552 8902
9770 9883 8355
11100 9024 7560
9092 10032 8351
9253 9508 8908
9373 9248 9090
9661 9680 8652
9578 9983 8332
11070 9116 7682
9534 8878 9239
9558 10319 7705
9957 9522 8650
9793 9978 8232
9523 9234 9035
11312 8315 6904
10361 9849 8055
8882 9581 8928
9946 9009 9012
10439 9391 8404
10697 9545 8086
9743 10279 7611
9595 7790 9365
10015 9806 8366
10904 8840 8073
9908 10083 7988
9756 10018 8167
9523 9187 9083
10432 9649 8192
9987 10007 8046
9091 8000 9526
9006 9438 9012
11011 9271 7642
10513 8748 8645
9608 10336 7574
9813 8991 9060
11187 8918 6949
8699 10280 7981
9259 9487 8933
9671 9281 8954
9609 9173 9056
10987 9339 7200
10108 10004 7956
9450 9203 9087
10523 8535 8627
10813 9281 8044
10096 9238 8771
9814 9198 8951
9130 10028 8377
9642 9899 8410
9962 9114 8928
10364 8943 8731
10180 9243 8712
10505 8365 8675
9737 9350 8865
10732 8706 8350
8142 8645 9522
8960 10352 7695
10744 8850 8311
9587 8551 9288
9418 9829 8564
10241 8607 8931
9655 10041 8179
10204 10002 7840
10696 8147 8441
10867 8658 8160
9402 10174 8062
9794 9252 8928
8449 8948 9415
9839 9485 8726
10800 8993 8190
9738 9865 8439
9844 9047 9018
10357 9147 8623
9251 8917 9324
10631 8291 8533
10954 9246 7788
10207 9859 8141
9763 8697 9198
10987 9065 7969
9869 9467 8752
10576 8835 8556
9004 9206 9219
9912 9439 8734
10014 9215 8836
8858 9863 8617
8555 9814 8678
10007 8858 9004
10019 9567 8612
9046 9593 8923
9787 9897 8349
9296 9305 9064
10149 9235 8747
9006 9356 9107
10536 9168 8468
9104 9942 8481
10256 9163 8692
10737 9529 7882
9668 9258 8981
9861 9908 8282
9574 8643 9256
9542 8326 9366
10098 10039 7873
8653 9501 9006
9753 8902 9126
9680 8689 9222
8960 10361 7665
9317 9985 8439
10279 9150 8689
9917 9878 8311
10392 9126 8622
10637 8034 8512
10096 10026 7909
10548 9059 8506
8956 9568 8926
9171 8102 9491
9521 10118 8124
10143 9321 8686
9699 8632 9244
9863 8891 9056
10481 8517 8691
9711 8930 9154
8971 9750 8706
9152 8656 9414
9201 10009 8368
9033 9074 9266
9164 8767 9397
9809 9666 8634
10662 8874 8436
9346 8483 9405
9746 9387 8857
8614 10026 8426
8260 8089 9663
9930 9160 8901
9309 8949 9263
8880 9245 9183
9592 9507 8816
10034 10023 8041
10397 9016 8676
9539 8155 9386
9327 9670 8752
10154 10091 7692
9805 8768 9133
9833 8711 9150
10951 9377 7644
10134 8885 8917
9467 9787 8590
9410 10399 7209
9204 9867 8567
9684 8865 9184
10200 8870 8885
8561 8818 9447
10484 9897 7435
9622 9998 8258
10178 9978 7933
9821 10203 7789
9283 10304 7802
10912 9290 7945
10556 9717 7917
9787 8627 9197
10265 9208 8644
9574 9925 8406
10135 9393 8650
9297 10118 8182
9050 9841 8626
8621 8480 9557
10425 9873 7902
9747 9558 8736
9607 9535 8806
9930 10134 7836
9043 9735 8720
9615 9568 8797
9051 10290 7918
10144 9143 8810
10452 9887 7554
10492 9052 8591
10387 9901 7789
9254 8472 9434
9423 9195 9090
11179 8933 7202
10289 9156 8670
10217 9142 8755
10817 9527 7442
10104 9478 8637
9826 9540 8712
10324 9990 7716
9156 10060 8321
10062 10215 7513
9869 9743 8485
9651 10340 7336
9689 8830 9170
10608 9520 8087
9860 9366 8821
8763 9247 9191
9822 9962 8231
9773 10338 7400
10422 9821 7970
10336 9540 8347
10755 9603 7376
10747 9640 7311
9742 8640 9204
9873 9576 8675
9544 8826 9221
10276 9206 8649
11027 8955 7748
10014 9328 8751
10856 8741 8188
10278 9475 8466
10229 9909 8048
9416 9604 8794
8684 8037 9629
9593 9933 8399
10476 9091 8538
11209 8739 7361
8705 9121 9319
10300 9163 8655
10617 8283 8558
9164 9309 9101
9943 10115 7879
9787 9339 8861
10866 8646 8172
10830 8983 8201
9734 9714 8599
9585 9689 8684
9197 9779 8691
10245 9956 7895
9323 10005 8337
10305 9540 8436
10148 9987 7947
10305 9320 8565
10933 9389 7527
9320 10440 7051
9093 9547 8931
10693 9357 8188
10479 9854 7668
10401 8595 8776
10229 9118 8761
10334 9767 8127
10004 9945 8183
10468 9593 8212
10165 9451 8570
9130 9726 8733
10314 9118 8667
10321 8575 8831
10314 9481 8440
9825 10153 7822
9039 8344 9517
10275 9323 8590
9638 10066 8167
9848 9610 8607
10203 10013 7827
8966 8709 9412
8668 9533 8964
9393 8576 9346
10369 9073 8663
9831 8038 9258
10133 8614 9007
10041 9154 8870
10546 9048 8507
10222 8439 8942
10361 9695 8216
9859 9297 8850
10082 10078 7819
9522 8887 9230
9923 8766 9105
9938 9420 8758
9846 10109 7955
9445 9811 8581
10348 9997 7481
10590 9761 7696
8176 8386 9595
10428 8807 8735
10423 9510 8327
10196 9949 7971
10259 8644 8907
9963 9180 8874
9766 9883 8414
10793 9294 8090
9586 9198 9049
9791 9139 8987
9329 9183 9165
11071 9078 7594
10551 9691 7971
10279 9639 8344
10976 8660 8028
11141 8901 7485
10721 8196 8372
9555 8300 9337
10653 9475 8096
10943 9243 7857
9711 8626 9228
10597 9675 8030
9902 10253 7509
9020 9059 9280
10050 10070 7888
8935 10424 7394
10167 9595 8433
9035 9418 9067
9661 9598 8708
10844 8993 8186
10362 9389 8504
9057 10428 7386
9625 9916 8379
9719 9399 8848
9558 9075 9126
10535 9000 8535
9704 9105 9081
9700 9409 8858
11086 9046 7666
10589 9565 8090
10054 8310 9098
9984 8988 8984
9065 9057 9260
11197 8396 7416
9884 9089 8988
9528 9874 8485
9484 8967 9204
10591 8991 8483
10447 9814 7930
10219 10117 7530
10338 9420 8467
10332 9042 8728
10827 9508 7688
10610 8971 8523
10765 8669 8306
11336 8124 6673
10154 9343 8665
10389 8612 8806
9558 10226 7870
9838 9550 8702
10266 8264 8955
9835 9713 8513
8990 9055 9320
8827 8696 9464
10080 9528 8561
10349 8702 8817
9337 10200 8025
10301 9792 8124
9974 10215 7590
9691 9632 8703
10154 9887 8126
11116 8898 7575
9620 8753 9243
8972 10372 7620
9320 8794 9323
10526 8466 8634
10472 9817 7840
8710 9583 8962
8605 10301 7901
9620 10367 7324
10391 9285 8558
9965 9584 8624
10324 9411 8490
9271 9910 8507
9127 8805 9383
10567 8901 8538
9045 9691 8785
10710 9392 8093
10367 9964 7687
9593 10371 7062
9586 9619 8752
10686 9300 8250
9763 9762 8501
8897 10123 8250
9224 9584 8863
10676 9398 8126
9597 10266 7740
9948 10159 7814
9943 9145 8897
9678 9874 8424
9980 9218 8835
10535 8870 8576
9498 10385 7343
9855 10194 7775
10071 9907 8171
9930 10096 7952
11037 9197 7490
9230 8736 9371
10098 10138 7676
9939 9323 8826
9739 9154 9018
10227 8409 8957
10034 9970 8080
9799 8606 9174
9608 10177 7948
9654 8838 9214
9994 9911 8245
9076 9184 9197
10637 9732 7714
9222 10195 8041
9858 9476 8729
9858 9062 8992
9921 9388 8799
10581 9200 8435
11216 8832 7182
10163 10121 7643
9747 10254 7669
9707 10241 7710
10244 9685 8301
9558 8850 9214
10319 8713 8836
9627 9155 9081
9795 9737 8508
9564 8859 9202
10271 8308 8928
9887 9339 8813
9561 10378 7358
9896 9579 8638
10715 8406 8389
8837 8741 9450
11030 9172 7594
9738 8865 9144
9621 9171 9051
10131 9129 8832
10345 9772 8082
10035 10080 7898
10263 9295 8665
10501 9602 8198
10504 9822 7769
10305 8521 8879
9104 9455 9009
10747 9392 8090
9747 9593 8697
9013 9870 8608
9047 9519 8954
9911 10144 7816
9243 9799 8664
9969 9110 8930
8923 9782 8711
8897 9511 8987
9220 9805 8637
9319 9847 8534
9314 9766 8645
9003 10294 7887
9607 10366 7354
8004 8308 9617
10838 9435 8012
11270 8561 7148
10937 9293 7855
9484 9760 8627
10385 9066 8640
9850 9601 8607
10239 8995 8778
10583 8836 8528
9245 9930 8468
10754 9600 7700
10467 9436 8341
8905 8167 9565
10401 9449 8412
10299 9964 7862
9503 10040 8283
10077 10172 7404
9486 10392 7270
9274 8169 9472
9909 10232 7623
10431 8652 8733
8970 10143 8197
8911 8399 9532
10057 10046 7878
9928 8822 9091
9294 9625 8813
10337 9104 8662
9485 10171 8010
9234 8648 9395
9734 8576 9276
9691 8718 9221
9857 9690 8582
9759 9920 8329
9559 9836 8485
9535 10407 6903
8999 8408 9522
9618 8950 9166
9920 8599 9164
9336 9838 8584
8589 8862 9437
11307 8222 7010
10382 9745 8097
9694 10267 7670
9445 8833 9278
8939 10362 7665
10282 9945 7873
10722 9389 8180
9071 9624 8852
9864 9934 8236
9908 9922 8227
9412 10324 7640
10735 8168 8378
9068 10133 8226
9440 10266 7822
10940 8983 7986
10919 8467 8093
10526 8620 8607
10491 9765 7942
8567 9140 9308
10087 9394 8692
9689 9318 8930
9269 9299 9092
9902 9207 8941
10522 9432 8373
9504 9970 8351
10465 8723 8676
9789 8949 9108
9046 9480 9008
10338 9160 8619
10162 10042 7804
10116 10064 7851
11241 8402 7183
10036 8913 8991
10944 9249 7834
10409 9642 8225
9797 9626 8669
10046 9990 8068
10865 9025 8127
10098 10125 7680
10960 9333 7550
9284 8891 9295
9969 10121 7779
10737 9610 7412
9753 9993 8230
10271 9493 8453
9648 10250 7753
11157 8759 7430
9874 10241 7617
9415 9797 8586
9383 9916 8502
10394 9594 8276
9191 9551 8906
9383 9268 9076
9610 9179 9035
11029 9203 7508
9358 9629 8773
10278 8623 8901
9542 8749 9255
8575 8906 9423
10155 8589 9002
10277 9045 8742
10198 9320 8661
9964 9887 8261
9349 10399 7503
11001 8663 7938
10761 8742 8299
9188 10274 7896
10021 9658 8474
10698 9127 8315
9866 10098 7938
10323 9320 8561
8652 9168 9271
10561 9445 8260
11298 8111 7023
10292 9799 8115
10491 8481 8680
10324 9298 8575
10672 9023 8401
9914 9074 8983
8994 10292 7897
9916 8983 9030
9906 9777 8464
10678 9392 8143
9889 10005 8171
8990 8691 9443
10398 9542 8310
10595 9780 7503
9257 8799 9330
10415 9053 8652
9741 10105 8015
10369 9633 8232
10143 9995 7962
8722 8450 9538
9601 9052 9119
9871 10305 7339
10536 9254 8427
10061 10158 7656
8917 8479 9501
10434 9798 7978
10426 9885 7691
9694 9964 8320
11174 9036 7206
10919 9246 7924
11278 8481 6990
9184 10035 8349
9639 10147 7975
9517 9193 9063
9522 9997 8350
9095 9626 8830
9928 9881 8277
9424 10184 8060
10182 9618 8429
11217 8829 7022
9033 10161 8184
8682 9153 9266
10901 9474 7656
10049 10138 7731
10800 8963 8228
9451 8263 9408
10256 8945 8807
10245 9236 8671
10849 9308 7937
9960 9473 8685
9607 9648 8721
10307 8354 8890
9827 9732 8529
10984 9182 7735
9054 10459 6960
10586 9708 7903
9686 9772 8538
11291 8331 7000
10562 8411 8601
9498 9859 8494
9347 8582 9362
10289 9648 8341
9040 8517 9485
8723 8880 9408
9890 9055 8986
9039 8796 9393
10489 8804 8635
9309 8835 9305
10173 9756 8263
10435 9901 7659
10174 8561 9002
10031 9875 8251
9353 9535 8858
9981 9502 8654
11271 8687 7001
10791 8427 8293
9984 9983 8174
9545 8533 9352
9903 9476 8726
9881 8828 9104
9300 10002 8393
9295 9717 8703
9745 9533 8756
8544 10425 7465
10066 10031 7972
9994 9786 8454
10440 8480 8738
9812 9289 8904
10241 9517 8480
9384 10252 7925
9526 9890 8459
10051 9100 8910
9314 8725 9355
9504 9248 9066
10686 9356 8204
8379 9922 8595
9719 9967 8299
10588 9185 8407
8916 8080 9561
8758 8743 9458
8661 10145 8199
9616 9041 9119
9832 9215 8931
9938 9271 8840
9426 8940 9232
10263 10061 7387
10470 9151 8562
9991 9991 8052
10453 9361 8411
10161 8333 9015
10128 9678 8391
10123 8832 8963
10373 9261 8561
9195 9835 8609
9717 8781 9178
9784 9719 8562
9601 9683 8666
9782 10069 8082
10278 8967 8788
9424 9623 8766
9922 10028 8057
9766 10244 7689
10982 9202 7742
10756 8496 8324
9553 9704 8666
9027 10350 7725
10790 9091 8187
10496 8271 8688
9611 10360 7446
9589 9684 8654
10802 9143 8111
9568 10391 7008
9430 9816 8572
10071 8680 9016
10055 9977 8033
9587 10108 8111
10650 9126 8434
10164 8727 8972
9436 9206 9082
9009 10220 8015
11000 8837 7887
8876 10110 8270
10102 8593 9034
9143 8598 9425
9822 8306 9209
10203 9654 8365
9430 9747 8653
9524 9411 8914
9771 9019 9088
9934 9587 8603
8755 9172 9246
9787 9194 8963
9860 10150 7824
9056 9299 9132
9388 9757 8647
9616 9503 8821
9450 10239 7953
9453 10263 7825
9354 9280 9085
10777 9303 8163
10672 9724 7649
9549 9481 8864
11278 8467 7024
10912 9398 7426
8945 8905 9397
10287 8959 8775
10713 9085 8314
10933 9365 7722
10731 8812 8325
9636 9709 8606
10193 9752 8281
9395 8920 9239
9528 9226 9059
10920 9162 7980
9876 9352 8813
10486 8728 8652
10032 8698 9069
10819 9495 7748
9409 8649 9337
9533 9403 8916
10173 8626 8978
10982 9128 7840
9488 9509 8882
10439 8543 8736
10159 9392 8620
9659 9333 8935
9703 9672 8668
9928 9251 8854
9377 9214 9144
9184 9288 9115
9206 9616 8823
10443 9814 7946
8806 9672 8809
10636 9757 7243
9479 9318 9005
10455 8927 8663
9772 9748 8498
10500 9327 8439
9198 9714 8715
10205 9116 8769
10300 9111 8680
10457 8489 8730
9087 9681 8791
10168 9946 7997
9992 10148 7701
9750 8755 9187
11059 8892 7879
8532 9180 9266
10033 8660 9041
9053 9050 9313
9565 8669 9278
9383 8555 9398
10113 9615 8465
10821 8819 8229
9459 10356 7490
9379 9745 8681
10441 9071 8630
10396 9776 8048
10176 10120 7615
9314 9125 9174
10840 9504 7340
9941 9264 8829
9590 9598 8769
11345 8309 6562
10057 10001 8021
10702 9623 7662
9209 9177 9183
9660 9899 8385
10045 8750 9013
10944 9368 7714
10478 9546 8257
9314 8313 9429
10011 10118 7789
9118 9816 8635
9886 10073 7990
9172 10040 8334
11236 8762 7132
8615 9992 8485
10907 9394 7601
9547 9464 8873
8864 9544 8940
9576 8152 9349
9793 8632 9173
10746 8799 8300
11142 8836 7433
11046 9152 7687
9448 9811 8575
10280 10043 7603
10200 8517 8996
8745 8989 9367
10947 9204 7909
9422 9776 8618
9516 10021 8261
8762 9509 8991
10707 9611 7738
9338 8836 9296
9142 9240 9177
8907 8116 9558
9716 8249 9322
9342 9087 9182
9873 8118 9252
10677 9410 8117
9967 9314 8798
10319 9098 8675
10618 9739 7489
9794 9738 8506
8996 7814 9557
9778 8881 9131
9116 8535 9466
9888 10241 7568
9593 8103 9351
9503 10208 7986
10266 8939 8863
9996 10216 7486
10590 9251 8385
10174 9313 8664
11288 8403 6949
9134 9237 9188
10525 9076 8571
9630 10074 8205
10495 9455 8271
9309 9047 9239
8917 10225 8084
10537 8509 8628
10384 9143 8655
10859 8428 8180
10540 9800 7842
10795 9363 8088
9830 8603 9187
9370 8893 9283
9322 9666 8754
11210 8736 7201
8804 9811 8720
10715 9251 8285
10347 8841 8779
10598 9358 8292
8903 9373 9108
10679 8649 8417
9537 9855 8488
10396 9314 8520
9752 9137 9016
10399 9765 8044
10387 9952 7463
8610 9663 8879
10694 9076 8328
11030 9246 7496
10733 8764 8317
9757 9978 8280
10920 9436 7272
10114 9388 8662
9389 10337 7745
9497 9355 8981
10804 8838 8275
10616 9472 8158
11211 8862 7054
10820 8884 8205
9494 8232 9389
10282 9620 8401
10178 8930 8873
10000 9020 8927
9888 9338 8811
11192 8470 7414
9262 8893 9306
9956 10172 7706
9748 10365 7224
10451 9552 8242
9123 10121 8211
10529 9400 8294
9044 9816 8646
8959 9871 8583
8717 10144 8229
8471 9066 9354
9845 10016 8128
9751 10287 7575
9634 9651 8689
10114 9275 8747
10235 9022 8813
10494 9132 8522
9903 9183 8913
9707 9518 8777
9846 9871 8374
10815 9498 7713
10529 9553 8186
9542 9629 8738
10544 9616 8112
9736 9345 8876
9908 10199 7695
8476 9196 9286
10201 10123 7525
10530 9386 8320
9571 9920 8423
10711 9618 7723
9737 9684 8600
9540 9293 8993
9418 10354 7581
9865 10139 7844
10713 9647 7442
10036 8681 9033
10422 9747 8068
9183 9044 9260
9914 9115 8970
10200 8833 8905
9082 9929 8505
9454 9424 8921
10386 9589 8281
10205 9003 8828
9075 9734 8739
8660 10181 8137
10180 9025 8827
9198 9008 9258
10563 9002 8505
10508 8429 8669
9376 10369 7530
9672 8872 9163
10659 8760 8451
9576 10179 8006
10654 8943 8408
9633 10173 7945
9685 9234 9027
8994 9317 9130
9378 9378 9022
10115 9280 8721
9134 8560 9427
10504 9746 7926
9687 9467 8847
9759 8218 9303
10271 9144 8715
10620 9041 8454
9863 9404 8791
10169 9874 8112
9456 10053 8248
9957 9459 8714
10552 9726 7891
10283 9267 8638
9479 10364 7462
10415 9626 8255
8941 9447 9042
10002 9700 8477
8892 9900 8565
9224 9002 9245
9501 8858 9261
10072 9963 8119
9622 8629 9250
10288 9625 8377
9468 9751 8651
9268 9821 8597
9873 9820 8442
9832 8917 9101
9864 10098 7963
10464 9170 8540
10553 8385 8613
9815 9220 8930
9433 9731 8656
10101 9571 8535
9863 9594 8634
10584 8990 8499
9757 10056 8089
9028 8526 9476
9884 9225 8916
8908 9065 9311
9819 8975 9090
10508 8759 8632
10186 9043 8815
9627 10326 7594
10534 8935 8552
9682 9588 8716
10289 8922 8798
9965 9404 8726
10817 8715 8235
9020 9636 8829
9097 10207 8070
10364 9873 7927
9651 9310 8948
10959 9291 7711
10329 9263 8630
8967 8628 9463
8217 8636 9553
9830 10122 7979
9763 8114 9273
10583 8739 8547
8957 10014 8434
9929 8586 9148
9778 9168 8984
9912 10034 8041
10473 9868 7470
9540 10256 7843
10422 9265 8519
8829 9554 8953
9081 9157 9206
9721 8744 9203
10639 8721 8493
9142 10134 8181
10708 8619 8387
10301 9998 7627
9374 9731 8685
10228 9637 8413
9964 9356 8787
10207 9594 8439
10911 9403 7475
11316 8554 6576
9261 7917 9483
9727 10232 7764
10976 9312 7540
10433 9332 8454
10622 9519 8124
8676 10467 6935
9174 8409 9464
10340 8298 8875
9234 9107 9244
10718 8590 8387
10142 9814 8275
8894 10374 7637
10174 10053 7715
10773 9022 8266
9905 9990 8148
10096 10022 7958
9495 9675 8730
10368 9207 8603
9514 9308 9001
10628 9430 8205
9648 8935 9161
9833 10051 8145
9734 8954 9148
10028 9257 8818
9769 9626 8675
10645 9572 8068
10222 9644 8385
9582 9782 8582
10009 10030 8003
10129 10062 7779
10842 8304 8210
10212 10043 7778
11309 8461 6755
9594 9528 8807
9484 9048 9181
9787 10094 8011
10131 9674 8459
9383 9155 9161
9545 8813 9248
9128 8480 9468
10617 8925 8491
10086 10065 7864
10353 9768 8108
9559 9994 8309
9588 8777 9233
9104 8892 9348
9956 9405 8734
9955 10135 7804
10987 9294 7502
10213 9406 8615
9834 9334 8877
10183 9087 8783
9757 10195 7818
9670 9491 8801
10501 8438 8668
9370 8659 9351
10848 8901 8157
8419 8093 9637
8712 8424 9579
8782 10463 7165
9932 9809 8408
9065 9747 8717
9357 10068 8228
10724 8676 8352
8342 8128 9650
10207 10057 7698
10545 9419 8268
9045 8274 9510
9289 9688 8744
9785 8469 9225
9760 10204 7752
8870 8702 9432
10731 9083 8296
10292 9517 8448
10852 9415 7896
10179 8823 8911
9289 8737 9330
10293 10033 7641
8773 9154 9262
10325 8428 8844
8833 9125 9316
10277 8669 8896
11012 9068 7879
9438 10097 8225
10664 9250 8343
9878 10330 7183
10158 8829 8923
9017 9700 8763
10047 8495 9124
8566 9210 9240
10919 9365 7804
8705 9769 8745
10091 9011 8901
9384 9242 9084
10063 9271 8775
9974 9223 8830
9204 9389 9023
10306 8752 8826
9668 9760 8592
10055 9783 8354
9782 9122 9011
8888 9935 8534
9671 10114 8053
9783 8479 9212
8920 9240 9190
8735 9998 8467
9690 9388 8868
10026 9955 8146
8961 9155 9246
9689 9263 8979
10222 9199 8707
10079 8985 8915
9745 8679 9199
10429 9820 7925
10799 9448 7939
9732 9947 8293
10409 8779 8747
9822 8779 9125
9862 9093 8978
8455 8624 9519
8544 10284 7930
9479 9516 8864
10830 8678 8210
9054 10248 7987
8922 9955 8529
11265 8768 6786
10164 8870 8912
9498 9995 8372
9654 9319 8947
9600 9461 8849
10602 9341 8314
10073 9737 8382
8565 10090 8354
11096 8615 7694
9776 9442 8804
9678 9361 8899
9999 9478 8649
9788 8977 9063
8655 8226 9628
9877 8777 9117
8983 9299 9147
9203 8480 9429
10356 9524 8374
10753 9345 8152
8535 8237 9617
8692 9484 9037
10521 8692 8619
9924 10276 7420
9431 10309 7717
10752 8597 8339
10832 9510 7463
10561 9678 7965
8819 10197 8101
9627 10261 7704
9188 9715 8725
10172 9301 8685
9840 9539 8706
10144 9927 8119
9800 10131 7993
8876 9966 8501
9438 10129 8129
10148 9405 8620
9888 9876 8366
10270 9905 8033
8894 9812 8669
10361 9923 7957
9335 9812 8600
8245 7973 9681
9660 8689 9238
10127 9350 8653
10145 9981 7966
8922 9333 9121
10458 9530 8274
9105 10058 8349
9878 9734 8501
9260 9759 8690
9479 10268 7793
10023 9934 8160
9565 9501 8849
10604 8350 8571
8985 10373 7590
8835 7980 9584
9753 9300 8938
10061 9775 8402
10047 8981 8951
9594 10242 7868
9337 9332 9052
8734 9711 8804
10798 9565 7826
9442 9657 8751
9533 10267 7775
10700 9050 8331
9742 9739 8569
8583 10038 8436
11182 8933 7083
10102 9038 8874
10629 9705 7818
10367 9648 8334
10788 9570 7504
9321 9939 8456
10751 8785 8311
9533 9290 9001
10066 9389 8704
11265 8694 6884
8802 8100 9584
10333 9956 7788
8459 8192 9631
9572 8976 9194
10249 9739 8293
10287 9684 8283
9900 9949 8217
9946 9041 8968
9803 10155 7865
10111 8842 8953
9717 9128 9069
11073 8550 7780
9208 8915 9329
9221 9478 8984
9559 8779 9232
10868 9069 8114
9943 9811 8344
10100 9483 8611
9907 9903 8289
10702 9029 8347
10734 9558 7971
8814 10116 8275
10254 10065 7665
10554 9557 8152
9971 9296 8787
9613 10192 7903
10162 9026 8838
10585 8694 8537
10605 9101 8446
9541 9694 8714
8922 9876 8578
8287 8114 9653
10168 9560 8483
11165 8613 7483
8947 9429 9049
8641 10368 7706
10548 8403 8626
9348 9537 8899
9889 9225 8901
10231 8773 8901
10606 8547 8557
9783 9149 9005
9871 9752 8473
9519 9297 8989
8922 8713 9418
8385 9684 8846
9709 9169 9023
8884 8619 9490
9509 9332 8987
9355 9328 9024
9528 9410 8914
10023 8633 9076
9950 8306 9161
9474 10056 8243
10973 9329 7603
9770 8051 9271
9349 8285 9419
10699 8397 8419
8797 9533 8958
10339 9937 7905
9515 9823 8525
10228 9750 8328
9013 9350 9097
10880 9476 7342
8529 9716 8798
8981 9506 8981
10541 9732 7999
9721 10296 7589
9977 10239 7462
10306 8376 8876
10011 8705 9039
10164 9713 8369
10439 8682 8731
9615 10241 7779
10080 9966 8052
9844 9093 8982
8105 8305 9624
8753 9493 9008
10022 10139 7687
9690 9532 8764
10409 8820 8740
10602 9738 7704
10293 8393 8918
8955 8708 9415
9983 8920 9001
10011 8750 9016
9012 9906 8547
10057 10078 7836
10095 9303 8747
8794 10403 7577
9905 9278 8840
8511 9702 8809
9758 8621 9210
9334 10170 8136
9449 10145 8084
10736 9213 8228
8561 9737 8793
9529 9295 9030
8805 10427 7450
10002 10146 7670
8771 9768 8772
9915 9971 8184
10514 9637 8181
9553 10234 7885
10345 9296 8570
9423 9150 9168
11309 8387 6853
8775 9492 9027
9377 10339 7650
10220 8775 8901
8564 9531 8980
11056 9063 7741
10515 9572 8205
9739 9486 8790
10545 9297 8409
10706 9615 7745
10224 8988 8829
9951 10168 7748
10115 9249 8770
8421 9424 9080
9622 10241 7774
9986 8597 9111
9536 8787 9286
10183 8763 8917
10245 9905 8050
9650 8359 9319
9979 9299 8786
9617 10272 7687
10345 9784 8080
9129 8402 9469
9554 10339 7571
10271 9096 8773
10033 9843 8342
8864 8704 9448
9888 9740 8488
9899 9328 8819
10374 9536 8320
9972 10219 7553
9283 8855 9324
10276 9636 8371
11117 8583 7635
9321 9930 8463
10136 9986 8028
8719 9173 9242
9411 8327 9413
9726 9898 8412
10262 8546 8928
9802 9188 8961
9611 9819 8542
10216 10010 7834
10002 9216 8824
9066 9626 8849
10459 9457 8344
10096 9565 8557
10392 9030 8692
9805 8669 9170
9527 9340 8976
9425 9882 8497
10218 9935 8023
9619 10149 8009
9773 8333 9265
10282 8713 8869
9740 10254 7674
10361 9557 8336
9683 10038 8174
9548 9546 8840
9514 8616 9302
8915 9064 9289
9412 10131 8145
10432 8587 8757
8743 7688 9620
9635 9905 8371
9239 9386 9025
9503 8561 9380
10583 9680 7913
10242 8991 8782
8473 8809 9457
10347 9356 8511
9979 10063 7951
9541 10188 8000
10589 9163 8421
9180 8508 9425
10743 8915 8287
9161 9672 8793
8681 8614 9520
9649 9998 8252
9791 9702 8562
10959 8938 7983
10039 9360 8741
9578 9802 8554
11210 8839 7065
9265 9346 9043
10095 9241 8784
8927 10409 7431
10713 8271 8411
9192 9806 8632
10275 9358 8583
9898 9960 8210
9905 10052 8018
9072 9292 9126
11106 8690 7665
10268 8809 8852
10787 9390 8038
10661 8939 8412
9385 10376 7408
9570 8735 9260
9959 9491 8708
10101 10147 7610
9597 8523 9299
10216 8696 8963
9541 9059 9144
10999 8688 7892
10916 9341 7932
10288 9178 8656
8920 8212 9542
9641 9564 8770
11285 8667 6826
10041 9507 8624
9914 9539 8650
8873 8229 9565
9165 9843 8614
9565 10166 8016
9772 9226 8979
9603 8961 9166
10123 10157 7573
9525 10090 8190
8306 7838 9675
10058 8531 9072
9746 9063 9050
10283 8570 8923
10337 9534 8384
10715 9618 7707
10120 9435 8628
9881 9859 8377
10360 9368 8508
9773 8341 9262
9638 10258 7765
10301 9125 8678
10064 9323 8726
8795 10144 8201
9340 9644 8797
10133 8471 9067
10827 9234 8093
10182 9750 8345
9892 9600 8621
9584 8965 9200
9887 10160 7777
8295 7851 9675
10902 8982 8064
9401 10368 7495
10593 8512 8574
9414 9608 8792
9830 10287 7567
9692 9582 8705
9146 8282 9478
10526 9011 8595
10392 9388 8478
10175 9131 8774
9367 10017 8329
11166 8835 7332
10105 9312 8737
10980 9330 7270
9597 9225 9037
9814 9245 8914
10397 9484 8361
10037 8865 9002
10745 9582 7751
10505 9836 7645
10431 9787 8042
10561 9752 7867
10450 9246 8520
8862 9539 8945
9700 10049 8152
11182 8762 7340
11319 8482 6627
10721 8217 8371
9803 10152 7952
8795 9896 8614
9846 9257 8913
10255 8127 8958
10126 9352 8693
9288 9731 8708
10456 9790 7952
10310 8525 8869
10337 9199 8638
9268 8766 9366
10312 9583 8388
9761 9717 8567
9406 9195 9106
10273 9562 8451
9129 9107 9256
9505 9924 8409
10888 9056 8068
9157 9272 9151
10284 10017 7673
9604 10236 7857
11320 8306 6652
9740 9961 8286
10227 8799 8886
10019 9630 8548
8815 9325 9136
9267 10315 7748
9502 10388 7302
8869 9720 8785
10100 8662 9018
9664 9636 8684
9075 9970 8450
10417 9176 8553
8035 7850 9694
9764 10006 8220
10342 9312 8538
10355 8426 8862
9814 9244 8915
9509 9159 9104
10898 8781 8115
10107 10000 7986
9129 9894 8562
8762 8926 9406
9704 10034 8172
10185 8745 8923
9058 9122 9243
9747 9445 8821
9872 9263 8894
8767 8929 9379
11050 8904 7763
9727 8595 9227
9836 9696 8556
9285 10003 8353
8581 8898 9412
9497 8658 9327
10398 9886 7794
10246 8381 8957
9989 9118 8916
9186 9008 9259
10049 9000 8920
8987 9748 8712
10077 9127 8906
9672 10046 8177
8619 9416 9101
9905 9576 8625
9738 10157 7960
9652 9266 9004
9291 8834 9310
10221 8425 8950
9343 8986 9257
8907 9789 8703
9559 9690 8657
11117 8545 7642
10166 8327 9040
10215 9296 8707
9652 9307 8952
8956 8016 9556
9602 9487 8838
8882 8739 9430
9119 9379 9050
10779 9188 8179
10606 9213 8365
10576 9377 8374
10277 9686 8265
9754 9793 8499
10584 9611 8119
9598 9365 8921
9607 10248 7820
10566 9681 7945
9580 10135 8035
9637 9837 8476
10859 8733 8171
9704 9607 8692
10115 9940 8091
9309 9952 8448
9916 9451 8715
10020 9502 8636
9641 9307 8977
9352 9061 9172
9340 10197 8016
10150 9456 8576
9294 10094 8310
8814 9439 9066
8864 10271 7982
10537 9204 8446
9059 8894 9368
10303 8930 8773
9976 8858 9079
10430 9648 8222
9987 9209 8869
9187 10153 8152
9637 9972 8298
8847 8622 9481
11228 8302 7279
9864 9296 8859
10047 8638 9064
10673 8930 8403
8788 9903 8559
10814 8639 8252
10410 9163 8598
9411 9923 8419
9615 8411 9296
9914 10127 7891
10264 8615 8926
8956 9767 8703
10157 9948 7993
9432 10352 7503
8400 8101 9633
9628 10362 7384
10432 9873 7752
11122 8849 7525
9211 10405 7533
9439 10061 8286
8644 8859 9429
8847 9734 8751
10732 9614 7648
9632 8498 9288
9268 10066 8316
9209 9779 8669
9079 10023 8392
10165 9758 8267
9014 10172 8161
9550 9276 9014
8963 9648 8866
10568 9574 8123
9798 10341 7310
8868 9790 8717
9792 10014 8171
11272 8684 6841
8943 9843 8627
9021 10027 8382
9853 8882 9096
9003 8749 9411
9276 9125 9180
11176 8444 7493
9332 9871 8528
9552 9948 8375
10026 9482 8637
9292 8808 9318
8950 9331 9124
9407 9056 9199
9316 10133 8160
9694 9382 8872
8709 8489 9547
10058 9242 8813
10040 10000 8030
10887 8922 8094
8879 9986 8476
9514 10221 7886
10374 9762 8134
10132 10019 7883
11292 8505 6606
9060 10006 8426
10718 8902 8357
11130 9166 7471
9271 9370 9032
9530 10386 7180
9221 9988 8398
10184 10002 7903
9498 9200 9077
10409 9480 8336
10100 9707 8409
9472 9290 9065
9961 10184 7683
10523 9358 8380
10493 9018 8592
9637 8638 9249
9581 10301 7657
10603 8982 8491
8883 10071 8322
9778 10102 8026
10114 8541 9053
11021 9149 7777
10097 9991 8010
9782 10291 7536
9680 9997 8258
9092 10143 8181
10458 8221 8732
9419 9232 9080
10486 8750 8643
10174 9133 8766
9820 8312 9224
10409 9188 8549
9829 9989 8187
9262 9385 9018
9928 9220 8903
10696 9622 7702
9694 10307 7522
9926 8391 9167
9275 9202 9145
9801 10168 7846
10942 9267 7780
9657 9653 8684
10703 8966 8349
10524 8465 8635
9252 10316 7812
9458 10153 8054
8854 9913 8550
9749 8876 9132
10488 9255 8469
9903 10126 7925
9601 10039 8240
9869 9541 8683
11102 8899 7615
9190 10434 7240
10733 8310 8369
9751 10007 8208
10145 8956 8902
10835 8633 8191
10660 9199 8356
9985 10159 7734
9175 10378 7546
9735 10133 7973
10855 8806 8164
10721 9542 8019
8579 10391 7660
10022 9485 8627
9276 9647 8770
9205 10150 8150
10737 8898 8290
9717 8669 9220
9771 9968 8234
9270 10010 8365
9189 9335 9098
9439 9435 8957
9008 9712 8782
11038 9171 7645
8631 9530 9026
9993 9369 8750
9011 7930 9539
9579 10342 7481
10599 9714 7832
10855 9368 7899
10548 8992 8513
9983 9298 8786
9989 9995 8060
10252 9506 8458
8780 8788 9450
8605 9930 8567
10071 10158 7566
8959 8952 9349
9894 9025 8999
10465 9318 8448
8894 8776 9414
10329 9268 8591
9072 9515 8965
9027 8682 9420
9927 8677 9101
9777 9117 9021
9237 9316 9098
10073 8974 8925
9536 10381 7160
11271 8374 7203
10160 8896 8897
8682 9624 8884
9292 8924 9286
9120 8906 9339
8915 9412 9085
10182 9152 8759
10179 9128 8790
9789 10190 7794
8581 9837 8651
8774 9562 8959
9076 9782 8678
10426 8419 8781
10397 9187 8602
9297 10100 8231
9819 9088 9005
10292 9867 8048
10587 8571 8557
9546 9220 9038
9600 9010 9131
10398 9655 8225
8968 8597 9483
10391 9773 8068
10487 9535 8250
9650 7805 9349
9760 9827 8469
9201 8322 9471
10451 8885 8679
8560 7888 9645
11244 8397 7182
10211 9081 8785
9009 9640 8843
9769 9513 8760
10459 9834 7855
9173 7908 9493
9851 10261 7548
10121 9857 8207
10177 10052 7772
8893 9000 9365
9487 10023 8311
9169 9416 9018
10252 8321 8933
10060 10099 7795
9569 10026 8245
10286 8846 8828
8957 10388 7582
9922 9971 8179
9336 9845 8547
8824 10344 7799
9454 9919 8424
9166 8139 9483
9872 10277 7413
10505 8683 8649
10871 8589 8153
9376 10120 8179
9899 9441 8734
10049 8965 8935
10149 9348 8662
10330 9093 8671
10068 9690 8427
9484 8635 9339
10097 9387 8666
10039 9473 8656
9026 10370 7621
9516 10398 7180
10642 8531 8482
10136 9334 8684
10295 9086 8726
10408 9063 8632
8531 9294 9196
10678 9220 8350
10839 9503 7501
9220 9606 8846
9889 10134 7853
9415 9492 8888
10229 10026 7786
10269 10063 7318
10925 8536 8061
8850 8873 9419
9022 9693 8768
9772 8443 9264
9405 10107 8156
10572 8431 8587
10546 9614 8057
9636 9475 8820
10830 8648 8222
9264 9483 8945
10608 9659 7881
10437 8911 8676
10117 9146 8788
9896 9974 8184
9238 7942 9473
10054 10037 7944
10255 10040 7693
8747 7971 9594
10093 8847 8968
10497 9551 8211
9856 10261 7542
10184 9465 8565
8682 10383 7652
9844 8301 9208
9729 10334 7421
9984 9542 8621
9478 9528 8852
9467 10138 8103
9922 8918 9039
10668 9444 8179
9064 9937 8484
9656 10313 7622
9787 10186 7804
10724 8265 8370
10833 8445 8229
10252 9956 7890
10479 9803 7872
10547 9744 7948
10701 8466 8417
10093 8990 8908
10070 8640 9061
9183 8665 9388
9663 9829 8476
10542 9466 8265
10817 8415 8260
9586 8582 9268
9355 9110 9170
10267 9998 7684
9631 8509 9295
10125 9300 8707
9813 8648 9156
8754 10282 7921
10396 9252 8578
9988 9958 8207
10163 8872 8882
10212 9788 8213
10587 8763 8535
9278 9124 9192
10801 8898 8252
9332 10091 8237
11032 9105 7730
10043 9665 8469
9484 10127 8143
10062 9491 8585
9219 9671 8822
9925 8373 9190
9654 9965 8314
8541 10404 7609
9145 10155 8140
9857 9589 8658
9057 9229 9200
9354 8249 9424
9504 9184 9107
11135 8761 7574
10315 9094 8704
9249 10248 7969
9837 9389 8796
10489 8315 8709
10186 9452 8534
8990 9979 8479
9535 9343 8965
9140 9042 9265
9716 9614 8679
9852 9057 9016
10370 8844 8758
9531 9781 8587
10122 9479 8588
10616 9758 7379
10640 8323 8489
8638 9174 9240
10675 9252 8279
10079 8787 9007
9825 8610 9158
10350 8121 8870
10255 9492 8474
10582 8528 8558
9257 10311 7838
10167 9371 8635
10606 9551 8131
9823 8272 9239
9455 9085 9165
10055 9349 8721
10116 9184 8794
10705 9647 7534
9530 9216 9051
9944 9100 8965
9760 9343 8875
9288 10281 7827
10318 9326 8543
9522 9155 9093
11100 8881 7653
10282 9187 8671
9798 9749 8497
9205 10046 8324
9327 9503 8914
9303 8991 9250
10586 9572 8107
8449 8555 9551
9352 8732 9323
10048 9977 8038
9861 8214 9231
10870 8833 8121
10180 9922 8083
10112 10069 7805
10024 8612 9083
9436 9812 8557
10685 8389 8444
8959 9138 9270
10444 9907 7581
9429 8392 9399
9741 10181 7832
10401 8929 8698
9382 10378 7475
9674 10008 8223
9514 10118 8129
10409 9711 8139
8800 9381 9095
10398 8822 8740
9194 9873 8578
9960 9009 8968
9787 9153 8976
9868 10062 8057
9256 9857 8587
9688 10284 7664
9357 9441 8959
9777 9327 8920
10738 9356 8128
9907 9712 8488
10802 9438 7947
9822 10054 8084
9871 9865 8388
10652 9267 8253
9461 8989 9217
9102 8791 9386
9456 9212 9078
9092 10018 8390
10357 8655 8828
10789 9106 8218
8668 8244 9587
10311 9984 7787
9128 9949 8478
10870 9138 8112
9551 8809 9219
10385 9500 8336
9786 7972 9271
10516 8440 8653
9614 10124 8024
9888 10279 7355
10918 8543 8104
11152 8765 7449
10719 9595 7993
9004 9736 8734
9564 9257 9014
10506 9522 8245
9129 9646 8825
10270 8807 8843
10361 9299 8533
10393 9704 8178
9520 9918 8451
11101 9030 7537
9887 9452 8728
8752 9927 8561
10391 8720 8753
9627 9210 9032
9781 9873 8379
10437 9769 8035
9573 8661 9251
9047 9418 9045
9646 9868 8461
10262 9360 8641
9858 10194 7770
9644 8974 9148
10087 10160 7508
8619 9303 9186
9744 9799 8510
9149 9458 8991
10067 8850 8997
10391 8497 8822
9329 9782 8638
10379 8778 8776
10383 9695 8181
9857 9476 8743
11027 8919 7815
10379 9731 8152
10297 9855 8101
10228 8344 8981
9862 9387 8812
10897 9227 8019
9799 9950 8252
9801 9000 9051
9352 9284 9083
9882 10164 7802
9779 9476 8778
10368 8689 8812
9479 10244 7859
10029 8458 9148
8667 9723 8782
10102 9619 8474
9083 8234 9507
11166 8969 7330
9941 9942 8212
9880 8936 9048
10886 8987 8070
10166 9426 8619
9827 9557 8691
8703 7752 9625
10506 9861 7571
9831 9070 8994
9847 10253 7684
9612 9384 8912
10632 8508 8517
9654 10140 8015
9757 10291 7553
9436 10018 8326
10375 9624 8284
9093 9045 9320
10126 9528 8544
9887 8878 9057
10850 9475 7513
10406 9428 8419
9698 9235 8977
10087 10122 7721
10832 8557 8208
8878 8539 9531
9995 8799 9026
9544 9247 9032
9682 9475 8801
9998 10246 7426
10090 9090 8855
10289 9113 8680
10194 9674 8347
8978 9059 9282
8785 9376 9113
9311 10038 8310
9689 9376 8894
9026 9160 9227
8452 9963 8515
10216 9221 8709
8900 10444 7244
9302 8556 9422
9026 9560 8936
10089 9155 8831
10513 9775 7905
10874 8884 8108
9467 9187 9132
9104 9821 8636
9058 10283 7904
9777 9345 8872
8631 9455 9059
9867 10087 7959
9248 9652 8784
10119 9253 8741
10572 8850 8526
10087 9275 8761
11265 8591 7020
9946 10135 7822
9195 8471 9447
9958 9789 8389
9440 10421 7184
8938 8998 9345
9057 8288 9496
9990 9874 8289
9387 8109 9425
10159 8764 8947
10487 8430 8693
9426 9586 8807
9975 9921 8225
9002 9075 9278
10229 9479 8533
11006 9160 7753
11242 8832 6932
9685 9697 8629
10634 9447 8128
9807 8839 9130
9657 8997 9136
8636 9823 8673
10330 9778 8166
8905 9453 9039
9527 9398 8940
9386 9989 8377
9890 10185 7714
8873 9871 8606
9935 9684 8573
9322 10294 7805
9784 8819 9176
9503 10006 8290
10614 9310 8297
9779 9236 8967
9868 10281 7467
11195 8898 7301
10689 8440 8431
9477 9638 8754
9472 8644 9330
10109 9572 8515
9014 10348 7753
10752 8772 8290
10209 8808 8906
10794 9566 7466
10074 10012 7995
9938 8636 9140
10179 8077 9023
9546 9529 8849
10292 8258 8929
9477 10385 7392
11264 8594 7180
9606 8638 9264
10100 9594 8494
9898 10280 7124
10569 8258 8589
10170 9789 8223
9222 10143 8157
9625 8649 9243
9344 9645 8778
9100 9584 8865
9987 10031 7980
8746 8311 9572
9599 8889 9187
9933 8952 9023
10375 9511 8369
9160 8242 9495
11239 8591 7270
9629 9341 8938
9993 8940 8987
8661 10424 7535
9978 9085 8931
10522 8607 8626
10321 9943 7900
9793 8724 9168
9986 8670 9091
10801 9220 8173
10701 8778 8387
8893 9731 8754
9928 8518 9165
10469 9867 7657
9306 9598 8819
9830 8746 9127
10120 9075 8850
9357 10433 6917
10074 8862 8947
9532 9175 9079
9664 9595 8736
10025 9459 8673
9954 9914 8236
9941 9803 8379
10094 9045 8885
9510 9403 8939
10735 8982 8281
10227 8701 8918
9627 9074 9104
9368 10408 7226
10059 10191 7641
9582 10020 8288
9587 10214 7928
9266 10418 7299
10564 9380 8287
10532 9519 8248
9235 9662 8770
10053 9966 8058
10601 9097 8475
10253 9418 8571
10099 9944 8089
10885 8746 8132
10841 9488 7513
9950 10110 7855
10459 9221 8521
9066 9155 9234
10138 9100 8839
10374 9367 8484
9684 10175 7917
9135 9326 9103
10021 9881 8272
10509 8066 8663
10858 8626 8204
8516 9995 8496
9236 10270 7927
9623 10236 7798
10434 8876 8686
9294 9611 8817
10242 9942 7918
10502 8886 8621
9427 9192 9125
10553 9141 8456
10316 9530 8411
9686 8848 9156
10019 9454 8697
9627 9268 8996
10211 8377 8987
9966 10264 7478
9901 9252 8873
9724 9510 8778
9873 9433 8754
10631 9707 7727
11322 8285 6936
10412 9387 8438
9482 9139 9134
11230 8812 7007
9709 9825 8497
9661 10305 7607
10420 9436 8407
10481 9342 8438
10932 8967 8059
9929 9141 8924
10693 9141 8304
10049 9380 8727
9124 10156 8138
9785 8109 9262
9919 10173 7772
10029 8742 9015
10258 8714 8899
9578 9508 8822
10645 8415 8487
9190 10049 8320
9657 8916 9159
9748 8846 9140
9821 8942 9047
9686 7973 9327
9612 9774 8610
9516 8798 9256
8137 7600 9702
9727 10144 7970
10338 8297 8876
9753 10115 7998
9971 10111 7811
8783 9223 9238
9818 9733 8507
9170 8153 9479
10126 9815 8210
10870 9420 7773
9348 8196 9427
9734 9601 8684
10460 8719 8686
10609 9614 8029
10084 8849 8941
9821 10090 8023
9322 9399 9003
10275 9471 8498
10079 10037 7924
9566 9356 8964
9986 9707 8483
8509 9546 8985
9600 9958 8359
8865 9289 9167
9769 9362 8864
10054 10106 7821
10763 9002 8280
10582 9798 7804
10905 8667 8109
9560 9994 8289
10968 9244 7845
10332 9155 8643
9854 9478 8757
11156 8514 7543
8939 10407 7526
9598 9996 8280
10494 9504 8276
9371 8619 9342
10671 9088 8377
9282 9234 9142
9847 10274 7503
9889 10294 7109
8913 10143 8235
9080 10160 8148
8791 10379 7705
9402 10134 8153
9395 10359 7550
10084 9412 8677
10298 9346 8580
10220 8700 8934
10446 8340 8758
10265 9322 8600
9894 9925 8247
10496 9699 8110
10513 9660 8140
8372 8420 9592
9584 10133 8038
8641 10006 8439
9190 9424 9013
10735 9322 8167
10156 8983 8875
10631 9146 8394
10859 9371 7875
10683 9651 7973
10875 9478 7423
10807 8840 8212
9618 10265 7673
9314 10150 8139
9421 10163 8101
9973 10131 7751
9957 10154 7752
10061 8948 8939
10532 9171 8476
9102 9358 9085
10518 9217 8451
10400 9870 7992
10016 10090 7878
10559 9121 8457
9510 10404 6993
9758 9908 8348
10645 8498 8473
9231 10001 8396
9883 9322 8848
9853 9337 8853
9992 9099 8923
9756 9729 8557
9795 10068 8054
9510 10068 8223
11012 9194 7580
10120 9539 8551
9034 9191 9214
10070 9484 8585
10165 9879 8086
10174 9671 8374
8576 9066 9342
10737 9148 8252
9622 10096 8114
10305 8801 8825
9062 9405 9043
9092 9612 8907
10304 9206 8635
9457 9794 8589
8977 9939 8520
10991 9116 7956
10264 9583 8425
10155 10066 7720
9368 9773 8620
8773 8216 9581
8323 9473 9052
10376 9893 7852
8988 9142 9241
9847 9675 8583
9921 10064 7996
10397 8439 8782
9675 9558 8750
10694 9688 7785
9884 10136 7905
9938 9255 8843
10603 9664 7908
8895 9233 9214
10908 9362 7812
9391 10371 7475
9651 9197 9033
9886 8546 9193
9864 9183 8944
10508 9797 7913
9372 10063 8237
9757 9741 8514
10848 9468 7814
10405 9033 8666
9028 9137 9248
9296 9215 9142
10633 9333 8293
9035 9675 8800
10517 8588 8651
10143 9240 8742
10103 9480 8582
9631 9719 8595
10237 10046 7688
9398 10320 7689
10135 9636 8429
9797 9513 8754
9246 9140 9185
9202 8745 9378
9909 9423 8775
9462 9952 8415
9129 9899 8551
9686 9469 8792
10276 9839 8104
10622 9144 8411
10468 9817 7856
10271 8885 8822
9528 8626 9296
10307 8687 8850
10421 9266 8521
10458 9520 8290
9018 10325 7824
9048 9273 9174
8868 9070 9304
9587 9980 8317
8205 8175 9680
9061 9970 8487
8469 8873 9426
10345 9409 8485
10391 9888 7802
7980 8196 9647
10402 8864 8722
8480 9142 9286
10162 9361 8641
8415 8809 9480
8859 9433 9066
10477 9291 8451
9005 9426 9039
8911 9826 8663
10739 9033 8268
9712 9532 8763
9971 9081 8940
9857 10257 7594
9067 9814 8663
8613 10229 8049
9331 9407 8990
9572 9057 9171
10538 9573 8149
8458 8301 9617
9839 9408 8786
10700 8845 8372
9839 8917 9086
9399 10153 8103
9781 8558 9229
10640 8462 8484
11016 9119 7866
9377 9926 8452
10852 9302 7981
9771 10264 7619
9115 9787 8670
10644 9297 8309
10419 8933 8687
10184 9333 8642
9456 9998 8323
10416 9222 8548
10232 9424 8545
9635 8912 9173
11031 8948 7756
9580 8662 9250
10525 9743 7958
9126 9680 8777
9654 9403 8885
10963 9370 7490
9471 9071 9157
10446 9818 7903
9621 8560 9279
9638 10333 7482
10312 8009 8883
9361 9793 8624
9747 8977 9136
9994 8895 9055
11319 8408 6725
10102 9079 8861
10196 9969 7930
9986 9056 8960
10612 9151 8372
9601 10012 8245
10446 9541 8268
10463 9587 8226
10327 10014 7588
9643 10168 7954
10182 9776 8231
9255 10340 7684
9073 8850 9382
10088 9375 8700
10429 9459 8360
8930 8648 9465
10828 9120 8176
9322 9116 9234
9710 10314 7517
10137 9899 8179
9684 10131 8001
10061 8989 8926
9308 8260 9432
10523 9669 8137
10575 9116 8451
10344 9031 8734
9033 8914 9387
10751 9032 8247
9178 9128 9225
10073 10167 7445
9327 9390 8999
8881 9754 8746
9023 9520 8950
11034 9066 7735
9454 9618 8759
9601 10086 8147
10087 9440 8676
10762 9568 7761
10061 9540 8566
9058 8734 9400
10101 9716 8406
9516 9896 8470
