90 3
7130
57 93 137 66
177 222 221 264
73 53 73 193
249 178 156 116
229 32 146 297
206 6 131 223
282 264 149 136
136 49 82 192
141 219 257 151
273 11 115 46
196 20 71 145
197 226 261 126
90 239 123 129
77 87 52 59
183 34 27 19
82 109 43 56
160 132 206 133
275 21 11 171
173 81 16 70
139 109 29 61
181 283 189 257
70 74 149 85
239 175 235 21
116 277 208 275
242 246 240 217
100 250 88 272
163 235 42 2
177 202 63 190
186 84 279 88
289 128 173 228
136 240 82 251
51 289 60 292
236 132 42 168
83 261 140 245
196 14 80 205
216 142 95 102
58 207 189 48
167 194 108 3
135 189 87 18
12 278 10 80
110 51 247 25
12 87 103 40
232 182 78 148
156 5 82 213
211 104 93 79
130 201 213 97
222 132 114 233
110 123 13 53
6 92 77 149
11 12 189 243
193 266 91 181
270 6 227 15
109 20 93 238
53 138 36 275
270 149 41 212
105 186 264 242
277 174 92 288
185 280 64 211
79 154 92 181
291 19 195 100
171 120 171 223
258 39 31 61
187 204 272 124
90 237 67 199
243 158 187 128
270 250 171 181
237 263 62 228
114 90 161 117
42 32 173 132
70 203 192 89
107 165 46 29
234 112 228 177
102 247 137 204
198 9 85 267
104 146 28 217
68 188 35 242
52 207 74 121
242 266 43 182
263 88 210 30
199 138 39 133
86 175 37 116
183 121 215 286
99 242 37 299
263 203 241 15
242 15 268 184
113 11 198 208
98 109 70 129
79 108 94 296
283 130 244 298
83 291 118 14
4029
9158 8077 10066
9952 7788 9623
9904 8085 9059
9299 8203 9714
9654 7838 9957
10191 7633 9456
9224 7395 10587
9912 7477 9998
10453 7405 9038
8996 8324 9629
9298 8292 9541
10018 7952 9163
10200 7739 9111
9618 7280 10357
9184 7780 10402
9968 7338 10027
10542 7068 9083
8454 7474 10766
8788 8387 9559
9494 7403 10441
7829 8599 8783
9466 8323 9237
9691 7671 10061
9854 7988 9463
9864 7686 9895
8861 8069 10259
8689 8431 9434
10441 7252 9202
9133 8125 9993
10019 7710 9678
10378 7377 9332
9602 7221 10424
9804 7908 9667
9941 7897 9512
9139 8398 9297
9552 8033 9795
9150 8416 9117
9680 7332 10309
9756 7354 10210
9548 8071 9763
9502 7179 10504
9865 8011 9362
8989 8035 10287
10121 7386 9789
8930 7302 10719
8636 8352 9744
7999 8621 8202
9794 7647 10028
9537 7856 10056
9754 8118 9264
10474 6690 9442
9828 7803 9777
8769 8515 8899
10036 7680 9675
8466 8517 9181
8676 8421 9521
9290 8421 8943
9389 8346 9185
8735 8522 8931
9953 7027 10140
10015 7494 9893
9586 8153 9523
10006 7588 9813
10121 7415 9784
9164 7704 10482
9714 7565 10148
8532 8443 9535
9988 7556 9891
9605 7649 10217
10351 7196 9511
9511 8114 9693
8702 7268 10810
8818 8070 10303
8933 7593 10651
8776 8209 10035
8516 7005 10840
9707 7867 9896
9481 8042 9892
9184 7415 10626
9347 8374 9014
8743 8268 9942
9788 7902 9727
9237 7571 10473
9597 7683 10166
10443 7002 9495
9505 7529 10335
8845 7429 10676
9933 7866 9576
10463 7470 8763
9133 8235 9787
9887 7853 9630
9401 7464 10458
8977 8094 10173
9250 8160 9837
10451 7466 8883
9635 7537 10263
8400 8484 9350
10281 7782 8793
9059 8073 10145
10041 7203 10032
10183 7883 8946
9590 7606 10220
9086 7517 10580
10215 7794 8995
10119 7535 9623
8342 8272 10030
9341 8390 8831
9010 8152 10059
9700 8075 9520
8528 8520 9084
9513 8324 9210
9312 7563 10469
9692 8213 9114
9104 8429 9153
10106 7939 8972
9292 8408 9055
8998 8225 9897
10385 7220 9459
10256 7810 8842
9011 8190 9970
9718 8152 9322
9623 8179 9441
8359 8302 9934
10053 7967 9052
9264 7450 10529
8264 7165 10823
9336 8176 9815
9927 7404 10028
9544 7973 9894
9497 7876 10095
9334 7988 10163
9832 7181 10213
9845 8036 9304
8784 8484 9168
8969 7864 10463
10309 6763 9741
8119 7551 10715
9790 7332 10227
8969 8366 9522
9362 8101 9855
8733 8449 9322
10040 7104 10055
9547 7887 10012
10552 6983 9181
8349 8330 9856
9768 7832 9846
10268 7548 9417
10032 7917 9194
10560 7310 8804
9506 8093 9708
9850 7716 9898
9843 7524 10060
9880 8026 9349
9417 7561 10359
10064 7907 9147
9322 7479 10460
10504 6880 9338
9496 7460 10376
8776 8188 10062
9607 7857 10023
8825 7838 10502
9679 8025 9652
8711 8458 9325
9281 7694 10390
8855 8273 9877
10309 7097 9657
8911 8041 10317
10155 7513 9604
10322 7736 8777
9753 7823 9858
10007 7597 9741
9497 8098 9757
9839 8092 9350
8507 8446 9474
10322 7273 9468
8936 7986 10358
9192 7364 10608
8714 8254 10016
9904 7131 10231
9643 7369 10328
9452 8074 9807
9258 7856 10289
9107 7923 10340
9230 7979 10174
9047 7392 10655
8861 8035 10319
10136 7762 9327
8047 8140 10266
9234 7487 10533
9013 7675 10531
8940 7321 10691
9650 8231 9236
9657 7377 10310
9688 7102 10390
9630 8173 9424
9646 7873 9938
10252 7752 9055
10299 7297 9538
9159 7835 10361
10412 7444 9197
10642 6814 8486
8555 7847 10558
10124 7283 9876
9006 7999 10250
9585 8068 9636
9306 8381 9085
9429 8357 9029
9457 7205 10544
9173 7684 10489
10167 7383 9698
9343 8203 9693
8798 8354 9685
9263 8294 9524
9229 8113 10063
10218 7532 9481
9598 7339 10366
10086 7074 9989
10474 7232 9157
8911 8450 9248
9322 8086 9921
9557 7837 10108
9975 7934 9353
8666 8135 10268
8409 8124 10286
10137 7924 8995
9311 7891 10266
9893 7837 9686
8752 8085 10271
9783 7949 9726
9352 7501 10453
9299 8199 9726
10348 6821 9685
9015 8057 10183
9643 7841 9956
9112 7783 10407
8502 7682 10652
9103 7171 10713
8152 8173 10216
10051 7376 9917
8444 7859 10548
9101 7790 10406
9331 7265 10575
10042 7907 9202
10027 7972 9129
9586 7874 10012
8926 8455 9158
9502 7101 10542
10364 7237 9481
10300 7625 9126
10296 7620 9162
8896 7677 10564
9738 7267 10269
9206 7835 10320
10144 7896 9001
8452 8079 10388
9033 7534 10598
9480 7857 10097
9106 7632 10537
9032 8448 9097
9655 7413 10257
9777 7007 10311
9614 8282 8671
9234 7565 10495
9038 7502 10626
9543 7578 10306
10494 7088 9215
9610 7321 10352
8457 8222 10160
9240 7525 10517
9747 8108 9297
10311 7447 9393
8554 8188 10139
8662 8296 9858
8859 8192 10005
10506 6941 9298
9289 8062 10012
9320 8313 9418
9609 7557 10317
9339 8392 8990
9520 7384 10404
8918 7895 10436
9690 8043 9572
9277 8095 9946
10197 7861 8893
9145 8373 9423
9310 7947 10174
8883 8539 8753
8872 8519 8845
10294 7434 9420
9399 8063 9920
10021 8030 8988
9001 8017 10273
10081 7619 9638
8835 7962 10424
8528 8539 9037
9180 8369 9352
9638 7155 10412
9306 8386 9010
9156 7857 10347
10237 7331 9629
8669 8407 9625
9254 7930 10206
9736 7468 10154
10202 7746 9075
9656 7135 10397
10364 7469 9215
9750 7748 9962
10187 7367 9714
10413 7544 8938
9152 8403 9229
10115 7223 9895
9569 7739 10214
8353 8588 8638
9212 8427 8973
9442 8182 9692
9378 7618 10366
9994 7188 10079
10014 7888 9335
9076 7988 10269
9697 8091 9438
8786 7127 10781
10038 7836 9410
10350 7420 9313
8680 7277 10813
8396 7914 10527
9150 8310 9563
9490 7492 10397
9384 8216 9625
8892 7345 10690
9352 8350 9194
10235 7823 8842
8723 8460 9296
10266 7561 9305
9795 7021 10306
8858 7838 10493
8652 8429 9510
9229 8363 9336
10104 7348 9837
10387 7217 9502
10570 6787 9186
9934 8086 8792
9581 8024 9735
9360 7443 10517
9785 7988 9609
10016 7845 9413
9180 8165 9953
9063 8408 9255
9224 8248 9725
8702 8099 10295
9272 7934 10188
8649 8451 9473
9227 8418 9031
9465 7922 10024
9368 8298 9399
9330 7510 10456
9727 7488 10157
9419 7913 10102
9821 8165 8933
8770 8552 8835
9446 7147 10549
10171 7904 8730
9316 8141 9861
8362 8563 9059
9856 7938 9564
9617 7906 9921
9925 7986 9458
9531 8023 9870
9373 8319 9384
8220 8531 9175
10215 7639 9400
10191 7500 9574
8801 8460 9215
10067 7409 9854
10566 6731 9217
10056 7751 9520
9269 8093 10024
9699 7562 10165
10299 7674 8889
9135 8449 8936
9410 8357 9076
8721 7412 10730
8739 8397 9559
9551 8042 9751
8644 8573 8884
10294 7553 9271
9771 8107 9288
8973 8443 9216
8726 8235 10035
9824 7883 9725
8604 8014 10423
8718 8387 9595
10355 7511 9123
10101 7918 9004
7541 8630 8274
8936 8378 9536
9642 7151 10405
10595 7014 8881
9767 7722 9974
10595 6706 9038
9358 7782 10319
9640 7424 10254
9722 7233 10285
9350 7930 10156
9257 6879 10660
9956 7949 9295
10318 7407 9396
8152 8622 8137
9376 7234 10552
10589 7111 8903
8611 8256 10015
9256 7134 10677
8989 7750 10519
10418 7379 9087
9474 8260 9407
8709 8479 9284
9199 8231 9790
9106 7140 10734
8746 6870 10825
10331 7652 8971
8029 8601 8665
9757 7497 10125
9247 8346 9409
9825 8014 9534
8600 8141 10208
8328 8612 8313
10158 7250 9819
9092 7866 10356
9282 8425 8736
9203 7739 10428
8604 8029 10405
9509 7751 10239
9116 8077 10100
9849 8073 9219
8998 8484 8909
8912 8175 10043
9564 7196 10443
10081 7851 9201
10511 6914 9296
8287 8594 8578
10181 7803 9209
9013 7557 10585
9068 7590 10553
9735 7112 10336
9113 8448 9042
8277 8617 8080
9645 7983 9783
9318 7519 10487
9455 7020 10561
10140 7493 9651
10047 7820 9467
9731 7632 10095
9764 7966 9662
8239 8300 9971
9437 8337 9126
8781 7881 10478
8944 8066 10242
10051 7680 9639
9138 8243 9784
9809 7674 9971
9338 7452 10520
8731 7895 10502
9610 7537 10276
9466 7378 10474
10104 7364 9821
8768 8565 8723
9732 7397 10267
9428 7842 10233
9284 7383 10562
9159 8198 9888
9108 7357 10656
8616 8476 9361
9619 8275 9078
10136 7110 9928
8290 7501 10731
10159 7260 9791
8699 7421 10733
9186 8379 9252
9254 8417 9034
10502 7019 9266
9141 8424 9062
10309 7545 9319
9766 7901 9833
8912 7769 10542
9458 7313 10495
9453 8079 9789
9084 7866 10365
8606 8507 9225
9299 8381 9146
9723 7412 10267
9576 7993 9831
9088 7869 10352
9266 8419 9005
8604 8536 8994
9455 8222 9537
8631 8526 8895
10127 7268 9856
10314 6957 9719
9856 8111 9081
10359 7509 9234
8578 8149 10201
10091 7522 9791
8747 8524 8902
9200 8372 9345
9982 7169 10095
9138 7841 10354
8948 8446 9155
10189 7789 9141
9111 7120 10695
10013 8031 8938
10031 7655 9723
8692 8203 10095
10444 7564 8538
10167 7747 9350
9828 7995 9488
10015 7443 9898
8697 8156 10191
10113 7307 9838
10504 7290 9054
9362 8304 9386
9809 7761 9870
9780 8112 9229
9729 7485 10200
9398 8189 9655
9599 7941 9900
9657 7029 10393
9943 7805 9623
8475 8482 9298
9729 7793 9956
10246 7529 9471
8620 8532 8895
9977 7730 9816
9795 7320 10247
10216 7638 9435
9584 7369 10369
10481 7289 9130
9573 8033 9748
9880 7700 9837
9919 7458 9984
10422 7251 9251
8773 8464 9260
9378 8050 10022
9723 7103 10358
9891 7737 9796
8706 8385 9624
9258 8409 9034
10139 7175 9882
9948 7936 9400
10632 7076 8832
9670 8014 9725
8983 7368 10682
9241 8391 9061
9928 7820 9654
9978 7386 10016
9844 7264 10163
8286 8610 8570
9178 8334 9507
9959 7981 9252
9005 7359 10679
10203 7348 9749
10189 7501 9582
10033 7842 9512
9886 7922 9655
10144 7601 9620
8828 8381 9634
8763 8191 10050
8799 7759 10554
9276 7898 10234
9080 8145 10115
10440 7173 9402
9310 8009 10054
9179 8264 9682
9138 8296 9725
9437 7937 10053
9134 8353 9515
10072 7300 9893
9641 8009 9729
10131 7407 9721
9738 7378 10238
8818 8390 9547
9062 7875 10368
9072 8302 9665
8540 8369 9783
10162 7349 9783
9973 7878 9508
9753 7744 10019
8208 7898 10567
9364 7976 10062
10036 7763 9607
8645 7401 10737
10360 7492 9194
8636 7549 10724
8461 8446 9488
9998 7983 9175
9151 8413 9088
8504 8541 8985
9746 7841 9874
9565 7686 10218
9324 8400 8809
9969 7775 9629
9590 7460 10333
10367 7490 9126
9055 8252 9829
8703 8558 8755
9901 7177 10187
9115 8481 8948
9403 7845 10172
8492 8276 9977
8789 8456 9299
8953 7282 10717
9609 7776 10104
8700 8514 8977
10170 7581 9546
8771 8010 10368
8925 8408 9380
9577 8050 9710
8676 8497 9159
10297 7165 9664
8152 8485 9359
10024 7674 9737
9278 7795 10326
9764 7182 10283
10541 6909 9223
9527 7317 10402
10087 7889 9097
8696 8499 9111
9124 8107 10096
8954 7542 10651
10243 7405 9619
8783 8496 9007
10080 7650 9631
9408 7084 10566
10274 7609 9288
8387 8582 8729
9677 8192 9414
9154 7982 10239
8947 8502 8921
8085 8624 8131
10072 7143 10041
10542 7075 8989
8932 7405 10672
10258 7606 9305
10526 6939 9196
10166 7068 9889
9950 8009 9203
9532 8342 9022
9122 7827 10368
9930 7178 10154
9438 7981 9977
10256 7573 9399
10092 7965 8813
9175 8442 8812
10311 7601 9164
8818 7370 10728
9900 7206 10139
8697 8358 9730
10565 7064 9024
9448 7934 10054
9298 8221 9719
10564 6870 9145
9249 7811 10317
8847 8460 9206
9366 8150 9762
9149 8462 8770
9754 7603 10051
10211 7602 9444
9498 7920 10005
9842 8093 9178
10469 7322 9129
9261 7957 10195
9960 7981 9216
8787 7947 10441
9782 8067 9514
9973 7997 9188
9591 8318 9180
9577 8220 9490
9845 7681 9918
10157 7834 9162
8767 8286 9877
9945 7955 9446
8947 8431 9264
9778 7870 9779
10306 7371 9477
9167 8059 10088
9763 7719 9987
10524 7259 9042
10443 7464 8986
9949 7408 10010
10187 7859 9044
9559 8041 9788
8643 8504 9144
8570 7576 10684
10016 7328 9970
10313 7449 9374
9326 7270 10637
10481 6843 9408
9928 8018 9206
9009 8395 9384
9407 7037 10569
9229 8005 10108
9490 8099 9723
9059 8441 9047
9276 8149 9855
9603 7752 10125
9022 8148 10060
9259 8101 9962
8496 8306 9885
8740 8504 9023
9455 8073 9802
9276 8351 9394
10158 7804 9118
8910 8302 9785
8961 8434 9254
9253 8436 8782
10079 7801 9463
10047 7941 9117
8646 8293 9883
9046 8312 9672
10223 7354 9703
9204 7301 10682
8900 8509 8765
9140 7869 10338
10023 7370 9922
9217 8018 10123
10323 7258 9482
9862 7426 10051
9217 7980 10225
9289 8246 9649
9939 7704 9829
9826 8118 9162
9751 7784 9953
9391 8326 9257
9143 8448 8840
10362 6824 9657
9722 7209 10362
9793 8150 9180
9796 7805 9851
9193 7778 10394
9483 8179 9594
8178 8598 8700
9488 7117 10550
8453 8491 9301
10213 7706 9301
8802 8295 9859
8907 8457 9102
9695 8236 8814
9540 7950 9958
9102 7047 10755
9338 8284 9499
8615 8452 9452
10153 7400 9771
9296 7790 10307
7964 8626 8282
9406 8187 9652
8010 8595 8706
9441 8096 9807
10128 7811 9228
8866 8467 9183
9909 8120 8679
9728 8054 9541
9474 8295 9214
9202 8436 8886
8793 8001 10365
9790 7713 9975
8191 8615 8399
9248 8152 9876
8848 7741 10551
10570 6795 9045
9688 7492 10238
10316 7626 9116
10107 7783 9346
9833 7383 10134
9940 7847 9562
10103 7757 9374
9882 8094 9062
10205 7247 9744
9712 8184 9247
10348 7517 9176
9764 8167 9086
9776 8185 8792
8945 8467 9076
9666 7501 10241
9340 7265 10561
10197 6948 9896
9507 7837 10185
9226 7006 10683
9066 7878 10355
8217 8620 8343
9352 8125 9844
9260 7588 10465
9513 7798 10121
10577 7134 8851
9882 8059 9255
10122 7174 9921
10110 7202 9910
10251 7500 9524
9247 8102 10027
8337 8478 9402
9800 8180 8601
10301 7386 9496
9334 7836 10284
10100 7552 9707
9408 7658 10321
8948 7232 10750
8838 8493 8982
9934 7771 9685
10559 6888 9090
10246 7685 9113
9219 8400 9064
8332 6804 10861
9688 8021 9639
9178 8276 9686
9127 8061 10140
8562 8360 9780
9132 8334 9521
9781 8096 9299
9026 7967 10323
9668 7864 9910
8647 8488 9260
9118 8404 9208
10126 7532 9633
9723 8060 9529
8702 8306 9851
10098 7937 9050
9394 7598 10380
10062 7872 9250
8951 8273 9803
10424 7321 9229
8706 7748 10607
8863 8371 9580
8774 8083 10253
8653 8296 9871
9653 7405 10307
9617 7763 10086
8892 8437 9288
9891 7650 9897
8937 8114 10212
10462 7511 8744
8369 8475 9380
8477 8537 9089
8729 7527 10696
8916 6784 10785
10424 7556 8851
8495 7137 10856
9903 7922 9470
8342 8615 8286
9338 8377 9164
9326 7921 10177
9048 7595 10560
8603 8411 9622
8818 8445 9324
8852 8474 9090
8530 8483 9297
9434 7557 10418
9742 7364 10210
9781 8047 9555
9663 7566 10244
9735 8137 9348
9355 7717 10384
9280 8235 9722
8661 8291 9913
9942 8020 9119
9764 7726 9917
8405 8507 9307
9319 8128 9922
8990 8217 9932
8871 8537 8782
10264 6993 9804
9510 7378 10453
8954 8364 9644
9694 7746 10012
8811 8034 10361
9759 7740 9920
10106 7603 9628
10326 7712 8860
9382 8135 9766
8989 7611 10550
9533 8220 9511
9567 7922 9966
9608 7410 10358
9162 7377 10652
9023 8320 9693
8772 8483 9203
10585 7033 9012
8995 8323 9633
8622 8523 9017
9491 7513 10348
10258 7570 9371
10153 7656 9449
9224 8427 8883
9822 7415 10107
7781 8631 8100
10086 7711 9502
9766 8201 8735
9933 7632 9919
9726 7955 9818
9594 8160 9483
9043 7552 10593
9422 8070 9823
9026 8188 10000
10077 7893 9185
8790 7750 10555
8874 8394 9479
9761 8118 9254
9993 8062 8950
9679 7407 10288
8231 8519 9201
7925 8633 8020
10235 7666 9206
10120 7735 9462
9463 8180 9589
10393 7038 9580
10259 7133 9742
9667 7754 10038
8885 8189 10003
10389 7133 9559
9297 7607 10454
9382 7970 10046
9103 8426 9192
9520 8038 9802
8857 7960 10371
9282 7771 10326
9013 8073 10154
8486 6619 10866
9961 7319 10069
10084 7813 9334
9087 8507 8747
10210 7851 8891
9117 8436 9034
10328 7319 9451
9562 7258 10425
8921 7656 10577
8449 8544 9085
8805 8071 10354
9872 7271 10147
9030 7621 10544
9142 8152 9967
8250 7671 10676
10480 7217 9153
9543 7417 10379
8541 8500 9257
9913 7376 10059
8326 7682 10669
8977 8394 9396
8357 8427 9559
10082 7841 9238
10346 7584 9077
9718 7237 10292
9474 7470 10408
10467 7389 9030
9320 8374 9178
8683 8183 10161
8731 8495 9040
10335 7256 9544
9044 6953 10756
8299 8151 10242
10037 7999 8892
10371 7236 9467
10007 8040 8905
10191 7474 9598
9141 8155 9989
9456 7957 9993
9364 8247 9600
9363 8398 8720
9594 8088 9612
10096 7686 9484
10307 7612 9220
10492 7036 9312
9165 7550 10546
10047 7522 9812
8314 7699 10667
9018 8023 10218
8632 8497 9180
8748 8003 10373
9495 7896 10071
9878 7418 10080
10257 7561 9395
9358 7977 10071
10278 7801 8839
9118 7764 10411
10417 7349 9189
10135 7969 8710
8434 8553 9005
10184 7340 9780
9765 8124 9204
9094 8181 9925
9156 6892 10709
10207 7373 9668
9353 7276 10539
9685 8071 9588
9785 8099 9262
10329 7054 9627
9962 7198 10061
10561 6878 9211
10495 7395 9024
9381 8108 9832
10281 7531 9446
9027 8453 9136
10073 7671 9636
8916 7597 10592
9613 7801 10073
9638 7985 9795
9027 7792 10503
8634 8525 8988
8371 8508 9286
10258 7583 9331
9946 8078 8767
9711 7959 9695
8805 8543 8722
9929 7357 10094
9151 7574 10532
9388 8141 9759
9738 8177 9220
8605 7308 10817
9694 8066 9539
10194 7421 9669
9958 6962 10139
9796 7865 9807
10083 7349 9877
10301 7462 9371
9525 8265 9324
8972 7187 10728
8454 8544 8990
9162 7789 10405
9925 7827 9636
9428 7854 10134
8432 7483 10769
7988 8604 8709
10264 7288 9702
9371 8146 9827
9842 8013 9445
10092 7714 9466
9536 7451 10348
9521 7686 10239
9180 8048 10189
10026 7787 9525
8663 8341 9776
9306 8102 9941
10364 7666 8896
9359 8063 9979
9245 8105 9996
10119 7297 9831
9288 8173 9823
9574 7885 10001
9166 8193 9826
10376 7378 9340
9794 7930 9644
8723 8452 9314
9963 7780 9681
9199 7315 10598
10102 7758 9394
8468 7858 10525
9623 7982 9889
8835 8118 10196
9184 7844 10323
9561 7423 10362
9783 7881 9742
9456 8184 9643
9826 7468 10103
9674 8052 9638
10040 7685 9639
8728 8201 10104
10232 7715 9113
9273 8020 10073
8275 8436 9573
8444 8230 10117
9946 7737 9702
9503 7990 9909
9300 7561 10498
8404 8184 10192
10055 7470 9816
10335 7338 9413
10424 7268 9242
8441 7335 10782
8626 8527 8991
8954 8162 10105
9532 8166 9603
9262 8311 9461
9658 7185 10389
10315 7510 9312
8911 7602 10654
10287 7561 9287
8541 7807 10576
8729 8499 9050
9889 8056 9265
10031 7860 9400
9451 8241 9539
9014 7878 10370
8817 8545 8693
8751 7781 10558
9454 7376 10503
8709 7904 10505
9560 8008 9856
10347 7618 9003
9090 8353 9536
8979 8466 9097
9116 8431 9124
10325 7078 9692
10153 7289 9802
9534 8103 9690
8348 7843 10590
10285 7688 9100
9193 8391 9231
9640 7860 10002
9248 8026 10091
10125 7198 9863
8608 8530 8924
8784 7622 10634
9423 7408 10429
9928 7907 9553
9372 7229 10588
9220 7173 10683
9933 7117 10161
8187 8519 9222
8783 8509 8970
9899 7754 9741
9122 7671 10506
10078 7328 9892
9327 8356 9192
8501 8474 9398
9591 8233 9252
9915 7691 9886
10103 7380 9813
10272 7478 9488
8731 8470 9281
10161 7946 8654
10135 7109 9951
9356 8365 9091
9172 8359 9381
9142 8221 9816
9170 7846 10305
8887 8448 9310
9041 7890 10358
8644 8511 9004
9212 8409 9043
9779 7927 9738
10223 7059 9805
8938 6773 10787
9682 8039 9631
9201 8410 9083
10253 7312 9664
8789 8208 10013
10290 7066 9699
10323 7523 9274
9199 8306 9599
9303 8281 9526
9416 8147 9753
8888 8370 9584
10168 7732 9288
10164 7865 8989
9642 7892 9908
9952 7169 10151
10512 7116 9141
8436 8539 9153
10325 7379 9436
9427 8289 9451
9957 7523 9939
10028 7720 9624
10286 7217 9619
9206 6928 10689
9493 7207 10466
8941 8497 8928
9069 7832 10399
8396 7881 10552
9575 8268 9185
8579 8539 8933
9874 7757 9887
9456 8146 9687
9979 7829 9539
10525 7242 9002
10064 7566 9747
10303 7386 9466
8800 8473 9123
10383 7517 9117
9260 8434 8739
9683 7566 10140
9491 7224 10479
10142 7800 9223
9309 7720 10362
9242 7305 10603
8952 7290 10706
10037 7677 9685
9683 7981 9790
10130 7088 9966
9229 7982 10196
8579 8521 9025
10000 7899 9287
9625 8014 9795
10229 7715 9116
9375 7855 10184
10211 7519 9512
9163 8117 10060
8557 8548 8936
8611 8282 9957
9502 7982 9923
10046 7756 9513
8633 7630 10647
8405 8315 9908
10047 8010 8804
8673 8270 9908
9720 8161 9234
10233 7675 9289
8401 7505 10727
9560 7614 10221
8930 7832 10510
9991 7809 9536
9129 8153 10018
8642 7646 10615
8980 8278 9788
9889 7903 9609
9659 7796 10062
10228 7662 9335
9936 7651 9846
9879 7196 10166
9029 7576 10579
9037 7837 10408
8734 8519 8970
10076 7946 9053
10189 7745 9211
10583 7100 8913
10523 7312 8769
9479 8095 9759
9158 8378 9355
9992 7877 9459
8848 8423 9352
9742 8132 9357
9878 8056 9292
10384 6921 9617
9374 7968 10124
10000 7907 9270
10589 6955 9044
8885 8510 8812
9232 8171 9873
8891 7716 10598
8390 7973 10525
8753 8315 9790
10465 7224 9197
9881 8014 9345
8780 8395 9533
10503 7096 9175
9852 7177 10242
9844 7889 9679
9942 7875 9529
9739 8124 9414
9038 8423 9223
9358 7698 10338
8500 8544 8981
9140 8230 9896
9953 7872 9530
9429 8322 9357
10230 7332 9643
9494 8197 9516
8466 8449 9475
9982 7750 9634
9652 7840 9963
10481 6962 9354
9249 7742 10359
9697 7129 10373
10562 6809 9185
9757 7911 9747
9451 8313 9354
9445 7774 10232
9447 7624 10358
8377 8143 10228
8633 7788 10583
10288 7669 9054
10449 7068 9432
8567 8590 8218
8820 7579 10662
9680 8113 9509
8846 8356 9670
10201 7832 9056
9908 7474 10011
9542 7787 10124
9754 8086 9377
9469 7771 10278
8888 8438 9290
9779 7817 9914
8571 8375 9720
9205 8427 9034
10199 7457 9660
8318 8603 8526
9511 8288 9310
9407 8366 9032
8769 8007 10372
9055 8206 9946
9931 7993 9262
10009 7422 9912
9213 8425 8938
9531 7778 10130
9041 8496 8837
9016 8167 10056
9768 8000 9575
9645 7967 9804
8710 8461 9347
8775 7525 10675
10297 7699 8868
9143 8188 9895
9987 7954 9224
9985 7853 9526
9624 7329 10336
8763 8255 9921
8291 8431 9556
9785 7981 9632
9720 8139 9434
10099 7770 9451
9629 7825 10020
8757 8513 8928
9432 8196 9615
10317 7367 9531
9391 7131 10579
8681 8496 9165
9629 7459 10272
9641 7906 9890
10334 7506 9275
9229 7648 10454
9540 8297 9209
10151 7622 9515
8554 8434 9532
9696 8193 9280
8774 8414 9529
10301 7659 9052
10141 7726 9386
9401 8243 9559
10085 7911 9124
9239 7835 10306
8860 8420 9527
9711 7711 10043
9530 7881 10030
10240 7844 8810
9137 8411 9185
9751 7659 10036
9899 7913 9563
9435 8350 9014
8193 8453 9558
9928 7996 9229
9305 7389 10537
8826 7750 10554
9999 7170 10056
8772 7467 10693
9799 7801 9888
8956 7946 10343
9587 8207 9336
9819 7412 10114
9485 8236 9437
9700 7218 10365
10442 7072 9397
8868 8288 9871
8957 8260 9796
9361 7597 10394
9451 7834 10212
9316 8179 9817
9668 8028 9651
9521 7765 10138
10003 7168 10055
8405 8108 10325
9770 7198 10270
8850 8372 9631
9966 7920 9457
9298 8007 10083
8979 8074 10197
7812 8563 9117
8650 6891 10839
10357 7629 8915
9262 7838 10293
9612 7446 10273
9360 7712 10322
8920 8403 9411
8603 8413 9565
9670 7688 10100
9220 8348 9421
8778 7542 10668
9415 8287 9480
8920 7991 10359
10607 6991 8933
9193 8047 10138
10067 7537 9757
9358 7546 10425
8742 7849 10525
10403 7021 9483
8513 7856 10517
8902 8287 9828
9709 7744 10040
9298 8383 9181
8527 7987 10483
9678 7683 10124
9585 7763 10161
9582 8187 9518
10549 7062 9086
8093 8527 9241
10412 6788 9572
9129 8454 8978
10124 7701 9467
9929 8089 8667
10360 7481 9210
9316 7604 10410
10332 7425 9357
9346 7179 10613
9323 7316 10593
9855 8064 9231
9203 8413 9081
10310 7533 9315
8516 8233 10043
10246 7166 9760
9749 7562 10143
9779 7724 9945
9416 7378 10496
9059 8331 9561
9205 8072 10074
9647 7855 9948
9385 8110 9822
8753 8313 9847
8895 8374 9558
9109 7504 10556
8742 8394 9549
10429 7334 9093
10417 7005 9475
9436 7791 10215
10235 7704 9162
8631 8308 9884
9434 8131 9766
10094 7662 9567
10407 7568 8817
9328 7889 10175
9601 8213 9304
9796 8045 9469
9411 8204 9649
8309 8589 8629
9499 7973 9964
9659 8094 9580
8891 6990 10792
9859 8081 9212
9725 7594 10111
9699 8035 9583
8619 8205 10102
10242 6799 9828
9380 8301 9393
9265 8284 9646
8807 8510 8923
9835 7208 10208
9251 7639 10451
10120 7806 9281
9143 7823 10382
8970 8247 9907
8945 7936 10400
9411 8146 9757
8386 7564 10709
8968 8386 9460
10229 7804 8940
9179 7675 10429
10366 7402 9314
8702 7531 10675
9837 7360 10141
9943 7494 9973
10354 7528 9163
10338 7396 9320
10404 7587 8863
9273 7566 10465
8337 8471 9407
10303 7546 9221
8515 8373 9770
8552 8255 10040
8288 8358 9807
8931 8506 8841
9183 8002 10233
9611 7372 10331
8716 8279 9881
8972 8104 10158
9499 8174 9602
10255 6994 9793
9952 8026 9029
9873 7344 10118
10215 7428 9612
10089 7791 9336
10260 7754 8977
9131 8185 9924
8792 7997 10408
10476 7052 9326
9871 7465 10031
9168 8191 9828
10210 7566 9525
9651 8119 9519
10148 7527 9595
8527 8375 9741
9832 7365 10203
9694 8238 8995
8985 8122 10143
9087 7820 10409
9782 7897 9734
9750 7946 9747
8839 7809 10518
9549 7664 10229
9299 8093 9968
9262 7516 10514
8593 8366 9717
10196 7711 9209
9827 7951 9621
9013 8019 10244
10075 7449 9841
9718 8089 9455
8977 8413 9349
8981 8405 9349
10087 7559 9731
9140 8384 9280
9011 7602 10547
9511 7588 10288
9731 7478 10153
8967 7795 10491
8922 8179 10011
9105 7444 10597
8645 7618 10648
10009 7343 9941
8823 8060 10318
8860 7907 10465
9566 7278 10415
10003 8019 9157
9517 8057 9848
9237 7829 10331
9452 8123 9751
9486 7229 10541
9417 8089 9912
9871 7973 9485
9595 7578 10225
10443 7078 9370
8671 8133 10228
9430 7075 10563
9351 8014 10043
9946 7083 10161
9811 7526 10055
10088 7754 9466
9888 7816 9701
8761 8388 9556
10521 6892 9225
9312 7481 10503
9786 7368 10181
9571 7801 10103
10377 7529 9103
10321 7590 9175
10021 7310 9947
9373 7686 10347
8886 8451 9178
9779 7997 9576
9026 8424 9278
9564 7781 10109
8486 8261 9980
10084 7395 9833
9452 7479 10411
10193 7437 9661
9578 8084 9629
9256 7290 10600
9833 7213 10203
8914 8524 8408
10059 7898 9160
8567 8433 9481
8845 8473 9094
8762 8387 9574
9839 7521 10073
9370 7879 10177
8344 8408 9670
8749 8218 10020
9858 8145 8928
8203 8617 8370
10306 7113 9629
9188 7862 10300
10345 7239 9447
8283 8431 9575
9454 8285 9317
9878 7967 9468
10015 7260 10001
10319 6978 9704
8822 8119 10247
9157 7497 10550
9088 8143 10019
9220 7934 10269
9848 7995 9453
10458 7331 9103
9839 7992 9489
8833 8282 9880
9519 8230 9405
10293 7437 9429
9390 8191 9751
9982 7641 9761
9504 7481 10353
10513 6775 9368
10142 7674 9515
8914 8388 9472
10006 8000 9111
10138 7502 9678
8719 8349 9727
9568 7175 10507
9233 8305 9556
8368 7729 10646
8960 7422 10661
9691 7727 10049
9760 7622 10037
9779 7388 10167
8070 8424 9592
10122 7905 9004
10079 7289 9945
8648 8260 9956
8897 8483 9082
10257 7572 9379
8966 7910 10419
9842 7934 9582
10154 7762 9291
9770 7187 10276
8838 7916 10468
9385 8260 9498
8892 8249 9933
9608 7865 10009
9226 8371 9243
8604 7052 10823
10463 7047 9358
10032 7936 9188
8695 8190 10122
8327 8431 9554
10020 7542 9816
8698 8459 9376
8805 8446 9375
9068 8303 9669
8707 7318 10777
9872 7822 9716
8836 8294 9816
9724 7336 10280
10399 7560 8867
9155 8051 10128
10011 7338 9969
10228 7732 9156
8681 7582 10675
9133 7197 10687
8605 7571 10682
10081 7188 9940
9906 7808 9711
8753 8146 10145
8923 7993 10353
9509 7684 10268
9883 7369 10063
8751 8473 9263
9632 8252 9179
7982 8617 8539
10474 7156 9282
10533 7134 9039
9421 8054 9917
9044 8065 10157
9638 8128 9611
9309 8262 9628
9671 7564 10169
9333 8227 9710
9121 8314 9613
8808 8343 9711
9827 7841 9786
9410 6893 10565
9264 8384 9160
8756 6698 10829
9885 8051 9301
9070 8420 9214
8707 8405 9578
9001 8348 9579
8727 8246 9953
9239 8342 9436
8650 6893 10834
8794 8370 9681
8874 7877 10462
10228 7429 9546
9936 7353 10040
10315 7370 9488
10050 7588 9792
9124 8430 9028
10181 7208 9858
10565 7220 8883
9054 7521 10598
9767 7714 10016
9320 8053 10015
8343 8611 8140
10113 7230 9890
10088 7000 9984
9620 7993 9810
9635 8159 9438
8949 8217 9994
9621 7223 10413
8929 8367 9583
9934 7995 9220
10341 7603 9006
10049 7978 9108
8591 8015 10474
9579 7190 10437
9636 7898 9970
10136 7505 9635
9147 8128 9980
8601 8417 9575
9862 8084 9197
8954 7193 10739
9859 7996 9365
10535 7372 8699
9634 8225 9294
10428 7273 9206
9521 8279 9397
10334 6957 9702
10287 7253 9609
9598 7468 10318
9746 7594 10072
10394 7659 8815
9682 8157 9470
9259 7703 10393
9707 7825 9959
9691 8100 9531
8750 7127 10784
9872 7141 10213
9181 7872 10286
8870 7952 10370
9609 7304 10354
9910 7751 9742
9951 8026 9065
9964 7078 10100
10212 7738 9060
8667 7390 10739
9356 7219 10595
8701 8523 8910
9258 7916 10198
9628 6861 10425
8664 7975 10498
9679 7756 10009
10081 7523 9774
9638 7410 10302
9346 7908 10168
8316 8610 8342
9503 8333 9123
8925 8440 9267
10323 7650 9049
8270 8620 8000
8722 7620 10644
10292 7709 8956
9008 7302 10696
9390 8391 8576
7955 8592 8842
8897 7246 10742
9101 8439 9080
9219 8012 10131
10128 7194 9920
9412 8182 9748
8161 8615 8627
8723 7828 10542
9178 8381 9348
9454 7916 10046
10478 7217 9159
9921 7537 9979
9374 7246 10546
9196 7893 10280
9253 8002 10106
10646 6702 8368
10086 7166 9949
8178 8531 9181
8696 8338 9776
9732 7612 10054
9923 7440 9982
9468 8129 9689
9001 8457 9094
8786 7727 10575
8706 8273 9887
9390 7800 10249
9834 8019 9475
9561 8331 8976
9919 7990 9291
10057 7728 9618
9896 7773 9787
10532 7014 9193
10125 7819 9235
9400 8259 9551
9290 7490 10506
10188 7208 9809
8873 8379 9504
9160 8199 9884
8422 8551 9034
10432 7010 9437
9375 7755 10319
9768 7607 10046
8515 8426 9565
10332 7749 8693
10143 7344 9812
9788 7969 9563
8524 7673 10649
9818 7688 9950
9577 7817 10090
10405 7220 9442
9774 7109 10308
9664 7916 9888
10532 7085 9129
9687 8062 9618
8890 7778 10545
9723 7986 9645
9306 8192 9724
9097 7844 10355
9024 8357 9533
10273 7224 9643
9227 8392 9063
9255 8295 9620
9194 8185 9868
9045 8207 9924
9297 7643 10417
9810 7144 10266
8305 8514 9226
9338 7987 10044
8806 8372 9652
9970 7886 9462
8049 8625 7769
8957 8116 10149
9126 8348 9560
9662 7228 10348
8679 7535 10677
9244 8173 9844
10281 7539 9325
9059 8417 9215
8190 8541 9133
9898 8144 9057
9913 8064 9148
9299 7370 10558
9129 8422 9091
10355 7573 9003
8518 7067 10831
8235 8585 8740
9822 8044 9457
8756 8510 8967
8983 8067 10212
9530 7455 10396
8321 8588 8669
9379 8347 9262
8636 7035 10819
10086 7088 9987
9542 8152 9644
10104 7791 9300
10367 7390 9310
9562 7378 10372
8701 8236 10031
9123 8479 8852
10094 7524 9708
9480 7915 10050
9093 8300 9730
9993 7907 9355
8884 8079 10235
9227 8352 9395
8450 8460 9520
9253 8006 10099
9099 8386 9396
9913 8077 9063
8284 8519 9184
9443 8347 9112
8449 8377 9767
10000 7714 9630
8709 7799 10576
9574 8119 9624
9424 8301 9372
9512 7944 9964
9631 7026 10417
9477 7907 10107
10013 7918 9248
8452 8245 10074
9019 8006 10237
9572 7720 10168
9980 7828 9574
10117 7502 9717
10365 7171 9625
10421 7395 9084
9591 8198 9445
9911 7854 9624
9255 8233 9740
10170 7668 9445
9161 7721 10452
8113 8483 9393
8937 8481 8967
9434 7777 10231
9309 7609 10425
10040 8048 8800
9428 7438 10422
10380 7434 9309
9463 8354 8754
8855 8096 10220
8743 8250 9945
8156 8540 9184
8721 8121 10204
9933 7742 9743
10266 7821 8754
9224 7653 10516
9845 7640 9992
8540 8513 9165
8938 8445 9199
9080 7328 10675
9195 7796 10355
9752 7209 10306
9352 7255 10549
10431 7497 8895
9577 7875 10043
10084 7621 9606
9681 7323 10345
9986 7889 9445
8430 7803 10580
9613 7911 9897
9469 8101 9778
8969 8403 9378
9524 7356 10408
9666 8232 9188
9113 7735 10455
10144 7647 9481
9121 8256 9792
10146 7692 9464
8714 7849 10543
9755 6940 10322
8543 8172 10163
9376 8000 10030
10170 7585 9513
10416 7366 9229
10089 7154 9967
8885 8413 9465
8613 8419 9546
9732 8153 9235
9010 8376 9521
9259 7721 10362
8281 8602 8646
10210 7529 9559
8589 8350 9756
10244 7605 9376
9726 7500 10167
8700 7438 10706
9795 8203 8604
8601 8272 9979
9188 8164 9901
10119 7758 9364
8388 8553 9014
8822 8321 9786
8220 8621 8033
9706 7748 9983
8862 6876 10803
10217 7212 9732
8135 8125 10323
9967 7029 10107
9193 7939 10236
8408 8485 9344
9500 8227 9487
10032 7848 9396
8855 7365 10736
9542 7375 10401
9319 7365 10551
10372 7587 8904
10016 7794 9619
9448 8078 9793
9960 8023 9000
10064 7986 8661
9454 7977 9969
8586 7642 10627
10035 7909 9245
9351 8296 9416
10351 7655 8918
10641 6679 8612
9110 7781 10411
8047 8487 9390
9560 8172 9597
8860 8517 8874
10200 7259 9758
10270 7667 9165
9492 7638 10288
9713 7341 10275
10116 7104 9974
9728 7002 10350
8644 7445 10706
10153 7797 9215
9710 8011 9690
9934 7652 9854
10153 7487 9670
9338 7823 10283
8849 8207 10028
9567 8092 9746
8629 8475 9310
8864 7989 10363
8425 8463 9459
9514 7527 10327
10291 7642 9106
9564 7948 9952
10310 7624 9123
8478 8553 8984
10278 7552 9319
9428 7849 10153
9220 7503 10541
8787 8493 9086
9366 7569 10399
8843 8563 8581
10389 7578 8988
10309 7664 8967
8907 8404 9462
10539 7147 8988
9611 7588 10200
10140 7792 9242
9866 7441 10035
9685 7876 9848
8393 8480 9352
9321 8236 9606
10041 7464 9862
8800 8227 9999
9900 8032 9303
9202 7404 10590
9264 8310 9483
8256 8423 9613
8770 8448 9358
10093 7709 9580
10595 6880 8944
9022 8378 9492
9297 8332 9300
8787 7383 10775
9743 7610 10053
10059 7891 9296
9067 7934 10353
8863 8374 9571
7920 8623 8537
9744 8132 9248
9354 7874 10219
9638 7865 9953
10232 7842 8888
9140 7565 10538
8669 8200 10129
8168 8332 9884
9763 7442 10180
9541 8025 9802
9871 7768 9808
9470 7882 10129
10318 7559 9215
9642 8062 9688
9038 7555 10566
9184 8436 8990
8484 8265 9990
9674 8202 9283
9768 7374 10174
10634 6836 8485
9480 8228 9482
9908 8014 9261
8616 8505 9141
9298 7167 10653
9892 7214 10132
9683 7877 9856
9282 7449 10547
9346 8129 9892
9508 7965 9922
9057 8019 10223
9252 7970 10171
9799 7703 9970
10262 7326 9599
9935 7325 10073
8330 8583 8718
8982 8402 9327
7861 8600 8775
9877 7929 9495
10396 7325 9412
9789 7352 10268
9560 8266 9197
8946 8483 8942
10297 7680 9002
10162 7811 9111
8395 6752 10870
9166 8173 9904
10354 7471 9258
9546 8136 9600
9683 8199 9218
8755 8246 9946
9665 8047 9697
8896 8385 9476
9785 8048 9468
8349 8480 9373
8867 8469 9100
10185 7582 9515
10064 7805 9349
10225 7427 9629
9882 8019 9338
9053 7865 10398
10092 6867 9977
9476 7968 9966
9269 8331 9430
10103 7746 9390
10289 7418 9442
8887 7324 10722
9429 8375 8888
9594 8280 8960
10179 7211 9815
9334 7302 10545
9854 7431 10077
7802 8634 7739
8449 8594 8455
9535 8155 9682
9389 7763 10301
10544 6825 9282
10124 6972 9971
8387 8136 10299
10054 7303 9971
9146 8294 9629
9161 8228 9793
9603 8200 9416
9059 8301 9773
10269 7014 9789
10094 7774 9354
8856 8193 10013
9998 7497 9852
9231 8445 8785
9675 7596 10154
8896 7719 10547
8962 8362 9548
9845 7381 10097
10393 7458 9169
8974 8391 9453
9823 8027 9422
9884 8075 9194
9124 8305 9619
10515 7364 9012
10124 7831 9239
10143 7406 9781
9692 7909 9835
9073 7834 10386
8490 8585 8552
9998 7144 10059
9224 8229 9755
9825 7412 10109
8538 6994 10842
10243 7698 9114
8641 8469 9299
10600 7124 8476
8940 8068 10256
9794 7675 10007
10190 7740 9137
8565 6987 10827
9167 7685 10436
8532 7774 10585
10061 7219 9952
9487 7538 10353
10043 7911 9167
9705 7691 10044
9527 7849 10073
9672 8247 8998
10558 6957 9116
8952 7949 10339
9412 7566 10421
9023 8169 10005
9919 7603 9953
9765 7613 10033
8471 8529 9099
10417 7520 9021
9890 7753 9788
10014 7395 9916
9240 8296 9567
9576 8052 9723
9263 7629 10462
9765 7597 10053
10515 7403 8711
9988 7859 9510
9184 7436 10549
9639 7879 9924
9404 8227 9561
8972 7185 10733
9414 7463 10513
9519 7767 10158
8692 6809 10847
9182 7471 10557
10136 6921 9966
10153 7100 9906
9329 8023 10046
9618 8199 9310
9891 8073 9151
9433 7164 10555
9991 7914 9397
9534 8099 9702
8969 7398 10685
10458 7399 8922
10032 8049 8895
10582 7112 8917
8801 8492 9102
10197 7248 9761
7834 8554 9114
9827 7804 9820
10094 7941 9078
10567 7153 8982
8954 8008 10313
10406 7383 9326
9924 8087 8770
8846 8339 9721
10167 7481 9658
8749 8497 8986
10435 7465 8894
10345 7184 9526
10295 7690 8910
9058 8213 9914
8750 7476 10696
8491 8582 8530
10534 7066 9096
9933 7979 9283
7848 8634 7730
8520 8310 9873
9166 7483 10545
10234 7457 9545
10585 6599 9161
8692 8322 9815
10141 6872 9938
9828 8026 9465
9833 7571 10014
10421 7487 8984
10208 7302 9714
9719 8008 9625
9504 7468 10361
9314 7911 10220
9711 7974 9681
10560 6806 9317
8583 7317 10820
9994 7806 9529
8879 7951 10368
9045 8311 9690
9099 8328 9575
10000 7867 9400
9681 7794 10001
10187 7722 9408
9075 7495 10639
10050 7152 10044
9020 8215 9961
10081 7734 9562
9690 7170 10376
9209 8036 10120
9764 8159 9128
8933 8032 10314
8626 8522 9013
8559 7026 10838
9922 7846 9682
10291 7739 9000
10286 7488 9406
9883 7953 9482
10264 7574 9364
10069 7382 9900
9527 7501 10352
10593 7162 8740
8611 8540 8908
8633 8584 8278
9707 7747 9997
9825 7886 9689
8415 8092 10361
9080 7588 10542
9258 7909 10270
8921 8092 10223
9353 7609 10404
9052 8399 9313
9467 8114 9714
10469 6927 9378
9601 7702 10133
9675 7778 10020
8826 7487 10689
8800 8187 10046
10111 7367 9795
9072 7541 10595
7976 8594 8714
9693 7763 10005
8641 6775 10852
10190 7560 9571
8967 8317 9720
10148 7567 9583
9699 7371 10278
9979 7026 10111
9407 8384 8891
10230 7761 9058
9424 8003 10022
10012 7953 9172
9837 7410 10112
9430 8067 9816
9425 8101 9799
9238 8264 9661
9969 7414 9964
9897 7648 9936
9504 8221 9417
9104 8400 9280
9247 8239 9662
9476 7435 10400
9890 7958 9465
10081 7889 9157
8861 8152 10118
9842 7332 10146
8180 8519 9283
10521 7338 8947
10185 7749 9239
8693 8124 10225
9580 8141 9585
10033 7893 9306
9835 8132 9058
10010 7260 10034
9808 7966 9641
8697 8553 8762
9276 7176 10656
9911 7287 10101
8806 7613 10631
9655 7743 10066
10287 7005 9744
8884 7343 10768
9933 7539 9950
9292 8214 9735
9294 8143 9839
9402 7349 10530
9247 8025 10095
9454 7595 10353
9791 7898 9687
9145 7555 10553
10127 7716 9441
8890 8518 8678
9321 7945 10170
10033 7085 10097
10068 7991 8630
9895 7716 9828
8712 8088 10268
10007 7559 9813
9541 7490 10329
8913 8195 9997
9770 8158 9119
9150 8368 9384
9074 8268 9734
9070 8250 9859
8795 8183 10139
9928 7967 9412
10494 7201 9145
9062 8405 9294
9746 8120 9360
8971 7622 10586
9705 8190 9215
9065 7829 10412
10147 7414 9710
10636 6944 8469
9917 8075 8866
10498 7472 8738
9739 6923 10340
9841 7676 9946
9997 7616 9872
9172 7431 10575
9852 7773 9808
9735 7332 10272
10449 7436 9073
9450 7429 10419
8750 8192 10101
9854 8150 8870
9519 8292 9285
10036 7676 9708
8418 8157 10222
9731 7975 9636
8543 8549 8920
8462 8217 10098
9649 7236 10377
9541 8248 9385
9665 7693 10162
9200 8309 9565
10259 7540 9449
9221 7952 10200
8367 7864 10573
9227 7413 10552
9182 8331 9511
9292 7803 10308
9419 7458 10451
9234 7143 10680
10569 7069 8988
9054 8390 9401
10145 7282 9836
9716 7745 9989
9490 8257 9422
9575 7628 10218
8991 7866 10400
9942 7732 9738
9073 8204 9903
9058 8314 9643
10546 6990 9115
9994 7906 9390
10592 7032 8998
9590 7901 9948
9533 8270 9240
10205 7541 9573
10221 7586 9419
9389 8218 9573
8801 8164 10143
8962 8059 10253
10254 7640 9300
10350 7337 9381
8200 8590 8820
8782 7759 10600
9430 8147 9721
10063 7343 9923
8991 7855 10460
8816 8426 9347
8539 7335 10777
9220 8396 9117
9001 8396 9334
10220 7145 9814
8702 8571 8663
8864 8392 9502
8737 8136 10152
10598 7077 8532
9497 7789 10196
9332 8001 10051
9999 7943 9210
10174 7590 9477
9965 7413 9968
10386 7657 8893
8098 8623 8080
9241 8365 9307
9356 7563 10448
9569 8265 9303
9093 8242 9838
9459 8031 9915
10421 7473 8989
9361 8364 9097
8950 8348 9710
10097 7620 9628
10250 7661 9211
9009 7672 10544
8384 8466 9460
7777 8594 8812
9388 7302 10538
8808 8474 9111
8712 8570 8082
10117 7316 9820
8857 7582 10658
10341 7013 9654
8648 7925 10503
9394 8156 9756
10033 7870 9332
9583 8243 9258
9516 7346 10432
9146 8404 9153
9686 8201 9176
9045 7943 10356
10058 7406 9862
9184 7368 10649
10003 7620 9742
10512 7443 8917
9535 8257 9352
10522 6883 9227
10590 6943 9040
9631 7668 10171
9253 8364 9252
9930 7990 9264
9002 7604 10555
9533 7546 10324
9115 8233 9835
9194 8407 9126
8938 6775 10782
9812 7266 10210
9216 8400 9166
8443 6747 10876
8350 8487 9355
9662 7226 10361
8648 7864 10511
9873 8091 9090
9874 7214 10189
9329 8319 9405
9543 7900 10009
10420 7287 9346
10066 7821 9324
8660 7829 10547
9286 7742 10326
8816 8502 8985
8676 8026 10400
8988 7901 10416
9393 8215 9685
9818 7731 9893
9660 7259 10358
9129 8246 9736
9235 8338 9462
9626 8154 9497
8582 7661 10620
10184 7493 9630
9813 7469 10115
8427 8498 9304
9753 7131 10323
8365 8590 8609
10042 7906 9253
9232 7936 10240
8547 8586 8423
9242 8004 10110
9604 8049 9702
9136 7078 10718
10074 7776 9511
9526 7263 10443
9779 8178 9085
9999 7610 9756
8515 6951 10847
8598 8090 10306
10340 7544 9171
8913 6979 10794
9315 8354 9221
9242 7630 10458
8494 7784 10597
9914 8026 9232
9304 6960 10641
9084 7641 10540
9927 7919 9557
9887 8002 9359
9868 8078 9147
9595 8007 9823
9527 7185 10449
9801 7768 9891
8891 8537 8657
8721 7410 10735
9719 7448 10221
9541 8285 9197
8784 8116 10250
9010 7914 10390
9108 7701 10509
10028 7906 9273
9731 7690 10048
9322 7620 10395
9823 7825 9791
9918 8054 9060
9489 8213 9512
9537 8187 9588
9455 7973 9985
8694 8404 9686
10228 7188 9770
9842 7410 10108
9990 7721 9724
9554 7923 9990
9922 7422 10051
9521 7814 10117
9589 8211 9333
10101 7505 9694
10303 7388 9439
9268 7914 10198
8235 6844 10868
10334 7424 9335
9774 8122 9185
10328 7339 9427
8408 7818 10571
8454 7737 10631
10033 7688 9629
10225 7166 9799
9922 8035 9077
10536 6999 9195
8396 8260 10022
9104 8461 9040
10017 7388 9939
9184 6939 10687
8438 8574 8998
9346 7084 10628
8671 8442 9470
9160 7451 10594
10061 7824 9395
10073 7338 9880
8554 8028 10447
8561 6777 10854
9012 8355 9562
8517 7086 10824
9266 8182 9826
9171 7787 10397
8768 6861 10822
10395 7391 9268
9502 7200 10493
9077 7982 10249
9865 7526 10048
9060 8187 9957
8713 8525 8881
9522 7195 10447
9254 8159 9833
9642 7460 10252
9270 8315 9438
10148 7632 9474
8964 7269 10701
9309 7730 10334
8910 7414 10675
9249 7404 10549
9232 8460 8538
8302 7924 10530
8583 8457 9413
8760 7768 10603
8463 7326 10779
9126 6954 10725
8050 8616 8435
8626 8079 10341
8645 8273 9929
9088 8017 10207
8456 8585 8571
9250 8126 9961
8603 8589 8396
8808 7118 10778
10492 7189 9220
9743 7833 9931
9793 7423 10155
8851 8240 9978
10418 7352 9159
8958 8508 8400
9265 7759 10337
10455 7184 9357
8494 7567 10686
8720 8356 9711
9117 8166 9934
9279 7495 10503
9836 7952 9574
10049 7496 9844
10315 7531 9235
9243 8293 9649
10361 7549 9007
8939 8271 9832
10145 7879 9182
10009 7515 9832
9685 8072 9532
9455 8112 9743
9833 7280 10190
8859 8289 9811
8339 8513 9247
9190 8261 9669
9653 7776 10083
9280 7351 10577
10129 7449 9720
10181 7915 8642
9392 8124 9779
9670 7234 10346
10001 8064 8872
9352 7977 10127
8090 8261 10054
8720 8088 10259
8536 8230 10041
8916 7910 10438
8274 8578 9002
9393 8048 9923
10338 7225 9482
9792 7189 10267
10477 7296 9058
9168 7972 10322
8813 8020 10336
8818 7372 10723
9942 8012 9165
8401 8109 10329
8823 7422 10690
8962 7643 10587
10409 7033 9444
9264 7083 10659
9239 7291 10628
8757 8492 9123
10270 7127 9693
10337 7423 9365
8666 8495 9200
9042 7989 10312
10413 7083 9443
8890 8184 10046
9301 8307 9441
10507 7206 9113
10118 7686 9470
9254 7761 10330
9033 8215 9949
9505 7962 9978
10284 7128 9673
10117 7595 9686
8908 7623 10591
9539 7621 10249
9323 8007 10059
10155 7464 9661
9382 8354 9141
10194 7565 9535
8570 7578 10679
9664 7451 10249
9276 8293 9502
8691 8191 10126
10140 7704 9450
9096 8259 9731
9243 7764 10329
9050 8316 9646
9687 7632 10136
9582 7144 10481
9851 7994 9460
8316 8580 8745
9725 7171 10335
10110 7608 9592
8943 8080 10210
9728 7849 9864
9237 8318 9523
9660 7976 9792
10129 7749 9358
8715 7171 10784
9640 7696 10101
9229 7310 10644
9082 8136 10035
9288 8349 9242
10039 7742 9546
10053 7349 9933
9239 8391 9222
10031 7358 9936
8462 7838 10567
9095 8175 9937
10430 7253 9238
9102 7319 10672
9802 7291 10242
9996 7442 9914
10075 7170 9975
9547 8277 9223
8972 8180 10006
9436 7988 10005
10203 7745 9110
9474 7841 10110
9136 8308 9613
9238 7383 10571
9912 8052 9174
8740 8054 10391
10336 7595 9104
8416 8264 9994
8623 8263 9976
9329 7854 10256
10133 7518 9682
8911 7342 10703
9995 7903 9341
9670 7886 9856
10090 7649 9605
10036 7182 10047
9829 8157 8932
10537 7085 9034
8731 8122 10199
10358 7628 8912
9150 8407 9147
10421 7430 9079
10165 7227 9823
9163 8325 9519
10522 7099 9095
10295 7644 9055
9146 7478 10578
9095 7708 10504
9839 7612 9993
9849 7999 9374
8976 7672 10553
9726 8154 9244
9337 8274 9592
9161 7750 10438
8979 8258 9834
10283 7095 9676
9805 7181 10226
9792 8182 8839
8696 8435 9408
9495 8066 9851
8452 7794 10577
10361 7490 9186
8767 8271 9882
9228 7593 10464
9646 7069 10414
9102 8314 9622
8272 7662 10673
9257 7747 10338
8924 8492 8945
8844 8472 9143
9504 7936 10004
8516 7556 10688
9490 7637 10293
9469 8122 9700
9406 8125 9772
8988 8175 10014
9595 8132 9522
9244 7747 10421
10179 6914 9900
8360 8095 10335
9986 7971 9264
10278 7152 9685
8866 8181 10106
10060 7176 9960
10258 6877 9809
9799 7530 10101
9887 7673 9968
9725 7616 10108
10066 7742 9514
9486 7906 10076
9441 7841 10182
9916 7822 9695
8997 8103 10162
9480 7304 10492
10020 7235 10002
10492 6800 9356
8628 6902 10837
9201 8378 9305
10475 7507 8719
9791 8167 8848
9330 7720 10323
9904 8050 9252
10328 7495 9286
8772 8379 9684
9517 7887 10068
9628 7995 9749
9846 7782 9821
8960 8388 9463
10286 7803 8761
9276 7726 10354
10126 7782 9297
8540 8437 9489
8928 7935 10418
8903 8425 9271
8924 8275 9815
10107 7445 9787
9241 7863 10290
9544 7320 10379
7922 8610 8649
8758 8404 9536
9845 7695 9913
9474 8209 9580
9044 8177 9964
9134 8358 9440
10123 7656 9557
8878 8518 8768
9990 7926 9401
9939 7284 10119
8522 7396 10742
9460 7921 10039
8796 7121 10775
9401 8348 9156
8914 7995 10361
10030 7702 9736
9391 8013 9999
9326 8318 9411
9012 8094 10151
9391 7644 10336
10392 7475 9209
9488 8166 9624
8312 7490 10733
8181 8583 8843
8927 8126 10119
8890 8047 10310
10127 7967 8788
9390 7669 10357
9724 7509 10149
8718 8063 10394
10000 7377 10013
9238 7456 10545
10210 7268 9706
10157 7409 9702
9381 8274 9571
8192 6972 10878
9245 8052 10035
8518 8522 9168
8667 8444 9412
8834 7436 10671
9945 7868 9547
8359 8469 9399
9487 7760 10242
9617 7585 10191
9010 8062 10245
9238 8185 9847
9041 7762 10500
9091 7823 10396
9819 7635 10017
9843 8052 9320
8521 8223 10078
9276 7520 10509
8854 8194 10022
9585 7611 10282
8125 8485 9364
8915 8124 10148
10144 7165 9872
9733 7415 10198
9696 7660 10066
10289 7659 9263
9159 8269 9709
8403 8544 9094
9176 6990 10705
10250 7009 9812
10227 7614 9418
9882 7789 9795
9419 8080 9832
8845 7724 10558
9769 8073 9441
9194 7464 10544
9613 7818 10032
8831 8489 9022
9817 8121 9227
8976 8234 9900
10096 7695 9473
9794 7186 10251
10158 7579 9575
8680 8108 10298
9192 8354 9378
10097 7616 9661
9419 8010 9978
9736 7960 9668
8957 7711 10537
10029 7490 9890
8912 8335 9724
9252 8390 9171
10187 7254 9771
8840 7996 10370
9500 8009 9955
9586 7419 10361
10021 7578 9806
8668 8469 9285
9402 8292 9390
8811 8427 9341
8895 8411 9414
9290 8223 9815
10141 7486 9706
10314 7455 9347
9828 7935 9629
8788 8504 8931
8805 8128 10166
9559 7304 10381
9083 8301 9627
9521 7279 10418
8906 8286 9824
9974 7985 9184
9556 7956 9896
10427 7576 8504
10095 7224 9907
8411 8488 9311
9016 8003 10247
9360 7899 10169
9662 8075 9534
9519 8089 9754
9588 8054 9694
9230 8035 10069
9117 8418 9175
8910 7946 10454
9378 7210 10592
9049 8487 8888
9581 8021 9754
9427 7381 10470
10289 7092 9732
9447 8077 9811
9036 8343 9616
8797 8476 9141
9943 8099 8545
9711 8231 8926
9386 7809 10257
9108 6975 10734
8987 7681 10547
9744 8087 9454
9597 7844 10031
9246 8161 9956
9877 7570 9977
8668 8544 8863
9719 7971 9667
10099 7683 9552
9460 7936 10025
8871 8120 10152
8893 8254 9892
8859 8514 8913
9989 7952 9218
9073 7819 10465
10417 7402 9100
9290 8324 9424
10071 7636 9735
9198 7750 10399
8696 8131 10193
9559 8279 9194
8380 8508 9187
9310 7566 10426
8736 8219 10071
10264 7415 9557
10006 7855 9414
9939 7572 9941
10285 7113 9668
9534 7935 9961
9019 7177 10714
10312 7780 8705
9014 8422 9307
10424 7351 9174
9703 8232 9021
8991 7684 10534
10284 7460 9420
8756 7551 10671
10278 7539 9359
8614 8361 9747
10287 7194 9640
10279 7187 9674
9695 7270 10294
8705 8255 9956
10429 7182 9376
9955 7583 9896
10305 6958 9708
10045 7154 9988
9721 8026 9580
10572 7063 9010
9386 7159 10574
9691 7990 9707
10100 7825 9295
8988 8516 8372
10233 7588 9390
9362 8043 10034
9114 7581 10519
9779 7453 10158
9930 8034 9145
8870 7970 10367
9301 8361 9218
8986 7796 10475
8496 8309 9876
9231 8015 10102
8653 7516 10703
9166 7517 10523
10248 7307 9667
10592 7093 8786
10223 7768 9007
10361 7329 9439
9554 7468 10339
8741 7101 10796
9889 7760 9818
8567 8468 9458
9527 7706 10238
8278 8414 9610
8614 7044 10822
10501 6931 9342
8873 8419 9476
9969 7901 9411
9947 7968 9278
9118 8393 9373
9832 7914 9661
9730 7465 10159
10515 6836 9328
9526 7142 10531
9892 8077 9116
9882 7865 9670
8202 8510 9280
9510 7897 10030
8958 8456 9133
9443 7971 10014
10056 7428 9892
10051 7866 9354
9294 8188 9820
9780 7960 9647
9261 8319 9439
9555 7537 10321
10131 7781 9315
9624 7961 9836
9992 7912 9266
8719 8147 10188
8842 8509 8930
9605 8284 8868
9471 8177 9623
10216 7367 9648
8797 7516 10672
9181 7826 10358
10255 7228 9721
9064 7980 10309
9713 8192 9137
10470 7310 9125
9114 7089 10716
9697 7842 9934
9960 7061 10116
8973 8285 9795
8650 8342 9827
9569 8327 9183
9041 7997 10234
9434 7956 10099
10315 7432 9368
8822 8263 9894
8786 8352 9714
9004 8256 9799
10393 7114 9455
9898 7234 10131
10096 7218 9918
8734 6709 10827
9229 7171 10675
9875 7426 10035
10190 7723 9285
9594 8201 9319
9102 7978 10262
10180 7109 9881
8460 7909 10543
8513 8548 8957
9241 8027 10049
10060 7951 8941
9086 7710 10512
9317 8317 9434
9242 7459 10532
9576 8089 9681
9392 8337 9196
9743 7463 10155
9488 8225 9516
9104 8208 9899
9844 7437 10087
9328 8301 9474
8883 8224 9982
9022 7850 10438
9488 8086 9758
10019 7956 9139
8879 8438 9339
10409 7523 9102
10472 7067 9324
9969 7841 9552
8706 8383 9681
9962 7781 9646
8823 8234 9984
9938 7837 9616
8819 8309 9850
9697 8161 9402
9234 7868 10281
10420 7636 8759
9240 7783 10375
8670 6820 10845
10162 7625 9462
9723 7554 10219
9833 7962 9516
9543 7617 10247
8862 8313 9745
9819 7542 10048
8880 8056 10302
9861 7562 10002
10193 7186 9795
9905 7149 10162
10467 7157 9296
8997 7170 10728
9668 7828 9955
9211 8233 9761
10340 6977 9664
9088 7471 10600
10327 7581 9208
9511 7774 10158
8642 8327 9870
9807 7591 10088
8977 8431 9208
8738 8513 8942
8899 7665 10580
7438 8626 8328
9076 8395 9340
10053 7839 9320
8247 8561 9096
9037 8044 10201
9416 8109 9797
9004 8397 9328
10288 7502 9330
10369 7609 9000
9233 8028 10067
9865 7328 10150
9847 7578 10010
8923 8317 9741
8916 8270 9860
9638 7958 9831
9158 8468 8574
9953 7984 9259
8840 8381 9544
8928 8423 9349
9963 7451 9943
9664 8245 9076
10421 7276 9308
8499 8528 9086
9142 7491 10596
8283 8363 9869
9171 8453 8767
10459 6983 9530
9959 7439 9996
10276 7734 9106
8350 8533 9155
9095 7810 10462
10031 7934 9234
10147 7773 9228
9053 8386 9405
9901 8106 8837
9083 8157 9980
10181 7465 9650
10124 7678 9493
9548 8011 9807
9204 8322 9508
10106 7839 9229
10400 7085 9479
8905 8001 10343
9599 8065 9631
8931 7696 10559
9188 7997 10171
9993 7458 9939
9757 7187 10292
9979 7325 10052
9637 8041 9703
9699 8087 9524
8923 7945 10403
8938 8140 10116
9029 7921 10367
9863 7559 10045
9325 8383 9017
9664 7348 10305
9289 8304 9470
8023 8573 9014
8478 8583 8581
10182 7768 9285
9588 7269 10412
10103 7692 9483
9363 7853 10213
9066 8325 9596
10469 7444 8760
10433 7246 9204
9098 7979 10266
9980 7898 9412
10251 7372 9621
8271 8482 9399
10044 7938 9159
10379 7035 9608
8784 8381 9655
8530 7748 10624
9100 7805 10400
8950 6936 10780
9486 8211 9551
9859 7490 10061
10448 6991 9472
9553 7616 10224
9082 8432 9103
8719 8509 9087
10265 7203 9689
9222 8120 9967
9579 7714 10182
9042 8253 9880
9434 8193 9646
8722 8133 10173
9866 7583 9987
8192 8370 9805
9160 8437 8940
9396 7120 10608
10084 7302 9864
9252 8155 9844
9405 7982 10039
8883 7425 10660
9080 8203 9936
9510 8226 9410
10094 7283 9932
9547 8057 9792
10150 7699 9457
8979 8107 10146
9624 7177 10457
9250 7467 10517
10076 7568 9718
9037 8082 10148
8698 6604 10830
9907 7559 10024
8479 7851 10530
9742 7860 9844
9679 8125 9513
8655 7621 10644
9329 8081 9999
9026 7899 10369
9268 7992 10160
9938 8036 9067
9177 8187 9852
9144 8237 9727
9090 7252 10711
9525 7592 10283
9803 7494 10147
9939 7894 9575
9390 8131 9787
9594 7923 9936
10111 7788 9310
9604 8082 9628
9247 8340 9433
8837 7696 10602
10321 7431 9359
8845 8051 10315
10529 7164 9034
10563 6944 9059
9954 7623 9843
9995 7858 9413
9538 8017 9859
9025 7867 10375
9116 8364 9524
9906 8059 9164
10129 7606 9615
8303 8593 8643
8581 8422 9568
9830 7959 9564
10206 7197 9773
8688 8005 10395
9133 8060 10131
10055 7679 9626
9210 7853 10297
10062 7812 9391
9014 8247 9886
9010 8384 9503
9249 8320 9494
8849 8128 10145
9082 8078 10143
8592 7055 10820
10108 7343 9853
8779 7998 10459
10079 7860 9284
9317 8401 8993
9478 8018 9958
9758 8187 8893
8857 7953 10421
9676 8212 9142
9761 7594 10066
9832 8161 8692
9495 8039 9887
10441 7245 9296
9861 7351 10133
10458 7459 8826
10422 7103 9409
8766 7559 10666
9105 7747 10465
8633 8294 9934
9439 8098 9794
9811 8097 9252
8682 8511 8992
10156 7014 9897
10614 6748 8888
9044 6951 10761
9950 7184 10108
9682 7857 9921
9755 8225 9113
9279 7912 10194
10105 7976 8791
10077 7697 9606
9834 8116 9066
10330 7451 9325
9658 7927 9819
9685 7731 10097
9764 7355 10207
9535 7985 9902
9563 7324 10371
8449 8379 9710
8688 8535 8853
9604 7291 10401
9621 7654 10175
8635 8243 10019
8790 8521 8823
8819 8499 8975
10082 7733 9597
9994 7730 9631
9813 7498 10095
9539 8120 9687
9894 8004 9304
9921 7789 9723
10314 7086 9634
8920 7718 10524
9300 8154 9818
9796 8144 9115
10005 7305 9978
10233 7613 9318
9087 7988 10242
8987 8348 9588
8645 8281 9914
9786 7930 9680
9915 8068 8980
10340 7251 9444
10047 7016 10045
9839 8112 9224
8833 8340 9772
9761 7672 10028
8807 8425 9416
10199 7034 9884
8761 8212 10009
9011 7741 10516
8704 8073 10311
9030 8408 9316
8681 8134 10202
8789 8043 10364
10619 6747 8874
9146 7809 10366
10337 7253 9587
10122 7668 9561
9987 7786 9625
9270 7911 10241
9020 7999 10248
9621 8047 9718
8578 7693 10645
10167 6990 9935
10638 6758 8517
9348 8161 9798
9958 7965 9270
9376 7640 10391
9154 8252 9712
9239 8366 9233
9292 7904 10223
8950 7926 10415
8860 7633 10627
10034 7944 9169
9315 8349 9231
8431 8172 10185
10008 7593 9747
10038 7036 10069
9824 7073 10274
10172 7864 9039
10424 7595 8550
8849 8470 9098
10329 7693 8814
9286 8141 9917
10134 7643 9579
10147 7877 8955
9950 7620 9856
9750 7218 10288
9832 7395 10118
9210 8255 9685
9335 8306 9398
9691 8197 9122
8250 8489 9328
9637 7425 10272
9363 8328 9297
10511 6921 9202
9446 8292 9369
9644 7941 9830
9705 7675 10056
9351 8381 8918
9821 7569 10043
8836 7847 10496
9678 8074 9626
9180 8308 9592
9163 8415 9059
10409 7019 9615
9109 7829 10363
8688 8425 9437
9879 7357 10116
9231 8038 10057
9968 7853 9556
9136 8246 9733
8638 7504 10704
9682 7303 10304
8721 8481 9255
10038 7436 9882
9290 8337 9354
8374 7660 10665
9898 7732 9759
9388 8329 9267
9546 7236 10436
9453 8239 9429
8931 7814 10466
8662 8321 9822
9599 7808 10087
9609 7652 10204
10045 7009 10062
9151 8445 8975
10156 7068 9892
9588 8229 9272
10094 7827 9318
9758 8139 9231
9429 8060 9861
9182 8258 9706
9690 7976 9736
10109 7400 9812
10030 7772 9574
9717 7483 10229
9030 7553 10644
8635 8077 10333
9933 7932 9468
10043 7457 9867
10427 7332 9143
9738 7926 9767
8714 8228 10074
9437 8250 9471
8976 8153 10102
9112 8416 9227
8628 8410 9626
9557 7775 10111
9701 7305 10293
8628 8478 9332
9022 8478 9025
8993 8399 9368
8823 8465 9191
9402 7589 10362
9466 8096 9783
8978 7396 10677
10399 7099 9451
10141 7917 8874
9950 8057 9058
10243 7825 8764
10208 7681 9349
8505 8325 9874
9653 7816 9974
9465 7804 10209
8458 8530 9150
10038 7990 8897
9418 8245 9479
9684 7922 9842
9528 7783 10129
10297 7485 9350
8802 8269 9917
9370 7533 10445
9346 7520 10449
9639 7589 10185
9095 8195 9900
9503 7635 10289
8408 8609 8346
8894 8182 10032
8587 8299 9949
9295 7746 10325
8548 7587 10682
9115 8059 10169
9435 8218 9565
9924 7777 9695
10381 7298 9427
8781 7415 10700
7869 8628 8304
10198 7851 9102
9085 7574 10539
9197 7367 10598
8508 7757 10627
9025 7401 10658
9228 8057 10103
10222 7142 9857
10249 7773 8928
9673 8002 9697
9837 7269 10172
9177 8396 9167
8297 8609 8437
8466 7850 10545
10508 6993 9201
9076 7512 10595
8883 8010 10346
10354 7342 9345
9983 7749 9669
10146 7894 8871
10167 7594 9500
9910 7869 9578
9889 7244 10155
8959 8105 10209
9081 8042 10215
9021 8288 9787
9935 7178 10121
8907 8232 9939
9755 7974 9660
8286 8580 8973
8812 8359 9645
9304 7762 10323
8840 8322 9748
9885 7264 10123
10119 7346 9815
9930 8081 8823
9038 7158 10773
9413 8099 9828
8709 7641 10640
8992 7989 10331
10156 7161 9861
8990 8328 9671
9799 7786 9902
9082 7648 10517
9844 8002 9378
9093 7845 10359
10095 7136 9950
9431 7796 10277
9740 8108 9422
8374 8565 9030
10163 7395 9728
10378 7439 9212
10309 7398 9401
10093 7846 9216
10123 7142 9945
10270 6826 9804
9574 7303 10386
9404 7968 10068
9965 7042 10119
9563 8016 9799
10007 6967 10100
9658 8277 9001
10339 7346 9355
9641 7575 10247
8312 7492 10728
9694 7961 9695
10499 7032 9347
8882 7422 10689
10197 7747 9133
9891 7942 9473
9828 8152 9009
10185 7278 9756
9380 8367 9029
10104 7755 9366
10266 7187 9697
8881 8264 9869
8437 8397 9724
8883 8367 9597
10214 7451 9591
8443 8598 8469
10023 7432 9891
10274 7559 9406
9909 7126 10169
9358 7877 10206
9880 7389 10075
9280 8363 9334
9017 7672 10535
10378 7538 9079
9873 7875 9675
9775 7391 10163
10076 7661 9687
9922 7753 9713
10001 7891 9355
9282 8151 9833
8820 7788 10535
9830 7981 9562
9776 7684 10009
8483 8290 9987
9262 7563 10491
9648 7869 9919
9067 7744 10489
9740 8143 9229
9863 7412 10093
10153 7619 9558
9519 8030 9816
10261 7653 9269
9133 8118 10023
10293 7405 9597
10146 7630 9495
9047 8471 8963
9311 8236 9713
10219 7816 8962
8669 8528 8871
9440 8132 9710
8518 8064 10420
8793 7818 10552
9995 7629 9760
9507 7424 10409
9869 7874 9762
8912 8488 9029
10012 7961 9130
9840 8080 9346
10055 7186 9959
9167 8364 9420
9407 7632 10345
8589 8549 8911
8968 8337 9674
8534 8538 8960
10357 7560 9115
8869 8504 8876
8594 8514 9144
10583 6738 9089
9389 7921 10103
9556 7435 10342
9942 7815 9670
9062 8255 9817
8675 7507 10700
8692 8211 10080
9530 8009 9899
10336 7671 8725
9756 7725 9973
9260 8255 9658
9783 8168 8943
8680 8580 8666
9998 7907 9300
9343 8261 9585
10315 7761 8659
9273 7661 10419
10201 7351 9706
9262 8287 9564
10113 7318 9816
8769 8133 10164
8509 8592 8529
9489 7657 10334
10295 7220 9611
9258 8154 9835
9930 7900 9511
9389 8123 9789
8956 8512 8738
9218 7414 10583
10227 7424 9601
9751 7173 10316
8388 8267 10015
9294 7925 10185
9581 8202 9394
9088 8064 10136
9926 7985 9300
10293 7023 9703
9687 7892 9838
8837 8458 9284
9138 8167 9910
10068 7906 9128
9972 7935 9267
8724 8004 10396
9071 8172 9997
8532 8037 10450
10005 7398 9947
9678 7421 10246
8655 7779 10580
10140 7905 8949
9623 7483 10272
9644 7254 10400
10034 7781 9495
9848 8109 9159
9730 7760 9955
9395 8238 9566
8897 8512 8783
10303 6981 9732
9630 8262 9248
9449 7513 10390
9727 8140 9309
8212 8592 8791
10245 7570 9452
10490 6738 9438
10298 7770 8827
9453 7404 10413
9277 7637 10419
9473 8232 9536
10213 7194 9783
8884 8169 10049
9202 8452 8566
9684 8167 9329
9140 8321 9590
9124 8362 9428
10097 7685 9519
9257 8329 9459
8496 7076 10834
10185 7073 9866
8672 7924 10480
8605 8288 9940
8485 7648 10675
9745 6985 10326
9360 8107 9847
10148 7379 9786
8950 7956 10355
10144 7247 9847
9320 7998 10080
8731 8155 10148
9210 8180 9876
9939 7964 9413
9704 7259 10337
10420 7069 9438
8652 8499 9132
9761 8166 9115
9476 8084 9787
10192 7227 9776
9918 7062 10179
9773 7899 9739
9268 8115 9925
8890 7334 10708
9192 7317 10631
10183 7751 9245
9388 8257 9580
9760 7415 10185
9850 7950 9550
9773 8092 9368
9765 8019 9621
10373 7152 9524
7820 8624 8362
10528 7181 9074
9453 8036 9898
8958 8245 9936
9375 8355 9101
9750 8189 9131
10108 7442 9736
9807 7731 9894
10016 7296 9991
10095 7198 9919
9678 8246 8989
8963 8421 9366
8604 6587 10854
9329 8331 9272
9699 7875 9840
9712 7768 9982
8331 7732 10636
10082 7137 10031
9799 7699 10003
9336 7315 10542
10294 7501 9322
9433 8195 9646
10353 6945 9647
10269 7742 8849
8365 8414 9590
10109 7857 9195
9655 7813 9981
9804 7163 10295
10235 7763 8983
9974 7509 9899
9951 8034 9015
10099 7340 9861
8873 8275 9829
10499 7098 9171
8975 8378 9504
8913 8518 8514
9672 8255 8956
9462 8365 8924
9556 7230 10426
10000 7879 9381
9570 8060 9696
9710 7289 10288
9419 7747 10320
9444 7305 10511
10144 7066 9921
9066 7358 10678
10403 7588 8866
9977 7758 9636
9829 7411 10159
10127 7812 9193
10039 7917 9174
9068 8428 9175
10301 7667 9048
9575 8233 9378
9787 7914 9731
10067 7837 9306
10464 7241 9237
8698 8488 9156
9303 8287 9502
9953 7411 9997
9805 7698 9988
7976 8628 8253
10319 7183 9594
9974 7761 9643
9440 7952 10051
9699 7709 10052
9502 8048 9860
10200 7726 9162
8992 7583 10566
8911 8290 9781
8719 8249 9954
9282 8268 9628
9393 8110 9803
8729 7790 10561
8668 8525 8910
9709 7623 10133
9733 7870 9849
10321 7272 9552
9675 7450 10253
8654 8035 10403
10085 7614 9690
8860 8376 9541
9212 7250 10664
10217 7326 9704
9344 8363 9120
8967 8504 8873
8988 8161 10062
8957 7593 10620
8763 8209 10047
9313 7684 10408
9008 7562 10647
8814 7988 10405
9260 8388 9075
9721 7657 10127
10147 7936 8776
10293 7480 9386
10348 7490 9267
9408 8328 9227
10466 7330 9195
9711 8006 9648
9971 8071 8953
8863 7462 10668
9966 7033 10101
8757 8241 9972
10346 7516 9258
9428 7880 10131
10236 7006 9840
9392 8066 9958
9494 7955 10000
9388 8366 9079
9497 8239 9408
10419 7084 9425
8468 8562 8897
10083 7790 9407
10361 7526 9120
9201 7786 10343
10476 7481 8741
10165 7392 9700
9094 7505 10599
9694 8070 9527
10424 7192 9367
10112 7915 9005
9807 7835 9832
9484 7920 10014
8796 7381 10726
10052 7905 9176
9929 7522 9954
8641 8409 9575
9843 7801 9867
9471 7709 10267
10429 7531 8789
8976 8355 9641
10120 7744 9401
9477 7543 10351
8299 8596 8549
8496 7078 10829
9835 7609 10006
9407 8019 9937
9815 7723 9950
9625 7743 10122
9371 8224 9582
9504 8081 9766
8907 8413 9385
9080 8305 9640
8568 8161 10169
10283 7454 9436
10326 7257 9533
9472 7779 10221
10289 6978 9760
10376 7221 9448
9438 8256 9423
9338 7595 10407
9303 8342 9286
9568 7847 10059
10073 7189 9957
8932 8172 10041
9929 7821 9631
9114 8015 10207
10259 7301 9618
9224 8398 9070
10252 7591 9308
10058 7322 9938
8987 8465 9032
9975 7394 9971
9679 7624 10151
8644 8145 10204
9040 7598 10549
8960 8178 10035
9529 7570 10324
9941 7737 9735
9365 8252 9582
9373 8133 9771
9914 7488 9981
9673 7662 10139
8578 8579 8824
8421 8607 8472
9414 7918 10164
9718 8000 9631
9580 7177 10478
10122 7521 9643
9430 8260 9428
9793 7562 10122
9902 7988 9326
9336 8234 9636
9583 8235 9300
9264 8150 9920
8984 7634 10584
9071 8095 10126
9691 8027 9623
9680 8210 9143
10072 7292 9935
8535 8421 9572
9470 7506 10362
9577 8255 9297
10275 7114 9777
9511 7023 10534
9182 8183 9897
9737 7459 10190
9063 8070 10149
9481 8076 9768
9075 7356 10670
10484 7210 9225
9380 8382 8909
9249 7999 10119
8834 7092 10818
10307 7269 9580
10105 7500 9746
8977 8437 9146
8293 8414 9600
9296 7419 10544
8130 8553 9158
9381 7854 10175
9751 7529 10146
10089 7891 9079
8605 8516 9089
10218 7737 9158
8578 7956 10510
8446 8163 10216
9162 7117 10701
8369 8587 8703
9272 7458 10514
10193 7732 9179
9513 7951 9919
10120 7794 9283
9120 8380 9485
8280 7763 10609
10213 7713 9165
10207 7608 9464
8427 8140 10219
9277 8286 9617
10229 7175 9730
10055 7884 9303
9295 8332 9315
9395 8098 9915
8642 7984 10501
8856 7083 10815
9908 8039 9181
9938 8029 9118
8817 8174 10136
10164 7607 9574
9246 7541 10502
9737 7392 10205
8321 8142 10239
8834 7854 10473
8963 7925 10364
10009 7960 9159
8878 7375 10693
9154 8177 9903
8463 7324 10784
9050 8403 9323
9680 7176 10386
9714 7234 10305
9874 7317 10133
8364 8263 10027
10438 7324 9201
9083 7795 10476
9430 7335 10514
8579 8373 9701
9621 7533 10268
9935 7697 9840
10532 7451 8604
10193 7644 9380
9641 7300 10356
9190 8356 9488
10599 6760 8967
8898 8418 9397
8950 7196 10731
10395 7552 8923
9463 7535 10367
8922 8371 9553
10135 7828 9183
8913 8472 9037
8296 8569 8999
10255 7673 9150
9888 7588 9955
10347 7556 9123
9636 7419 10284
8961 8199 9980
8220 8587 8736
10458 7423 8921
7960 8629 8188
9839 7591 10013
10003 7928 9240
10206 7161 9822
9940 7249 10077
8600 7947 10507
10280 7597 9302
10275 7618 9264
10203 7723 9166
9303 7390 10539
9719 7704 10022
9353 8111 9853
10121 7803 9259
9829 8120 9120
10519 7286 9044
10330 7679 8823
10079 7454 9805
8971 8408 9371
9704 8232 8985
9782 7893 9746
9112 8105 10125
8659 7591 10678
9210 7663 10433
8374 8497 9324
9997 7502 9883
10535 7225 8905
9503 7460 10363
10561 6949 9050
10202 7768 9069
9210 8425 9040
9579 8157 9577
9525 7623 10240
9239 7966 10198
9393 7166 10564
8924 8046 10267
9634 7963 9807
10490 7137 9317
9825 8076 9414
7490 8635 8041
9977 7883 9472
9203 8040 10168
9400 8329 9177
9387 7675 10324
10183 7462 9693
10128 7493 9730
10612 6820 8855
10137 7638 9523
9593 8041 9724
