95 3
6699
272 241 116 89
39 211 281 189
203 253 23 131
255 103 207 91
55 132 43 292
171 69 8 21
74 219 98 195
156 41 158 128
115 107 49 153
18 30 175 220
283 197 51 71
132 90 293 187
222 36 12 93
236 151 245 142
70 43 37 226
84 28 186 198
134 235 183 151
97 190 203 212
87 253 115 52
44 109 238 98
276 249 190 46
232 267 187 2
11 57 60 94
84 79 124 50
14 139 33 242
30 235 155 248
188 269 299 64
210 70 161 187
151 183 232 83
151 119 85 161
175 276 87 91
55 43 140 200
181 172 143 43
239 130 291 128
99 123 24 142
193 185 29 44
68 93 127 51
44 44 211 52
20 130 142 207
172 115 107 186
119 249 61 59
79 52 19 11
8 42 284 200
59 13 243 127
237 202 10 280
245 221 32 98
183 7 137 188
121 243 74 72
26 134 262 236
19 280 79 26
155 63 58 213
207 133 172 144
36 182 257 113
235 288 43 118
294 179 6 247
255 211 152 113
178 114 49 196
95 260 54 82
155 243 294 195
76 299 39 111
181 128 57 116
249 99 66 243
111 72 24 66
115 175 11 292
288 59 188 215
151 74 296 7
17 124 201 93
123 72 36 136
33 224 84 281
24 149 57 266
53 80 164 168
87 174 160 208
65 181 123 49
254 252 55 104
208 88 29 163
291 64 298 24
288 82 5 144
63 194 242 116
273 106 283 193
112 275 101 176
156 56 224 243
140 111 47 48
31 207 43 155
103 173 178 223
254 16 199 150
209 141 265 15
79 81 207 190
56 8 199 212
64 255 287 36
199 166 84 229
73 126 84 175
299 95 231 86
242 130 235 283
271 33 130 50
113 38 73 169
5453
8461 10437 10049
9092 8613 10938
8411 10635 9484
10192 9856 9189
9052 10585 9418
8849 10576 9513
9390 9766 10533
9252 8803 10882
9680 10373 9212
10473 9026 9329
10028 10068 9227
10426 9379 8834
9217 9123 10825
10352 9569 8903
9093 10593 9318
10586 8815 9173
9990 10006 9583
10559 8599 9354
8974 10714 8704
9523 10420 9314
9655 10379 9251
10681 8173 8999
10331 9312 9606
10082 9853 9605
9385 9707 10542
8589 10748 8921
8769 9738 10651
9547 9823 10296
8670 10255 10234
10434 9272 9113
9894 9673 10151
8896 8799 10961
9450 9199 10738
9972 9926 9642
10029 9207 10268
10422 9410 8717
9639 10404 9262
9579 9748 10364
10015 10093 8973
9821 9487 10311
9348 10569 9028
9332 10594 9039
10174 9921 9182
10272 9185 9867
9740 10083 9890
9518 10452 9378
9193 10425 9749
10278 8987 9978
9855 9981 9781
10470 9190 9094
8715 8432 11006
9762 9330 10553
10527 9184 8491
9544 9921 10253
8154 10784 8850
10257 9033 9964
9592 10377 9460
9978 10095 9398
10586 8493 9275
9155 10122 10292
9229 8411 10914
10355 9539 9057
10067 8492 10384
10436 8997 9521
9338 9424 10715
8069 10780 8968
9953 10184 9169
9749 9346 10456
10658 8534 8542
10497 8940 9374
8593 10697 9177
10108 9994 9104
9998 9928 9584
9241 10608 8973
9071 8970 10887
9775 8825 10663
10613 8589 8978
10287 8869 10011
9186 9808 10584
9910 9710 10041
9333 10554 9204
10058 9662 9919
9882 9798 9976
10095 9330 10149
10117 9355 10010
9210 10554 9347
10307 9566 9271
9542 9403 10592
10381 9024 9695
8812 9556 10794
8927 10675 8981
9103 10163 10234
9978 8715 10484
9529 8627 10795
10404 8837 9726
10202 9314 9910
9885 10218 8784
9690 9404 10498
10146 9799 9437
10524 9003 9061
9383 10575 8933
10248 9736 9258
8408 10662 9452
8798 10259 10227
9889 8525 10591
8689 10759 8690
9742 9832 10120
8910 10479 9739
10250 9315 9815
10008 9951 9527
9769 9229 10554
10061 9899 9591
10077 9878 9547
9335 10625 8807
10088 9655 9875
8500 10776 8642
9574 10255 9764
9528 10091 10031
9614 9358 10580
10162 9249 10018
8685 10720 9117
8974 10337 10057
10440 9333 8955
9869 9478 10242
8220 9718 10729
9366 10120 10188
9676 10183 9794
8820 10755 8744
10032 9621 9927
9950 9812 9917
8257 10764 9090
9343 10000 10321
10470 9135 9168
9981 9610 10022
9108 10583 9342
9347 10593 8867
9151 10221 10168
9818 10310 8833
10185 9227 9975
9425 9385 10703
9990 10019 9569
10179 8989 10143
10041 9770 9733
9741 10312 9352
9893 8726 10566
10501 8938 9347
9637 9842 10211
9821 9365 10400
9388 10397 9654
9505 9367 10639
9125 9676 10651
10474 9262 8951
10436 9135 9415
8978 10535 9651
9824 9599 10233
8691 10606 9502
9307 9284 10791
9517 9647 10461
9206 9407 10749
9952 9537 10114
10414 9228 9296
8998 10634 9179
9493 9113 10726
8873 10311 10123
10440 8999 9450
8739 10389 10077
10234 9103 9984
8198 10787 8808
10227 9660 9422
9890 8811 10559
9587 8997 10714
10352 8618 9923
10552 8732 9317
9890 9518 10232
8228 10674 9434
9071 10548 9515
10024 9699 9952
8799 10573 9539
9419 10162 10092
9042 9152 10868
9869 10034 9696
8234 10786 8823
8211 10820 8707
9993 9148 10297
9713 9032 10670
10211 9610 9527
9082 10307 10055
9134 10135 10265
9350 8266 10878
9694 10342 9509
9469 10532 9162
9622 9642 10382
10645 8550 8788
9102 10331 9970
10061 8373 10407
10428 9277 9265
9704 8778 10707
10327 9686 8773
8803 8936 10947
9245 10368 9799
10125 9421 9993
10721 8158 8690
9481 10120 10063
9527 9326 10646
9488 9147 10720
10023 9641 9962
8507 9886 10627
9012 10488 9671
8826 9325 10868
8530 10477 9896
10154 9083 10168
9555 9885 10256
9725 9216 10564
9623 9829 10249
9940 8888 10536
10288 9604 9265
9953 10138 9275
10615 8580 9021
10275 8901 10010
9116 8296 10947
10279 9600 9374
9952 10099 9463
9952 9961 9677
8616 9602 10791
9299 10645 8511
9892 9356 10354
9787 9023 10582
9735 9587 10365
9468 9768 10418
9971 9441 10200
9930 9845 9884
10367 8660 9886
8589 10690 9246
9853 9235 10438
8663 10639 9372
9468 9900 10322
10289 9225 9772
10366 9608 8826
10285 9419 9625
10033 9699 9876
10201 9540 9663
10025 10012 9493
9838 8934 10623
10186 9584 9744
9203 10441 9644
10168 8916 10266
10235 8960 10080
9596 9168 10656
9901 9703 10042
9208 9403 10744
9952 9139 10418
10373 8999 9717
10383 8809 9861
9143 10656 8886
10434 8914 9583
10120 9709 9643
8770 8994 10942
9926 10065 9508
10254 8988 9977
9873 9165 10448
9746 10293 9301
10322 9521 9284
9659 10009 9990
9556 9119 10706
8483 10796 8632
9312 10503 9475
10074 8931 10337
8521 9230 10924
10010 9379 10225
9428 9858 10384
8541 10574 9692
9157 9809 10600
9627 9587 10426
8844 10323 10075
10643 8529 9132
9468 9264 10696
9399 10578 8685
8639 10122 10396
10179 9846 9248
10515 8970 9227
9870 9652 10173
10496 8996 9304
10454 8685 9644
10024 9817 9759
10291 9087 9897
9227 10445 9625
8694 10511 9790
9641 10435 8920
10486 8867 9497
10009 9129 10295
10224 9431 9763
10034 10073 9069
10549 8938 8911
9956 10169 8930
9206 10544 9356
10023 9861 9658
8589 9215 10913
10505 9089 9090
9318 9565 10679
8718 9855 10646
9574 10412 9343
8268 10761 9087
9289 9884 10449
9591 10031 10046
9743 10286 9403
10311 9307 9649
9381 8848 10837
9515 10081 10110
9637 10306 9652
8773 9994 10498
9286 9330 10777
10109 9593 9789
9627 10340 9535
10198 9786 9331
9057 10595 9351
9154 10565 9377
10454 9207 9179
10109 8649 10326
9426 10112 10102
10424 8754 9708
8084 10544 9792
10320 9550 9307
8706 10580 9547
8519 10551 9757
9828 9865 9958
9545 9806 10305
8951 9972 10503
10058 9786 9729
10240 9570 9489
9691 10396 8888
8652 9489 10812
10116 9731 9668
10482 9168 9010
9925 10061 9510
10320 9419 9443
9901 9399 10274
9242 9296 10807
9903 9823 9925
10168 9532 9772
10245 9341 9778
9652 10405 9187
10364 9127 9627
9740 9768 10161
9717 9541 10399
9155 9583 10699
9202 9803 10559
10433 9164 9300
10123 9577 9802
9684 8978 10674
9882 9947 9798
10485 8758 9510
10173 9336 9977
10516 9055 8985
9580 9826 10292
10066 9121 10258
10186 9285 9965
8994 10060 10402
10479 9215 8933
10547 8946 9008
9780 10296 9254
8924 9561 10747
9683 10313 9584
9010 8663 10961
9341 9933 10422
9479 10383 9570
10534 8792 9274
10506 8772 9407
10081 9735 9789
8756 10553 9661
10307 9510 9426
9247 10413 9727
8906 10742 8649
7976 10622 9608
8522 10759 8913
8718 9973 10513
10214 9445 9721
10501 9113 8980
8801 10360 10067
9715 9413 10458
8486 8627 11022
8560 10769 8874
10164 9844 9380
10456 8593 9682
10315 9135 9785
10620 8866 8393
9934 9527 10172
10536 9081 8791
10364 9527 8987
9677 9621 10330
10069 9972 9361
8824 9985 10481
9569 10061 10048
10722 8216 8680
9191 10700 8489
9097 10670 8854
9163 10653 8878
10294 9479 9436
9002 10673 8973
8951 9879 10621
9061 10422 9837
10414 8979 9619
10279 9737 8985
8729 10722 9096
10581 8470 9338
10505 9292 8610
8834 10318 10116
9799 9752 10192
9406 10110 10144
9849 9041 10521
9907 9625 10102
10233 9300 9838
10370 9530 8956
9621 10282 9654
8894 10637 9404
10066 9582 9898
10399 8918 9725
9363 9833 10507
8413 10338 10175
10402 9258 9355
10268 9563 9413
10707 8224 8539
8904 9784 10643
10060 9249 10178
9036 9165 10881
10005 9404 10167
8803 10694 9060
9227 9329 10780
10189 9903 8957
9000 10613 9344
10488 9119 9088
7719 10786 8943
10627 8723 8519
9985 9854 9772
10039 9414 10097
8270 10676 9356
10344 9007 9814
9154 10062 10373
9323 9248 10767
8984 10522 9638
10415 8967 9600
10170 9247 10028
10457 8792 9635
9154 9405 10778
10647 8633 8427
9792 9051 10563
10065 8984 10347
9647 9127 10655
9986 9076 10385
10062 8854 10391
10471 9239 9063
8831 8702 10975
10080 9116 10245
10405 8929 9674
9863 9737 10093
9034 9325 10825
8883 10497 9751
9825 8698 10635
10257 9669 9274
10652 8208 9090
8985 10623 9320
9063 10644 9136
10134 8795 10282
8292 10757 9014
8674 9017 10935
10358 9561 8963
9558 8614 10788
8898 10706 8926
10529 8874 9244
9784 10224 9488
9361 10599 8801
9170 10321 10010
10060 9658 9883
9984 9775 9884
8784 8859 10972
9100 10457 9730
10349 9659 8843
10563 8548 9334
9155 9549 10729
10110 9068 10253
10348 8943 9848
8787 8958 10935
8744 10595 9539
8338 10638 9495
9607 9144 10661
10443 8937 9545
8937 8795 10964
9758 8994 10619
8254 10783 8815
8602 10421 9976
9995 8680 10479
9619 10435 9143
10341 8534 9957
10400 8891 9704
9568 10112 10009
8589 10359 10116
10390 8978 9682
9166 10320 10036
10091 9975 9157
10133 9775 9588
8884 10568 9587
10399 9520 8911
10541 9026 9019
10079 9205 10215
8034 10714 9337
9242 10130 10233
9600 8370 10795
9756 10224 9536
10619 8702 8957
10128 9490 9897
7813 10778 9083
10077 9030 10300
10536 9046 8818
10512 9233 8764
9735 8887 10641
8352 10697 9327
10007 8831 10425
10050 9913 9554
10518 9153 8753
9103 10478 9679
9019 8857 10929
9463 10041 10165
8404 10807 8373
9504 10203 9958
9008 10488 9681
9440 9767 10423
9438 10327 9787
9239 10371 9792
9546 10297 9785
10386 8883 9784
8917 10661 9181
9538 9989 10142
9817 8980 10609
10431 9378 8938
8826 10675 9265
10319 9392 9480
10305 9499 9433
10131 9647 9744
8852 9736 10653
9983 8990 10416
10361 9322 9434
9912 9941 9836
9451 9615 10556
10051 9244 10222
10024 8893 10407
10005 9486 10094
10256 9623 9364
10291 9334 9674
10100 9997 9032
9516 9444 10610
10211 9579 9578
10286 9596 9286
9421 9927 10354
9464 10363 9640
9512 10415 9446
9504 9472 10591
10227 9305 9824
8089 10777 8960
8601 9980 10557
10250 8737 10142
8947 10442 9847
9869 9166 10457
9249 9540 10702
10175 9346 9950
10306 9422 9572
8826 10381 10038
9893 8994 10495
10136 9438 9945
8957 9492 10780
9408 9742 10505
9746 9615 10324
9441 9848 10406
9613 9979 10103
10485 8660 9586
8217 10807 8694
9545 10074 10066
10526 8604 9443
8131 10693 9329
10178 9847 9338
9199 10008 10372
8832 8843 10947
10001 9405 10176
10420 9317 9055
9681 9779 10250
9931 9749 10002
8678 10580 9584
10532 9134 8395
9119 9819 10563
8897 9525 10807
10215 9373 9787
9317 8479 10909
9663 8819 10731
9897 9163 10449
8620 8754 11001
10520 8824 9299
10083 9984 9251
9771 9608 10277
9419 9321 10730
9259 8995 10856
8371 10518 9899
10024 9472 10099
9943 9372 10271
8837 9787 10643
10059 9964 9378
10370 9586 8801
9802 9991 9889
9613 9513 10493
10093 9918 9431
9144 10570 9361
8777 10752 8833
9968 10166 8944
9802 10108 9674
9411 8792 10820
10592 8862 8790
9723 10366 8736
10237 9575 9520
9036 9848 10565
8201 10731 9221
9987 9246 10287
9498 10225 9911
9682 10374 9195
10012 9403 10168
9089 10705 8647
8947 10670 9081
10391 8984 9643
10456 8995 9527
9016 8650 10948
10330 9667 8821
10529 8978 9147
9066 10675 8904
10403 9498 8886
9433 9884 10345
9866 9948 9798
10400 8737 9791
10046 8404 10444
9852 10103 9624
9108 10193 10231
10547 9035 8574
10289 9458 9454
9894 9867 9850
9607 9932 10210
9573 9464 10543
9757 10287 9341
10372 9398 9231
9472 10297 9862
9627 9393 10541
9960 9614 10055
8404 10606 9591
10228 9159 9951
10286 9240 9749
9803 9743 10117
9782 10123 9690
10266 9716 9210
10089 9114 10239
9946 8524 10545
9917 10099 9493
8348 10731 9122
10542 9110 8741
9145 10598 9282
9788 9645 10227
9299 10549 9264
10432 9317 9010
9398 9367 10716
8554 9117 10938
8421 10484 9867
10319 9230 9683
9243 10664 8607
9969 9375 10231
10598 8692 9056
10516 9028 9217
9436 9241 10751
9930 9210 10430
9837 8551 10669
9810 9993 9848
9191 10008 10383
9321 10535 9321
8893 10592 9425
10254 9285 9807
10431 9415 8656
9576 9562 10468
10210 9189 9976
10000 9014 10396
9939 9993 9732
10322 9134 9754
10244 9794 9242
9553 10332 9628
10097 9969 9328
10021 8898 10420
10654 8578 8541
9594 8993 10741
8601 10261 10265
9986 9245 10319
10587 8899 8895
9821 10048 9783
9573 9628 10477
10182 9569 9749
9752 9911 10071
9754 9978 9943
9804 9645 10215
9638 10373 9437
9354 9153 10754
10477 8680 9599
8401 10627 9492
10312 9270 9727
9851 8916 10586
9444 9082 10767
9608 9298 10605
10426 9031 9551
10152 9054 10184
9051 10386 9895
9337 10122 10205
10185 8928 10176
9376 10528 9263
9033 10053 10378
8352 10635 9504
8907 8776 10967
9216 10596 9091
10376 9010 9707
10175 9449 9857
9424 9957 10297
9612 9632 10392
8114 10723 9280
9453 9188 10740
9866 10007 9768
9691 9456 10476
9787 9648 10237
10106 8757 10309
9364 9658 10595
9916 9615 10090
9887 9946 9778
9115 10437 9748
10559 8734 9256
9634 9467 10507
9136 10010 10396
8736 10658 9283
9178 9820 10539
9824 9630 10223
10346 8572 9951
9797 9839 10078
10249 9094 9978
8746 10575 9595
10654 8607 8373
8553 8897 10994
10195 9427 9798
8141 10762 9146
9989 9330 10278
9271 10015 10343
9459 10541 8840
9315 10414 9684
8899 10323 10067
9964 9820 9837
10418 9219 9277
9407 8628 10853
9213 10546 9345
9982 9925 9653
9343 9892 10410
9135 10641 8972
9571 9466 10543
10200 9490 9718
10228 9327 9809
10081 10052 9217
10078 9911 9491
9491 10323 9697
9968 9757 9908
10693 8298 8655
9189 10645 8848
9484 9753 10435
10340 9402 9339
8748 8910 10959
8794 10574 9541
9457 9637 10511
9170 9895 10486
9344 9868 10415
10320 9606 9152
9006 10600 9331
10066 10070 9016
9278 10045 10284
10062 8532 10392
10093 9625 9779
8937 10385 9986
9897 9703 10094
10495 9018 9358
9230 9110 10825
10185 9526 9754
10338 9435 9362
10543 8948 9035
10088 9080 10247
10066 9755 9790
9293 10467 9589
9850 9587 10224
9727 10311 9414
10653 8474 9031
10032 9792 9823
9673 9852 10203
10071 9975 9303
9302 10403 9700
10184 9678 9574
8903 10536 9586
10481 9353 8412
9499 10493 9107
9956 9705 9950
8133 10764 9112
10286 9360 9714
8044 10685 9388
10117 8646 10334
9957 9956 9650
8894 10728 8951
8990 10241 10263
8713 9889 10592
10461 9339 8905
9916 9344 10312
10276 9137 9859
10074 9826 9628
7978 10784 8938
9768 9347 10447
9974 9182 10326
8723 9534 10805
7908 10660 9469
10546 8493 9425
10557 9022 8668
8249 10788 8790
9533 10339 9624
10236 9563 9532
10220 9290 9897
8264 10689 9369
9888 9149 10456
9810 10260 9230
10157 9926 8903
7966 10752 9198
10370 9142 9602
9494 10532 8903
10442 8714 9706
9149 8916 10888
8545 9964 10566
8422 10770 8945
9717 10198 9648
9596 9939 10200
8672 8843 10974
8773 10561 9595
9364 9841 10454
10348 9397 9319
9360 8893 10829
9955 9020 10434
10513 9117 8890
10486 8947 9448
8613 10352 10160
10626 8593 8903
8453 10722 9214
10225 8952 10123
10294 8808 10022
10279 9703 9161
9537 9038 10743
10179 9154 10060
9095 9142 10860
9095 10496 9622
9960 10099 9389
10029 10082 8960
9734 10252 9543
9948 9612 10079
10271 9756 9146
8610 10607 9563
10288 9486 9468
9000 10526 9563
10245 9385 9777
9213 10565 9323
8927 10106 10386
10217 9862 8870
9551 10283 9793
10560 8792 9246
10226 9542 9626
9148 9713 10626
10194 9378 9836
10310 9185 9730
10242 9473 9619
8760 10459 9884
9137 10484 9653
10452 9220 9205
10632 8662 8470
10466 9327 8463
10000 9568 10072
7994 10803 8851
10345 8918 9854
10346 9444 9280
9182 10633 9109
8621 9743 10678
9815 9361 10403
10077 9926 9442
10090 9865 9552
10094 9588 9872
10513 8724 9501
10001 10085 9110
10320 9455 9410
9397 9854 10447
10454 9263 9024
10513 9184 8671
10236 9507 9644
8533 10332 10168
9830 9599 10214
10082 9768 9681
9928 10049 9536
10147 9020 10207
10535 9050 9035
8902 10417 9922
8855 10442 9858
9805 10210 9523
9137 10422 9821
9426 10093 10129
10283 8711 10033
9601 9113 10665
10149 9447 9920
8543 10480 9880
8922 10685 8956
9933 9691 9983
9707 10322 9375
10398 9052 9639
9942 8990 10458
10025 9256 10231
10392 9325 9304
10069 9366 10175
9137 10046 10377
9460 10006 10183
8926 10369 10005
9606 9854 10261
9611 10006 10072
10306 9441 9562
9596 9067 10675
9657 9428 10502
8742 8983 10953
8558 9651 10765
9591 10401 9348
8930 10662 9124
10010 8675 10492
9751 9974 9953
9036 10672 8970
8866 10439 9855
9689 9801 10221
9880 9716 10036
10082 8926 10312
10605 8778 8814
10343 9531 9143
8845 10620 9426
10140 9905 9213
9836 10001 9775
9044 10637 9177
10373 8960 9738
9429 10561 8940
10263 9683 9212
8758 10612 9485
10279 8839 10059
10324 9145 9747
10314 9162 9806
10199 9534 9674
10077 9939 9368
9751 8894 10635
8750 10566 9674
7908 10688 9405
9724 9715 10239
9491 9664 10506
8874 10546 9623
9541 9801 10335
8653 9944 10568
9933 9783 9931
9827 9980 9906
9150 9815 10548
10052 9756 9770
10381 9094 9605
10102 9757 9726
9285 9991 10378
9407 9860 10398
9403 9071 10805
9510 9453 10586
9688 9336 10530
9515 10089 10051
10316 8975 9930
9918 10008 9688
10661 8591 8529
10405 8630 9776
10148 9260 10018
9363 10267 10048
9574 10389 9482
9638 9503 10456
9187 9998 10402
9439 9553 10605
10056 9766 9756
9939 10112 9403
8788 10738 9009
8065 10701 9332
9526 9283 10676
10603 8580 9066
9763 9688 10236
10118 9449 9930
10515 9061 8943
8913 10696 8950
8662 9472 10872
10113 9948 9227
10330 9021 9860
8033 10658 9465
9505 8849 10794
9923 8981 10481
8726 9750 10675
10558 8915 8970
9908 9310 10345
9030 10720 8584
10211 9150 10019
10267 9146 9950
9386 10588 8822
10317 9424 9474
10555 8867 9177
10010 9615 10011
10333 9403 9390
9055 10617 9309
10068 8490 10400
9709 10010 9946
8656 8703 11014
10527 8957 9164
9724 9320 10556
10588 8737 9189
8587 10710 9190
10486 9101 9133
10527 9084 8792
10426 9074 9446
8587 10183 10368
9161 8931 10884
10301 8777 9997
8619 9838 10667
10222 9760 9284
9192 9710 10610
8309 8590 11029
9501 9427 10623
10296 9449 9487
10380 9362 9381
8398 10557 9765
9418 9168 10753
10001 9750 9872
8944 10658 9133
9364 10530 9217
9281 10527 9462
9450 9912 10329
9955 9367 10311
8929 10588 9431
10134 9811 9434
10364 9157 9598
10353 9173 9718
8748 8769 10986
10086 9786 9606
10518 8943 9193
9074 9550 10730
10228 9470 9661
9944 10006 9592
10285 9134 9835
9772 9110 10570
10390 9562 8834
9299 9470 10743
10286 9061 9935
9489 10247 9988
9082 8550 10946
9422 10409 9545
10288 8861 9993
10668 8490 8799
9855 9495 10289
10399 8769 9785
8909 10505 9741
9968 9009 10435
10239 9296 9848
9238 9989 10385
10280 9199 9839
9297 10615 8846
8903 9512 10794
9861 9216 10430
8897 10307 10113
8458 10526 9840
8355 10768 8971
9742 10341 8963
9860 10082 9601
9294 10641 8650
10224 9509 9632
9825 9118 10540
8340 10700 9313
9158 10266 10145
9720 10367 9326
10080 9877 9530
9468 9995 10203
10444 9127 9334
9788 8857 10646
10341 9488 9221
10444 9016 9438
9988 9623 10017
9579 9768 10302
8250 10805 8736
9470 10179 10056
10570 8819 9091
10258 9408 9686
8593 10641 9389
9241 10428 9701
10215 9643 9475
7828 10651 9526
10473 9285 8842
9464 9265 10711
10213 9700 9473
9476 9993 10193
9420 10430 9522
10296 9595 9297
9644 10375 9277
9946 10001 9700
10382 9488 9027
9589 10340 9564
10085 9163 10202
10223 9484 9653
10275 9163 9874
10159 9844 9432
10087 9932 9359
9034 10434 9808
8752 10716 9045
9061 9964 10462
9651 9930 10120
10160 8486 10272
9374 9790 10487
9710 9426 10453
9171 10614 9134
10193 8765 10214
10662 8209 9003
10309 9067 9846
8831 10255 10209
9161 9042 10858
9600 8562 10775
10508 9174 8860
9131 10606 9275
10126 9974 8779
9977 9174 10329
9250 8819 10907
10322 8909 9893
8148 10637 9555
9666 8937 10692
9099 10664 8954
8776 10653 9266
8898 10615 9379
9126 10571 9335
10636 8107 9162
9667 9570 10417
10442 8912 9606
9081 10379 9893
10256 9396 9738
8248 10591 9676
10142 9885 9391
9034 10208 10181
10259 8784 10078
10039 9900 9579
9077 9916 10538
8989 10295 10113
9910 9663 10061
9697 9894 10092
10279 9490 9466
9424 10070 10266
10030 9074 10321
10203 9506 9675
10669 8487 8546
10275 9554 9446
10320 9465 9403
10628 8688 8687
9688 10006 9971
10540 8707 9323
9289 10611 8869
8052 10774 9007
8592 10623 9562
8315 10491 9951
9349 10578 8971
9913 10115 9578
10063 9953 9435
8005 10737 9227
8307 10529 9833
9604 9789 10298
9149 10324 9970
10177 9341 9936
8760 10474 9875
10151 9770 9475
10020 9331 10231
9044 10689 8881
8641 10481 9844
10469 9180 9256
9535 9750 10433
10254 9183 9880
8212 10729 9159
10119 9152 10157
10296 9651 9142
10179 9428 9839
9958 10052 9512
9455 9948 10294
9295 10000 10348
10327 9432 9431
10406 9098 9494
10446 9114 9308
9177 9128 10831
10449 9358 8778
10395 8835 9741
8676 10665 9315
8711 10457 9897
9990 9999 9610
9803 10316 9142
10496 9158 8925
10286 9587 9340
9817 9790 10087
8819 10691 9066
10629 8710 8596
8609 10767 8854
10612 8761 8839
10320 9505 9327
8419 10659 9449
9909 9354 10314
9569 10397 9453
10433 9367 8874
8520 9090 10946
9939 9574 10123
10352 8921 9835
9171 9578 10674
9144 10370 9877
9744 9956 10031
8864 10419 9912
9219 10239 10095
10611 8680 8977
9414 10203 10015
10435 9378 8812
9692 9774 10210
9949 8889 10459
8229 10797 8749
9412 10496 9305
9873 9817 10035
9438 9416 10666
10587 8067 9312
9209 10667 8816
9461 10546 8538
9567 9984 10164
9845 9240 10484
9751 9392 10452
8765 10656 9269
9624 10125 9907
10466 9294 8835
8733 9575 10785
9035 9966 10458
9481 10529 9176
8728 10349 10081
8772 10703 9082
8822 10570 9532
9961 9386 10211
9978 9686 9955
10500 8565 9578
10429 9338 8983
9164 10449 9700
9999 8843 10434
9891 9606 10187
10596 8609 9127
9370 9744 10578
10199 8487 10197
9660 10089 9958
9260 10586 9169
10427 8779 9702
9461 9784 10409
10048 9606 9925
9973 10067 9444
9812 9357 10413
10219 8891 10143
10371 9157 9568
8489 10783 8619
9400 10556 9178
9898 9857 9895
8871 8827 10954
10173 9008 10198
8750 10715 9082
9545 9970 10215
9319 10364 9783
9812 10072 9770
9406 10434 9556
8646 10726 9103
10108 9564 9907
10275 9538 9488
8417 10694 9298
8551 10562 9694
10138 9086 10152
9640 9954 10115
9327 9940 10366
9573 10232 9888
10224 9455 9712
10048 9948 9474
10285 8762 10030
10670 8403 8826
9832 9959 9900
10368 9589 8876
10029 8564 10444
9742 9859 10083
9185 10625 9034
9657 9244 10578
10462 9281 8986
8783 9433 10829
9780 9198 10529
9274 10644 8515
9404 9774 10453
10298 8835 9990
8180 10567 9714
8979 9995 10470
10449 9302 8933
10661 8506 8643
8784 8607 10997
9378 10328 9837
9944 9541 10124
10296 9461 9435
10519 8839 9359
8846 10354 10074
9954 10062 9475
10554 8995 8850
8849 10549 9614
9258 10544 9272
9515 9080 10746
10438 9441 8551
9243 9031 10880
8541 9044 10960
8781 10587 9475
10368 9290 9451
9543 9892 10256
9278 9516 10729
10287 8948 9947
9735 10289 9406
9918 9992 9738
9526 9994 10149
10308 8528 10016
8856 10028 10455
9856 9914 9888
9817 10192 9536
8584 9761 10681
10166 9402 9921
10195 9781 9335
8638 10171 10374
9006 10552 9491
10496 8725 9546
8818 9543 10781
9156 8843 10896
10166 9103 10142
9237 10440 9641
10255 9677 9412
10057 9475 10040
9214 10135 10219
10502 9104 8966
10146 9863 9366
10491 9098 9093
10183 9439 9821
10259 9245 9825
9908 9963 9767
9921 10030 9599
9886 9373 10317
8836 10466 9835
9918 10151 9350
8817 10510 9732
10066 9882 9522
10050 9853 9675
10210 9609 9570
10097 9925 9422
9413 8482 10857
9817 9719 10152
8196 10626 9589
10603 8129 9244
8342 9341 10887
9496 10479 9220
9737 10307 9367
10301 9301 9663
10144 9025 10185
9261 8997 10850
10207 9516 9647
8590 10660 9337
10357 9469 9201
10217 9505 9695
8839 10428 9925
10027 9111 10299
9599 10268 9719
9278 10617 8883
10246 9192 9936
9705 8799 10683
10204 9532 9657
10002 9513 10110
10484 9189 8993
9779 9375 10440
7965 10724 9262
9492 9473 10590
9178 10209 10168
10271 9088 9908
10266 9088 9960
10403 9172 9507
9107 10413 9843
9944 9726 9934
9540 8869 10781
10371 9611 8782
9708 10132 9798
10084 9190 10223
10253 9565 9530
10169 9286 9985
9543 9795 10332
9504 9988 10173
8662 9974 10514
10496 8827 9433
10418 9415 9118
10584 8244 9310
8998 10387 9922
10306 8890 9980
8249 8909 10994
10485 8914 9494
9066 8994 10887
8952 10142 10323
9940 9892 9823
10229 9567 9620
9810 10097 9694
10072 9919 9470
8646 10264 10245
9755 9113 10603
8642 10714 9155
9028 8556 10967
9259 10191 10166
8806 9184 10889
10471 9147 9139
9694 10030 9947
10031 9020 10392
9937 10205 8934
9002 10484 9689
9808 8663 10639
9861 10247 9397
10348 8774 9934
8332 10651 9508
9227 9956 10396
9016 10470 9738
9108 10650 8986
9830 10290 9207
9645 8513 10776
10193 9461 9779
8136 10678 9429
10055 9577 9960
9567 9464 10574
9667 10267 9597
10323 9304 9639
10234 9723 9398
10208 9427 9775
9280 10392 9784
9599 10124 9917
9966 9723 9932
10244 9050 9985
9936 10171 9310
10074 9569 9905
9999 9954 9544
9595 10399 9378
10094 9683 9769
9402 10133 10106
9583 8829 10763
10105 9144 10237
9404 10391 9598
9686 9519 10441
9854 9875 9935
10338 9373 9409
10308 9403 9478
9414 10089 10151
8978 9446 10794
10603 8437 9222
10419 9481 8801
10393 9528 8739
9445 9813 10413
10018 9708 9882
9380 9611 10623
10630 8579 9202
10074 9105 10273
9461 9870 10361
10321 9504 9372
9192 9795 10571
9247 10425 9683
9948 8835 10497
10144 9531 9816
10419 9425 8956
10381 9392 9302
8697 10416 10019
10121 9573 9860
9971 8890 10451
9447 10304 9821
8742 8782 10999
10392 8963 9710
9710 10090 9934
9495 9058 10791
9329 9191 10753
10246 9198 9874
10009 8796 10430
10063 9483 10011
8672 9481 10822
9744 9355 10453
10115 9818 9516
8483 10366 10106
9227 10655 8809
10101 8909 10311
9516 9084 10729
8976 10418 9896
10367 9497 9128
10154 9106 10137
8709 8445 11019
10439 8876 9607
9634 10231 9690
9190 10631 8930
10405 9030 9618
8626 9988 10512
10095 9875 9503
10525 9073 8799
9600 9359 10595
9895 9387 10299
9752 9350 10446
9746 10300 9290
10651 8611 8402
9668 10380 9176
8174 10769 8947
9815 9020 10574
9427 9764 10485
9941 9772 9951
10163 9238 10084
9795 10326 8854
10533 8511 9521
9817 9621 10254
9882 9721 10027
10610 8617 9047
8714 10688 9242
9939 10018 9577
10201 9554 9650
9851 9590 10213
10429 8585 9730
10102 9776 9640
8909 9963 10518
9988 9740 9891
10048 9962 9463
10269 9244 9866
9488 9447 10618
9398 8795 10826
10267 9481 9573
9181 9174 10812
10303 9223 9791
9812 9739 10088
10417 8794 9730
9555 9857 10263
8779 10750 8752
10650 8418 9035
9451 8870 10794
9961 9846 9837
10410 9249 9299
9074 10663 9111
9807 10036 9805
9858 9858 9934
9208 10615 8959
9336 9532 10649
9310 10399 9740
9355 10146 10124
9919 8323 10561
8256 8848 11024
9817 10150 9650
8775 10117 10400
9526 10074 10100
10438 9077 9429
10399 9464 9066
9789 9998 9930
10001 9960 9494
10598 8821 8777
8837 10511 9719
7746 10748 9217
10421 8869 9696
10457 8863 9632
8988 10383 9940
9361 9488 10675
10257 9540 9455
10624 8636 8860
10308 9384 9564
10144 9115 10136
10357 9206 9700
10284 8688 10039
8337 10734 9125
10308 8532 9996
10601 8595 9135
9500 9631 10483
9997 9483 10113
9479 9392 10635
9528 10141 9999
9011 9627 10717
8224 10809 8511
10129 9851 9476
9373 10522 9471
8779 9374 10859
8938 10033 10454
10289 9133 9848
8807 10720 9010
9092 9538 10772
10129 9111 10139
9811 9898 10015
9369 10130 10110
10022 9468 10157
9967 8776 10469
10338 9326 9475
8876 8957 10922
9555 9280 10680
10081 9508 9956
9104 10131 10309
9182 9665 10653
8968 10700 8915
9943 10115 9398
10239 9502 9613
9774 9865 10053
10442 9116 9341
9102 9924 10493
9696 10373 9167
10095 9888 9489
9458 9851 10381
9934 9096 10423
10101 9970 9164
8717 10260 10215
10003 9956 9513
9511 10490 9121
10452 9292 8969
9142 9290 10823
8946 10155 10336
9538 9845 10373
10017 9551 10047
8245 8343 11038
9941 9882 9765
8588 10783 8202
8998 10672 8999
10672 8460 8426
8381 10753 9001
10457 9145 9274
10605 8760 8988
8337 10053 10500
9753 9757 10144
10122 8749 10292
10101 9618 9813
10358 9384 9339
9154 10434 9779
9118 9065 10865
9692 9206 10570
8789 9596 10765
9623 8888 10706
8383 10616 9578
10184 9284 10005
9879 9715 10052
9305 9883 10429
9221 9759 10552
9428 9838 10425
9909 9849 9917
9622 8852 10709
10144 9870 9265
10235 9442 9724
9859 9009 10558
9615 9552 10470
9398 9571 10583
9330 9695 10628
10117 9347 10036
10130 9953 9052
10246 9769 9055
10354 8414 9899
10225 9187 9996
9044 10429 9828
9985 9676 9953
10219 9529 9638
10107 9741 9633
9413 10418 9565
10496 9102 9080
8740 10249 10277
9272 9745 10550
10012 9611 9975
10379 9227 9438
9531 9869 10305
7924 10808 8723
9832 9975 9850
8825 10732 8787
9620 9172 10636
10205 9114 10054
9534 10151 9962
10444 8998 9441
9569 9723 10381
9358 10540 9270
10548 8968 8907
8960 10021 10454
9697 10285 9586
8468 10595 9657
9220 9169 10816
10476 8782 9547
9460 10537 8880
10355 8946 9829
8284 10673 9365
9961 9961 9621
9487 10320 9746
10662 8456 8816
10684 8288 8907
8669 10545 9720
10631 8280 9206
10526 9065 8828
10289 9764 8830
10641 8657 8443
10260 9398 9672
9957 8800 10453
10547 8675 9398
10288 9062 9903
9983 9588 10080
8907 10562 9536
9975 8999 10414
9396 10258 9936
10714 8123 8809
9754 8871 10649
10187 9256 9960
8995 10487 9738
9082 10479 9699
9646 9614 10386
8931 9643 10709
10519 8981 9067
8349 10631 9518
9435 10487 9270
9444 10318 9796
9590 9350 10645
8606 10559 9698
10649 8591 8574
10740 7877 8327
9112 10224 10180
10509 9266 8393
10298 9056 9878
9473 10534 8805
10174 9476 9878
10341 9351 9469
9262 10243 10078
9204 9624 10642
10495 8764 9503
10104 9753 9690
8396 10788 8691
8873 9544 10759
8734 8618 11001
9384 10092 10218
10239 9828 8901
9467 9493 10604
9813 9736 10117
9022 9983 10449
8453 10660 9391
9729 10119 9815
9436 9931 10296
10069 10053 9069
9164 9908 10499
10140 9023 10216
10424 9110 9421
10217 8807 10163
7842 10769 9103
10239 9588 9497
10474 8962 9417
8716 9255 10906
10659 8504 8695
9484 10513 9108
9433 9990 10236
9969 10046 9452
10036 9476 10077
10231 9409 9742
8846 10700 9022
10527 8581 9425
8950 10186 10285
9894 9421 10265
9416 10270 9914
10545 9063 8576
9759 8650 10685
9124 10408 9859
9307 10177 10143
9632 9861 10244
9143 10546 9402
9471 9995 10183
8471 10506 9866
9489 10331 9680
8996 8696 10943
8917 10274 10200
9474 10471 9294
10184 9160 10040
8497 10758 8917
9381 9503 10643
9376 9325 10718
9130 10152 10220
10135 8626 10319
9034 10018 10394
10253 9049 9964
8334 10476 9926
10396 9180 9424
9971 9356 10226
10140 9888 9274
8545 8592 11023
10520 8960 9165
9978 8666 10511
9226 10226 10120
10444 9309 9065
9647 9938 10124
9330 9064 10823
9217 10600 9020
9175 9359 10792
10419 9341 9100
10637 8318 9150
9556 10051 10067
10145 9782 9479
9717 10399 8821
9526 10052 10122
9936 10142 9407
10336 9594 9242
8927 10430 9869
10341 9376 9403
10403 9442 9041
8281 10669 9379
9612 10422 9304
9455 10563 8865
9581 10430 9193
10692 8376 8687
8977 10435 9845
8820 10358 10058
9483 9684 10494
10197 9541 9672
8914 10311 10107
10396 8893 9731
10234 8966 10029
9859 8804 10581
9401 9435 10672
10107 9598 9770
9958 9792 9883
9744 9257 10555
9515 10138 10041
10290 9501 9427
10413 9115 9449
9492 9946 10221
10356 9518 9023
9140 10151 10244
9689 9439 10485
9958 9630 10041
9853 9913 9914
9107 9478 10793
10700 8197 8925
9513 8926 10767
9146 9453 10755
9482 9332 10687
9410 10409 9571
8783 10739 8820
8466 10396 10057
9141 10557 9453
9444 9755 10423
9621 10121 9926
10090 9998 9095
10675 8462 8159
9820 10168 9596
8553 9536 10796
8800 9135 10905
9496 9121 10721
8780 9446 10820
8760 10397 10052
10420 8928 9584
9638 10024 10016
10194 9658 9701
8782 10686 9094
10606 8788 8674
9525 8779 10801
10451 9002 9435
9549 10154 9959
10216 9352 9848
9815 9723 10188
10416 8451 9757
9618 10131 9914
9635 9262 10616
9703 10389 9082
10279 9647 9316
9190 9053 10846
9142 10625 9250
10168 9822 9355
9247 10047 10304
10371 9270 9465
9793 9681 10212
8547 10489 9854
9902 9260 10391
10203 9835 9294
8522 10423 10005
10106 9619 9792
9280 10188 10157
10024 10078 9141
9696 9760 10235
9005 9640 10730
10130 8956 10217
10356 9620 8883
9312 10222 10065
10673 8483 8415
10076 9116 10266
10597 8667 9117
10244 9738 9397
9972 10115 9049
9578 9884 10220
9828 9595 10230
9653 9263 10596
8826 10397 10018
10408 8965 9661
9335 10546 9221
10466 8685 9627
10209 9633 9534
8092 10649 9515
10131 9289 10080
10278 9515 9485
9450 9546 10615
9406 9996 10280
9898 9777 9965
8958 9219 10880
8723 10649 9292
10329 9653 9088
9657 10059 10015
10001 10078 9163
8994 9919 10513
10539 8838 9232
8675 10316 10138
10431 8903 9625
10440 9125 9340
8902 10409 9958
9160 10055 10311
9177 10357 9857
8915 9501 10779
10218 9342 9834
9749 9768 10159
9862 9679 10103
9733 9854 10197
10531 8796 9265
10604 8702 8998
10622 8729 8761
10046 9067 10336
8138 8416 11039
9011 9849 10565
9522 9381 10637
10089 10018 8927
9997 10087 9326
10104 9995 9005
9458 9523 10582
9738 9089 10630
10048 9767 9748
8835 10312 10119
8648 10220 10283
9503 10432 9429
10442 8471 9731
8896 10708 9007
9234 10608 8977
10123 9951 9178
9062 10376 9988
10378 9216 9559
9785 10127 9680
8881 9249 10874
10245 9684 9349
9815 10016 9785
9952 9981 9636
9321 9578 10631
10495 8604 9594
9838 9723 10117
9363 9748 10546
8691 10707 9104
9949 9541 10115
9117 10663 8895
9616 10074 10043
10084 9483 9937
9502 10128 10060
10589 8623 9231
9739 10356 9202
9508 9640 10462
10203 9468 9718
9298 10035 10310
9389 10497 9460
9939 9946 9752
10158 9590 9741
8450 10153 10428
10460 9300 8936
10436 9160 9349
9250 10595 9248
10290 8871 9991
10673 8523 8356
9377 9975 10288
9479 10385 9555
9959 8517 10524
9177 10349 9916
8192 9022 10965
10041 9285 10176
8276 10308 10235
10164 9211 10063
10534 8536 9441
10496 8747 9482
9412 9028 10794
10389 8790 9806
9804 8623 10700
9492 10031 10182
8724 10648 9313
9963 9782 9850
9808 10010 9810
9791 10328 8875
9225 10543 9359
10030 8845 10410
10443 9386 8779
10259 8713 10081
8797 10699 9059
9273 9521 10692
9427 9780 10435
9908 10217 9240
10456 9290 8942
9514 10478 9161
10148 9110 10135
10230 9450 9667
8694 10534 9746
10053 9378 10085
9276 10040 10291
9684 9035 10666
9963 10133 9264
8796 10250 10258
9334 9366 10736
10059 9844 9719
9011 9197 10850
10043 9281 10176
10126 8958 10244
10235 9073 9992
9064 10515 9629
10327 9452 9409
10292 9068 9891
9989 8963 10449
10239 9280 9890
9676 9717 10289
9899 9134 10444
9108 10660 8902
10405 8967 9635
10621 8783 8501
10589 8768 9023
9743 8753 10680
8991 8710 10947
10199 8770 10194
9627 10155 9895
10577 9011 8762
10339 9048 9820
9760 9769 10127
10142 9895 9221
10420 8643 9741
8385 10393 10065
9576 10205 9880
10183 9203 10032
9985 9970 9618
10560 8555 9340
9675 9335 10534
10123 9967 9000
8913 10389 9979
9470 10131 10097
10198 8814 10177
10450 9285 9049
8579 9605 10779
9269 8404 10926
8777 10409 10010
9629 10232 9695
10743 7814 8294
8554 10473 9903
9181 10666 8847
9879 9708 10089
10283 9013 9940
8929 10591 9392
9800 10272 9218
9569 9588 10498
10031 9931 9580
10059 9984 9298
10295 9390 9587
10404 8972 9628
10513 9173 8735
9695 9169 10587
10032 9319 10192
10304 8688 10007
9723 9873 10082
10348 9542 9058
10410 9176 9437
8663 10558 9733
10241 9247 9854
8401 10468 9974
7833 10660 9505
8782 9290 10904
9523 8922 10792
8806 10584 9484
8589 10657 9374
10307 9534 9312
9548 9732 10382
8972 9974 10475
8475 10226 10309
9616 10406 9171
8379 8906 10992
9769 9659 10220
9415 10537 9124
8923 10147 10375
8987 10655 9170
9344 9464 10702
10312 9289 9641
8824 9003 10922
8251 10601 9662
10642 8638 8816
9822 9486 10353
8851 10464 9883
9196 9625 10641
8372 10619 9581
9726 9669 10257
9167 10322 9954
10280 9088 9877
10332 9488 9252
9746 10100 9818
8462 10097 10473
10651 8333 9063
8981 10645 9345
10108 9009 10295
9594 9880 10262
10534 9127 8749
8099 10564 9722
10340 9106 9810
9326 10305 9910
10179 9317 9922
9843 9948 9868
10099 9387 10038
10287 9005 9914
10388 9082 9637
10196 8745 10200
9881 10227 9042
9464 10386 9620
10615 8785 8673
9868 9842 9924
9381 10277 9990
9588 9746 10333
7904 10811 8731
9168 8830 10885
8837 10478 9834
9617 9549 10442
10489 8849 9454
10623 8680 8932
9775 10212 9619
8700 10521 9733
10643 8553 8954
9026 10452 9751
9874 10186 9507
9834 10268 9182
9492 10053 10160
10228 9140 9964
9984 8741 10464
9868 9470 10295
9156 10098 10297
9710 10295 9527
10147 8610 10310
9012 9907 10555
9632 10163 9881
10016 9937 9579
10221 9493 9663
10528 9090 8759
10353 8746 9901
9980 8995 10429
9744 9342 10511
8974 8714 10948
10206 9665 9592
10194 9677 9615
9151 10480 9619
10193 9820 9407
10110 9269 10166
9503 9935 10287
8710 10509 9735
8631 10477 9862
8823 10470 9841
9313 9988 10390
8994 10387 9932
7964 10676 9445
9579 9370 10606
9117 10667 8846
8674 10439 9960
9808 10008 9817
9013 10377 9946
9217 10540 9381
10533 8933 9148
9747 8989 10631
10373 8689 9878
9247 10487 9515
10407 9440 8936
8840 10422 9928
9997 8640 10514
9235 10550 9323
10308 8901 9973
10215 9824 9173
9429 9245 10724
10445 8654 9667
9555 8748 10764
9956 9866 9773
10254 8951 10026
10139 9804 9538
9782 10130 9663
9268 8687 10883
10313 9022 9905
9846 10265 9196
10580 8668 9214
9652 9974 10109
8961 10679 8970
9544 10066 10071
8020 10795 8925
10558 8667 9321
10251 8815 10073
8891 10338 10052
10435 8748 9672
10333 8987 9840
9724 10303 9454
9570 9791 10349
8410 10487 9870
10655 8609 8297
8772 10018 10493
10155 9562 9778
10418 8957 9594
9938 9530 10154
9569 10485 8740
9462 8768 10844
9341 9305 10731
9872 9483 10239
9313 10234 10061
10092 9475 9992
9894 9785 9969
9350 10075 10255
9942 9620 10043
10342 9423 9330
9083 9289 10826
9867 10123 9573
9239 9954 10433
8806 10535 9691
9694 9381 10485
9984 8690 10506
10204 9558 9640
9675 9559 10437
8850 9430 10829
9663 9613 10410
8236 10728 9219
9960 10057 9503
9299 10084 10272
8970 10678 8957
9750 9782 10132
8762 10541 9673
10186 9921 9137
10233 8993 10050
10036 9928 9566
8979 10564 9506
8520 10714 9262
9566 9805 10311
10178 8988 10152
9396 10406 9607
9968 9838 9787
10196 9465 9769
10016 9506 10065
10216 9885 9113
9823 10106 9643
8852 9605 10744
10484 8739 9560
10360 9542 9013
10453 9350 8821
10226 9010 10113
10601 8452 9283
9853 9983 9811
9417 9634 10530
10013 8709 10451
10000 8823 10450
9034 9587 10746
9612 8861 10717
8988 10596 9352
10536 9126 8609
9812 10179 9576
9617 9073 10673
10005 9268 10271
9367 10093 10160
10054 9692 9908
10636 8772 8315
10082 9662 9776
10514 8892 9240
10090 9911 9446
9788 9227 10521
10088 10004 9194
10442 9136 9333
8154 10524 9904
9849 9126 10475
9274 8994 10844
10465 8854 9522
10139 9942 8989
10421 9244 9271
9782 9809 10086
9939 9861 9828
10727 8138 8327
9860 9203 10448
10415 8975 9592
10423 8313 9771
8858 8953 10929
8607 10531 9785
8472 10669 9371
10220 8773 10166
9443 10570 8829
9081 10395 9873
9772 9682 10217
10332 9238 9618
10169 9506 9769
8680 10426 9947
10128 9877 9471
9109 9977 10448
10350 8868 9855
8574 10243 10288
9611 10115 9966
7929 10681 9391
9100 10205 10183
8418 10448 9984
9189 10523 9541
8842 10650 9254
9052 10523 9595
9338 10282 10004
9761 9079 10578
9069 10426 9795
10417 9245 9280
10374 9125 9622
10160 9383 9927
9811 9384 10395
9674 9526 10450
9395 10299 9850
10262 9292 9772
9231 10460 9623
8820 8381 10993
8922 10320 10060
10552 8219 9436
10325 8913 9883
9744 9032 10616
9908 9657 10076
8487 10481 9855
9581 10122 9950
9886 10066 9611
9514 9871 10263
10237 9311 9820
10144 9657 9725
10351 8947 9838
10581 8985 8545
10464 9243 9151
8769 10367 10075
10347 8957 9828
9410 10507 9356
9395 10449 9445
8766 10384 10039
8996 10558 9470
9319 9847 10495
9859 9693 10097
10340 9581 9123
8928 10587 9463
8942 10450 9799
10370 9420 9280
9745 9816 10126
9460 10360 9670
8611 10747 8910
10432 9213 9285
9902 9616 10121
10704 8183 8850
10439 9216 9280
9488 10434 9389
8837 10552 9600
8996 10019 10390
9942 10036 9514
10462 9408 8597
9321 10126 10229
8846 10382 10010
9211 9764 10552
9558 10414 9493
9128 9432 10807
10464 8960 9480
10349 9603 8998
9854 9859 9985
9132 10253 10169
8420 9920 10593
9057 10562 9420
10237 8851 10141
10499 8437 9600
10209 8834 10151
10380 9418 9226
9788 10222 9560
10272 9571 9379
9369 10579 8924
8158 10742 9156
8947 10578 9461
10133 9913 9436
9963 9954 9687
9164 9934 10442
8711 10273 10228
9916 10027 9658
8709 10275 10202
9021 10628 9228
9980 9818 9807
10144 8718 10293
8442 10314 10224
9492 10501 9245
9887 9801 9960
9912 9714 10003
10663 8446 8884
10465 9320 8833
10591 8560 9228
10549 8746 9275
9680 9823 10278
10269 9632 9317
10224 9445 9719
9631 10244 9686
9152 8866 10909
9484 9509 10582
10364 8984 9827
8772 10299 10201
10414 9320 9220
10071 9669 9795
8917 9761 10650
10232 9602 9503
8914 10546 9585
10497 9143 8894
9988 9505 10190
10441 9271 9127
9718 9894 10082
9849 9930 9879
9558 10364 9551
9361 10475 9515
9764 9732 10205
10282 8766 10053
9266 8735 10886
10094 10000 8738
10538 8419 9468
8145 8737 11033
10558 8804 9205
9136 9997 10415
8814 10006 10458
10259 9775 8830
8396 10358 10165
9278 10643 8800
9314 9072 10818
10685 7930 8952
10404 9115 9480
9168 9142 10842
10697 8279 8640
8490 8681 11015
9564 10119 9975
10483 8760 9525
9194 10458 9678
10444 9253 9220
8770 9788 10635
10160 9845 9389
9616 9618 10451
9459 9370 10680
9712 10305 9427
9773 9568 10347
10154 9931 8934
8251 9020 10964
10346 9229 9630
9064 10520 9609
9814 10193 9496
8718 10485 9803
7834 10771 9069
10412 8561 9750
9008 10280 10132
9974 9698 9976
10335 9382 9427
9410 9793 10426
9890 9457 10241
10376 9228 9444
10076 9372 10099
9149 10336 9926
9629 9271 10592
10367 9441 9283
9856 10095 9586
9334 10560 9139
9506 10386 9496
10544 8416 9426
9570 10428 9278
10525 9052 9023
8364 10220 10323
10122 9307 10065
9551 9784 10352
10442 9277 9082
10636 8609 8866
9131 10645 9118
9997 9917 9654
10325 9655 9115
9899 9226 10427
9596 9969 10139
9434 10553 8969
9448 9718 10499
10411 9206 9373
9172 9049 10853
8632 10693 9204
10401 8833 9736
8947 9825 10628
8772 10301 10162
10467 8976 9398
9259 10193 10127
9780 9864 10036
8329 10366 10117
9929 10026 9593
10359 9411 9299
8521 10723 9171
9441 10062 10177
8940 10717 8913
10315 9640 9228
8678 10743 8838
9510 9329 10679
9270 10618 8846
9145 9950 10449
10560 9031 8531
9883 9617 10167
8978 10287 10156
9703 9738 10239
9716 9790 10207
8923 9121 10905
9289 8664 10885
9032 10445 9844
9076 9725 10645
9520 10125 10016
8237 10323 10206
10473 9229 8997
9832 9240 10511
10401 9455 9067
9029 10324 9999
9778 8924 10626
9594 10465 9077
9876 10229 9172
8981 9682 10670
9200 10582 9259
8797 10738 8745
10331 9453 9355
9492 10418 9454
9890 9334 10358
9301 10395 9747
10494 8631 9615
9399 10488 9381
10115 9484 9931
10116 8956 10256
9851 8868 10603
10330 9365 9512
9107 10450 9737
10143 9257 10049
9358 8928 10824
9840 9763 10068
9222 9714 10603
10476 9167 9092
9996 9897 9685
9393 10228 9993
9122 10659 8875
9025 9960 10507
10679 8251 8971
9485 10507 9151
9627 9171 10639
9986 9944 9623
9217 10073 10295
9539 9144 10718
9653 9381 10562
9000 10187 10261
8981 9203 10872
9319 9869 10441
8920 9654 10736
9732 10307 9419
9124 10593 9293
9846 10128 9524
9080 10362 9944
9090 9853 10556
10435 9336 8995
8515 10775 8714
9323 10549 9207
9562 9802 10329
9818 9493 10314
9996 9598 10061
10364 9471 9142
9018 10490 9633
10140 9080 10183
9796 9795 10109
9745 9343 10495
10353 9056 9740
10374 9088 9691
8608 10703 9176
9434 9937 10335
8201 9123 10945
9387 8795 10872
9647 9496 10459
10361 9211 9581
10021 9897 9597
8498 10778 8723
9815 10145 9659
9660 10013 9984
8533 10757 8916
10053 8882 10357
9143 10481 9635
10249 9321 9811
10250 9566 9490
10657 8252 9005
9068 10381 9911
10410 9322 9247
9843 9478 10305
9164 10642 8891
10567 8462 9418
10084 8845 10321
9436 9960 10256
9939 10042 9526
10355 9554 8992
9319 10546 9256
8613 10518 9772
10671 8543 8318
9664 10120 9912
9552 9725 10421
9211 10601 9234
8073 10699 9366
10395 9098 9550
10299 9451 9468
10265 8742 10073
10295 8652 10054
8669 10329 10151
9624 9878 10211
9546 9938 10244
9444 10263 9874
10553 9072 8564
9431 9817 10414
10062 9510 10032
9912 10057 9588
10265 9633 9326
10312 9457 9436
10283 9367 9641
9471 10538 8854
8670 10330 10130
9919 9603 10179
10125 9839 9479
9486 10464 9313
9558 9371 10611
9875 9813 9999
10209 9114 10039
10566 8866 9084
9850 9275 10421
8591 10223 10298
9155 10361 9916
9429 10490 9288
8682 10604 9535
10268 9627 9342
9652 10326 9601
9153 9670 10705
9667 9915 10099
10276 9622 9322
9480 9895 10295
10028 9083 10325
9116 10677 8813
9485 10534 8659
10327 9143 9740
9890 9441 10245
8191 10564 9711
10526 8699 9403
10401 9372 9240
7998 10671 9466
10247 8766 10101
8121 10598 9689
9543 10432 9292
10499 9125 8939
10505 9033 9245
10245 9224 9877
9790 9179 10538
9796 9765 10138
9145 10535 9428
10016 10060 9230
9077 9302 10839
10494 9134 8982
10170 9754 9467
9622 9415 10549
10286 9664 9201
8340 10561 9709
9752 9712 10231
9682 9516 10446
10203 9491 9705
9050 10414 9880
9830 10160 9591
9203 8724 10929
9522 10515 8897
9069 10481 9717
9659 10348 9330
9353 8994 10828
10104 9386 10002
9537 9981 10195
9909 9763 9969
10633 8606 8891
10259 9274 9782
8850 10648 9233
9298 10402 9726
10404 8967 9688
8633 10676 9250
9612 9548 10480
10429 9394 8828
9282 10405 9698
9010 10236 10170
9523 10439 9296
9426 9759 10503
10557 9068 8433
10062 9181 10235
10253 8990 9988
9356 10010 10302
9795 10270 9220
9966 10116 9317
10484 9107 9176
8767 10502 9781
10398 8808 9742
8864 10417 9951
9803 9441 10425
9750 8652 10681
10133 9545 9859
10566 8732 9211
10537 9039 8985
9745 9912 10003
9257 10195 10101
9328 10638 8612
10094 9907 9476
10297 9299 9729
10423 9299 9206
10260 9332 9772
10476 8986 9360
10382 9218 9493
9158 10566 9351
9516 9295 10654
10360 9205 9620
10508 8935 9346
10210 9623 9510
10479 8762 9508
10265 9523 9601
9207 10609 8976
9746 9517 10426
10207 9833 9267
9386 10587 8881
10018 10103 8921
8788 9993 10482
9247 10485 9554
9159 9657 10692
10564 9053 8163
9260 10676 8473
9686 9797 10231
10422 8927 9686
9999 9145 10305
9001 10010 10404
10418 9080 9437
8824 10616 9441
10196 8857 10179
9130 8968 10920
10547 9006 8854
9708 9697 10316
8232 10616 9687
8956 9411 10852
8681 10485 9813
8373 10690 9313
9595 9062 10682
10485 8754 9556
10342 9668 8548
8774 10500 9762
9655 9601 10420
10376 9121 9586
10415 9092 9536
8906 8836 10949
9981 10098 9384
8694 10539 9726
9540 10012 10126
10498 8948 9264
9193 10534 9415
9660 10067 9980
10039 10036 9309
9656 10228 9747
9132 9454 10770
9283 9600 10650
10267 9445 9617
9758 10300 9245
10209 9374 9869
8854 10510 9722
9293 9118 10804
10545 9004 8994
10364 8833 9839
9132 8952 10895
9097 9679 10659
10310 8632 9988
10088 10017 9065
8773 10161 10362
8890 8812 10974
10238 9439 9683
8270 9349 10884
10254 9827 9054
9504 9860 10335
9995 10128 8898
10315 8362 9986
9969 9136 10385
10137 9693 9672
9227 9751 10591
9277 10347 9882
9629 9744 10298
10555 9023 8536
9868 9153 10459
8507 10543 9818
10490 9104 9011
9404 9632 10572
10237 9470 9630
9836 8974 10588
10463 9385 8706
9732 9359 10467
9087 10446 9746
10507 8877 9356
9792 10271 9413
10087 9927 9388
10317 9525 9313
10086 9927 9390
8682 10652 9302
10326 9459 9302
10059 9485 10038
10337 9352 9478
10313 9104 9816
10349 9525 9119
10304 9196 9770
9909 10199 9087
8716 8545 11003
10214 9774 9421
9954 9517 10128
9535 9770 10392
9716 9544 10409
9774 9370 10441
9675 10132 9809
10145 9382 9974
10018 9613 9969
9607 10438 9129
9580 10466 9105
10028 9424 10102
9675 10008 9970
10114 9965 9074
9881 8637 10596
10231 9563 9584
9605 10250 9702
9923 9472 10237
9724 9617 10341
9117 10213 10171
10126 9438 9959
9797 10269 9283
9546 10367 9537
9444 10034 10213
10402 9348 9139
9681 9923 10096
9574 9761 10325
9994 9990 9535
10012 10076 9233
9529 10089 10030
10645 8288 9126
9250 10205 10137
9097 10362 9921
9025 10631 9179
9923 10199 9015
9175 10313 9971
8226 8412 11037
9140 9313 10796
9386 10523 9264
9284 10320 9967
8527 10533 9814
8434 9299 10906
10251 9045 10022
8839 10633 9439
9438 9620 10533
10283 9242 9756
10070 9667 9833
9878 9272 10413
9140 10524 9499
9376 9795 10480
9805 9437 10389
9075 10391 9881
10173 9866 9292
9658 9696 10360
9509 10514 9104
9186 10429 9686
10151 9765 9501
9883 9872 9916
9314 9183 10792
9436 10583 8634
9561 10477 9229
9655 9780 10281
8789 9078 10931
10692 8422 8581
10274 8938 10006
9469 10445 9513
9121 9816 10630
10275 8983 9988
9731 9380 10467
9383 9678 10558
9120 10547 9557
9886 9465 10300
9818 9695 10194
9724 9594 10355
10378 9423 9215
9315 10476 9507
10063 9710 9844
9788 9806 10089
8732 10534 9717
8596 9729 10704
10124 9142 10161
10398 8860 9735
8577 10750 9119
8987 8872 10941
10512 8311 9531
10662 8561 8533
9481 10106 10123
10412 9356 9120
9401 10203 10072
9603 9327 10588
10507 9141 8906
9388 8862 10815
10063 9987 9259
10142 9284 10070
9802 9367 10433
10174 9495 9792
10077 8823 10354
9436 9268 10719
10129 8893 10287
10418 8852 9720
9838 9055 10544
10422 9466 8562
10462 9352 8752
9399 10027 10269
10407 9123 9454
10258 9434 9637
8892 10493 9783
9464 10090 10127
9151 10523 9570
8558 10643 9437
9991 9972 9589
9162 9867 10511
9276 10651 8462
10092 9862 9555
8681 10694 9167
10419 8705 9745
10338 8894 9949
8996 10497 9702
10571 8823 9032
10452 8594 9691
9197 9765 10564
9270 10541 9286
9861 9972 9831
9327 10209 10093
9954 8876 10483
10475 9069 9269
10451 9369 8771
9512 10085 10061
9059 10427 9787
10072 9812 9664
9594 10132 9931
8566 10756 8861
9175 10235 10137
10524 8784 9295
10672 8428 8669
9535 10194 9955
10422 9405 9051
9299 10329 9849
10341 8875 9864
9661 9660 10330
8439 10519 9856
9782 9136 10546
9835 8732 10634
9557 10208 9904
9850 10104 9621
10401 9501 8961
8641 9048 10956
9863 9922 9864
9681 9450 10491
8983 10024 10437
10592 8764 8994
10111 9823 9576
10066 8982 10326
9068 10634 9161
9439 10385 9777
10060 9185 10252
9385 10303 9940
9745 10000 10000
9943 10020 9537
10359 9367 9326
8910 10478 9782
10027 9476 10089
10096 9994 9149
10144 9801 9494
10291 8947 9938
8999 10219 10186
10270 9404 9658
10217 9094 10125
9250 10570 9272
8819 9946 10539
9245 10501 9501
9113 10665 8865
10516 8665 9502
9921 9036 10444
9004 10249 10183
9965 9741 9927
10425 9341 8948
9994 10037 9494
10314 9181 9720
8390 10503 9874
9415 10494 9274
10549 9031 8721
9179 9437 10760
9125 10534 9475
10150 9572 9774
9966 9605 10105
8299 10646 9553
10382 9150 9578
9719 9912 10045
10181 8983 10174
10508 8591 9545
10115 8785 10294
9870 10017 9748
10282 9012 9963
10093 9205 10176
9704 9732 10234
9567 10139 9961
8929 10658 9195
8800 10736 8811
9594 10232 9754
9834 9153 10505
9606 9874 10220
10497 8805 9472
10196 8948 10150
9302 10428 9676
8477 10412 10038
8970 9072 10914
9795 9494 10336
9851 10083 9682
9986 9779 9826
10359 9012 9728
9731 9594 10326
9722 9357 10470
9763 9627 10259
8956 10687 8941
9914 9068 10439
10181 9186 10043
8833 9510 10808
8596 9375 10877
9346 10605 8939
10306 8821 9991
9591 9323 10617
9802 9823 10045
10524 8557 9462
9412 10431 9538
10004 9867 9656
9168 10464 9657
9758 9652 10271
10060 9006 10320
9941 9283 10370
9960 9788 9847
10340 9637 8968
10257 9430 9730
10347 9325 9563
9069 10404 9894
10152 9776 9447
10426 8926 9677
9437 10541 9063
10039 9303 10201
8770 10237 10282
9191 10139 10250
9176 10446 9714
9193 10680 8545
9792 10296 9209
9553 10063 10086
9701 9257 10568
10311 8807 9977
9957 9280 10305
9401 9799 10456
10385 8910 9805
10050 9929 9504
9618 9697 10373
10474 9067 9291
9845 9716 10164
8549 10105 10414
10083 9394 10023
9439 9122 10767
10405 9529 8466
10513 9126 8816
10351 9422 9313
9932 10030 9563
10327 9248 9614
9883 9435 10357
9995 9724 9900
9479 8450 10867
9955 9979 9623
10194 9196 9984
9412 9691 10512
10458 8857 9523
10225 9580 9577
9671 10051 9942
10637 8564 8932
10582 8389 9309
10290 9353 9635
9757 8869 10631
8396 10624 9534
10122 9572 9827
10073 9985 9236
9305 10173 10201
9054 9005 10902
9940 10149 9285
9514 10317 9746
9768 9047 10583
10727 8073 8739
10032 9024 10340
8785 9608 10744
9353 10446 9523
9666 10004 10007
9518 8646 10813
10138 9301 10050
10155 9353 9930
10121 9811 9481
9225 10495 9534
8558 10514 9807
9750 10359 8925
9462 9452 10613
9262 10360 9854
10193 9190 10021
10197 9189 9981
9783 10001 9858
8803 10570 9573
10155 9518 9828
10059 9570 9928
10347 8872 9872
9421 10566 9074
10521 8885 9276
9923 9857 9837
8018 9031 10963
10057 10023 9293
9948 10003 9661
10639 8561 8987
8775 10347 10091
9888 8737 10580
9924 10174 9296
9540 10011 10138
10592 8618 9218
9580 10260 9752
10714 8223 8625
8904 10518 9673
9551 9769 10372
10057 9390 10084
9804 9485 10394
10258 8811 10099
10360 9598 8858
9889 9326 10411
8761 9336 10890
9399 9436 10657
10266 9631 9321
9316 10458 9554
9421 10187 10024
9841 9877 9931
9309 9394 10737
9457 9975 10243
10146 9375 10007
10403 9325 9248
9156 10529 9466
9881 10165 9344
10178 8796 10251
9245 10422 9698
9662 10377 9203
9602 9534 10510
8856 10569 9546
9501 10173 10015
9780 9552 10356
9994 10114 9087
10598 8771 8992
9916 8981 10486
8550 10000 10531
9593 10341 9538
9661 10116 9942
10119 9247 10089
9839 9349 10430
9306 9042 10837
9003 10469 9795
9236 10197 10217
10237 9276 9948
9160 10471 9725
8077 10737 9164
8467 10133 10438
9577 10452 9218
9185 10639 8901
9407 10120 10140
9619 9130 10663
8925 10403 9907
9138 9441 10757
9331 10194 10090
10423 8696 9740
10016 9099 10325
9233 10384 9805
9865 9378 10390
10359 9524 9018
10463 8998 9423
10450 9229 9204
10540 8818 9231
9830 9452 10314
9731 9355 10483
9533 10362 9604
9828 9892 9921
9584 10168 9947
9737 8847 10676
10255 9657 9434
9152 10279 10158
10081 9237 10198
9546 10283 9845
9320 10414 9647
9623 9488 10524
9913 9671 10056
9599 9943 10190
10003 9817 9771
9911 9883 9846
10527 8932 9230
9966 9885 9754
9225 10622 8945
9735 10217 9623
9128 9904 10544
9901 9530 10181
9014 10558 9463
9239 10576 9273
8183 10785 8841
9982 10114 9167
10490 9261 8881
10588 8796 8849
10200 8787 10181
9970 10113 9261
10377 9274 9430
10613 8599 8971
10174 8989 10161
9782 9688 10202
9497 10395 9497
9972 8744 10459
9101 10695 8612
9757 9623 10289
10040 10076 8991
9266 10598 9000
10388 9525 8939
10499 8762 9476
10265 9595 9404
10338 9699 8697
9992 9391 10183
10396 9381 9160
8841 10579 9522
10285 8953 9976
9731 10117 9812
9705 10267 9568
10216 9357 9806
10439 8996 9496
9305 9567 10650
9966 9293 10298
9474 9142 10754
10279 9562 9412
8787 10646 9289
9819 9887 10035
10436 8806 9662
10248 9250 9835
8632 10337 10135
10455 8630 9654
9589 9963 10152
8568 10664 9388
10446 8872 9588
10018 9268 10253
9680 9182 10633
9916 9029 10465
9203 10406 9807
10217 9652 9465
9182 10608 9133
9473 10348 9744
10426 9441 8596
9650 9225 10606
10161 9615 9735
9002 9737 10641
10418 9173 9401
8324 10407 10109
9668 10221 9738
10432 8864 9668
9155 10120 10363
8601 9068 10947
9075 9918 10512
8989 10594 9369
10082 9909 9450
10309 9294 9672
9241 10426 9740
8746 9723 10714
10075 9912 9451
10465 8933 9458
8203 10711 9277
10286 9145 9816
10441 9407 8664
10024 9950 9507
9876 9747 10074
10603 8791 8737
9627 10131 9904
9649 10432 9155
10498 8838 9426
10030 10075 9174
10690 8390 8812
10158 9665 9645
10214 9758 9463
8430 8839 11026
9468 9958 10275
10323 9228 9656
10483 9116 9132
10010 10090 9032
9582 8489 10777
9658 10015 9987
9555 9484 10547
9602 9973 10133
10372 9125 9650
10199 9336 9883
10558 8906 9044
9959 10167 8842
10132 9855 9446
10432 8743 9676
9148 9449 10745
9515 10519 8632
9890 9324 10371
9866 8695 10598
8716 10002 10502
9435 9921 10300
9247 10446 9612
8854 9922 10571
10165 9045 10152
10284 9561 9377
10087 8817 10338
10723 8160 8352
9937 9715 9957
9932 10005 9598
9194 9901 10475
10019 9273 10241
8601 9991 10514
8508 8754 11013
10097 9669 9747
9685 8805 10694
9943 10102 9448
9603 10022 10095
8938 10472 9824
10703 8305 8514
9488 10189 9998
8998 10581 9452
10117 9809 9504
9297 8946 10863
8785 10544 9633
8626 10516 9754
8530 10778 8595
8763 9206 10915
8817 9894 10590
9922 9414 10247
9952 8497 10533
10138 9209 10126
10207 8887 10165
8909 9661 10713
10328 9520 9285
10273 9243 9857
10522 8599 9465
9545 10486 9085
10341 9544 9066
10475 9217 9038
10485 9281 8680
10286 9533 9460
10156 9620 9768
9267 10584 9082
9495 10248 9904
10436 9387 8676
9497 10457 9329
9738 10007 9947
10294 9295 9739
10394 8957 9741
9903 9334 10331
9775 9939 9993
8692 10306 10210
9899 9699 10058
9673 9626 10358
9321 10440 9591
9741 9474 10437
9599 10377 9353
8913 10683 9206
10097 9326 10113
9636 10248 9662
10214 9604 9543
10631 8728 8400
9401 9248 10732
8466 10075 10448
9425 9589 10570
9938 9303 10321
10153 9522 9864
9828 10251 9254
9415 10211 9992
9583 10350 9617
9014 10555 9469
9809 10175 9586
10705 8241 8840
10203 9520 9669
9176 10244 10109
9767 9471 10440
9085 10589 9393
9567 10063 10047
9025 9737 10639
9803 10094 9847
9913 9848 9889
9993 9657 10001
9636 9050 10684
10654 8412 9015
9845 9495 10292
9446 9339 10717
10245 8925 10098
9136 10348 9952
10156 9387 9922
9405 9947 10318
8892 10556 9565
10510 8502 9560
10628 8655 8817
9780 9167 10539
9559 9970 10176
9708 10387 8952
10381 9242 9397
9536 9828 10382
10424 9064 9569
9761 10059 9919
10013 10062 9315
10361 9443 9190
10196 9140 10111
9355 9371 10704
9003 9362 10861
10359 9147 9630
9707 8853 10677
10523 9088 8923
10400 9290 9257
9594 10272 9680
9590 10294 9705
8695 9610 10751
9388 10633 8508
9723 8731 10725
8441 10725 9200
9986 8701 10499
8937 9626 10740
10150 9933 9123
9361 10046 10267
9664 9968 10067
8966 10008 10441
10140 8835 10267
10483 9041 9216
10537 8911 9123
9414 9641 10522
9781 10281 9411
9812 9998 9839
9904 9621 10112
9346 9866 10441
10371 9315 9445
9582 9889 10213
10105 8905 10309
10245 9158 9944
10259 9393 9697
8778 10005 10480
10490 9142 8963
9108 9881 10551
10393 9310 9361
9565 10455 9204
7997 10739 9193
10501 8774 9401
9784 9530 10331
8267 10785 8746
8717 10661 9274
9291 9947 10396
10040 9610 9947
9969 8772 10501
8488 10476 9915
9154 9143 10857
9671 10031 9983
9560 10468 9286
10028 8776 10433
9789 9001 10597
9576 9234 10694
8725 9420 10832
10592 8735 9162
10107 9825 9603
8763 10515 9710
9680 10119 9828
9176 9191 10818
8614 10541 9755
9971 9668 10033
9094 10185 10311
10246 8898 10077
10246 9295 9817
10646 8289 9091
9496 10110 10087
8737 10608 9500
10667 8500 8731
10117 9252 10103
10394 9173 9524
10098 9644 9748
10095 9148 10172
9706 9162 10597
10064 9213 10218
9001 10319 10048
9412 9136 10790
10610 8648 8986
9778 10297 9237
9334 9258 10740
9598 10105 9985
9555 9837 10284
10211 9485 9708
10272 8886 10068
9722 9589 10364
9923 9214 10405
9609 10098 9975
10390 8643 9831
8664 9008 10985
9905 9774 9932
9146 9277 10808
9591 10229 9844
9546 9695 10451
9513 9557 10572
8819 10203 10327
9984 9796 9782
9900 9564 10205
9870 10141 9519
9674 9896 10172
10130 9809 9450
10019 8684 10459
8634 10212 10363
8830 10653 9240
8648 9908 10603
10278 9384 9744
9974 8798 10451
10054 8612 10442
9668 9081 10669
10010 9124 10333
9264 10037 10364
9675 9904 10119
9889 10016 9711
9027 10335 10035
9844 9271 10431
9772 9505 10367
9657 9004 10698
9992 9881 9689
10644 8560 8844
9732 9620 10297
8855 10687 9014
8682 10648 9318
9992 9759 9828
9017 10627 9254
8803 9303 10873
9694 9890 10102
10644 8230 9136
10238 9222 9900
10590 8972 8478
9051 10464 9729
10392 9141 9541
10517 9059 8973
9484 9853 10350
8180 9169 10931
9924 9681 10017
8469 8578 11030
10555 8474 9377
10153 9936 8817
9319 10361 9822
10174 9869 9205
9816 10103 9681
8824 10538 9638
9866 10245 9267
9500 9462 10610
8859 10307 10142
10128 9725 9625
10017 9919 9622
10198 8868 10172
8707 10009 10510
10195 9398 9834
10392 9224 9479
9420 10448 9497
9896 9669 10115
9752 9450 10442
10059 9963 9390
8953 10544 9571
8518 10124 10421
8998 10624 9263
10172 9531 9763
9781 10271 9433
9644 9628 10369
9262 9141 10810
9529 10511 9096
10538 9123 8618
9376 9270 10734
10368 9279 9577
9289 10464 9590
9221 9342 10793
9142 9912 10464
8905 9687 10709
10087 9383 10060
9347 9179 10795
10589 8888 8756
9785 9692 10198
10121 8909 10281
10499 8802 9370
9614 10462 9069
9836 9579 10304
8911 9268 10871
8535 10587 9705
9458 10545 8542
8952 10676 8977
10058 8610 10415
9615 8764 10734
9510 10103 10104
10421 9152 9376
9585 9559 10494
10356 9471 9276
10393 9115 9534
10132 8923 10230
9607 9761 10314
9542 9373 10594
8873 9559 10758
10312 9037 9881
10242 8900 10104
10520 9143 8638
9996 9820 9767
9192 9920 10458
9832 9997 9779
9313 8830 10864
9947 9392 10247
9144 9255 10828
10677 8427 8526
9870 9080 10489
10097 9070 10280
10656 8150 9048
10097 9367 10050
9319 10571 9232
8960 9728 10656
10612 8722 8902
10739 8050 8511
9190 10055 10308
9727 9148 10621
8549 10024 10526
10249 9450 9644
9195 10140 10224
9909 9038 10471
9583 10189 9889
9608 10085 10023
9571 10484 8757
9498 9957 10220
10045 8998 10338
9009 9671 10679
9878 9031 10531
9721 9225 10557
9466 9716 10469
10554 9055 8547
8764 10208 10291
10279 9141 9849
8612 10746 8978
9868 8909 10559
10182 8924 10186
8486 10072 10445
9653 9717 10360
10116 9382 10031
9004 10282 10141
10648 8538 8819
10087 9055 10281
9573 9039 10727
9940 8916 10479
9586 8741 10769
9948 8920 10450
9572 10308 9662
9910 9378 10293
9339 9519 10693
10359 9450 9251
10657 8550 8743
9903 9095 10485
9941 9299 10320
9788 10318 9234
10553 9032 8623
8858 10511 9696
8595 10276 10239
9899 8985 10545
9475 10405 9595
9402 9647 10522
10351 9493 9217
9843 9786 10045
9688 9229 10583
9960 9430 10239
10611 8392 9242
9083 10011 10383
9652 10356 9394
9424 10539 9106
9258 10621 8832
10558 8610 9333
8250 10729 9130
8858 10685 9080
9541 8790 10768
9660 9616 10361
8996 10499 9663
8700 10593 9560
9529 9847 10309
9329 9106 10797
9240 10056 10284
10088 9369 10081
9711 9701 10306
9368 8339 10876
10129 8983 10238
10407 9151 9449
8458 10246 10299
9631 9722 10324
10142 9527 9874
10310 9673 8914
9587 10330 9577
10551 8971 8882
10300 9069 9855
10388 8732 9816
10106 9117 10216
9726 9705 10248
9304 10461 9540
8908 10404 9909
9615 9736 10378
8762 10506 9767
8885 10351 10065
10265 9539 9559
9737 9760 10167
9166 10382 9868
9366 10591 8830
9961 9688 9995
9319 10200 10094
9551 9538 10554
10322 9255 9677
10077 8372 10369
10263 9663 9275
10377 9512 9127
9000 9216 10868
9877 8877 10579
10119 9814 9482
8542 10645 9424
10465 9202 9073
10052 8652 10407
8464 9588 10799
10166 9310 9997
8731 10702 9152
10197 9523 9759
10195 9604 9653
10564 9020 8535
8899 9700 10722
9480 9751 10466
9652 10226 9778
10676 8437 8458
9790 9904 9974
10125 9200 10151
10557 9000 8832
10252 8991 9974
9934 8629 10557
10372 9394 9265
9903 9752 9990
10215 9149 10010
9460 9439 10621
10035 9940 9485
9337 9247 10752
10017 9938 9536
9931 8913 10487
10273 9787 8804
10575 8536 9375
8990 10738 8642
10700 8328 8596
9393 10408 9638
8711 10764 8532
10664 8388 8873
10263 8617 10084
10573 8742 9176
9656 10417 8695
9824 9950 9963
10366 8995 9820
9727 9754 10210
8834 10385 9996
10578 8722 9302
9163 10587 9307
10602 8670 9073
9400 8387 10869
10078 9344 10098
9114 10180 10218
9711 9358 10512
10650 8580 8568
10500 9123 8916
8095 10229 10319
10135 9581 9780
9485 10420 9502
9876 9364 10367
9128 9997 10426
9675 9643 10349
8836 10172 10319
10605 8820 8685
9832 9278 10440
10277 9326 9754
9735 10226 9528
9467 10540 8824
10120 9632 9754
10139 8773 10272
10626 8774 8699
10064 9937 9452
8765 10068 10491
10113 9237 10128
9636 10141 9856
10397 9209 9418
10211 9390 9775
9881 9923 9840
10520 8558 9471
8963 10704 8935
8798 10698 9080
10450 8788 9663
10070 9808 9722
9574 10039 10115
8661 8862 10992
10191 8696 10237
9349 9528 10643
9941 10129 9325
8557 10481 9850
10380 9547 8947
10151 9351 9957
10345 9099 9761
8922 10260 10208
9330 10300 9947
9388 9789 10475
10564 8949 8809
10056 10022 9431
9437 10154 10057
8464 10781 8932
8348 10797 8738
9873 9471 10281
9485 9219 10725
9300 10483 9565
9660 8720 10768
10151 9261 10010
10156 8944 10208
9890 9010 10496
9511 10521 8737
9128 10148 10278
9630 9475 10531
10385 9370 9277
9934 8897 10486
9156 10434 9736
9363 10135 10144
9949 9376 10261
10102 9681 9743
9571 9990 10137
10425 8868 9687
10265 9682 9213
9713 10200 9675
9458 10473 9444
8384 10689 9343
8779 8761 10982
9478 10461 9329
10331 8974 9863
9889 9714 10074
10237 9591 9478
10330 9241 9644
9169 9099 10832
9641 10284 9646
9781 10194 9762
9397 9796 10474
10276 8863 10071
9680 9710 10309
10051 9751 9848
10156 9535 9794
9398 9859 10404
10666 8554 8473
9561 10264 9791
9848 9499 10282
9987 10046 9447
9182 9962 10437
8068 10716 9290
8707 10726 9017
9546 10129 9992
9519 10093 10027
9211 10416 9800
10257 9674 9246
9580 9573 10457
9414 10485 9331
9102 10452 9735
9924 9756 9955
9492 9256 10681
9195 10091 10273
9268 10583 9241
9916 10059 9567
9074 10570 9418
9442 10190 10022
10596 8881 8680
9237 10447 9610
8288 10782 8812
8842 10580 9490
8982 10396 9953
8363 10316 10176
9862 9663 10153
9770 9623 10259
8604 10620 9576
9403 10576 8715
9009 10693 8897
10454 9090 9386
10042 9258 10186
10028 9953 9502
9433 10555 8922
8779 10148 10349
10386 9099 9567
9920 9677 10050
10254 9271 9813
9672 9458 10482
10098 9293 10075
10487 8925 9487
8782 8982 10933
9057 10688 8912
9500 9886 10309
9383 10438 9646
8576 10683 9267
8719 9433 10845
10237 9797 9243
9480 8636 10820
10219 9672 9449
8922 10287 10175
9294 10291 10064
9577 10043 10105
9335 10134 10146
9526 9021 10755
9055 8806 10942
10305 9555 9278
10131 9801 9554
8434 10798 8652
9985 9121 10341
10547 8834 9198
9524 8593 10848
10737 8118 8454
10461 9087 9385
9685 9976 10028
9477 10335 9656
8762 9479 10815
8627 10771 8848
9303 10603 8949
8735 9835 10656
10316 8905 9946
8960 10319 10064
10256 9759 9010
10272 9125 9882
9235 10537 9337
9605 10240 9741
9844 9672 10195
9386 10277 9938
7928 10633 9574
10138 9954 8908
8960 9851 10576
10551 9092 8526
9075 10641 9150
9031 10666 9074
9737 9157 10571
10321 8777 9965
9555 10493 8946
9753 9620 10294
8688 9740 10678
9682 9989 10043
8975 10368 10047
9881 9910 9906
10430 9280 9115
8984 10082 10427
8942 8702 10964
10080 9562 10004
9478 9349 10652
10329 9597 9243
9478 10359 9611
9901 9756 10026
8848 9935 10584
10192 9487 9794
9544 10381 9579
8305 10627 9533
10325 9464 9368
9862 9579 10241
9089 10492 9630
10012 9344 10191
9730 8948 10675
9604 9886 10213
9973 9537 10090
10581 8552 9249
10308 8962 9937
9574 10047 10056
9208 10516 9616
10271 9134 9890
10465 9085 9358
9535 10308 9819
9343 10085 10225
10339 8738 9981
8160 10583 9718
9182 8505 10938
9596 10379 9411
9495 9701 10483
10428 8398 9737
10404 8795 9739
9011 10385 9904
10332 9032 9853
9862 10151 9521
9522 9410 10585
10549 8662 9372
9993 10097 9240
9342 8652 10891
9384 9589 10588
8427 8269 11032
9797 10258 9331
10456 8878 9583
9113 9917 10516
9504 10351 9629
9239 10666 8577
9060 10071 10365
10739 7698 8533
9828 10164 9605
9506 9939 10277
10213 9434 9754
8926 9002 10921
9767 9789 10111
10275 9274 9770
9811 9024 10576
9292 10367 9783
9713 9477 10445
9825 9442 10342
8576 10640 9393
9497 9986 10179
9077 10655 9036
10491 9200 8953
9018 10676 8931
9368 10531 9191
9153 10397 9810
8823 10162 10338
9674 9712 10298
8143 8344 11039
10476 9062 9218
10323 9111 9755
9974 9043 10386
9858 8767 10604
9703 9965 10072
9459 10054 10142
9170 10671 8596
9895 8745 10555
9811 9133 10552
8856 10375 10016
9969 9221 10342
10451 9313 8926
10361 9116 9669
10308 9685 9113
10530 8673 9422
8135 9303 10892
9136 10389 9892
9378 9837 10449
10223 8553 10167
8394 9709 10731
9587 10328 9592
10279 8876 9995
9055 10708 8856
9322 10131 10211
9159 10088 10334
10435 8646 9710
10422 9443 8701
9341 9621 10615
10571 8725 9303
10609 8688 9006
10670 8369 9002
10041 8726 10441
9569 9364 10621
9954 10156 9205
8970 10716 8674
9642 10220 9827
9542 8461 10824
9010 9150 10888
9654 10337 9535
9613 9520 10487
10214 9830 9266
9876 8720 10586
10460 8668 9648
9638 10088 9992
9683 10133 9796
9390 10485 9388
8590 9753 10720
9746 10247 9486
9688 10411 9127
9375 8892 10817
9522 10430 9353
10718 8191 8770
10340 9354 9459
10380 8874 9818
10481 9305 8570
9856 8802 10599
9479 9477 10596
8781 8713 10979
8914 10672 9077
9826 10250 9271
9317 10612 8838
8699 10567 9616
8633 10135 10409
9183 10336 9903
9013 10449 9789
10529 9182 8521
9833 9928 9886
10434 9463 8576
9947 8664 10535
8090 10773 8954
9511 9398 10620
9938 9660 10073
9283 10616 8874
10245 9804 9080
9262 10032 10371
10399 8628 9804
10137 9944 9347
9628 9522 10451
9680 9913 10100
10318 8768 9971
10497 8687 9532
10013 9924 9601
10475 9100 9245
9695 9752 10288
8946 9143 10900
10209 9147 10036
9010 9973 10479
10346 8996 9785
9035 10323 10013
9560 10305 9705
10258 9598 9405
10256 9163 9892
9920 9592 10108
10229 9296 9862
9818 9124 10560
8609 10637 9472
9064 10443 9786
10224 9471 9670
9632 9499 10459
10395 9079 9636
9216 9603 10650
9745 8652 10682
9999 10126 8793
8241 10532 9845
9622 10247 9721
10002 9274 10264
9600 9242 10629
9485 10396 9516
10316 9513 9394
10029 9990 9468
10001 9894 9641
9579 10483 8876
8554 10141 10379
8853 10709 8972
8415 10800 8396
9392 8829 10819
8779 10652 9278
9716 10256 9534
8313 8405 11032
10055 9964 9441
10240 8962 10031
10192 9397 9847
9884 9778 9980
9009 8862 10921
9673 9830 10225
10637 8661 8574
8468 10752 8980
9403 9451 10637
9823 9847 10005
10411 8969 9627
10115 9200 10165
9100 10172 10298
9254 9576 10667
9879 10235 9111
9418 10084 10143
8977 9675 10690
10025 8644 10455
8678 10608 9520
10109 9961 9346
8633 10758 8835
9912 8995 10486
9059 9229 10841
9054 10549 9512
10091 8945 10305
9718 10152 9779
9402 10530 9188
9326 9225 10781
9714 9731 10249
10477 8900 9512
9917 9386 10254
10098 9526 9921
8364 10549 9769
10400 9147 9513
8617 9329 10891
9844 10139 9594
8866 10660 9219
9113 10688 8709
8915 10676 9006
10054 10070 9061
9123 9213 10848
9658 9923 10193
9783 9755 10157
9972 9624 10005
9245 10367 9843
9687 8743 10711
9565 9832 10272
9609 9863 10219
10551 8634 9345
10237 9084 9987
9259 10468 9592
9427 10516 9254
9704 9362 10480
8641 9518 10858
8127 10802 8907
10080 8737 10353
10228 9454 9703
10489 8871 9399
10397 9374 9267
9963 9263 10355
8776 10224 10269
8536 10596 9614
9376 9999 10347
9747 9821 10117
8716 9595 10775
9113 10472 9657
9614 9225 10634
8668 10175 10330
9994 8775 10456
9844 8651 10653
9422 9620 10538
9730 10253 9634
8777 10411 9971
9807 8830 10659
9772 9029 10608
10521 9077 8930
10633 8652 8785
10082 9925 9430
8500 9276 10910
9981 9917 9686
8271 10272 10270
8805 8902 10946
9085 10009 10409
10570 9018 8363
10331 9412 9369
9163 10215 10163
8534 10432 9974
8689 10162 10357
10443 9330 8934
9868 9477 10258
9907 8598 10589
10333 9258 9598
10507 9055 9080
10339 9365 9465
9395 9594 10576
9356 10145 10105
9272 10419 9698
9732 9990 10019
9854 9847 9989
10680 8422 8626
8652 9968 10563
9122 10331 9954
10360 9407 9296
9660 9713 10300
9443 10079 10168
9508 9185 10702
9594 10409 9335
9066 10596 9318
9510 10221 9931
10005 10072 9317
10548 8604 9382
9022 10207 10198
8540 10235 10292
10035 9414 10132
9827 10110 9608
8961 10554 9564
10483 9132 9121
9511 9612 10478
8891 9975 10476
10287 9101 9865
10138 9568 9796
9656 10424 8642
10473 8682 9626
9099 10696 8568
9533 9380 10595
10538 8724 9397
9660 9924 10101
9999 10118 8984
10254 8943 10034
10142 9577 9784
8870 9722 10680
10453 9167 9299
10141 9776 9500
8599 9982 10531
9878 10182 9291
9536 9324 10650
8928 9200 10883
9703 10344 9400
9601 10005 10104
9224 10491 9605
8509 10687 9339
10217 9639 9479
9426 10223 9989
8839 9251 10877
9729 10326 9250
9253 10615 8936
9680 8742 10723
9046 10417 9846
10050 10072 9166
9489 10406 9506
10357 9041 9783
10379 9285 9423
10295 9079 9871
9733 10308 9376
10493 8838 9436
10473 9128 9189
9645 10275 9651
10116 9366 10073
9647 9619 10363
9420 9869 10364
9567 10486 8862
9665 10407 9144
9609 10344 9526
9630 10074 10004
10056 8830 10396
9225 10500 9514
10278 9489 9489
10609 8593 9058
8677 10599 9611
8916 10300 10188
9392 9130 10796
9624 9997 10026
10176 9009 10157
9258 8852 10866
9528 9496 10568
9182 9147 10819
9857 10088 9630
10339 9477 9228
10119 8773 10304
9551 9855 10294
9980 9613 10025
9246 10401 9728
10449 9052 9403
9056 9713 10655
9568 10090 10027
9652 9996 10087
9805 9643 10246
10260 9575 9440
9703 9761 10225
8938 10732 8738
9940 9689 9977
9690 10258 9638
10100 9593 9820
10212 8565 10168
9065 10295 10097
9886 10063 9682
9444 10372 9695
9473 9804 10383
9883 10233 9006
10105 9632 9762
8352 10727 9132
8682 8876 10961
10420 9184 9394
10636 8654 8684
9850 9765 10043
10400 9234 9412
10705 8372 8511
10420 8450 9748
8926 9641 10723
10521 8821 9347
10014 10084 9152
9891 9861 9855
10588 8792 8947
10152 8978 10200
10482 9143 9076
9716 10225 9669
9423 10012 10276
10269 8951 10025
10201 9888 8977
9825 9883 9958
10330 9412 9454
9899 9821 9934
10676 8396 8814
10306 9088 9849
9089 10590 9367
9091 10661 8970
9616 10188 9907
8924 10302 10106
9812 10154 9611
9616 9275 10572
8700 10280 10205
9745 9664 10273
10113 9967 9178
10069 8730 10382
9133 10685 8701
10459 9076 9392
10509 8649 9535
9490 9595 10565
9501 10523 8601
10036 9618 9922
9749 9600 10307
9502 9564 10562
10499 8784 9378
10176 9191 10134
8700 10638 9348
9624 8732 10754
9984 10144 9018
9510 9617 10520
9929 10012 9617
10539 8782 9387
10433 9396 8706
8472 10786 8649
10521 8650 9440
10053 9240 10186
10007 9129 10311
8708 8533 11005
9557 9583 10509
10467 8743 9617
9908 9102 10464
10694 8364 8595
8670 8995 10972
10579 8817 8934
10352 9625 8748
10164 9713 9639
9758 9354 10443
10447 8936 9536
9880 9105 10472
9879 10177 9281
9878 10242 8897
9034 8475 10963
9896 10086 9592
10094 8680 10363
9445 10194 10012
9940 9908 9773
9264 9106 10815
10205 9616 9630
10680 8115 9009
9551 8514 10804
9429 10043 10219
9629 9505 10452
9606 8955 10704
9777 9852 10107
8970 10587 9410
9855 10021 9731
9672 10109 9932
9247 10045 10343
9847 9203 10475
10170 9785 9439
10111 9536 9862
10428 9339 9035
10384 9168 9528
9405 10131 10100
10026 9222 10285
9420 9390 10671
9252 10641 8875
9895 10063 9606
8523 10255 10282
10389 9079 9685
10039 9156 10265
8820 10582 9531
8933 8577 10990
10015 8701 10442
8855 10608 9428
10645 8374 9120
9687 10110 9861
9290 9942 10439
9184 10639 8952
10142 9300 10041
10390 9506 8989
10349 9056 9777
9968 9672 10004
10383 9253 9390
8629 9182 10925
9249 9734 10580
9375 10396 9711
9440 9396 10637
9702 9420 10471
10105 9560 9917
9164 10098 10286
8922 10508 9703
8798 10343 10124
10121 9346 10027
9421 8816 10812
10188 9160 10025
10363 9064 9697
9014 9983 10460
9405 9889 10365
9612 10278 9660
10309 9516 9395
10321 8983 9862
8066 10734 9246
9667 10073 9967
8978 10095 10440
8620 9094 10942
9814 9495 10327
9548 10359 9554
10713 8147 8855
9133 9189 10843
9950 10011 9578
10388 9451 9142
9841 9837 10008
9101 9479 10736
8862 10318 10100
10321 8911 9914
10040 9929 9517
10404 8736 9782
9490 10357 9624
9929 9311 10312
10013 9461 10158
10089 9638 9774
9256 9836 10538
10074 9656 9855
9553 9606 10522
10472 9146 9161
9945 9757 9922
9731 8900 10646
9866 9928 9839
10064 9719 9793
9920 10026 9649
10635 8408 9141
10545 8253 9438
9122 9445 10820
8839 10213 10266
9773 10001 9875
9311 9122 10797
10405 8769 9736
10310 9044 9847
9303 8933 10850
10649 8579 8633
9838 9646 10203
10060 9368 10111
9266 9095 10840
9606 8864 10733
9741 10236 9523
10267 9650 9251
8824 10733 8719
10474 9123 9136
9764 8969 10615
9918 10133 9415
9608 10255 9671
10382 8885 9811
10290 9586 9331
9803 9665 10202
8932 10558 9512
10022 8752 10438
10257 9764 8915
9878 9476 10280
9253 8918 10870
10235 9830 8928
9345 10215 10076
9964 9345 10234
9649 10437 8682
10083 9799 9676
9771 9142 10548
9569 10271 9786
10702 7927 8860
10494 9239 8856
9200 10621 9102
10091 9519 9932
9049 10574 9442
10146 9463 9908
10232 8777 10144
9445 10502 9177
9181 10575 9300
9676 9401 10515
10558 8634 9327
10560 8971 8834
10414 9451 8891
9543 9843 10304
8974 9972 10501
10272 8927 10013
9979 9145 10335
9663 10076 9943
8857 10523 9697
9387 10303 9882
9607 9459 10579
10293 9208 9792
9728 9121 10593
9454 10550 8961
8786 10575 9557
10608 8787 8677
8759 10557 9614
10329 8963 9870
9972 9266 10288
10300 9550 9358
9347 10575 8985
10290 9642 9176
9877 9921 9849
10335 9290 9581
9283 9854 10525
9707 9639 10326
9983 9141 10333
9630 9770 10283
10100 9633 9774
8705 10470 9910
10380 9491 9102
8862 8633 10986
9755 9699 10216
10173 9666 9625
10468 8596 9642
9856 8923 10565
10179 9444 9797
9290 10194 10108
8316 10654 9456
9594 9102 10670
9164 10644 8852
10505 8749 9419
10302 9572 9307
9923 8690 10542
10514 8848 9295
10475 8817 9574
8479 10560 9757
10201 9903 8912
9872 9979 9741
8816 9036 10922
10349 9132 9743
9727 10364 8715
10510 9222 8771
9572 10457 9134
8982 8938 10945
9848 9455 10303
9448 9514 10632
10247 9603 9455
9622 10308 9612
8737 9147 10923
10296 9560 9425
10106 8707 10319
9927 9582 10106
9331 10326 9891
9258 10102 10230
9866 9449 10306
8624 10449 9956
9285 9906 10474
8631 10744 8902
8824 9982 10504
9759 9696 10240
8710 10357 10091
10132 9105 10207
8639 10322 10172
9344 10591 9053
9049 9726 10657
9915 9614 10122
9165 9261 10826
10323 9238 9649
8875 9973 10487
9082 9692 10631
10084 9816 9642
9314 10151 10124
8828 10331 10129
10134 9210 10113
9498 8749 10810
10545 8912 9070
10193 9301 9912
10124 9475 9922
10283 8959 9945
10284 8956 9942
9247 9142 10822
10045 9541 10047
10036 9845 9755
10520 8628 9455
10234 9371 9779
9218 9573 10728
9819 9991 9886
10201 8839 10171
9316 10100 10268
8667 8849 10979
9222 10109 10260
10434 8944 9554
9129 9376 10782
9547 9237 10690
10296 9319 9682
10008 9874 9638
10519 9101 8800
8864 9735 10693
9464 9315 10689
10030 8787 10426
9897 9419 10282
9807 9740 10095
10517 8723 9492
9421 10179 10083
9175 10368 9893
9499 9489 10581
10471 9288 8917
9759 10008 9920
9931 9460 10208
9971 9113 10421
10159 9858 9372
9304 10439 9658
9668 8889 10689
8826 8856 10960
9647 10363 9361
10308 9741 8958
8944 10719 8725
9067 10679 8833
10229 9361 9801
9600 9602 10453
10248 9322 9781
9390 9478 10692
9533 10135 9997
9580 10456 9171
10155 8684 10267
9729 10145 9789
9973 9824 9815
9832 10248 9476
9702 9187 10570
9767 9950 9973
10415 9138 9412
10046 9152 10290
10269 9260 9824
9521 10016 10157
10259 9261 9796
10149 9240 10065
10687 8344 8842
9477 9353 10647
10151 9527 9818
10658 8518 8946
9408 10428 9587
10057 8986 10324
10433 9314 9093
8949 8601 10965
9758 9111 10585
9947 10167 9183
10074 9744 9756
9579 10209 9870
10252 9173 9882
10545 8735 9301
9354 9958 10353
10372 9269 9510
9043 10272 10162
10308 8831 9989
9075 8651 10945
10343 9373 9384
10138 9631 9753
9994 9280 10237
9543 8755 10773
9692 10389 9102
9599 9739 10323
9956 8737 10523
9319 10181 10121
8816 9833 10629
10661 8477 8811
9739 10288 9508
9634 9857 10208
10510 9120 8911
10105 9163 10171
10005 9631 10000
10020 9388 10175
10403 9223 9330
8225 10320 10229
8989 10633 9212
9383 10358 9829
9902 9433 10262
10380 9460 9110
9111 8561 10934
10351 9319 9526
9982 9530 10090
9503 9943 10228
9876 10084 9600
9690 9955 10091
9091 9994 10435
10613 8729 8792
9360 8894 10823
10057 9573 9924
8990 10686 8938
9079 10312 10095
10212 9649 9496
10276 9678 9167
10109 9389 9995
10544 8626 9407
8666 10673 9329
10231 9577 9524
10275 9239 9821
9175 10084 10310
10206 8942 10129
10611 8640 9036
9876 8635 10625
8171 10732 9195
9141 9048 10869
9770 10322 9225
9830 9734 10097
10510 8755 9402
8761 10447 9901
8813 9989 10481
9177 10022 10377
10008 9137 10293
10209 9412 9824
10594 8772 8833
10472 9323 8785
10232 9564 9541
10428 9042 9544
9267 9800 10541
8941 10588 9406
9949 9955 9702
9569 10491 8560
9975 9521 10093
9639 10216 9837
10065 9375 10090
8754 10696 9101
8099 10660 9461
10510 8850 9322
10154 9495 9843
9487 9968 10254
9973 9834 9798
10181 9159 10053
9102 8789 10932
8526 10701 9249
9638 10158 9847
10599 8903 8643
10260 9432 9629
8763 10763 8481
10111 9992 9004
10329 9259 9607
10034 9456 10089
10188 9201 9970
9845 9593 10190
10223 9470 9713
10108 9337 10074
9613 9931 10131
8894 10547 9576
9866 9572 10280
9576 8687 10786
9364 10604 8584
10245 9740 9194
9908 8721 10579
10526 9052 8840
9251 9711 10607
9427 9966 10260
10095 9428 10017
9393 10451 9449
10103 9423 10020
8784 10553 9590
10268 9683 9187
9475 9147 10747
9138 8939 10882
9267 9878 10479
9688 9320 10564
9439 10271 9913
10120 8776 10290
9934 9841 9921
10445 9231 9166
9921 9941 9760
10420 9446 8776
9527 10327 9687
9970 10117 9019
10302 9282 9702
9168 10387 9834
10568 8877 9077
9517 9409 10599
9377 10450 9504
8748 10571 9604
8611 9109 10927
8676 9439 10827
9586 10185 9938
9139 10672 8688
10504 9102 9039
10080 9908 9490
8940 9886 10598
8981 10735 8649
10209 9663 9499
9721 9707 10257
10071 9867 9568
10518 8576 9517
9330 9348 10751
9248 10412 9710
8795 9526 10808
10273 9259 9815
10735 7877 8670
9352 10592 8858
8996 10228 10250
10142 9861 9397
9718 9612 10377
9232 10563 9291
10477 9325 8621
8829 8830 10966
9847 10092 9757
9582 10468 8637
10276 9480 9529
9536 10080 10051
9641 9758 10293
10069 8986 10316
10054 9245 10181
10671 8451 8542
10387 9393 9152
10039 9231 10238
10307 9388 9502
8847 10482 9816
9408 10226 10033
9471 9753 10462
8860 10569 9536
9450 9791 10399
9716 10107 9842
9934 10019 9589
9292 9285 10803
9950 9450 10201
8744 8935 10950
9450 8915 10810
10598 8861 8718
9773 9150 10541
9173 10240 10119
9511 10028 10158
9919 8934 10522
10494 9147 8932
10460 9244 9091
9808 9391 10384
10526 9246 8624
9729 9667 10296
10152 9752 9518
10412 8507 9755
9666 10134 9832
9499 9942 10253
9453 10475 9263
9591 10232 9821
9915 10089 9498
9903 9416 10263
9430 9900 10351
10373 9299 9431
9055 9541 10760
9925 9494 10233
10384 9232 9433
9674 10226 9686
8237 10665 9394
9361 9573 10636
9571 10353 9603
9910 9234 10392
10662 8388 8894
9472 9607 10523
10393 9279 9369
9917 8957 10486
9433 10048 10189
9351 10609 8629
9700 9375 10495
9776 9700 10209
10498 8747 9480
8018 10779 8986
9766 9856 10116
8805 8901 10952
10476 8707 9620
10125 9682 9717
10574 8929 8936
10260 8961 10010
10428 8732 9705
10016 9724 9888
10179 9544 9755
8842 10605 9466
9592 10458 9130
9850 10266 9032
9351 10093 10192
9457 10373 9638
9634 9477 10500
9630 10460 8919
9741 10276 9437
9229 10200 10151
9455 10538 8889
10331 9385 9440
9374 10208 10055
8207 8591 11030
10407 9496 8781
9919 9963 9747
9773 9874 10038
9753 9526 10395
10368 9335 9422
9842 9343 10427
10085 9765 9643
9495 10061 10125
8833 10441 9938
9695 10297 9568
8734 10635 9468
8618 10462 9969
10115 9979 8885
9055 8389 10952
9212 10444 9634
8868 10342 10074
9658 9214 10600
10245 9246 9865
10050 9693 9858
9683 10120 9816
10278 8867 10013
9543 9863 10263
10363 8809 9893
10098 8683 10322
9254 10647 8523
10423 9212 9369
9694 8741 10708
9661 10277 9650
9580 10246 9812
8827 10257 10218
8684 9847 10650
10405 9077 9537
9829 9731 10108
10222 8708 10149
9970 10147 8974
9368 10412 9662
10568 8547 9315
9563 10508 8887
10449 9021 9416
10052 8974 10406
9503 10522 8618
9905 10161 9506
8104 10556 9770
8872 10322 10069
9611 9515 10493
9999 9978 9538
9937 9035 10463
9678 9563 10427
10481 8756 9583
9203 10608 9002
9186 9723 10623
9875 10257 9136
9581 8657 10770
8783 9580 10767
10441 9327 8972
8768 9124 10917
9646 8840 10720
9324 8579 10893
10003 10096 8959
10715 8317 8410
10427 8674 9715
9238 10548 9292
9342 8917 10857
10374 9057 9707
10358 9015 9734
9546 9610 10490
9999 10084 9160
9085 10007 10448
10007 9797 9765
9896 8830 10552
9089 10567 9368
10360 9351 9451
10290 8741 10029
8239 10754 9148
9682 9972 10058
8582 10796 8215
10387 9359 9380
9902 9129 10431
9925 9383 10259
8817 8977 10932
9646 9393 10523
10575 8615 9311
9766 10241 9485
8675 10498 9826
10250 9184 9906
10445 8931 9576
8133 8427 11043
9877 10204 9453
8978 10336 9993
9229 10393 9825
10486 9146 8985
10050 9012 10313
10661 8186 9013
9667 9615 10379
8877 10432 9878
9230 10573 9280
10206 8641 10176
10183 9420 9907
10517 9112 8939
9737 9796 10155
9512 8981 10783
9448 9860 10380
10327 9376 9586
10029 9984 9478
9204 10082 10293
8938 10262 10164
10580 8947 8659
8983 9822 10608
10087 9610 9893
9678 9222 10598
10230 8697 10162
9848 9938 9856
8704 10370 10104
9667 9366 10550
9836 9123 10487
8907 10590 9472
9904 9973 9745
8452 10651 9482
10105 9622 9784
10087 9982 9280
10067 9106 10304
9514 10032 10148
9681 8795 10703
10258 9681 9232
9138 9910 10495
9915 9641 10085
10474 8759 9584
9678 8588 10744
10321 9523 9286
8455 9133 10929
10230 9853 9155
9678 10215 9672
8436 8818 11007
8692 10691 9164
10495 9074 9203
8752 10625 9498
9727 9868 10074
10255 9733 9257
8641 9975 10540
7995 10533 9849
10602 8707 9015
10088 9664 9775
9781 8640 10696
9831 9802 10045
9825 9341 10510
10131 9402 9980
8462 10765 8993
9185 9393 10780
10276 9124 9873
10399 9249 9370
10734 7947 8553
10356 8848 9891
10030 10041 9350
10368 8832 9830
9959 9850 9873
9631 9633 10383
8296 10608 9637
8663 10707 9141
8795 9037 10915
9402 10586 8672
10047 9130 10266
9077 10197 10246
9458 10033 10233
9531 9407 10600
9871 8904 10546
9072 9043 10871
9388 10337 9806
9213 10475 9624
10548 8923 8962
10100 8632 10366
10621 8400 9221
9265 10592 9065
9534 10136 9965
10632 8464 9172
9888 10024 9727
10367 8978 9765
10040 9513 10054
9941 9448 10224
10103 9730 9705
9678 10128 9832
9162 10611 9141
9785 9588 10321
9604 9559 10460
9962 9237 10384
9986 10096 9254
9506 10517 9047
10318 8810 9958
10225 9817 9181
10001 8854 10427
9571 10116 9999
10037 9378 10098
10361 9648 8722
9364 8951 10808
10226 9649 9441
10360 9089 9671
9662 10141 9828
10137 8840 10280
8957 9866 10608
9217 9579 10655
9492 9118 10726
9403 9705 10512
10280 8861 10044
10174 8618 10262
10363 9140 9663
10728 8136 8669
9703 10201 9738
8583 10737 9106
9622 10093 9943
10306 9704 9063
9414 10104 10149
8738 10521 9704
9924 10192 9229
9822 9010 10553
9006 10401 9921
10110 9850 9597
10579 8916 8903
10512 8754 9393
8547 9817 10710
9867 9199 10473
10082 8872 10317
9999 9704 9894
8601 9765 10669
10160 8921 10211
9982 9514 10140
10614 8332 9225
9593 9150 10699
10104 9472 9982
9644 8842 10720
10322 9484 9317
8943 10577 9487
8803 10611 9452
10340 9433 9331
9643 10388 9327
10072 9156 10229
9586 8933 10749
9996 10078 9383
9723 10100 9915
10381 9448 9147
8705 10777 8545
10602 8510 9273
8655 10576 9676
10585 8495 9296
9964 8790 10467
9697 9573 10386
10346 9474 9227
10185 9434 9807
10409 8649 9770
9729 10195 9644
9677 9044 10656
9404 9960 10288
8456 10140 10415
9137 10140 10247
9871 9830 9964
9646 9470 10491
9405 8663 10848
9888 9907 9853
9959 9457 10200
9600 9049 10700
8037 10656 9495
9529 10336 9654
10423 9412 8681
9563 9473 10567
9799 9528 10315
8775 10582 9534
9765 9211 10569
10323 8902 9890
9287 10294 9998
8742 10556 9681
9642 9467 10496
9760 9788 10117
10386 9584 8651
9543 8944 10747
9193 10384 9843
8619 8865 11004
9829 9445 10324
8958 9395 10827
9737 10108 9835
9649 9378 10567
10452 9266 9099
9583 10429 9203
10075 9463 10082
9921 9287 10335
10216 9520 9646
9982 9136 10358
10286 9477 9615
9511 10009 10168
9071 9082 10875
9725 9865 10177
9411 9862 10367
10486 9274 8847
10131 8643 10302
9872 9759 10045
8444 9340 10886
10543 9025 8879
10351 9375 9371
10247 9583 9477
9609 9719 10450
8761 9791 10656
10021 9937 9527
9751 9023 10610
9224 9223 10809
9530 10158 9990
9727 9716 10213
9625 10366 9525
10390 8959 9768
10310 8912 9931
9424 10201 10007
10295 9174 9804
9839 10166 9520
10414 9437 8935
9747 9348 10486
9001 10591 9383
10230 8968 10056
8386 9066 10956
9809 10208 9509
9448 9973 10248
10435 9041 9513
8803 8444 10991
9461 9378 10673
8658 10448 9924
10024 9081 10356
9643 10365 9466
10445 9074 9428
9513 9210 10695
9745 9571 10355
9909 10139 9481
9674 8836 10719
10214 9239 9968
10650 8275 9073
10322 9048 9825
9823 9816 10079
9523 10482 9146
10538 8829 9261
9833 9434 10381
8837 10734 8662
8402 10499 9892
10291 9099 9838
8998 10210 10214
10397 8618 9806
9919 9408 10250
8944 9779 10637
8927 10673 9020
9070 9954 10466
8608 9228 10911
9039 10684 8918
9800 9586 10268
10148 9895 9211
10134 9341 10061
9982 9419 10207
10464 9027 9368
10287 9561 9337
10119 9977 8914
10290 9105 9834
10152 8659 10273
9624 10174 9861
9548 9974 10185
10545 8856 9225
10047 9880 9598
9463 10408 9581
10442 9195 9277
10691 8385 8628
9277 10333 9942
9077 9069 10862
9813 9353 10410
9674 10126 9863
9181 10047 10330
9499 9252 10708
9977 8385 10545
8617 10657 9337
8765 10588 9525
10202 9751 9572
9210 10433 9667
8963 10613 9388
9023 10212 10196
9882 9141 10471
9612 9957 10123
10317 9368 9629
8925 10613 9417
10666 8379 8957
9282 10333 9890
10165 9874 9246
10660 8215 9032
9968 9248 10363
9226 10356 9899
8862 9120 10913
8724 9842 10633
9448 9387 10663
9889 8730 10568
10698 8342 8570
10162 9892 9213
10306 9442 9550
9428 9640 10507
9835 10188 9545
10646 8602 8715
8932 10275 10177
10578 8912 8962
8549 10695 9198
9607 8927 10721
9954 8896 10456
9171 10299 9978
9148 10373 9876
9479 10281 9871
10361 9445 9148
10234 9635 9497
9523 10174 9981
10223 9598 9504
9905 10055 9610
10256 8962 10019
9952 9521 10164
8703 8798 10992
10494 9091 9087
9050 10621 9329
9669 10209 9813
9085 8825 10939
9456 9777 10416
10210 9142 10031
10310 8813 9950
10330 9468 9299
9967 9943 9744
10477 8840 9537
9199 10232 10121
8771 10055 10478
9650 9008 10671
10592 8269 9294
8593 10578 9621
9318 10403 9665
10653 8560 8698
10593 8812 8844
10046 9599 10037
10242 9199 9883
10044 9862 9652
10629 8521 9212
9817 9637 10204
9290 10578 9131
9327 9467 10735
9925 10077 9503
9960 9519 10122
9901 9615 10137
9810 10292 8871
8536 10658 9437
10136 9564 9854
9542 10099 10011
10590 8789 8956
9502 10387 9553
10287 9731 9099
10351 9365 9420
8064 8252 11052
10685 8346 8897
9688 9904 10092
10252 9305 9801
10343 9475 9298
9625 9218 10626
10252 9166 9891
8816 10606 9448
10667 8432 8809
9901 8623 10581
8693 9697 10757
9995 9145 10311
9725 9661 10310
9165 9210 10836
9862 9583 10203
9413 10567 9037
9135 10694 8609
9308 10552 9257
10224 9638 9448
10660 8474 8831
10486 8557 9658
10378 9510 9052
9523 10210 9955
9238 10398 9758
10075 8687 10377
9139 9792 10602
10013 9105 10309
9427 10249 9933
10434 8838 9649
10095 8656 10323
10068 9968 9363
10558 8962 8889
9375 9896 10389
10611 8884 8608
8619 10339 10147
9328 9188 10769
10431 9386 8824
9464 10204 9991
10585 8169 9310
10181 8926 10207
8572 10751 8930
10289 9341 9672
9568 10330 9668
9370 10188 10100
10339 9588 8999
9874 9769 10030
10010 10030 9426
9220 10297 10085
10499 9181 8784
10004 9095 10347
9316 9390 10764
8819 10542 9658
10651 8326 9070
10347 9360 9435
9902 9766 10022
9748 10260 9463
10202 9516 9699
10339 9251 9606
10025 9607 9961
10438 9327 8978
8768 10600 9487
8791 10757 8523
10016 9951 9519
10323 9723 8733
10161 9520 9822
9999 9880 9738
10117 9706 9740
10441 9350 8866
10018 9720 9852
9292 10623 8817
9663 8381 10752
8657 10652 9385
10349 9384 9370
9371 9926 10378
10303 8627 10030
9883 9123 10463
10162 9588 9714
10358 9383 9353
9754 9779 10130
9968 10153 9207
9825 10008 9780
9919 9383 10285
9757 8752 10665
9575 8389 10793
9960 9174 10406
10537 8919 9085
9453 9427 10631
9990 9131 10312
9833 9087 10524
9838 9575 10268
9544 9435 10580
9483 10259 9846
10520 9135 8798
9349 10026 10293
10699 8139 8935
9608 10199 9887
9846 9248 10431
10242 9443 9654
10219 9615 9522
10231 9102 10045
10322 9165 9726
