25 3
8409
561 28 986 773
871 350 117 185
819 374 223 961
853 586 511 39
510 753 637 588
817 929 634 710
501 664 282 708
648 731 250 146
533 238 29 895
492 84 421 337
869 567 744 907
634 9 213 777
650 293 843 649
656 283 846 264
781 335 67 908
870 491 991 92
868 160 841 992
533 281 709 728
528 957 44 460
506 824 394 662
524 986 14 868
879 341 832 173
714 490 123 914
588 367 51 929
613 141 715 718
385
5414 8622 7791
7877 5883 9074
7314 7093 8909
7216 7965 8401
6866 7689 9027
6343 8342 8278
5993 8066 8904
5091 9172 7256
8333 5716 8361
7786 6506 8377
7311 6928 9859
7364 6597 9951
6613 7150 9450
6428 8046 8409
6957 7066 9724
7429 6479 9192
7513 5684 9857
7878 6751 8252
7727 6528 9117
7605 6724 9183
7325 5684 10563
6102 7537 9702
6069 8452 7282
5928 6562 10397
6640 7895 8713
6483 6973 10146
7759 6332 9741
6388 7527 9583
6276 7696 9496
7521 7519 8518
5305 8522 8182
8132 5743 8565
7759 6889 8230
5614 8739 7246
7555 4908 10116
7157 7320 9301
6957 6694 10036
7037 6295 10372
6201 8211 8732
7215 7097 9223
7074 7834 8855
6598 5784 10576
7664 7369 8283
7309 5783 10197
6569 7458 9248
5736 8354 7951
7747 6855 8729
6031 7402 9821
7300 7170 9066
7994 6651 8205
7404 7116 8777
7918 6361 8596
6117 8430 7544
5918 7858 9344
7114 7616 8603
6630 6392 10457
5555 8423 8286
5526 8453 7878
8352 5483 7493
7461 5911 10128
7990 5612 9019
7626 5413 9802
7825 6110 9345
6351 6471 10205
8216 4948 9230
8012 5047 9570
8075 6031 8517
5336 8851 7122
7668 4637 10061
6625 7104 9692
6191 5881 10661
7395 6473 9221
4351 9199 6931
7820 4765 9992
6971 8045 7813
8089 6171 8152
4931 9060 7302
7358 4048 10323
6661 5667 10635
8126 6439 7711
7951 5091 9354
8285 5074 8639
7802 6004 9448
8249 6511 7696
6750 7417 9386
6367 7073 10193
7569 6953 8400
7412 6031 9833
7899 5318 9625
5806 5541 10765
8258 4172 9489
7154 6346 9989
8428 5236 8308
6233 5105 10920
7073 6966 9677
6904 7025 9944
7546 7247 8323
6399 7768 9481
6057 6720 10333
5124 8563 8044
6697 6355 10115
8009 5671 8580
5502 6309 10584
5852 6465 10500
7776 6230 9050
5395 6879 10531
7882 6894 7502
7590 4725 10322
6314 8372 7870
5381 8275 8997
5681 8707 6684
7787 7374 7555
8064 4820 9299
7750 6944 7581
7574 5640 10073
7397 7956 7582
8380 4594 8586
7682 5711 9748
7054 6008 10213
7169 7354 8802
6524 8333 7459
8002 5566 9261
7795 6289 8611
8183 5557 8442
7041 5054 10691
7845 7360 7464
5405 8264 8367
4936 8460 8347
5002 8817 7376
8032 5351 8684
4786 8301 8428
7957 6221 8231
5472 8608 7700
5399 5638 10850
7850 5438 9330
7642 7635 7448
5462 8611 7315
5506 7172 10055
6075 5981 10708
5582 8248 8793
7957 5898 8851
6125 7135 9994
7842 6523 8274
5342 6197 10630
5904 7980 8953
8276 5108 8377
5780 7805 9542
6051 8052 8813
5619 7088 10220
8173 4268 9397
7996 6788 7741
7938 6911 7399
8206 4951 8845
6438 7305 9736
7952 5959 8532
8107 6380 8150
8181 5588 8430
7765 3951 10238
7900 7103 7500
5662 8549 7367
6009 7235 10041
5299 7895 9405
5253 8792 7462
8080 5993 8406
7963 5225 9275
5936 8471 7406
5843 8540 6548
7984 6654 7820
5200 7944 9171
8004 5703 8797
7844 6492 8286
7255 7825 8036
8385 4556 8475
4719 8034 9034
6323 8015 8666
8218 5085 8766
8418 5239 7923
5907 8501 6998
8344 6031 7643
5497 8175 8950
7647 7380 7545
7444 6898 8525
6731 5117 10761
6564 8142 7898
8290 5036 8528
5819 7907 9110
7337 5002 10367
6535 8172 7490
7992 5569 8876
6942 8075 7405
4578 8622 8195
8323 5719 7976
8202 5900 8097
5059 8532 8332
6745 8133 7079
8192 5903 7712
6716 8163 6671
6872 6417 10063
5218 5679 10712
4536 8761 7507
7763 5091 10060
5621 7627 9565
7288 7216 8824
6343 6710 10214
5300 8659 7564
8043 5140 8632
8430 5373 7844
5941 6820 10380
6466 6782 10199
4909 8373 8413
8076 4954 9220
7766 6233 8665
8097 6383 7765
7328 6826 9168
8184 4964 9209
8044 4790 9520
4281 8391 8416
7380 5682 10200
7876 5063 9938
5712 8425 8097
5474 8745 7236
7171 6076 10005
6844 5774 10426
7879 6020 8610
7625 3957 10228
6947 7069 9339
8217 5816 8408
6338 7103 9785
8268 6278 6828
7919 5107 9333
7481 5700 9836
7377 6706 9463
6847 7172 9363
5110 8939 6388
5517 8842 6303
6172 8241 8324
6191 8214 8347
7937 5571 9239
5796 8477 7396
6730 7918 8581
6382 8202 7913
6164 6672 10249
8335 5853 7897
6370 7798 9073
5767 8507 6988
6447 4487 10889
6353 8232 7505
6581 7155 9501
7627 5830 9800
7290 7173 8681
6660 6835 9945
6372 8205 7528
7451 5914 9743
6497 7950 8836
5202 6358 10585
5673 7564 9669
7497 6450 9331
8090 7039 7330
7886 5666 9308
8215 3492 9656
4873 7642 9592
7777 4085 10159
6540 5990 10479
5669 7512 10018
7529 6971 8368
6494 7973 8484
8429 6104 7486
7868 6754 7867
6587 6459 10355
6532 7418 9279
4633 8279 8519
8166 5212 8617
7595 6727 8798
6484 7976 8099
6692 7530 9233
5942 7425 9748
7992 5749 8555
6355 7819 9290
7064 7837 8470
7874 6412 8405
6774 5396 10580
6924 7675 8936
6326 7849 8882
6324 6393 10360
4505 8807 7489
6345 7822 8905
8174 5136 8575
8032 4836 9278
7475 5702 9869
7426 7008 8523
6357 7076 9808
5595 8357 8305
7245 7828 7651
8207 5819 8023
6482 5884 10623
8001 4110 9687
7769 6412 8526
6942 7332 8914
6088 8460 7136
8470 4460 8567
8427 3780 8734
6756 6517 10110
6495 8363 7051
8032 5053 9070
7923 6120 8378
7847 5667 9142
7749 6892 7845
5644 6112 10669
4719 5729 10720
6051 6015 10584
5961 8125 8863
5657 6190 10508
8080 7042 6945
5613 8409 8195
7413 6899 9011
6692 6118 10410
6509 7204 9739
7592 4433 10066
7940 6880 7411
6476 7992 8076
7864 7127 6596
7154 5026 10569
6731 7067 9488
6235 6571 10252
5584 8439 7787
6500 6723 9991
7683 6579 8926
7340 6952 8814
6648 7581 9042
6640 5008 10835
8170 5551 8464
7204 5921 9992
7671 7102 7914
6636 8104 8030
5572 8251 8408
7854 7130 6211
5781 6708 10426
7749 6335 9356
5927 5106 10823
5828 6904 10215
7445 7766 7703
8375 4940 8620
8332 4260 8787
7606 5383 10023
7493 5411 10145
7450 4731 10312
7235 7175 9044
7080 5967 10079
7964 6093 8453
7654 7372 7898
5517 6683 10465
7815 6113 8960
7173 7285 8568
4365 6396 10539
7193 5883 10244
6799 7482 9149
5954 6049 10599
8098 5954 8386
6817 8095 7211
6361 5952 10514
5512 5610 10728
5080 6919 10242
8386 5424 7653
7880 4545 9629
8225 4781 8701
8141 4284 9376
6013 7182 9822
7835 7363 7079
7637 6624 9020
6468 7980 8428
8419 6107 7101
7315 5687 10178
6990 8053 7667
7778 6367 8586
7160 7176 9056
8497 5362 7717
8174 4967 8824
8109 6517 7686
7321 5917 10118
4598 5773 10819
7920 6230 8419
6010 5589 10712
5838 5284 10715
7362 5045 10204
6456 8071 8223
