35 3
12988
862 746 675 142
874 843 292 156
546 355 264 413
664 158 896 284
891 738 271 382
767 664 248 263
886 221 341 392
686 920 35 482
962 370 958 418
579 649 135 819
742 3 826 404
715 497 868 248
881 777 412 87
945 183 316 469
849 127 490 586
502 749 466 283
879 204 851 319
724 726 773 389
703 39 363 945
771 174 801 877
519 471 844 536
728 290 948 549
574 935 420 300
500 663 686 16
923 287 817 553
885 711 639 206
703 848 124 754
1000 508 128 681
573 481 318 278
728 878 673 88
476 246 230 755
963 413 374 849
691 676 76 390
561 78 408 826
724 407 417 221
1642
8416 11500 9457
8826 11048 9902
7665 11317 9955
8429 10693 10092
12909 8201 6724
12099 8670 7815
11778 9949 7468
11275 10293 8122
11386 9957 7973
11204 9888 8692
11178 9125 8963
11188 10565 7814
11050 9319 9417
10543 10466 8833
10404 10249 9140
9767 10536 9695
9427 12114 7029
9605 11617 8489
9516 11972 7788
9112 12381 7971
8865 9250 10700
12264 9510 6762
12062 9230 7757
11987 8364 8081
11854 9582 7604
11801 8405 8458
11640 8142 8770
10925 10774 7893
10833 8787 9644
10719 10818 8519
10515 11315 7828
10347 11493 7899
9993 10872 9037
9389 12237 7558
8531 9972 10678
8686 10042 10558
8288 9504 10846
8265 12087 9363
11694 9917 7793
11466 9076 8722
10947 10057 8650
10816 9696 9184
10744 10491 8748
10571 9599 9614
10183 10695 8900
10151 11569 7674
9673 11688 8172
9391 10819 9971
8283 12238 8419
7604 12410 8481
11659 9320 8305
11490 9544 8366
11550 9026 8643
11345 8505 8978
11383 9932 8585
11251 10279 8635
11085 9355 9353
10871 9587 9399
10751 11084 7716
10736 9170 9630
10310 10344 9205
9148 10351 10139
9148 11592 8974
8816 12076 8354
8986 12327 8106
8107 11804 9417
12291 9142 6938
11976 9716 7026
11599 8816 8620
11105 10424 7949
11077 8951 9593
10112 11405 8376
9434 11982 7607
9512 9644 10267
9249 10215 10136
9406 9819 10362
9147 10860 9879
7769 10833 10480
11894 9408 7828
11838 9364 8198
11530 10398 5935
11464 9562 8193
11470 10364 7047
11326 9019 9012
11169 9852 8756
10785 10655 8362
10413 9082 10096
10246 9702 10081
8946 9754 10441
8479 12539 8219
7609 10506 10513
7772 12227 9022
12770 8862 6741
10040 11021 8732
9732 10500 9759
9898 11090 8940
9580 11842 7681
9088 11776 8718
8981 11271 9526
8279 12015 8909
12605 8667 7171
12474 8890 6994
12008 8325 8157
11515 7784 8918
11569 8998 8389
10676 9620 9388
10065 10801 9052
9724 11120 9264
8824 9212 10821
7526 10365 10648
6836 10960 10281
11524 8549 8871
11453 9409 8629
10720 8620 9660
10475 10859 8427
10579 10003 9374
10140 10538 9157
10203 10286 9650
10075 11584 7348
9780 10078 9808
8797 10513 10105
8851 9510 10679
8308 11503 9794
11031 10803 7155
10416 9529 9734
9493 11307 8865
9508 8210 10695
9332 9254 10499
8617 11525 9372
9029 12415 7737
9249 11866 8519
8350 10865 10188
8311 12722 7678
7949 9532 10882
7127 10721 10534
12519 8181 7313
12312 8261 7614
11878 8353 8187
11351 10544 7226
11028 10940 7303
10287 9525 9800
10028 10532 9416
9726 9357 10363
9752 9660 10237
9707 10720 9439
9464 11819 7980
9428 9860 10133
8966 9983 10401
8952 11102 9767
7685 11931 9476
12422 8737 7186
12309 8278 7766
11834 8950 8238
11762 10235 7249
11517 9552 8221
11597 10040 7679
11473 8762 8755
10120 10145 9785
9019 9137 10678
12029 8734 7927
11731 8469 8570
10487 10390 9005
10177 8811 10192
9688 11583 8723
8879 11822 8914
12367 8952 7289
11334 9423 8772
9705 11882 7270
9109 9813 10430
8542 11554 9322
8314 12051 8845
11981 8693 7981
12159 9489 6988
11861 8582 8414
11555 8286 8816
11308 10390 7637
11151 9493 8787
11196 9484 8932
10593 10764 8654
10590 10897 8250
10380 11390 7394
10135 8708 10206
10029 11264 8511
9247 11476 8836
9723 8197 10767
9123 11812 8654
12262 7887 7823
11766 8196 8635
11536 10244 7116
10382 9333 9815
10055 11658 7473
9957 11679 8321
9714 10241 9965
9306 12271 7324
8868 10410 10296
12539 7743 7410
11936 9176 7892
11723 10094 7544
11116 9092 9298
10277 9312 10041
10167 10749 9109
10005 10985 8796
9711 11838 7194
9549 11669 8352
12425 8425 7438
9425 8533 10792
8365 8601 11122
12194 8883 7707
11741 9726 8021
11442 8122 8992
10651 8419 9906
9641 11154 9030
7833 9140 11006
7021 12044 9520
12523 9073 6883
10868 8514 9709
9192 9394 10537
8443 9574 10726
12378 8034 7495
11300 10624 6860
10766 11204 6797
8589 12684 7257
8468 11653 9265
7951 11201 10218
10531 10638 8706
9666 9531 10245
8923 10070 10401
7608 11570 9743
12328 8811 7584
11826 9570 7743
10828 10171 8968
9995 10381 9634
9588 10187 10100
9371 9855 10397
8815 11291 9681
7268 9369 10937
10919 10906 7645
10148 10942 8917
9182 11296 9441
10032 9277 10256
9585 11206 8893
9755 10857 9209
8192 10000 10714
10996 10674 8106
10790 11010 7511
10691 8183 9809
9358 9109 10642
9231 10492 10004
9447 10895 9799
8838 11648 9131
12862 7810 6781
12394 8584 7465
9975 8214 10494
9833 10774 9304
9959 7664 10524
11595 9565 8140
9689 11084 9328
10746 10219 9140
10003 8710 10260
8644 10680 10164
8332 11006 10058
10166 11075 8597
9837 11892 7059
8374 10368 10452
10559 8530 9859
10389 11261 7963
10031 8619 10370
9852 9411 10228
11317 10052 8516
10029 11590 8049
9204 9222 10664
8788 12673 7192
12972 7955 5819
12241 9274 7650
8961 8754 10832
11611 9279 8359
10470 8245 10072
10432 11174 7963
9065 12529 6779
12589 8117 7201
12060 8471 7872
11176 10737 7687
11182 8972 9367
10699 10931 7908
9905 8565 10505
9159 11349 9195
9086 8561 10828
11451 9672 8152
9441 9250 10507
9524 8760 10665
12280 9415 7355
12473 7970 7529
8636 9202 10897
8688 8023 11116
11149 10858 6415
10793 9774 9332
9599 11787 8115
9006 9580 10559
10624 11349 7486
10408 11133 8150
9531 12092 6869
11869 8986 8174
11923 9829 6974
11486 10269 7640
10495 9223 10018
9572 8535 10628
12115 9220 7785
10917 10308 8312
10882 10861 7893
8186 12779 7193
11857 10056 7093
11649 8042 8691
11301 9505 8706
8848 8350 11083
9124 11313 9259
8956 12495 7121
9767 9395 10242
9480 11161 9172
8807 11911 9186
12054 9424 7222
10812 10287 8538
10509 7815 10071
9175 11965 8462
7965 10082 10852
11979 7960 8321
11791 8973 8255
11191 7537 9388
10276 11609 7263
10183 11642 6953
11392 8896 8921
10101 10511 9500
8075 10865 10400
11904 9137 8079
11062 10511 7949
10595 8128 10042
10689 7993 9898
10356 8019 10334
8314 11283 9926
10516 10996 8193
9774 9132 10326
11764 8965 8400
11000 9694 9031
9573 10452 10095
9782 11722 7830
9047 9618 10438
8007 12315 8545
11882 8343 8307
11468 7393 8975
9815 10641 9624
10452 10354 9069
9934 10627 9481
11107 7958 9517
10855 9703 8969
10410 11453 6827
9932 11961 6953
9630 8918 10474
11209 9065 8920
9386 9590 10402
10234 11535 7908
9530 11036 9664
9953 8340 10468
9858 11257 8632
9763 11991 7002
10084 10608 9244
9709 11225 8713
9431 12311 6913
7742 11678 9688
12175 7705 8172
11552 10149 7709
11219 8451 9113
10628 11219 7241
7080 11355 9896
12797 8494 6917
10264 11352 8034
10108 11792 6722
9653 11547 8787
8356 10645 10320
11669 8752 8508
9977 10043 9912
9754 8903 10366
11316 8068 9127
10547 7389 10063
10240 11073 8319
9727 12039 6687
8713 10340 10416
11853 7906 8456
10091 11493 8175
9375 11423 8815
11911 9997 6613
10849 11170 7031
10626 9497 9764
10746 10450 8695
9663 11808 7915
10488 11436 6556
9285 11403 9060
8716 10265 10354
12307 9047 7531
11963 8854 7858
11366 10504 6929
12373 9544 6420
9067 9847 10398
10218 10551 9076
10544 9967 9438
10620 10396 8830
7693 12627 7902
10810 9812 8999
10336 11552 6770
12070 8060 8077
9585 9027 10504
8992 11315 9313
9602 11976 7505
12413 9272 6126
10903 8550 9645
8032 9673 10747
10620 9002 9795
9959 11208 8787
11999 9429 7602
8140 12281 8298
12221 7916 7956
10647 10968 7778
8467 8712 10988
10275 11109 8255
10131 11039 8661
11297 10599 7472
7594 9008 11016
11920 9462 7673
7868 11732 9553
12124 8472 7829
12186 7880 8020
9591 8351 10560
9189 10222 10273
9998 11841 7022
12089 8263 8006
11273 7964 9267
8498 10032 10634
8440 12105 8710
11050 10683 7822
10292 10632 8893
10047 10542 9258
10091 9632 10201
11772 9484 8129
11258 9135 8832
8772 11875 9250
11602 10309 5663
8694 11050 9956
7791 11371 9820
10424 9933 9494
12060 7826 8155
10654 8743 9751
11643 9606 8086
10179 8287 10266
9250 11367 9124
8918 12693 6652
11959 9603 7378
11877 9505 7903
11087 9634 8914
10275 10308 9269
8638 9332 10838
11973 8289 8221
12781 8585 6090
9371 8602 10679
8048 10223 10717
11447 10128 7935
10724 11130 7442
9842 10273 9800
12731 8721 7036
12539 8787 7102
10058 8361 10242
8840 9929 10536
8682 12105 8121
11885 9702 7321
11351 7318 9274
8707 12042 8696
11364 9987 8070
11139 9080 9082
7994 11289 9849
9498 11197 8909
11552 8425 8677
9638 12090 6547
12045 7733 8202
9185 8788 10701
11143 9089 9027
10773 10827 8235
10701 9134 9694
10191 10458 9523
9733 8955 10395
8866 12540 6844
12068 8829 7842
11900 8723 8119
11568 9863 7928
10361 10833 8709
8077 11255 10083
12225 7972 7775
11000 8167 9659
10571 10340 8926
10175 10574 9093
11423 9660 8291
11147 7910 9402
10482 8073 10199
9984 11311 8497
9450 11891 8434
11995 9851 6593
11034 9435 8987
8581 11988 8831
11961 8461 8094
11844 9829 7537
10127 11030 8716
11737 9333 8224
9234 9445 10460
9092 11999 8228
8994 10464 10161
8170 8843 11010
10428 8748 10027
9263 12494 6372
9275 11934 7943
10685 8584 9724
8402 12178 8486
11752 9640 7744
6144 11734 9656
10377 8162 10121
9849 11995 6719
8144 9290 10994
11542 9366 8213
9191 12583 6644
8907 9353 10686
8457 10553 10197
11700 10294 6434
9468 11333 9045
11266 8842 9056
11112 7874 9466
10230 11289 8426
8850 11327 9617
10719 10321 8950
10036 8481 10333
9821 8342 10522
9424 10078 10156
8671 10978 10022
12400 9176 6596
9324 11837 8569
12194 8284 7780
11969 10115 6139
8992 12594 6709
9016 9212 10740
8147 12734 7312
12453 8301 7244
11760 9690 7674
11398 8495 9006
11384 9482 8434
10567 10175 9247
9340 11387 8879
11405 10645 6634
10424 8600 10050
10508 10430 8897
8188 11726 9630
12252 9682 6635
9500 9816 10140
10767 8012 9805
10532 10139 9311
11363 8459 9070
9739 7915 10643
9650 8814 10530
9565 12155 6477
8790 11511 9361
8410 11556 9376
7791 10874 10251
12463 7736 7607
10217 11634 6221
11194 8420 9265
8295 12813 6851
11435 10394 6972
10513 11154 7924
9983 11747 7745
9831 11625 8456
7462 8631 11030
9598 9710 10070
9491 12254 6420
9850 10677 9560
8528 12232 8351
9214 11830 8583
11216 6880 9342
10869 10730 8263
10174 7651 10596
8916 11565 9226
8458 11060 9923
7866 11342 9870
6187 10568 10559
10541 11208 7621
8698 12723 6303
9942 9258 10262
9529 12056 6889
9231 11733 8839
12632 8345 7137
9874 11713 8087
12498 7772 7543
11605 8415 8705
11093 10596 7822
10870 10444 8249
9774 8281 10545
12655 7890 7082
11522 10517 6855
8624 10451 10204
8735 12544 7331
8375 11520 9440
8684 8977 10860
7147 11601 9816
11772 7795 8720
9586 9122 10402
9439 12101 6612
11400 9737 7992
9793 7846 10756
6243 11392 10127
11602 7321 8852
10218 10731 8836
9563 7870 10800
6706 12573 8218
10980 10769 7513
11209 10413 8053
8282 11577 9436
10820 9406 9508
9969 8890 10438
9156 12020 8028
8421 12867 6716
10349 11005 8582
10257 10596 8957
10234 11615 6298
12827 7774 6845
11849 9772 7183
10101 8268 10359
9454 7874 10792
8408 11166 9693
10796 11041 7170
10321 11220 7990
12344 9029 6990
10004 11872 6681
9230 11078 9420
8959 8624 10891
8273 10504 10455
11467 7465 8946
11359 10325 7797
10812 7746 9927
8091 10136 10717
11469 10008 7844
11330 10674 6302
10598 11387 6256
11310 8469 9042
8433 11006 10053
11151 10855 5834
7898 12281 8887
10614 9756 9357
10470 10867 8367
9680 11179 8963
8934 11277 9538
9044 8895 10697
12342 9058 7070
11789 9867 7425
12620 7854 7146
10912 10021 8714
10664 9792 9261
10512 11414 5997
10346 8321 10148
10285 9716 9801
12665 8841 6967
11497 8917 8695
11417 10424 7295
8042 10443 10585
7253 8984 11119
12586 8134 7353
11484 9146 8574
11485 9722 8063
11341 10066 8003
10941 9442 9092
8405 12069 8774
11657 10214 7475
10631 10156 9182
12159 8847 7771
10883 7115 9785
7656 12563 8289
12410 8909 7059
11888 7942 8392
6359 11721 9728
6491 9845 10921
11638 8911 8535
11277 8023 9246
11238 7928 9331
10681 11353 6490
6416 11468 9940
11988 9544 7153
11361 9055 8948
10383 11030 8440
10047 8337 10246
11079 10944 6106
8499 11489 9583
10521 7319 10134
9743 9892 9978
8724 11945 8952
7476 12676 7855
11992 8819 7879
9716 10716 9504
9472 12309 5986
11273 10354 7701
11083 10359 8188
10930 7506 9728
9342 8392 10927
11924 8809 7977
11237 10828 6093
10329 8387 10158
10789 9866 9126
12366 8119 7593
10890 10300 8457
8837 10004 10598
8150 9557 10797
11403 8077 9111
11306 8460 9097
11049 9818 8812
9202 8157 10966
7923 10720 10458
7290 12722 7838
11735 8528 8549
11636 8152 8650
11876 8672 8207
10915 11050 7100
10752 10915 8034
8799 11507 9426
12175 9394 7581
11801 10298 5598
11537 7876 8824
11588 10397 6924
9904 10983 8825
9105 10935 9708
10894 9887 8900
10554 8802 9892
10218 9990 9524
9893 11820 7248
12147 9661 6861
11847 8616 8242
11637 7357 8788
10851 10471 8469
10996 10978 5872
9387 9385 10399
8764 9386 10703
8231 11142 10061
12196 8114 7942
11898 7849 8585
10905 10480 8185
10225 9900 9545
6789 9324 10950
10685 10989 7737
8500 10422 10317
12057 9547 7128
11320 10184 8092
10551 10852 8369
11041 9414 9052
10542 10947 8004
9906 10753 9388
9358 11900 8177
8633 12141 8639
10961 7394 9687
10266 11039 8348
10030 10417 9570
9764 12144 6412
12089 8436 7893
11841 6765 8660
11518 10276 7157
9655 8676 10493
9279 11916 7961
12407 8090 7460
12109 7825 8103
11556 9400 8189
11458 8672 8962
12033 8793 7906
11550 7820 8854
10820 9667 9033
12095 7862 8091
12040 7267 8240
11285 10771 7345
10829 7741 9737
10430 11013 8059
10389 9897 9558
10525 8365 10041
11803 7532 8665
10234 9874 9954
9132 9634 10424
8512 9538 10715
10001 10976 8851
11991 9025 7842
11244 9101 8856
10455 8441 10023
6373 10522 10576
12471 8140 7367
10856 7373 9913
10341 9456 9913
10412 9969 9492
12014 7996 8257
11737 7759 8784
11314 7878 9216
10168 11735 6229
9286 11077 9572
7739 7592 11156
12671 8440 7052
12504 7707 7474
12291 7852 7844
11841 10083 6304
10709 9538 9454
10244 11058 8326
9037 10077 10331
8892 10689 10011
11927 7723 8348
11235 9625 8637
11207 8087 9358
12142 8253 8034
11272 10640 7715
10174 10835 8710
8912 9777 10518
11529 9685 8071
8337 11998 9091
9906 9720 9960
9727 11747 8021
8371 9645 10711
9513 9439 10264
8624 10086 10499
6685 9107 11014
11915 8813 7912
11591 10260 6776
9148 11918 8512
8515 12788 6588
9871 10717 9452
12140 7669 8236
10685 8239 9728
10812 10947 7584
10581 11088 7709
9245 10298 10101
7981 11750 9552
11871 8217 8409
11690 9057 8250
11484 9895 7979
10816 10243 8666
9910 10731 9172
12225 8620 7652
11774 8773 8282
10155 10821 8807
9030 8718 10821
8575 10393 10367
10440 11503 6269
9607 8901 10530
12033 9478 7349
12005 7231 8304
11610 7997 8810
10730 7319 10048
9627 10758 9360
8373 11130 9757
12227 7851 7887
11512 9354 8239
8612 11548 9283
10738 8979 9629
10323 10216 9155
9003 8420 10963
8641 12130 8625
8826 12000 8139
7016 7645 11171
11570 8379 8769
9918 7959 10536
12334 9403 6715
10747 11233 6559
10182 8055 10356
8483 9262 10958
7799 11382 9814
12017 8906 7800
10405 11621 6229
10282 11079 8285
10326 10797 8773
8485 11527 9426
7979 12912 7383
12529 7509 7488
10894 10689 8020
10369 10213 9204
9520 11766 8182
10048 10216 9770
8089 10371 10481
10820 9120 9551
10636 10852 8285
10510 11417 6578
10353 10429 8949
11236 8697 9096
12039 8062 8102
11133 7229 9500
7143 11395 9885
12506 8291 7272
12408 9010 6925
12183 8224 7901
9433 11297 9109
9359 12400 7185
11618 9922 7590
11215 8491 9118
9851 10486 9616
9766 8214 10580
9274 11149 9270
11345 9341 8729
11151 7564 9478
10625 11030 7851
10598 9912 9192
10279 7672 10370
10092 11174 8540
8605 12593 8084
11996 8497 8030
11219 9287 8864
10591 8435 9799
10559 9771 9487
10475 10562 8878
9809 9498 10228
9668 11856 7574
8938 11337 9349
12397 7856 7538
12042 9596 7095
9782 8931 10295
9444 11624 8631
8513 12040 8780
8097 12270 8822
7530 12509 8424
11489 8513 8935
9965 11439 8310
12322 7589 7789
10668 10943 7851
10381 7571 10295
7880 11304 10027
11611 9776 7928
10945 10799 7438
10921 10321 8196
10496 10602 8770
9482 9398 10271
9433 12006 7554
9069 11398 9167
7395 12763 7763
12281 9228 6835
12256 7816 7908
11907 8409 8152
11832 7969 8516
10447 11274 7855
10242 10300 9370
10000 11095 8752
11363 10372 7353
10322 11655 5995
9445 11125 9236
10288 10180 9219
9856 10782 9093
9488 10593 9747
9469 12120 6596
9212 11440 8900
8639 12094 8645
7766 12283 8941
12593 7526 7375
10659 11263 6881
9759 10132 9935
11766 8369 8522
10268 7648 10374
9710 11862 7141
11484 7943 8945
11020 10743 7885
10669 10949 7800
10546 11052 7773
10147 8019 10420
10138 11298 8169
9830 12024 6481
9766 12180 6392
9654 9703 10118
11579 9781 7885
10507 11145 8013
10392 10421 9013
9222 9481 10458
9205 9317 10562
8711 12005 8373
11890 9830 6819
11622 9197 8316
10700 8149 9816
10100 8327 10274
10074 11608 7295
8509 8815 10974
8506 8390 10992
8450 11491 9490
7399 12756 7496
11696 8433 8634
11053 10952 5602
10092 10994 8780
9349 7445 10975
10810 11029 7326
9988 8706 10370
8721 9473 10703
8515 12076 8760
9450 11394 8865
8106 10906 10096
6712 10494 10540
7064 11460 9951
12148 8073 7996
11500 9401 8257
9211 11502 9003
8857 10653 10075
8611 11581 9291
7992 10899 10166
11212 7979 9291
9822 8056 10508
9249 9113 10634
9178 12154 7852
9042 8765 10756
8330 9170 10977
11941 9443 7391
11513 9901 7816
10425 11566 6271
10380 10846 8555
9731 10999 9154
7971 12216 8957
7066 8342 11170
10910 9601 9119
10344 8191 10207
10108 10317 9658
9084 11767 8773
11630 8553 8565
11482 9977 7721
11455 6989 9050
11415 10369 7427
10242 8232 10312
9570 8405 10687
9203 10936 9707
9022 11864 8647
6992 12457 8481
12386 7606 7676
12087 9487 7065
11213 9688 8779
10932 10778 7595
9369 9962 10283
9205 9017 10661
8874 10874 9838
11706 7915 8651
10057 11138 8604
9118 11369 9178
8917 10290 10269
8853 9422 10573
8499 10687 10053
8269 10127 10493
8444 12503 8283
7472 12412 8535
12316 7670 7788
11990 8689 8046
10114 8760 10235
9815 10949 9075
9606 10718 9468
8860 12584 6920
8731 10670 10028
10965 7542 9664
10369 9666 9722
10505 10102 9317
9522 11802 8162
8478 12004 8844
8112 10686 10228
7728 11347 9907
7273 8831 11037
12096 9688 6833
11896 8159 8290
10408 11463 6498
10213 10072 9418
9433 12145 6688
8256 12768 6970
11271 8424 9161
10556 7355 10070
9327 9392 10536
12624 7263 7320
10626 10861 8169
9833 11154 8922
9538 12189 6055
9289 11801 8633
8805 8712 10853
7360 12727 7827
7640 12229 9076
12072 9619 7054
12049 9340 7716
11418 9373 8693
10803 10850 8194
10207 10264 9434
9113 8859 10686
8449 11990 8885
8366 12204 8653
11913 8080 8252
10927 9825 8763
10250 9680 9865
10111 11750 5823
10002 11697 7567
9879 11832 7092
9329 10493 10003
8270 9344 10859
11376 10228 7722
11211 8143 9177
10981 11041 5874
10856 11075 6058
10253 10587 9012
9709 10244 9806
9595 12174 6461
8336 11655 9319
8172 10512 10346
7498 11354 9891
12558 7490 7439
11047 10375 8061
9949 11275 8561
9210 8561 10726
9121 11984 8092
7721 10123 10760
11937 7990 8290
11929 7586 8530
11531 10160 7610
9749 9672 10110
9484 9163 10507
9451 9710 10332
8221 9651 10727
11603 9372 8168
11587 8988 8493
10925 9427 9282
10816 10435 8533
11664 9766 7956
10460 11048 8056
10234 9896 9610
10116 8178 10447
9485 11730 8246
9146 11759 8900
8956 11778 8772
11587 9161 8380
11339 7490 9147
11240 9090 8893
10833 7889 9714
10402 11432 6839
10300 11600 6455
9613 8240 10592
9499 11174 9018
9189 11175 9331
9023 8949 10824
10070 11752 6750
9719 11320 8668
8669 9142 10941
8254 10073 10542
13076 7581 6739
9836 12055 6140
9570 10027 10113
9144 8684 10817
8480 12040 8824
12043 8052 8222
11729 8929 8464
11333 7682 9163
10659 10537 8535
10653 6972 10084
10261 11167 8084
9973 10641 9201
9595 12205 5919
9544 8989 10625
9331 9371 10427
9244 12034 7921
9070 10642 9992
8711 9275 10718
11486 6726 8995
9862 11362 8401
9176 11466 9067
8902 11800 8808
8576 11545 9355
8346 9887 10692
7925 7546 11173
12417 7343 7621
11619 8303 8703
11189 10674 7481
9995 8443 10454
9640 12126 6527
9452 11821 8049
8844 11786 8978
7860 12354 8663
7009 9025 11027
9846 10906 8971
9817 8194 10545
9390 11918 7923
8847 9527 10568
8227 9431 10859
12351 7570 7740
11910 9602 7418
11521 9281 8311
10926 10313 8256
9965 10075 9905
7147 12098 9385
12065 9744 6546
11613 10241 6798
11420 6953 9114
11388 9624 8355
11128 10327 8056
10210 10165 9540
10053 11622 7493
10056 11457 8239
9375 9833 10181
9316 11433 8809
8950 10865 9828
7190 11514 9816
6957 12421 8545
11933 9549 7533
11439 10376 6990
11431 9040 8786
10206 10763 8829
9812 11772 7272
8993 10281 10259
11969 8865 7854
11671 7879 8715
11560 9459 8168
10898 10026 8661
10368 9857 9666
9409 11588 8695
8846 12058 8120
8037 12297 8311
7824 12380 8830
12281 7634 7852
12206 7442 8117
11603 8875 8599
11108 9437 8943
11025 7510 9613
9571 10682 9532
9578 11875 7914
9210 11821 8638
8874 9825 10426
8624 12822 6246
8367 12142 8550
12673 7671 7287
11254 10304 8023
11123 10794 7412
10762 10234 8950
10177 10994 8696
9491 12053 7135
9487 11766 8226
9272 11316 9196
7794 11831 9496
6871 9061 11031
12213 9541 6930
12181 8993 7666
9429 12150 7009
8876 11892 8610
12528 8661 7204
12268 9523 6646
11462 10343 7059
11216 8127 9268
11132 9347 8981
10663 9812 9261
10221 11439 8034
9823 11221 8696
9195 12453 6399
8008 12283 8352
12480 8136 7432
12358 8743 7322
12056 8462 7927
11923 7192 8539
11791 10176 7024
11791 8187 8466
11310 9305 8793
11205 8224 9176
11062 10447 7987
10682 8453 9728
10020 11822 7044
9288 9458 10427
7605 12193 9140
12023 9708 6654
11487 8650 8753
11365 9160 8717
11301 10186 7915
11435 10695 6076
10183 8468 10139
9542 10752 9526
8811 10663 10084
8626 9504 10711
8604 12058 8709
8414 11954 8949
12541 8888 6760
11041 10565 8076
9005 11379 9210
8934 9651 10544
8859 8643 10966
8382 12822 6835
11212 10359 7731
11044 10837 6641
10090 11697 6792
9793 11828 7375
9589 11195 8830
9205 11304 9230
8818 12510 7565
8301 11619 9383
9688 11801 7616
9425 12173 7066
9415 11855 8498
11902 7954 8354
11791 9534 7807
10548 6951 10310
10370 9666 9665
9960 7226 10771
9363 12270 6940
9052 12100 7987
9031 9353 10584
8705 12052 8367
8575 12044 8750
7999 11027 10154
12339 7989 7614
11490 9141 8417
11445 9005 8869
11407 7214 9087
11396 10463 6990
9575 10722 9493
9569 11050 9384
12074 7789 8167
11550 6743 8882
11508 9359 8243
11267 10878 5535
11244 9425 8724
11146 10586 7850
11114 10796 6872
11084 10653 7707
10893 7857 9663
10412 10105 9367
10261 10313 9216
9814 11140 9019
9756 8972 10339
9612 10466 9815
7202 7599 11188
12007 9626 7020
11428 7420 9065
11413 9463 8385
11235 10306 7846
10895 11068 5615
9578 8204 10656
8550 12639 7376
11805 9581 7644
11650 8040 8648
10802 8048 9741
10435 10831 8431
10214 8323 10202
9976 7943 10486
9653 8546 10552
11752 10035 7319
11692 9009 8267
11358 7484 9177
11023 10306 8282
10917 7767 9701
10236 11069 8558
9832 12060 6461
9521 11890 7508
9481 11628 8379
8991 8592 10836
8833 11979 8610
8463 10451 10205
7974 11301 9805
12897 8373 6597
12375 9149 6707
11863 7813 8649
10624 10501 8599
10159 8651 10205
9938 10605 9265
9325 11091 9292
9082 11832 8637
8506 10815 10041
8347 12966 6659
8273 12071 8828
7798 10484 10493
6329 11172 10394
11888 9793 7038
11739 9808 7763
11558 8551 8642
10821 8959 9517
10497 11477 5999
10074 8911 10212
9570 11181 8927
8549 10231 10472
12404 9154 6380
11955 8833 7870
11584 8267 8767
10596 10921 8232
10452 9807 9587
10212 11030 8632
8668 11997 8815
6539 12539 8336
12270 7459 8004
11991 9667 7059
11080 10706 7781
10255 10446 9063
9725 12003 6707
9605 7836 10832
8842 10923 9857
8606 12094 8689
7452 10464 10591
6830 9817 10885
12104 9885 6251
11941 9746 6951
11875 9566 7482
11275 8088 9110
10785 10591 8400
10314 10969 8646
9772 10784 9123
9638 8986 10403
9505 11208 8837
9449 12095 7051
9291 11330 9099
9240 8448 10806
8882 12449 7671
8576 12156 8233
7794 11524 9760
10908 10012 8769
10585 8539 9837
10568 8496 9866
10439 9601 9668
10357 10385 9077
10092 11733 6772
9988 11416 8266
9102 9447 10514
8864 9067 10798
12914 7963 6589
12636 8404 7116
12207 8336 7664
12181 8394 7739
11783 8769 8347
11707 9854 7587
11432 10586 6205
10286 9986 9445
10171 10727 8893
9690 11837 7596
9614 10275 9814
9455 12010 7439
8533 10447 10217
8288 10108 10484
7986 12408 8528
11872 9856 6908
11014 9782 8876
10935 10503 8144
10665 11294 6540
10622 11188 7582
10333 9821 9730
9577 9764 10197
9389 12317 5948
9073 8733 10758
8576 9863 10648
8147 12088 8781
12511 7873 7377
11954 6929 8484
11795 8702 8345
10867 10185 8688
10136 11743 5524
9435 9470 10375
9175 11785 8702
8695 10180 10429
8423 10248 10425
11964 8740 8006
11949 9722 6767
11873 9379 7971
11465 10532 6449
10746 10610 8481
10627 10932 8075
10519 8766 9956
9538 9235 10412
9456 12017 7199
8276 12686 7742
7804 10264 10625
6890 9509 10891
12146 8957 7730
11754 9831 7489
10899 7665 9755
10851 9974 8900
10785 8114 9751
10585 10360 8894
10341 10601 8822
10197 8389 10212
9635 9397 10296
8841 11856 8674
11849 9652 7333
11797 7933 8580
11686 9513 8033
11442 9673 8137
11097 9311 9045
10628 9776 9325
10491 11446 6340
10366 11480 6524
10360 11092 8204
10259 11528 7609
9089 9450 10473
8510 12276 8164
8489 9529 10761
12208 8026 7915
12021 8426 7991
11888 7156 8603
11485 9089 8568
11302 7193 9313
10689 9306 9567
10296 11062 8307
9174 11986 7936
9027 11226 9561
8750 12876 6111
8493 12196 8415
8933 11468 9482
8456 10670 10240
12799 7725 7152
11883 9949 6886
11720 9810 7586
11162 10857 5761
10651 8612 9755
10360 9453 9906
10063 8887 10216
9557 12134 6489
9497 12302 5687
9463 11637 8477
8463 11555 9387
8413 9311 10842
7389 8241 11137
6710 10977 10234
12138 7806 8054
11902 9605 7246
11456 8809 8780
11308 9442 8611
10556 11308 7513
9751 11734 7773
9628 11869 7298
9600 10787 9329
9323 12437 5879
8920 10563 10104
11980 9523 7165
11313 7937 9131
10528 7558 10101
10002 10624 9218
8926 11509 9222
7190 10932 10288
6358 10137 10758
11935 8830 7904
11226 8100 9204
10717 10879 8098
10470 10066 9381
10390 10909 8330
10224 8021 10388
9852 12005 6503
9595 9073 10403
9415 11358 8929
9390 12137 7130
8855 7591 10989
7233 10348 10719
10896 10362 8439
10826 11171 5002
10665 8113 9880
10658 11000 7722
9620 9376 10334
9140 11929 8526
9017 12064 8051
8996 9317 10648
8540 12008 8814
8413 11709 9316
8331 12168 8717
8132 9462 10867
7731 12247 9005
7352 10918 10415
12584 8304 7191
11993 7603 8417
11512 8721 8744
11454 10032 7742
11372 7178 9151
10072 10780 9117
9781 8018 10629
9540 10686 9557
9534 11014 9448
8985 8697 10831
8456 11125 9747
11533 7268 8952
11338 10413 7596
10377 10069 9431
9779 11104 9083
9729 11281 8671
9715 11249 8695
9577 10430 9879
9331 11358 9095
8970 11343 9274
12136 9535 6963
11817 10069 6817
11270 10095 8140
10949 10956 7087
10604 11118 7650
10230 10472 9243
9605 11271 8827
9540 12004 7232
9504 11707 8232
9000 10431 10134
8957 9668 10488
12359 8548 7529
11999 9864 6477
10859 9851 8964
10781 10896 7655
10497 9698 9557
10273 9888 9674
9990 11219 8630
9399 8996 10514
12301 7196 7949
11914 9643 7096
10882 7731 9765
10506 9027 9929
10289 10501 8897
9701 10776 9358
9458 9308 10364
9076 10422 10124
8798 11943 8674
8768 10418 10162
8560 9623 10691
12540 8924 6435
12076 8373 7965
11602 9833 7813
10994 10988 5543
10692 7745 10056
10504 10421 8952
10332 10320 9125
9647 11749 7965
9441 12258 6057
9290 11055 9356
9036 12051 8091
12611 7936 7367
11846 9561 7616
11647 8481 8560
11609 8069 8781
11399 6810 9327
11024 9583 8957
10890 9391 9346
10830 10482 8370
10699 10972 7759
10593 11383 6812
10592 11120 7653
10517 11167 7808
10506 7684 10075
9990 9915 9862
9635 11858 7341
9561 10646 9624
9489 11211 8875
9142 9266 10605
6677 9799 10938
12001 8106 8216
11874 9774 7166
11869 9101 8143
11509 10290 7299
11388 10152 7673
10561 10885 8296
10404 9701 9607
10278 11496 7062
9838 11146 8982
9604 10062 10055
9573 9199 10377
9336 11378 8934
9030 11085 9496
8795 10020 10403
8214 9603 10789
