35 3
13043
737 583 479 372
764 246 385 784
851 804 35 830
737 948 219 134
564 492 907 76
634 604 683 149
564 93 839 598
456 815 565 288
950 567 598 482
613 198 690 820
862 982 569 135
772 121 791 634
821 836 61 942
537 357 567 577
978 206 463 591
752 440 427 391
806 972 154 410
731 132 845 497
696 369 162 881
615 982 414 15
782 589 71 649
440 93 981 291
905 985 701 16
664 150 795 735
465 581 431 507
852 80 558 696
920 544 379 739
581 987 359 15
844 902 727 16
1000 239 659 433
936 211 507 644
1000 692 486 337
972 124 915 427
805 117 858 377
480 868 148 461
2505
12845 10092 6304
12475 10218 7462
12257 9637 8767
12258 9437 8975
11952 10680 7939
11552 11040 8368
11803 10543 8496
11495 11454 7787
11463 10317 9027
11338 10723 8877
11133 10015 9520
11150 9661 9660
11139 9607 9797
11074 10642 8989
11317 10920 8482
11136 11306 8302
10739 9603 9940
10751 9571 9897
10740 9517 10034
10793 11620 8437
10540 12038 7867
9861 10108 10488
9827 11085 9612
9354 9151 10927
9613 11586 9204
9755 12169 8228
9257 12224 8575
9383 12591 8043
9533 11744 9085
9367 11917 8997
8837 9819 10926
9023 11766 9359
8711 11575 9765
9313 10529 10587
8899 11876 9298
8435 12055 9255
8281 12487 8677
7922 10923 10599
7323 11481 10155
13749 8233 6764
13139 9485 6789
12770 9459 7441
12683 8409 8319
12575 8276 8624
12379 10468 7868
12303 9129 8885
12027 10569 7919
11914 9951 8902
11966 9035 9297
12165 10151 8377
11896 9608 8903
11709 11771 7278
11498 9755 9282
11186 9324 9882
10712 9471 10264
10682 10381 9645
10697 11744 8335
10615 11086 9132
10483 11427 8844
10659 10671 9336
10346 10015 9969
9911 10319 10154
10142 12226 8170
10265 12003 8267
9925 11777 8798
9784 8544 10878
9679 12252 8278
9581 11416 9405
9237 12083 8850
8955 9061 11164
9174 10931 10035
8897 12515 8520
8720 11181 10137
8462 9555 11213
8665 11418 10082
8162 11531 10091
8582 12048 9358
6937 11428 10489
7667 12425 8949
12954 8870 7847
12550 10461 7145
12321 8156 9036
12093 11235 6993
12279 9691 8664
11789 10357 8752
11512 9941 9026
11255 11308 8175
11442 10514 8632
11080 10234 9266
10262 11871 8386
10411 12511 7460
10289 9883 10159
10213 10864 9488
10166 8988 10501
9820 9875 10550
10293 10706 9607
10139 12094 8289
9878 10735 9954
9389 10895 10216
9577 12633 7650
9008 12583 8127
9035 10652 10483
8885 12806 8030
8775 10996 10392
8925 11074 10173
8704 11673 9835
8332 11546 9987
8157 11586 10091
7865 11250 10311
8074 9169 11588
7935 9808 11487
7965 9315 11716
7272 11722 10125
7123 12762 8787
13410 8324 7598
13022 8190 8178
11960 9443 9020
11865 8939 9489
11528 8845 9901
11262 11874 7236
11163 9105 10139
11153 9793 9541
11119 12095 7120
11077 10774 8870
10766 10090 9634
10611 12303 7377
9976 11427 9140
9928 11909 8679
9724 12123 8636
9435 11052 9899
9137 10631 10354
8311 11175 10349
8412 11836 9512
8624 11831 9716
7929 10216 11210
7594 10544 11163
13415 8666 7379
13079 9039 7686
12616 9785 8252
12797 10451 7438
12758 9722 7444
12622 9377 8529
12015 10860 7429
10829 11403 8623
10612 10954 9251
10800 12186 7498
10268 9679 10382
9993 12408 7926
9376 10083 10668
9327 9326 10865
9348 11308 9850
8819 12140 8956
8471 9313 11363
8814 12541 8520
7992 12372 9200
7811 12456 8735
7587 12583 8830
7962 9800 11410
8245 11954 9770
7541 12865 8321
13578 8619 7010
13581 8764 6757
13063 7910 8379
12741 9095 7978
12282 9823 8545
11879 8034 9551
11341 10855 8758
11337 11076 8187
11019 10475 9233
9715 9354 10626
9747 11243 9493
9424 10327 10521
9242 9375 10854
8998 10352 10802
9175 11396 9808
9682 12384 8159
8791 8998 11290
8777 12241 8839
8443 12876 7760
8754 12303 8899
7742 11473 10214
8277 13049 7672
8028 12905 8107
12658 8250 8624
11970 11458 6896
11920 9543 9179
11601 9295 9535
11098 8098 10169
10949 11048 8839
10251 8661 10532
9805 8785 10802
9481 10648 10167
9191 11558 9501
8550 9505 11236
8467 9967 11002
8383 11087 10549
8904 10870 10396
8849 10708 10544
12883 9610 7299
12619 9917 8133
10701 9417 10401
9890 9948 10516
9746 12592 7619
9743 12460 7738
8881 9301 11196
8827 9404 11201
8526 11139 10530
7794 12447 8891
7459 12318 9357
11653 10699 8242
11521 9453 9416
11326 11573 7685
10602 10539 9526
8186 12414 8807
7499 12633 8807
13167 9295 7132
13191 8957 7452
12898 9882 6819
12664 7842 8901
12414 10368 7677
11462 11781 6985
11522 9253 9624
10924 11902 7639
10033 11050 9516
9855 10516 10211
9147 12818 7472
8886 11008 10225
8731 12084 9156
8456 12193 9243
8063 12637 8710
13533 8927 7100
12313 11144 6761
10056 11269 9259
7870 11849 9888
6893 12239 9667
12139 8873 9127
11768 10554 8357
11531 11237 7973
11505 10766 8385
10188 8461 10668
9418 10735 10244
8976 9587 10922
8648 12714 8432
12546 8474 8551
11967 7913 9303
12018 10992 7310
11699 11356 7553
10955 10640 9116
9169 12274 8552
7057 12096 9713
8025 12773 8226
11962 8008 9551
11528 11105 8092
11130 11714 8025
10465 11795 8184
9390 8814 11149
7582 12095 9454
7376 12344 9357
6989 12287 9415
7492 10125 11432
6767 12671 8949
12802 9249 7508
12983 8068 8260
10380 9455 10455
10416 12110 7896
10254 10606 9974
9289 9092 10939
9139 12443 8254
9172 12406 8433
8431 8936 11711
8060 10165 11158
12995 9534 6934
12804 9214 7562
12902 10048 6441
11957 11142 7525
10472 12361 7245
9206 12869 7026
7805 10781 10799
13854 7942 7293
13123 9604 6899
12780 9195 7611
12865 8722 8195
12399 8719 8934
11779 11198 7672
11696 11224 7672
11769 8223 9532
10278 12319 7638
9377 9370 10670
7648 12761 8528
7522 12852 8550
12289 10659 7695
10482 12776 6970
10299 10298 9884
8270 9937 11021
7530 10956 10675
11509 9809 9145
11116 11366 8043
10323 9796 10226
9580 12765 7531
9332 9678 10760
7507 10737 10932
7034 11877 9970
13018 9753 6677
13123 9462 7206
11859 10450 8339
9281 8505 11229
8355 10191 10929
7862 13078 8019
7495 12555 8911
13556 9288 6536
12366 7848 8946
12374 9394 8395
9710 10943 9812
9179 12905 6991
13102 8010 8012
12806 9992 6671
12720 8224 8514
12316 9676 8491
11839 10819 7867
10587 8387 10453
9827 8966 10721
9693 9009 10729
9332 9514 10782
8248 10464 10854
7950 10420 10987
7507 12293 9305
13358 8710 7242
13016 8598 7901
12906 8975 7762
12319 8877 8815
10775 8251 10170
7249 11096 10807
10826 11271 8742
10699 8163 10526
10333 12136 7896
9233 10031 10687
8949 9595 10999
13556 9146 6843
9715 9190 10648
7973 10573 10941
12401 10817 6887
11963 10734 7802
10868 11995 7796
8864 9811 10849
8081 10369 10935
6820 11560 10479
8596 9636 11042
13139 9343 7096
7945 12448 8743
7307 11600 10265
10695 9825 10124
7412 11763 9956
7685 9901 11445
6765 12414 9510
12164 11500 6503
7994 10777 10718
6839 8843 11767
12671 7866 8673
10776 12251 7222
10244 10191 10249
9293 12857 6956
9168 12969 7101
9317 11925 8969
8010 10658 10608
11337 12072 7003
11233 11735 7558
9278 9038 11076
9487 11587 9402
6914 11209 10746
12719 8424 8306
12701 10517 5699
10288 12734 7363
8945 12401 8647
9413 10383 10349
7174 10865 10837
6843 11779 10222
13635 8575 7147
7523 10833 10836
13957 8103 5762
12765 7916 8424
11779 10608 8220
12506 8574 8710
12429 8289 8731
11933 10541 8056
7665 10751 10898
13118 7780 8227
10486 11559 8725
8452 9140 11488
12346 10817 7563
11881 7999 9605
9332 9271 10865
7484 11617 10075
13508 9393 6451
10997 11522 8203
10074 12417 7872
9688 9182 10702
9163 13024 7101
7207 12439 9251
7221 11665 10208
10204 8711 10587
13852 8648 6452
12070 8157 9185
12699 9759 8252
12552 8066 8828
11917 10083 8783
8764 13089 7458
7561 8427 11764
12815 9453 7400
7270 11300 10584
12703 7942 8534
7885 10623 10918
13749 8091 7071
13371 8847 7168
13343 8098 7742
12593 8761 8541
13057 8368 8014
12653 10622 5614
13455 8016 7508
13011 10055 6406
13056 8518 7894
7544 11037 10613
7499 12121 9454
6728 12571 9316
11644 10983 8213
7644 11261 10401
7579 9717 11649
12679 8504 8313
8979 9312 10908
10718 10044 9867
8074 9576 11483
6909 12445 9296
6685 12124 9985
7940 12955 8084
13727 8760 6597
12472 10086 7581
9849 9715 10578
7401 11429 10268
12735 9503 7701
12713 8832 8029
12902 9906 6748
12494 10745 5857
8340 9364 11415
12262 7620 9257
8388 10544 10594
8739 8518 11605
13979 7576 5929
9550 12725 7871
8965 12648 8149
13191 9536 6617
11583 8005 9650
8790 9536 11016
7401 11249 10532
7313 11703 9979
8142 13171 7661
7018 11996 10080
10312 9742 10363
10139 8816 10577
8621 11407 10134
12621 10726 6655
11207 8883 9955
9427 9221 10797
9286 8450 11229
8741 12870 7715
8394 10136 10871
8365 10606 10654
8306 11230 10349
10710 8217 10389
10327 8036 10678
8563 9939 10889
12217 7978 9259
13085 8773 7656
10248 8529 10651
10198 9530 10410
8318 9891 11248
9354 8987 10949
11266 11807 7493
7691 9493 11722
9677 9128 10839
13413 9094 6862
9773 8490 11015
9587 12640 7380
12859 9876 6920
12493 10008 8155
9732 10581 10081
8835 8816 11354
8841 12913 7378
12361 8076 9029
8449 9840 11196
6558 12110 10133
7286 11396 10488
9067 12123 9090
13319 8610 7609
12765 9256 7622
10172 8416 10800
12238 8182 9036
9357 9283 10808
12698 8170 8617
11117 11167 8419
7629 12423 9018
13027 9936 6296
12879 9687 7005
11807 9803 9100
10136 8753 10578
8401 10054 10862
13455 7874 7815
9748 12856 6650
8079 11964 9417
7840 12165 9400
8505 12662 8451
7421 12756 8742
11070 9980 9611
13294 8934 7267
9747 9896 10535
6750 12187 9686
13294 9076 6960
12954 10099 6269
9597 9286 10720
8557 13142 7314
13128 8043 7977
11560 7786 9907
8323 12767 8181
7084 12662 9154
13066 9648 6762
10780 11073 8831
8733 9862 10901
7020 12253 9519
13198 7600 8061
12560 7664 9124
12845 9998 6570
10990 12568 6713
12831 9093 7750
11925 7526 9669
10685 10513 9526
6535 11891 10390
13143 9641 6532
10814 10986 8898
8791 8805 11406
9145 9401 10820
7828 10950 10630
12795 8185 8392
8445 10411 10593
8427 12995 7870
7332 11921 9837
11432 8129 9944
11845 11864 6746
7100 12543 9044
7278 11652 10171
8855 10300 10821
8041 9992 11283
7979 10165 11218
11033 8039 10181
12985 7750 8465
8860 12215 8839
12993 8483 7985
8796 8676 11473
8404 12776 8127
7043 11131 10903
13704 8541 6854
6409 12323 9672
10629 8323 10516
6978 11574 10445
12836 9657 7177
12216 8128 9139
8933 9181 11102
7309 10660 11060
8172 9941 11231
13248 9492 6754
13087 9829 5875
10092 8738 10659
6701 12005 9875
6202 12019 10295
8748 11875 9446
13925 8207 6803
8109 10521 10724
12863 9948 6808
13100 9243 7463
12657 8450 8416
12960 8462 8124
9596 11269 9549
10279 8389 10566
9298 13116 6545
6218 12225 9924
9849 8439 10888
8373 9998 10883
7130 10723 11120
7463 10595 11215
9567 11429 9521
9058 9476 10852
8976 9180 11027
10227 8170 10754
7509 11159 10473
9068 12178 8744
9973 12267 8201
7165 11826 9918
7655 13131 7875
9789 9014 10603
8082 9638 11325
12766 8383 8319
8824 9434 11197
6799 11356 10702
10980 12153 6988
7685 11271 10237
9447 8744 10995
7713 12438 8945
9282 13235 6655
7353 12125 9614
8671 9992 10838
7849 13173 7482
12906 10204 6184
7537 11977 9793
6973 12081 9786
9306 9934 10696
8927 8625 11421
10091 11394 9131
10172 8580 10778
13001 7986 8401
13342 8829 7352
13197 8549 7729
7409 11601 10119
11945 8831 9520
10183 8516 10668
13924 8450 6622
12154 10097 8514
12929 9194 7505
12888 8941 7938
11424 9720 9339
9569 12952 6609
10952 8127 10215
12187 8326 9066
7203 12604 8906
10997 8052 10273
7219 10280 11450
12764 9314 7721
13078 8572 7791
7604 9901 11505
9000 12825 7369
13485 9174 6708
13248 9737 6360
8775 9117 11400
7623 10074 11380
7849 12320 9219
7525 12984 8431
13339 9888 5821
9431 12125 8457
8939 9180 11274
9961 11560 8984
10832 10863 9019
7836 12727 8395
7598 10309 11228
13105 9654 6661
9737 8663 10815
8751 12331 8658
13549 6847 7379
9737 8827 10793
12984 9764 6775
10283 10446 10002
9618 11079 9863
10265 10103 10003
9403 8926 10931
9190 9088 11053
8353 9911 11021
13269 9341 6814
13326 9297 6951
10183 8634 10641
7806 10281 11080
7573 10125 11372
10174 10764 9855
7141 11773 10177
13946 7479 6323
12781 8995 7819
11163 10208 9266
12977 8640 7961
12977 9089 7590
13006 9344 7352
13934 7884 6019
12469 8092 8828
12938 9131 7650
9270 8569 11339
8969 11431 9904
7617 10482 11103
10511 10858 9443
8481 9728 11088
7091 11177 10670
6893 11005 10969
13451 9437 6314
6999 11999 9830
13428 9218 6571
13174 8779 7615
9394 12881 6896
8873 12941 7303
8397 10540 10608
8047 9584 11560
11145 7815 10254
12974 8344 8102
10342 10883 9435
7979 10790 10598
7255 11433 10428
11313 12137 6727
9779 8599 10878
8303 9904 11128
8694 11258 10110
11144 10069 9383
8839 12943 7281
12581 7868 8901
11083 10366 9147
11800 10411 8615
7355 12090 9668
10591 10700 9562
9616 11718 9085
8830 8871 11354
12744 7712 8647
12299 8102 9139
7561 11287 10401
6662 11905 10242
10164 11179 9200
9953 11208 9397
13413 7620 8016
10865 11863 7915
6870 11067 11029
8538 9800 11016
8228 12197 9165
13292 8889 7282
12663 8268 8377
10352 11298 9160
6976 12213 9667
11077 7894 10392
14041 7500 6236
12134 7963 9294
7538 11672 9934
9002 11512 9670
8626 11352 10134
7437 11902 9829
9732 8718 10815
9732 8882 10793
11020 9053 10158
9444 8883 10960
11442 7634 10154
10029 10227 10068
9264 12921 6664
11452 10263 9164
8262 12816 7877
13032 9904 6466
11466 10449 8908
11359 11130 8084
9644 11329 9328
6785 11732 10251
12941 9912 6647
10197 10983 9598
9641 8529 11044
7786 10164 11229
13421 8258 7656
11033 8203 10159
11563 7918 9788
9753 9077 10712
8678 9760 10943
12903 9709 6846
13134 9001 7315
12345 7644 9169
8928 9236 11102
8328 10306 10973
6874 12567 9156
13317 9568 5952
12356 10129 8161
11453 7688 10017
9164 9498 10789
8883 13145 6892
13144 9785 6012
9712 10464 10230
7502 12765 8688
9247 8762 11168
8966 8765 11302
8386 9442 11362
11407 10074 9199
8066 9757 11435
11699 7886 9623
9288 12912 6956
8903 8774 11363
7321 10821 10868
11239 10384 9001
9413 9341 10656
13511 8256 7428
10677 9482 10125
8108 12747 8226
13342 8971 7045
10228 11703 8586
9724 8249 11078
9401 8868 11012
11032 11022 8839
10952 11180 8720
10582 11123 8953
10581 10285 9837
10444 8335 10472
7357 10892 10801
7039 12747 8860
7107 10504 11377
13063 7960 8291
9783 9312 10635
9509 12500 8021
8728 12556 8551
11362 11262 7965
11917 10780 8130
9468 9287 10649
8479 12412 8986
7378 11260 10437
11604 9427 9416
9184 9303 10892
8194 9414 11398
7914 10229 11090
13097 7668 8231
8756 13129 6921
6992 12419 9296
13197 8385 7751
10956 10440 9324
10302 10430 9765
9816 8325 10962
11414 7815 9953
9759 11950 8710
6478 8708 11876
7865 11300 10223
7380 10781 10855
6808 11901 10082
12616 8046 8737
8971 9235 11027
8550 9672 11097
6656 11304 10721
6665 12363 9573
13545 8664 7097
11191 11564 7810
9824 11681 8990
7925 12722 8289
7349 11082 10695
6785 11682 10339
6466 11484 10607
12825 10149 6255
10729 10098 9730
10681 10580 9269
9536 10810 10019
7839 12859 8276
13191 9781 6223
11727 9961 8981
10626 8260 10517
7546 11052 10579
10439 8390 10472
13112 8188 7950
12039 7662 9391
11547 9966 8895
9768 8545 11015
8736 11683 9592
7206 12736 8787
13055 8604 7800
11268 11449 8001
11071 9619 9749
9526 11842 9155
12883 9752 6992
12306 7686 9229
8199 10779 10566
7183 12517 9044
6911 11132 10775
13053 9840 5973
10934 7842 10411
10535 7752 10648
9076 9548 10766
8795 13195 6869
7429 11401 10321
10990 10138 9492
10130 11011 9400
9726 11039 9716
8952 9292 11056
7103 12553 8969
13248 9350 7061
10945 10225 9391
10801 10194 9605
10581 10335 9749
9417 8399 11177
8430 9667 11321
7579 11963 9573
13047 9597 6919
12993 10105 6168
10537 8156 10562
9288 9453 10801
12914 9501 7052
10296 10838 9488
8555 9617 11097
10131 8808 10578
8924 12423 8299
8587 9912 10884
8468 10025 10880
6601 12557 9464
7200 8292 11873
13272 8614 7398
10167 11311 9081
9408 12331 8204
7532 11378 10216
7436 12099 9614
6822 11575 10445
6670 12308 9573
9381 10435 10563
8583 9089 11436
6323 11432 10626
13517 7848 7705
13027 9794 6603
10125 9627 10401
10896 10698 9136
9790 10785 9931
7635 12183 9310
7336 10688 11024
13214 9176 7195
9110 9246 10934
8593 9504 11161
7901 10785 10611
7800 10689 10803
7020 10912 11160
12902 7776 8465
10695 10984 9025
7651 7926 11748
7456 12186 9476
12810 9915 6965
11491 11521 7530
10722 9886 9989
8844 13045 7259
8798 11167 9982
13969 7698 6066
12830 9201 7544
12758 10473 5836
11635 7443 9871
12959 7732 8602
9333 8947 11150
9749 11208 9547
8484 9860 10969
14062 7436 5743
12719 9764 7504
12168 10283 8258
8661 9577 11113
8478 9651 11117
7596 10344 11115
9450 11287 9721
8914 8478 11501
7042 12879 8741
13196 8975 7205
10556 8111 10545
10188 8030 10873
11362 10221 9219
11025 10067 9510
10119 11819 8405
9859 8854 10613
8878 12886 7303
11054 11132 8510
9135 8986 11095
9094 12031 8869
9045 8777 11174
10946 10025 9599
10750 9932 9759
10336 12268 7777
9710 9409 10626
7432 11488 10120
7231 12492 8992
6979 11661 10216
13576 9325 6169
9008 13033 6747
8555 13206 6843
13269 9673 5867
10716 10294 9712
7881 10698 10749
12635 10672 5376
11154 7464 10178
10689 11392 8748
9290 12770 7157
7106 11044 10826
13000 8859 7704
12884 9956 6510
10705 8272 10389
10308 8522 10496
9404 12217 8678
9656 12314 8338
12821 10216 5998
12779 9281 7517
12773 7514 8720
12303 7390 9370
9898 8378 10870
7734 7897 11776
12736 9131 7725
11438 11296 7919
11069 10180 9403
10381 11138 9188
9064 11542 9530
8921 9678 10848
8900 9474 11071
8468 9236 11392
7630 12070 9402
7444 10598 10965
8288 8884 11730
9999 10855 9635
7287 12281 9370
11614 9842 9141
9849 8606 10749
9131 11039 10077
13057 9759 6576
11642 10645 8379
10278 8177 10678
9680 8595 10992
10670 10526 9406
10102 11794 8608
9844 8494 10888
9721 8782 10925
9112 9211 10988
7002 12457 9161
12677 7458 8950
10582 8442 10453
7458 11102 10556
6751 12790 9059
10335 9961 10106
11904 7322 9892
10236 11575 8771
9154 11715 9307
7670 12557 8830
11540 10755 8524
9769 11957 8440
8139 13039 7780
8116 12820 8037
7944 12890 8180
13413 9236 6555
9830 11217 9493
9364 9402 10674
8961 8820 11302
8408 12998 7620
8147 13116 7661
10994 11390 8322
9787 11381 9309
6813 11834 10128
11526 7591 10026
11362 7792 10035
11060 9565 9886
10018 8827 10542
9239 11604 9268
7373 10988 10705
7255 10688 11084
12246 7739 9367
12059 9031 9008
10759 10819 9142
10445 10944 9297
9103 11608 9478
8869 9753 10880
8112 12528 8708
7677 10912 10706
12988 9836 6663
10047 11037 9400
9793 12816 6539
9259 13016 6912
8835 13085 7052
7103 12227 9519
13057 8318 8102
9412 8454 11177
7859 12946 8138
13467 8717 7207
12681 8469 8367
10357 11203 8912
9411 9283 10737
9025 11731 9413
9012 8843 11249
7122 12721 8860
12757 7278 8784
12358 7210 9306
11779 7728 9742
9605 12804 6669
9689 10689 10123
9056 11023 10121
8420 13114 7399
8298 9299 11455
7118 11604 10346
6309 12272 9735
11733 8063 9597
11442 10063 9338
10844 12060 7520
10789 7724 10416
9257 9177 10893
7455 11698 9934
13292 9560 6557
10271 11595 8544
10198 10202 10076
8506 9912 10944
7385 11044 10590
13486 8931 6889
11409 7870 9953
10105 11926 8489
12765 9114 7929
12752 9488 7457
11975 9916 8519
10759 8156 10371
8097 9996 11023
8303 12094 9284
10155 11602 8591
10023 8936 10520
7148 12143 9524
11476 9701 9385
10587 9877 10114
10345 11845 8386
10259 10511 9726
7990 10342 10941
7908 12713 8445
7601 10277 11161
9821 10321 10330
8845 9638 10974
12943 10254 5270
12098 10834 7429
11397 9659 9474
7509 10752 10898
6223 12158 9970
13220 8271 7733
12914 9621 7016
12901 8507 8075
12863 9806 7115
12844 9264 7420
12306 9261 8766
11979 9582 8903
11702 10816 7949
9927 11742 8852
9337 12066 8694
13304 8140 7802
11554 7388 9942
9890 10998 9535
8562 8885 11659
8037 10667 10605
7169 12893 8593
11038 10614 9116
10876 10598 9205
8751 13184 6921
7100 12095 9638
12984 8623 7768
11824 7480 9773
11740 9395 9251
11656 7951 9645
11403 9251 9751
7708 10643 10856
6494 11636 10396
10250 11311 8866
10042 10774 9674
8621 13037 7477
13000 8695 7726
11996 10385 8107
11601 10664 8367
11397 10762 8601
10780 8196 10170
10673 7977 10602
10193 7975 10873
9726 10989 9804
8517 9391 11310
7022 12218 9573
13155 9010 7288
11646 10305 8771
11544 8047 9710
9685 8183 11130
7575 10371 11288
6930 11305 10650
6879 12500 9202
13562 8880 6813
12042 10374 8280
11553 11172 7691
11157 10616 8989
9847 11900 8733
9399 8463 11073
9305 12270 8342
9034 8723 11311
7602 9936 11392
6795 11547 10481
6139 12257 9839
12411 8020 8866
12098 7364 9499
9744 12923 6393
8879 11735 9573
8441 9351 11436
7357 12060 9710
10368 9545 10306
10107 11447 8907
9959 10800 9674
7396 11677 9979
7357 11006 10748
11002 7311 10453
10753 10064 9640
9826 12434 7738
8924 12847 7130
8009 10515 10816
7318 8017 11789
11501 9887 9163
11062 11484 8097
11126 11781 7768
10806 10996 8858
6896 12363 9458
12153 8131 9185
12055 9758 8638
11200 11141 8419
9890 11442 9171
9400 9229 10874
9320 12057 8850
9253 9105 11031
8243 9390 11381
8386 9249 11478
13582 8917 6446
12768 9227 7654
12004 10806 7566
11973 9990 8626
9106 11740 9359
8119 10665 10573
12878 8159 8392
11844 9573 9028
11677 10634 8518
11088 7948 10255
11066 10720 9007
8898 8947 11336
7798 12382 8987
6942 11361 10535
5890 12286 9875
12028 11407 7035
11981 11077 7801
7501 12598 8861
9386 12723 7924
8465 9687 11094
7700 12966 8058
13681 9176 6391
11738 7495 9804
9857 10808 9703
6351 11584 10415
12575 8285 8571
12016 10515 8056
11271 7936 9999
11059 9765 9678
10504 11834 8051
10636 10452 9593
10114 8883 10532
7534 13139 7970
7214 12809 8598
12584 8000 8782
11806 10003 8892
11160 10342 9090
9751 10719 9983
7576 9640 11678
12111 10125 8390
11162 9389 9606
8705 9690 11006
8769 9525 11123
13023 9486 6970
9755 8554 10911
9193 9220 10934
7534 11259 10437
7151 11745 9980
13349 9516 6694
12836 10061 6425
9904 11523 9109
9352 10595 10535
7506 12987 8181
6652 11495 10500
13236 8507 7669
13112 8980 7460
12713 8912 7982
10044 11534 8984
10008 11751 8798
9781 11746 9012
9601 12871 6412
8979 11755 9411
8952 8898 11174
5806 12385 9744
12838 9672 7143
12802 10214 6216
12765 9306 7534
10540 10052 9899
9888 11477 9117
9834 11051 9444
9800 8958 10775
9558 11852 8912
7696 12807 8295
7166 12761 8712
13705 8298 7035
13597 6542 7343
10859 7259 10472
10540 7623 10715
10556 11200 8926
10450 11808 8064
10041 11402 9103
8754 11467 9723
7171 12362 9267
13194 8253 7870
13150 7705 7976
12740 10523 5598
11414 9305 9614
11159 10542 8882
10828 11563 8234
10817 11118 8779
10536 12105 7610
10338 12007 7963
10202 11793 8405
9400 10392 10245
9247 8310 11348
8040 7601 11786
8013 10561 10684
7759 12895 8201
12604 8087 8644
11057 11089 8438
9177 12005 8869
7531 13007 8089
13092 9898 5528
12515 8198 8643
11972 7537 9459
10036 11182 9397
9359 9263 10788
9357 10500 10287
8069 9224 11588
7314 12466 8992
6246 12377 9713
11575 10193 8779
11063 10588 9126
10999 8008 10278
9893 8433 10870
8926 13144 6817
7065 12665 8904
11814 11090 7544
11244 9457 9579
9926 10781 9721
9924 11260 9303
8881 11063 10225
7317 12870 8460
12740 9323 7577
11191 11011 8504
10899 10830 9017
10438 10233 9856
9736 10359 10258
9216 11318 9669
9129 12829 7220
8859 11460 9689
7898 9940 11302
7259 12644 8781
13046 9705 6713
9844 8791 10701
8149 10125 10978
13365 9341 6470
13126 9026 7223
12361 7342 9187
11905 10495 8286
10873 10359 9429
9996 12042 8308
9854 8909 10613
8396 13260 7226
6836 12053 9871
6162 12476 9582
12760 7574 8643
11136 10147 9401
10851 11338 8341
10898 12166 7074
10775 10377 9356
9378 8259 11296
8598 12818 7734
7433 9588 11697
6881 12937 8503
13090 9667 6541
12160 7338 9389
11841 7702 9632
11761 7270 9911
11479 9833 9266
9712 10908 9866
9691 10260 10453
9407 12829 6805
8240 12809 7885
7386 11382 10376
7243 9768 11583
7259 11368 10524
6314 12217 9735
13296 9632 6445
13295 8203 7657
11771 9899 8921
11599 7792 9806
10482 11780 8154
8626 9473 11142
8098 9064 11616
8092 12441 8846
13316 9669 6078
11893 10148 8507
11511 10302 8888
11254 9607 9493
10889 9867 9731
9874 10802 9697
9328 12489 8085
8124 12897 7918
7472 10859 10792
6392 11839 10409
13492 8523 7166
10985 10280 9352
10947 8182 10215
10712 11611 8491
10284 8334 10566
10122 11935 8333
9827 8543 10803
9091 12397 8487
8177 12259 8988
7380 12279 9453
7141 11823 10089
12803 10266 5760
11531 9868 9141
11169 10957 8607
11083 10972 8538
10702 11196 8766
10299 11968 8096
9973 12321 8064
8119 12952 7918
7993 10474 10822
7892 10373 11016
13065 9710 6396
12903 9567 7153
12219 8260 9020
11227 11885 7097
10169 9690 10382
10087 8793 10659
8848 9770 10855
6622 11483 10607
12918 9693 6904
12335 7324 9324
12082 11181 7130
10753 10646 9155
10507 11966 7932
10278 10094 10107
10213 11356 9028
10008 10023 10291
9938 11221 9277
9761 11471 9128
9428 11150 9969
9104 8258 11367
9059 11597 9530
8892 10600 10502
13108 8992 7399
12753 8040 8465
11705 10948 7830
11620 11048 7937
11093 10872 8624
10793 10517 9310
10695 10928 9251
9292 8714 11212
9074 9520 10773
9036 9596 10790
7471 10546 11035
13198 8940 7259
13244 9665 6472
13080 8537 7845
12178 9595 8856
11636 7676 9761
11606 8951 9433
10446 11127 9163
9893 11130 9416
8947 9131 11094
8326 9842 11068
7959 9723 11439
6460 12694 9204
13417 9448 6412
12905 8072 8324
12806 8357 8222
12542 8359 8590
11969 9167 9178
11545 9472 9367
10920 10536 9145
10175 7883 10953
9520 10714 10115
9354 9318 10788
9241 9195 10882
9190 8731 11191
8918 9601 10877
8902 12896 7110
7290 12413 9251
13110 9796 6110
12177 11051 7293
11904 10792 7822
11657 10359 8634
10614 10919 9305
9397 12979 6661
9190 8895 11169
9142 12820 7324
8976 9423 10944
8506 12320 8765
8116 10474 10673
13163 9362 6875
11028 10199 9391
10958 10772 8997
10855 10219 9475
10604 10504 9580
10253 11443 8747
9528 9484 10581
9442 8799 10995
9004 11083 10000
9000 9075 11055
7706 12794 8384
13048 10105 5492
12828 9220 7499
11722 8887 9508
11569 10020 8792
11204 10280 9030
9859 10379 10033
8769 9332 11239
8123 12321 9148
7920 12007 9519
7198 11446 10465
7048 12405 9308
12156 10582 7705
12071 10682 7812
11626 8171 9551
11146 10562 9126
9840 10529 10091
9732 8257 11077
8876 8949 11301
8403 9851 11023
7775 11604 9892
7237 13028 8341
11563 8215 9601
11431 10460 8769
11361 10505 8686
10993 10095 9420
10976 12043 7139
10819 8069 10234
10701 12008 7539
10528 11769 8327
10426 11957 7986
10268 12459 7479
9900 10363 10241
9733 12869 6530
13271 8715 7524
12913 9363 7220
11927 7541 9635
11556 11304 7572
11532 9668 9349
10006 8105 10828
9067 11674 9411
8454 9155 11454
8030 9158 11640
6752 12152 9740
12987 8891 7708
12473 9733 8271
12101 7496 9380
10029 8364 10819
9356 9166 10893
7564 9730 11529
7484 12074 9562
13070 7934 8151
12679 7565 8697
11670 9803 9113
11385 11053 8111
11274 9882 9377
11020 11313 8349
10854 8000 10292
9701 11904 8893
9091 12557 8127
8419 9026 11562
6801 11139 10758
6687 11040 11065
6031 11750 10423
13135 9199 7203
12731 7894 8570
12476 10795 5619
11488 9605 9368
10876 10491 9310
10661 10177 9868
10047 11692 8650
9830 11273 9267
9720 11884 8762
9128 11399 9669
8993 10407 10802
8142 9127 11597
8223 12252 9165
8012 10647 10697
7702 11051 10579
10685 10569 9300
10575 11180 8795
10422 10725 9554
9550 10796 9905
8925 12126 8763
7637 11320 10299
7363 10598 11025
7288 11170 10563
6294 12423 9480
13251 8410 7621
13082 9293 7225
12248 10125 8377
11523 7843 9933
11309 12204 6470
11270 7703 10109
8341 13158 7268
6479 11431 10626
6104 12603 9366
12007 10938 7447
11946 11088 7662
11574 11389 7387
11564 7803 9667
11083 9784 9629
10238 11576 8591
9607 8663 10927
7998 11964 9477
7178 10769 10887
6964 12504 9177
6902 12719 8945
10782 11038 8885
9148 12020 8863
7972 10215 11135
7527 12505 8849
6913 11622 10256
13256 8245 7717
12875 9663 7076
12808 9147 7647
12555 10060 7581
12240 8147 9090
10634 8268 10516
10059 11401 9140
9869 12811 6248
9778 8960 10740
9416 12984 6344
9346 8518 11212
8561 9209 11374
8218 9457 11336
7699 10030 11267
7618 12844 8361
6899 10597 11246
11477 9551 9505
10587 11808 8051
9262 10988 10025
6879 8601 11743
12833 9280 7428
12306 7522 9251
11813 10896 7840
11611 11079 8092
11534 10000 9022
11463 10470 8545
11230 11603 7677
10161 9043 10501
10032 7831 10972
9622 11192 9576
9395 10447 10245
9030 10707 10483
8245 12807 8033
8177 12998 7735
12888 10254 5946
10517 10450 9720
10477 10488 9609
10250 9743 10278
10050 7923 10892
9885 10003 10516
9998 12007 8362
9736 8647 10821
9335 9403 10746
8898 11715 9442
7282 12863 8524
7139 12464 9073
13942 7491 6262
13687 8768 6668
11888 9158 9232
10887 10545 9173
9336 9079 11031
7919 12751 8307
12825 10007 6562
11907 7454 9773
11848 10396 8476
11598 10412 8522
9895 8501 10812
9680 8238 11130
9044 9138 11036
8896 9745 10803
8423 9849 11010
12927 9229 7473
13014 7552 8538
11081 10034 9474
10823 10248 9502
10552 9773 10143
10374 12211 7779
9895 11946 8500
9918 12165 8243
9797 8152 11087
9793 10917 9812
9240 12539 8062
9125 12263 8604
8505 12901 7518
7660 11258 10239
7135 10656 11166
6914 13034 8292
13710 8133 7131
10987 11662 8044
10727 9693 9791
10362 9953 10029
9820 10521 10122
9810 11600 9052
9275 10683 10263
9064 9068 11129
9129 11199 9877
7920 9821 11367
7389 11511 10138
7292 10988 10765
6337 12436 9478
13068 9696 6627
11143 12030 7396
11026 9917 9630
9959 11796 8490
9548 12813 6653
9096 11044 9988
8968 11784 9214
7713 10053 11234
12658 8300 8536
11295 10351 8965
11115 12162 6863
11038 9511 9989
10895 12034 7193
10525 12051 7747
10501 7557 10767
9891 11609 8998
9786 9037 10621
9769 11976 8376
9477 12133 8343
9306 11525 9492
8498 9218 11435
8844 10763 10544
7756 12491 8733
7614 11101 10556
6197 12021 10147
13633 9281 6306
12753 8832 7975
11695 11423 7296
11636 11146 7691
11338 10876 8395
11271 11406 7929
11105 11312 8180
10098 11615 8628
9822 8614 10826
9388 12244 8342
9082 11404 9701
7621 10528 10971
7559 10999 10598
7214 12008 9729
13146 8596 7619
10379 9599 10169
10368 10806 9462
10182 11690 8590
9907 11655 8990
9666 10932 9864
9347 9379 10678
9252 12248 8552
9234 11557 9426
8949 9431 11021
7915 10592 10759
7719 13026 8038
7582 12607 8807
6835 11522 10464
13711 7890 7312
13400 8054 7879
12743 8443 8257
10968 10084 9595
10762 10951 9023
10178 10986 9348
9002 11562 9582
8942 11455 9730
7534 10860 10725
7189 11869 9856
6645 11702 10350
11831 9291 9233
11782 7860 9623
11557 8017 9799
11092 9782 9582
10902 10290 9413
10253 10959 9284
9971 11451 9117
9857 10858 9615
9850 12806 6565
9797 11254 9314
9795 11733 8896
9515 8702 11004
9441 10644 10176
7931 10638 10751
7986 12673 8593
11656 10831 8123
11090 10915 8696
10948 11247 8463
10889 10970 8858
10816 10736 9053
10765 10411 9419
10652 10550 9347
10650 11029 8929
10004 11102 9422
9661 11258 9524
9147 11965 9209
8818 11873 9323
7942 12920 8138
7234 11229 10651
12555 8118 8636
12377 9526 8276
12156 8050 9158
11521 7646 10026
10491 8216 10535
10391 11025 9205
9932 11385 9169
9867 11223 9428
9603 11212 9707
9363 10092 10564
9277 9124 10982
9133 12340 8485
8222 12833 7918
7051 10755 11035
13327 8359 7545
12963 9560 6998
12087 10780 7566
12078 11248 6873
11820 9237 9370
11064 7903 10288
10930 8257 10169
8813 11928 9323
7713 12044 9402
12932 8774 7864
12856 7488 8720
11522 10412 8525
11195 8973 9806
10830 9233 10044
10819 10440 9337
10739 10513 9455
10722 11811 7934
9710 9245 10648
9261 12165 8697
9590 11648 9264
8887 10655 10502
8541 10144 10851
7947 9813 11290
7804 12485 8756
7779 12710 8476
7591 7845 11795
7374 11644 9982
6934 12322 9413
13775 8806 6364
13657 8403 6950
13390 8875 7119
11975 7587 9402
11397 9709 9386
10908 10815 8901
10713 8349 10270
10384 12218 7509
10066 11644 8655
9999 12174 8189
9998 11055 9427
9870 8937 10556
9742 9951 10535
9453 11217 9568
9270 10738 10263
9093 10620 10406
8889 12844 7136
8163 11178 10368
7670 9914 11325
7357 11661 9998
7342 10280 11301
6833 12161 9686
12729 7975 8499
12692 10628 5513
12687 10050 7762
10854 11470 8222
9765 8969 10636
9546 10637 10142
9759 10166 10429
9511 11482 9430
8779 9940 10848
8525 9210 11358
8071 12904 8032
7478 12429 9030
7044 12240 9519
12723 9163 7729
12609 7208 9050
11943 7239 9653
11930 10715 7849
11764 7402 9792
11445 7766 10035
10779 9523 9933
10745 9195 10217
10458 10508 9740
10273 8232 10678
9484 12059 8797
8089 10525 10684
11142 9739 9678
10967 10188 9432
10683 11219 8761
10485 11912 8035
10417 12103 7737
10222 12068 8289
9816 8489 10940
9414 9415 10618
8834 12998 7281
8754 12463 8539
7469 11630 9955
7297 12783 8598
6645 11746 10286
11414 9355 9526
11340 11208 8068
11281 11253 8019
11077 11364 8322
11049 9615 9764
10779 8113 10225
10546 11340 8767
9904 11573 9021
9844 11466 9169
8787 9484 11036
8185 10053 11013
7732 10226 11109
13128 9513 6865
12934 8541 8005
12798 8317 8273
10759 10869 9054
9406 8980 10873
8293 11480 10039
8256 10415 10674
8112 12582 8571
8043 10482 10764
7889 10296 11045
7830 10521 10960
7151 12520 9033
13590 8214 7314
13196 9836 5840
13152 8108 7943
12907 9639 7041
12832 8809 7967
11671 9593 9112
11577 7974 9653
11489 10248 8991
10895 9459 10008
10653 12474 7125
10193 9585 10410
10092 8052 10839
9975 11788 8619
9727 8312 11077
9163 11473 9511
8744 9592 11078
8398 12212 9061
8336 13213 7268
8004 13064 7680
7955 12938 7949
6180 11394 10681
12807 9028 7784
12259 7851 9149
12065 8212 9185
11834 11365 7428
11670 10844 7859
11305 11104 8097
11244 11254 8312
10735 9690 10007
10664 10990 8903
9997 10271 10017
9897 9109 10480
8439 11996 9377
8649 11571 9877
8391 13315 7226
6916 11224 10712
13267 8272 7617
13140 6185 8092
11964 7532 9568
11595 8897 9570
11196 8829 10092
10534 11077 9186
10163 8742 10532
9815 10576 10122
9413 10790 10244
9062 11729 9411
8948 12345 8506
8909 8533 11501
8372 11896 9423
7934 11994 9403
7744 12753 8339
7278 12704 8761
7024 12188 9615
6317 12642 9223
13539 8519 7377
13490 9443 6213
13270 7568 8035
13119 8389 7815
13105 9512 6968
12799 8182 8400
11538 8313 9740
11289 9761 9376
11023 11445 8230
10178 8525 10663
9789 10952 9639
9574 11783 8895
9004 12766 7491
8689 11313 10110
7088 12884 8647
13421 9520 6300
13042 9772 6456
12236 10416 7887
11865 8989 9401
11688 9239 9252
11587 11085 7758
10387 11220 8849
10178 8689 10641
6999 12049 9742
13798 9025 6107
13533 6966 7489
11242 10516 8882
11202 10945 8403
10923 10668 9026
10837 11205 8641
10625 10398 9730
10448 10648 9581
9809 8623 10722
9806 10881 9835
9746 10774 9983
9720 9116 10656
9171 12239 8606
8993 8490 11373
7995 10434 10878
7786 13080 7823
7477 10138 11312
5834 12537 9533
13952 7071 6600
13196 8833 7512
13086 8129 8122
13136 8326 7900
12843 9936 6826
12721 8389 8360
12687 8061 8644
12383 10867 6649
11875 9354 9214
10924 10021 9614
10317 7886 10764
9519 11961 8684
9475 11027 9882
8692 12018 9208
8182 9924 11059
7194 12913 8501
12928 10154 5615
12918 9919 6452
12896 10205 5766
12809 8947 7855
12278 11040 6790
11942 11155 7405
11551 9064 9644
10749 10018 9665
9852 11543 9050
9034 12450 8288
8924 9193 11154
8199 12794 8037
13617 8625 6909
12713 7436 8739
12415 7166 9443
11999 10517 7988
11736 10673 8242
11350 10451 8823
11207 10412 8911
11159 10422 8918
11028 11089 8582
10979 8116 10169
10896 10578 9172
10847 12516 6732
10808 8015 10371
10614 8376 10407
10549 12246 7436
9602 8718 10927
9530 11129 9840
9245 12935 6974
8026 10005 11163
7398 11172 10561
7201 11578 10346
7116 11316 10543
6344 12130 9819
13008 7969 8208
12684 8425 8282
11883 10385 8615
11702 11812 6765
11599 10794 8248
11404 11542 7469
10994 7899 10300
10889 9917 9643
10642 10044 9870
10304 11612 8448
10109 12360 7669
10055 11468 8883
9961 10765 9728
9876 12426 7766
9620 8810 10847
9013 12454 8194
7692 11236 10349
7154 12660 8798
6822 11608 10344
6270 12206 9787
10994 8063 10278
10413 11148 8945
10205 8697 10587
9751 12463 7686
9406 8511 11057
9368 12032 8798
9473 11506 9464
9341 8573 11212
9300 12223 8500
8879 12833 7464
8761 10818 10415
8636 9888 10867
8108 9479 11341
7630 12582 8755
7557 11478 10180
13205 8425 7700
12058 9890 8519
10899 10282 9456
10828 11617 8097
10365 8389 10495
10260 8257 10597
10241 12019 7957
10237 9403 10474
10171 8750 10531
10053 8931 10513
9846 10121 10368
9670 12614 7380
9407 13123 6510
9341 12007 8816
8967 10783 10319
8954 13296 6606
8148 10467 10664
7488 10955 10696
7129 12521 8925
6901 11357 10556
12950 9448 7216
12508 8098 8727
12109 8030 9249
11291 9528 9517
11133 7260 10401
11104 10253 9217
10926 9788 9755
10575 9992 9886
10464 12060 7628
10342 11860 8054
10193 12200 7843
10146 11486 8774
10079 12016 8308
10053 9095 10491
10044 11590 8758
9881 10070 10259
9850 12356 7945
8416 8949 11591
8313 12141 9262
8180 12715 8200
8088 10317 10947
7158 10875 10909
6764 11478 10562
13733 8352 6874
13369 9553 6327
12983 8681 7867
12857 8177 8239
12447 8619 8661
11388 11185 7992
11167 7752 10095
10636 11042 9045
10186 8766 10522
10045 7978 10892
9803 10229 10410
9734 8664 10803
9731 8702 10821
9591 11324 9549
8964 12831 7136
7979 12792 8122
7364 10840 10813
6964 12911 8503
13073 8230 8010
12821 10074 6305
12708 8490 8248
12368 10414 8005
11683 7393 9846
11298 12150 6607
11004 9863 9733
10900 10493 9233
10231 12159 7798
10102 9852 10294
9933 11889 8502
9754 10851 9864
9630 10292 10425
9570 11561 9402
9504 10867 9910
9437 12135 8340
8891 10879 10292
7027 12151 9619
6710 12198 9756
6536 11485 10519
13149 7892 8037
13076 7526 8428
12711 7786 8666
12312 7718 9188
12153 11446 6640
11458 9418 9507
11093 9678 9745
11082 7550 10290
11061 9730 9732
10565 11754 8154
10506 11799 8105
10018 8991 10520
9841 10892 9760
9584 8260 11096
9471 8875 10883
8673 12454 8593
7354 10620 10949
7110 13012 8370
13000 10210 5407
12290 7572 9293
11785 10790 7949
11494 9197 9645
11420 11050 8187
11361 11095 8138
11129 9457 9883
11101 11202 8331
11080 8026 10273
11021 8071 10224
10983 11729 7787
10803 10932 9035
10216 10988 9281
9857 8145 10932
9792 8207 11087
9660 12607 7650
9460 11160 9726
9411 12463 8085
9237 8612 11254
9117 11415 9626
8867 9326 11155
8500 12956 7518
7954 10857 10553
6909 13089 8292
6286 11578 10477
14017 7744 5833
13433 8543 7341
13277 8227 7870
12956 8436 8184
11838 11025 7820
11217 9298 9680
10611 11153 8875
10315 10456 9759
10295 11614 8495
10205 11909 8333
10067 9748 10323
10009 10215 10086
9930 11874 8733
9810 8299 11007
9270 11340 9612
8260 12233 8988
8192 12424 8690
7605 12826 8550
7587 12135 9424
7384 11566 10138
6984 11166 10722
6899 12827 8760
6342 12369 9524
6332 12491 9478
13257 8002 7898
12858 7934 8420
12725 10536 5478
12723 9145 7740
12304 7758 9037
12189 10825 7042
12052 7429 9490
11742 9162 9392
11555 9887 9092
11182 10858 8541
10785 11170 8766
9667 11548 9071
9476 10703 10167
9189 9174 10959
9151 12152 8744
9133 11461 9618
9091 11099 9988
9087 9278 10943
8546 11863 9478
8478 12054 9180
7975 10347 11016
7725 10363 11062
7683 10504 10983
7355 12140 9580
6981 11676 10182
6808 12413 9435
13412 9337 6681
12752 9324 7479
12642 8347 8449
12170 11092 6780
12011 8186 9197
10496 7612 10767
10308 8358 10518
10185 8298 10678
9983 12274 7931
9915 12465 7633
9908 10242 10183
9611 12575 7656
9349 8581 11211
7294 11850 9848
6983 10112 11492
14031 7048 6592
13105 9685 6379
12642 8511 8427
11356 9426 9536
11166 9934 9367
10979 10659 9067
10788 10630 9162
10482 10346 9749
10405 12021 7904
10243 8584 10651
10159 9540 10468
10021 11195 9277
9096 11996 8923
7575 12451 8893
7467 12391 9168
7104 12030 9734
13260 9087 7058
13171 9593 6568
12895 9347 7296
12329 9292 8540
11542 11171 7872
11219 10169 9238
10781 9969 9633
10571 10721 9313
10518 10125 9887
10292 10526 9635
10486 8271 10535
10065 10993 9417
9869 10794 9758
9359 9298 10774
9205 11256 9869
8107 9989 11042
8074 9708 11255
7735 12012 9485
7707 9589 11626
7705 9622 11544
7600 10799 10709
7200 10399 11293
13173 9007 7214
12830 10011 6450
12428 10900 5534
12142 10947 7322
11050 9415 9972
10722 8382 10269
10053 7986 10891
9800 8794 10797
9599 11401 9430
9411 11221 9773
9009 9424 10866
8961 8953 11137
8862 11576 9617
8481 11779 9735
8045 10178 11038
7987 12966 7874
7079 11891 9861
6650 11635 10396
12963 8419 7991
12654 10399 7457
12272 7114 9462
11919 9607 8800
11333 9824 9357
11228 10881 8499
11180 10891 8506
11003 10510 9145
10879 9951 9706
10705 10240 9849
10271 9509 10425
10041 12454 7693
9357 9450 10669
9324 9169 10882
9019 10723 10440
7827 12704 8499
7282 11587 10267
6957 12541 9156
6626 12297 9625
13806 8047 7208
13407 7979 7730
13115 8824 7566
12936 8987 7705
12567 7647 8931
11566 11719 7297
11369 9603 9495
11201 11979 7535
11197 9672 9450
11091 11002 8505
10223 11731 8505
10148 11818 8447
10052 11630 8707
9614 11146 9606
9112 9018 11104
8989 9434 10891
8772 11860 9327
8497 12904 7693
8464 9570 11179
8426 9981 10891
7260 11984 9731
7132 10688 11233
6868 11706 10251
11194 11143 8385
11084 10166 9355
11078 11027 8538
10719 10426 9593
10579 11419 8669
10173 12113 7981
10031 10242 10034
9939 8155 10898
9830 12269 8083
9695 10281 10400
9569 10856 9885
9358 10147 10564
9243 12671 7943
9128 12395 8485
8842 11524 9713
7257 11448 10394
6059 11967 10314
12864 9785 6886
12764 8103 8423
12746 9382 7472
12365 8035 8945
12194 6954 9548
12079 10359 8107
11617 9568 9242
11604 10004 8799
11489 7351 10239
11239 10264 9037
11104 12108 7000
11059 7958 10288
11057 11264 8391
10694 8218 10526
10692 11524 8629
10037 12117 8191
10019 11426 9065
9958 8794 10588
9903 8848 10595
9762 12082 8591
9640 12449 7969
9559 10969 9868
8755 11979 9184
7970 12808 8224
7811 13100 7731
7131 12379 9308
7120 11569 10400
13332 8889 7228
12967 9149 7466
12035 9543 8875
11888 7583 9695
11841 11931 6489
11684 11369 7433
11334 9499 9524
11251 11820 7373
11232 9603 9508
11022 10355 9188
10969 9759 9762
10783 9736 9774
10625 7468 10658
9638 11694 9031
9237 11689 9307
9189 9462 10801
8398 10092 10870
7503 12568 8903
7369 11699 9982
7320 13002 8341
7234 12502 8917
12701 9308 7820
12394 7800 8982
12029 8060 9220
11728 8118 9597
11664 10927 7846
11444 10479 8686
10789 11687 8180
10708 8404 10270
10569 11559 8510
10327 10896 9315
10108 11386 8885
10053 12163 8183
10034 9946 10318
9993 11110 9427
9670 12454 7740
9466 12565 8043
9448 11874 8917
9032 11344 9827
8640 9221 11246
8632 10944 10411
7049 11839 9955
6523 12589 9226
12957 8760 7748
11920 9696 8697
11160 10392 9002
10908 11459 8216
10743 9641 9827
10616 8332 10412
10397 10000 9918
10376 9522 10198
10321 11861 8076
10251 8592 10650
9470 10357 10315
8806 12571 8159
8172 9472 11415
7719 9645 11511
13485 9032 7015
13220 8768 7472
13171 9769 6241
13092 9846 5872
12930 9858 6784
12855 9028 7710
12698 8220 8529
12664 7892 8813
12556 9707 8271
12299 8152 9051
12240 8197 9002
12191 9967 8509
12017 11353 7172
12013 9046 9087
11907 10376 8142
11138 9806 9421
11082 10199 9320
10950 9626 9764
10124 11432 8877
9811 8380 10962
9488 10449 10235
8589 11052 10453
8046 11966 9409
7978 13157 7692
7567 12048 9562
7338 12388 9199
6694 12279 9524
6377 12326 9661
6203 11613 10424
