40 3
12814
576 241 643 534
964 565 543 372
699 258 497 883
634 912 68 296
732 661 697 254
892 224 856 441
745 739 347 591
728 754 143 598
557 734 447 373
638 397 287 828
728 922 122 314
604 714 696 296
880 330 575 780
390 19 985 592
850 912 61 818
376 516 56 965
605 419 553 310
587 802 634 75
528 736 141 461
703 698 402 316
348 793 5 935
948 783 365 340
348 476 223 663
637 26 838 849
435 697 593 150
584 583 552 675
1000 482 959 87
728 94 348 983
420 339 565 665
384 747 35 972
817 895 121 360
717 433 723 266
688 725 308 707
465 441 768 193
368 82 958 336
441 320 460 655
932 331 701 409
555 461 495 496
400 878 297 343
998 767 541 182
1809
10927 12982 11698
11135 9615 15407
11120 9819 15400
11695 12603 12967
10678 13095 11736
14680 9567 12204
14465 9952 12366
14236 10490 12379
14011 10631 12676
13657 9405 13748
13832 10151 13303
13791 10779 12714
13349 10600 13355
13397 8796 14065
13103 11590 12497
13171 10657 13601
12742 11383 13261
12678 11175 13593
12614 9826 14732
12651 10687 14062
12067 12528 12206
12054 11405 14017
11879 12566 12388
11928 10605 14963
11906 12472 12779
11608 10811 14682
11131 12355 13291
11066 13311 10860
10599 13500 11036
15315 8324 11951
13756 11013 12122
13873 8026 13810
13726 8408 13827
13598 11088 12424
13548 8787 13904
13423 10862 13041
13324 10617 13502
13263 11498 12136
13231 11171 13158
13332 10166 13842
12823 8647 14463
12928 11364 13114
12872 11623 12832
12814 12030 11900
12786 9772 14578
12954 9751 14294
12622 11434 13311
12348 11269 13867
12277 11870 13168
12246 11485 13749
11710 12042 13547
11858 12820 12028
10217 12262 13508
10800 12233 13817
15296 7705 12385
14665 9771 12197
14028 9821 13235
13664 10172 13587
13149 10391 14119
13047 11849 12215
13161 10726 13541
12325 12631 11852
12006 10914 14540
11600 12717 12382
11195 11966 13744
11026 11325 14644
11092 11818 14258
15103 8356 12029
14797 9185 11575
14819 8735 12315
14543 9602 12703
14643 9862 12142
14475 9526 12999
14404 9103 13011
14218 9396 13289
14329 9936 12723
14328 9797 13018
14067 10372 12958
13813 10016 13550
12495 10954 14234
12063 12430 12503
11453 11099 14592
11403 13009 11206
11431 12193 13541
11361 10915 14932
10401 13146 11766
10830 13479 11043
9988 13841 9452
15077 8822 11632
14865 9375 11421
14439 8265 13137
14073 8151 13469
14035 9621 13566
13518 11116 12690
13281 8479 14276
12969 9547 14301
12594 11677 13156
11903 9197 15075
11743 11734 14013
10920 11606 14305
10447 13116 11729
10015 13747 9843
9995 13592 10170
15099 8503 12022
14658 9301 12722
13317 10370 13835
13258 11302 12587
13298 11264 12728
13090 11323 12871
11943 10401 14970
11779 12170 13451
11303 11687 14070
11325 12474 13202
15001 9193 11160
14800 8543 12483
14699 9246 12997
13410 9950 13707
11762 12315 13015
11161 12325 13302
15051 7914 12525
14202 8358 13317
13735 10366 13213
13608 10431 13305
13122 9987 14165
12578 11755 13011
12836 11093 13813
12069 11201 14024
11737 11817 13866
10865 9893 15434
12771 10175 14301
12383 12224 12784
11748 11781 13692
11437 12110 13688
10659 13249 11412
14126 10785 11445
13396 10947 13196
12879 11870 12499
12082 12109 13296
11765 12000 13495
11331 12931 11309
11095 13158 11093
14880 9103 11588
14816 8958 11988
13839 10398 12970
13679 10625 12931
13474 9630 14025
12269 10744 14542
11097 12714 12849
14881 8698 12087
13757 11152 11827
13657 10372 13256
13528 11177 12186
12571 11508 13344
12041 12164 13021
15474 7745 11636
15259 8640 11748
14575 7995 13113
13835 10282 13032
13775 8640 13706
13092 8837 14288
13159 10579 13665
12451 9039 14777
11794 8837 15241
12898 11027 13555
11780 9614 15015
11596 9465 15241
11648 10258 14984
10694 12514 13478
15352 8029 12013
15337 8352 11420
15138 8332 12210
14749 9997 11921
13863 10767 12474
13406 11008 12692
13091 11024 13323
12900 11301 13481
12785 11735 12634
12576 11243 13855
12636 10891 14055
12588 10400 14578
11083 9965 15177
14837 8217 12722
14282 10177 12643
13796 10585 12946
13564 10926 12912
13542 11347 12142
13374 11368 12426
13056 10945 13775
12991 10600 13949
12929 10539 14157
12829 9631 14417
12600 12021 12493
11887 10660 14688
11553 12448 13190
10259 13653 9761
11261 12863 12749
14874 7922 12784
14256 10482 11935
14021 10692 12172
13909 10848 12210
11850 10955 14626
11122 13064 11484
11081 10271 15089
13467 11430 11735
10969 13269 10988
10774 12993 12062
11367 12582 13088
14433 10216 11901
13073 11253 12938
13215 11705 11973
13252 10025 14009
12403 11529 13628
12260 12019 13072
11688 11474 14252
11066 10772 14946
13957 10641 12373
13742 10836 12688
13272 11585 11960
12934 11463 12993
12532 10659 14296
12185 11177 14058
12227 11119 14244
11409 11406 14409
14434 8017 13351
14450 10156 12359
13942 10175 13222
13515 9742 13835
12607 11944 12782
12544 12280 12211
11614 12878 11018
10999 13060 11595
11105 13125 11008
13061 11357 12908
11770 10687 14743
11128 12254 13696
15415 8002 11757
15201 8305 11954
14139 10667 12087
14138 9255 13456
13102 11442 12709
12583 11713 13330
12044 11849 13501
12255 11823 13523
14978 8195 12484
13994 9676 13291
13322 11495 12180
11659 12167 13529
15015 7900 12546
14414 8290 13048
13252 8230 14395
12318 11815 13443
12031 10339 14749
11337 13123 11169
10986 12099 13919
14721 9512 12479
14570 10181 11402
13871 9472 13666
13253 11437 12640
12818 12146 11838
12607 10026 14401
12357 11755 13261
12337 11036 14014
10553 13530 11073
11040 11495 14600
14910 8920 11829
14210 9847 12949
13579 10722 12919
13589 10296 13552
12987 8796 14363
12878 11722 12711
12493 12041 12826
10825 10446 15132
9956 11537 14562
11892 12302 12823
13638 8494 13822
12704 11644 13116
11771 12836 10742
11176 12936 11670
8743 13843 9202
13989 10820 11944
13644 11169 12160
13571 10726 13243
13436 11212 12363
13132 10537 13770
12581 11439 13404
12346 12377 12212
11921 11644 13789
11677 11241 14399
14078 10572 12159
13964 10441 12704
13935 11062 11603
13999 8360 13704
13367 11121 12759
13076 10796 13488
15674 7281 11020
13774 8222 13736
11147 13067 11194
11616 9216 15318
11117 11821 13968
13310 9481 14125
12993 10747 13825
12395 9249 14829
11609 11608 14167
11449 11267 14411
13182 11288 12694
12510 10750 14241
12319 9683 14746
14260 10598 11873
13813 10893 12109
12001 9146 15000
12111 10380 14686
13075 11527 12864
12135 12508 12400
11913 11468 14196
14980 8791 11742
14863 9156 11652
11948 11983 13450
14397 8343 13112
13224 8703 14183
13023 11618 12763
12763 11469 13152
12522 12445 11459
12154 11666 13543
12727 12055 11934
12820 8774 14509
11870 12036 13341
11589 12884 12628
12347 11788 13346
13720 10570 13206
13171 8586 14373
12119 12171 12785
11806 9040 15169
10353 12890 12409
10402 13272 11395
15035 8280 12325
14902 8784 11978
13762 10887 12338
13746 10952 12626
13552 10591 13490
13444 8555 14145
13165 8706 14139
13212 11492 12365
11596 11159 14520
14104 10077 13020
14077 10433 12454
14817 8490 12419
12439 11965 13066
11100 10092 15097
14744 8859 12280
14704 9572 12021
13368 11269 12547
13147 11269 12797
12936 11630 12652
12319 11303 13904
14756 9402 11300
13606 11027 12460
14958 8525 12260
14606 9800 12653
12736 11152 13581
11423 11940 13732
14761 8400 12521
14056 8204 13533
13078 11211 13257
12995 11853 12011
11728 12674 12573
13039 11091 13426
12658 11870 12749
12498 11790 13102
12141 9773 14970
11594 9771 15153
14864 8751 12151
13774 11006 12176
14894 9096 11671
11054 12029 13923
9687 13726 9964
14117 10401 12605
13062 11645 12222
13211 11861 11299
13542 9817 13727
11572 12936 10832
9727 13559 10266
14808 9010 11869
14028 8026 13621
13715 11210 11641
13176 10522 13548
12100 11590 13783
9636 11743 14281
12225 8866 14998
13562 9568 13804
11346 11119 14925
13652 9540 13801
13650 10715 12843
13351 10874 13281
12598 11509 13337
10286 13559 10152
14832 8810 12062
13083 11076 13204
13018 11213 13108
12617 11875 12842
12610 8595 14832
12474 11459 13737
12253 10810 14290
12121 10311 14746
12016 11616 13682
13500 11405 11956
12947 12140 11430
13378 11236 12462
13033 11679 12259
12672 11327 13493
12068 11939 13340
14292 10238 12139
11401 12913 11490
12190 12101 12894
12031 12754 10540
10994 12892 11828
13889 10031 13290
11268 11469 14588
15091 8604 11953
13184 11681 12015
12785 11854 12558
15393 6893 11835
14397 9876 12662
12616 8781 14814
14402 8560 13075
14057 9887 13048
13526 11100 12664
15103 8651 11730
13444 10320 13625
12840 8501 14812
11638 12977 10798
11396 9364 15356
15021 9081 11350
14927 8724 11895
14715 8405 12536
15242 8700 11290
13007 9541 14193
13135 10934 13375
12768 12000 12209
12758 11720 12876
12159 9022 15032
9145 13917 8882
10468 13238 11665
13271 11446 12255
12791 12240 11447
15118 8605 11907
12561 12134 12560
11106 11857 14142
13767 11083 11887
11785 12875 10626
15057 8934 11442
12163 11508 13791
13310 10447 13546
11834 12393 12912
10827 10140 15220
11356 9917 15054
14300 8475 13192
13935 10375 12891
13340 11206 12914
13112 11232 12926
12032 11190 14134
15553 6973 11482
12387 12322 12487
15543 8175 11353
15081 8777 11259
14994 8961 11698
14921 9280 10958
11159 12945 11444
12753 11534 13058
12522 12014 12729
15495 7096 11363
9650 11913 14237
14246 8619 13053
12608 11119 13825
11603 12914 11192
14833 9214 11444
11376 9613 15279
15022 8676 11849
13521 8786 13950
12241 11653 13567
11381 11634 14179
9878 11887 14225
9572 12132 13828
14839 7946 12603
12819 11926 12176
11094 11512 14346
11136 13103 11368
14900 8830 11891
13055 8306 14497
10848 13046 11863
10962 9901 15180
11515 11760 14025
13601 10631 12974
13037 11266 12982
11976 11755 13680
14843 8959 11942
14565 9855 12378
12479 11871 12870
14414 10407 11633
14111 10989 11438
13802 11067 11719
12341 12282 12598
11844 11038 14479
13440 11564 11676
13271 10750 13460
13161 11806 11410
12916 11837 12272
12454 11009 13959
11836 11180 14357
10110 13678 9634
14144 10532 12034
10510 10552 15069
14853 8926 11857
14183 8646 13309
13905 6274 13877
13659 8360 13830
11305 11174 14650
13517 11485 11624
11320 9944 15059
14214 8165 13389
14098 8126 13558
13616 8297 14038
12723 10765 13959
10842 9936 15227
15274 8379 11676
14322 10442 11810
12631 12255 12177
12238 11232 13940
14149 10728 11583
11115 9888 15104
13034 11582 12589
12457 11605 13388
12331 10805 14334
13991 10803 11885
14051 10571 12205
11696 11872 13591
10840 10242 15139
9831 11617 14430
14766 9125 11762
12369 12054 12828
15121 8769 11504
14938 9220 11416
14220 8351 13371
12620 10597 14075
11996 10792 14665
13272 11341 12471
14448 9882 12433
13631 11386 11779
12814 10801 13831
12758 11939 12713
10392 13007 12100
14984 8937 11704
12103 10831 14346
14924 9050 11460
13961 10757 12311
9344 12158 13840
12104 12375 12778
11607 11844 13871
9836 11945 14039
10435 13351 11136
13364 10196 13804
12630 11319 13615
11132 11679 14260
14470 10148 11915
14045 9809 13112
12670 11180 13617
14235 10351 12674
12824 10566 13996
14272 10056 12736
13581 10787 12739
13097 10518 13873
12131 10553 14625
10698 10086 15257
14122 10822 11192
13964 10897 11494
13794 10311 13020
13293 11016 12942
13142 8796 14174
11616 9465 15115
14856 7800 12952
11978 11877 13537
14309 10092 12488
12038 11107 14281
15430 6598 11897
14888 8551 12344
13236 11592 11745
13124 11770 12163
12799 8556 14537
12756 10379 14294
11200 11866 13962
14825 9542 11119
11928 11264 14203
13933 11079 11662
12520 11502 13573
13522 10984 12726
13446 10976 12843
15134 7614 12572
12063 10970 14344
9402 13623 10508
10985 12976 11762
10110 12956 12184
14443 10373 11596
14250 10147 12681
12090 11841 13455
13453 11476 12003
12589 12139 12324
14896 8490 12380
13537 11020 12521
13433 10652 13258
13408 11675 10906
13276 10998 13246
13239 10720 13498
12903 8474 14556
12859 11356 13206
12031 11462 13879
13494 8072 14225
11750 9250 15221
11227 9799 15067
13930 10866 12054
13261 11735 11664
12489 10596 14504
11495 12018 13629
14253 10351 12206
13971 9941 13248
12547 10455 14303
14273 8353 13227
14184 10494 12175
12425 11795 13110
12013 11679 13579
9679 13572 10478
15259 8000 12323
14069 8360 13532
13943 11010 11722
12598 11152 13910
15218 8055 12048
13217 11001 13202
12111 10826 14322
13621 8547 13886
13532 8493 13924
11950 11173 14258
14808 9602 10661
12298 12725 11461
10679 13221 11365
12097 11905 13303
9412 12345 13542
14438 9821 12937
13747 11091 12331
12772 11587 12932
11184 12016 13731
10942 12908 11947
14428 10577 11589
13589 11173 12111
12898 8634 14496
11494 13104 10474
14330 7785 13592
14108 10776 11830
11345 11795 13956
11297 13290 10867
14628 10066 12135
13979 10750 11986
13711 10655 12893
12977 11919 11714
12277 12089 13005
11622 10981 14638
11298 9729 15176
9991 12649 13031
14938 8580 11991
12985 10242 14219
12333 11473 13860
11762 11820 13576
10530 10303 15146
12843 11434 13061
12335 11167 13948
11674 11304 14296
11576 13008 10801
10828 10039 15211
15140 8061 12091
11404 13135 10835
14219 10550 11921
14080 8004 13726
13757 10275 13268
13719 8158 13950
13355 8282 14280
12744 11222 13571
11869 9417 15118
11445 12232 13425
11188 10006 15102
10669 12956 12070
10064 12986 12221
13658 8221 14125
12635 11515 13164
10808 13213 11561
9958 13538 10273
13654 11230 11656
12671 11951 12602
13329 11295 12511
12937 11006 13543
11954 11540 13797
11760 12942 10231
11758 11530 14020
11661 11861 13617
14255 9674 13037
13623 10227 13312
13308 10464 13605
12367 8448 15050
12175 11555 13640
11970 12249 12932
11172 13030 11199
13954 10871 11871
13261 11515 12195
12714 11611 13031
11376 11517 14292
11434 11057 14704
9718 13643 10200
9807 13017 12339
14735 8132 12839
13593 10761 12803
13369 10444 13590
10939 10115 15207
10845 13115 11514
9640 12319 13530
14310 8058 13289
13986 9737 13255
13574 10857 12972
12646 12051 12184
12354 8770 14875
12189 11330 13909
11423 11445 14293
11187 12900 11496
10936 13198 11382
14185 8411 13381
12081 12567 12090
12267 10980 14246
13799 8199 13887
13418 11298 12194
12029 12789 12061
11716 11828 13622
10389 13381 11173
14293 8080 13530
13074 10954 13390
12837 10668 13915
10305 13623 9724
14409 10211 12084
14178 8192 13394
14026 10427 12683
11990 11794 13564
14225 9866 12764
10509 12940 12149
9608 12568 13266
14925 8256 12406
13746 8159 13904
13013 8222 14517
12928 8439 14591
12915 11097 13488
11801 12887 10506
10894 13090 11496
14768 9287 11452
14251 10286 12386
12938 11695 12535
12704 8719 14593
11776 12644 12217
10705 13219 11375
10438 12977 12063
12034 12298 12898
12055 12203 12905
10076 12941 12439
13468 11242 12325
10300 13598 10036
13355 11002 12921
10719 13054 11667
10455 13652 9276
15438 6734 11748
13526 11194 12245
12704 10401 14189
11631 11874 13649
11562 12969 10917
10341 12935 12191
9767 12006 13977
13398 11480 11696
12121 11400 13905
11982 12400 12511
11449 11674 14028
11411 11528 14266
13821 10825 12288
10707 12901 12163
10870 13312 11345
14993 7991 12491
11872 11523 13921
14487 9861 12421
14275 10291 12203
13438 8369 14163
12422 12305 11944
10725 11601 14537
11275 13024 11385
10446 12972 12183
13093 10650 13837
12177 10873 14300
11922 12431 12481
9384 13787 10119
13394 11067 12742
11753 11681 13910
11628 12917 10902
9675 13575 10385
14397 10460 11697
14392 8075 13165
12574 8622 14837
15559 7042 11286
12212 12096 13104
11295 11954 13806
15158 8807 11188
14892 9385 10872
12362 12336 11914
10455 12923 12403
9022 13546 10741
12998 8426 14510
12722 11503 13275
12539 11347 13428
12424 10251 14678
12171 12151 12829
14947 8625 11891
14456 8006 13014
13824 10925 11982
13706 8004 13956
13765 11100 11946
13586 10522 13250
13237 11284 12743
12530 11469 13488
12111 8623 15093
12012 12191 13118
11697 12297 13055
11442 9775 15034
9633 13602 10515
13705 11007 12351
13546 11092 12220
13526 8307 13942
13476 11540 11349
12698 8533 14611
11545 13030 10441
10854 10281 15023
11449 10853 14711
9906 13554 10392
14776 8268 12560
13139 11566 12170
14984 9253 10702
14915 7997 12534
13744 10589 12742
12746 11734 12727
11371 11667 14264
11039 13405 10469
10137 11241 14755
9949 13622 10207
15694 7008 11323
15305 8673 11034
12590 12310 11902
11714 12972 10268
12831 8586 14499
11507 12925 11061
8815 13921 9099
14713 8258 12660
14386 10635 11403
14240 10235 12457
10425 13132 11796
12776 11939 12245
12150 12405 12469
11208 9757 15179
14122 10727 11629
13420 9881 13767
13015 11000 13500
12045 12793 10424
11093 11944 13887
10956 12947 11831
10867 9587 15522
10782 12892 12026
10055 13580 10145
15006 8832 11472
14068 10511 12663
13547 11231 11925
13544 11100 12196
13354 11005 13010
13093 11007 13264
12812 10818 13890
14587 10121 11860
13750 10775 12724
12663 8884 14622
12333 11611 13450
12305 11846 13160
11358 11922 13772
14351 8275 13115
14295 7809 13411
13265 10374 13631
13215 11018 13261
12656 10587 14280
12293 10257 14592
15162 8476 11766
13243 11710 11737
12873 11395 13090
12411 11261 13787
11660 12293 13158
10214 13155 11790
14529 10145 11959
13108 10446 13844
12886 11756 12287
14470 7989 13141
13704 11104 12021
13536 11125 12305
13234 11609 11804
12882 11554 12892
12288 12024 12836
12360 12416 12096
12140 12017 13237
11451 12149 13572
15003 8366 12173
13636 11251 11726
13143 11736 11740
12992 11640 12403
12700 12054 11980
9680 13698 10107
14125 9950 12945
13418 9889 13743
12496 11725 13219
12337 8643 14955
15002 9033 11419
14611 10126 11677
14584 10351 11358
9953 13650 9984
15080 8824 11229
14912 8124 12580
14882 8708 12059
14826 8967 11777
12542 11768 13055
9684 12909 12454
14742 8941 12113
14590 7791 13120
13500 10023 13687
12763 10626 13961
14287 9852 12743
13942 10875 12051
13273 10515 13532
9701 13569 10391
15322 8613 11492
13919 10815 12125
13111 8096 14445
12710 10569 14072
12660 12090 12068
11539 11914 13867
10496 13597 9551
13339 10636 13317
12652 12001 12537
12228 11917 13132
11806 12827 10678
11773 12253 13304
15030 7696 12553
14802 9176 11667
14626 9565 12257
13381 10184 13681
13203 10084 14058
12979 11290 13081
12978 12031 11687
12324 12460 12274
11162 12897 11786
10028 13674 9754
9516 11723 14367
12717 11994 12438
12040 12167 13110
11387 11191 14526
14275 8118 13299
14226 9193 13235
13846 8025 13856
13724 8714 13739
12960 8795 14409
12780 12037 11948
11774 12981 10115
11772 11569 13904
14763 8354 12608
13994 10691 12218
13225 11900 11183
12608 11716 13040
11360 9391 15361
11123 9412 15479
10957 13118 11409
14795 8275 12536
14404 10346 12137
13979 9880 13284
13806 10575 12721
13767 10396 13175
13402 8396 14168
13265 11102 12918
12873 10798 13875
12676 10338 14357
12016 10543 14742
12003 11921 13380
15459 7949 11629
15040 8994 10984
14203 9600 13282
13406 10032 13720
12520 12056 12584
11290 11735 14070
11270 13384 10476
11000 13186 11224
13846 11191 11464
13347 9763 14119
12199 8518 15000
10111 13082 11813
15203 8259 12041
14061 8421 13496
13425 11176 12416
13233 8647 14165
13048 11621 12473
11864 12530 12593
11065 9977 15109
11030 9966 15135
9994 11965 13965
14943 8859 11728
14775 8880 12012
13018 8146 14509
12750 11321 13450
12583 10892 14013
11024 13195 11007
14801 9017 11756
12960 11961 12017
12814 9835 14410
12630 12006 12327
12698 11412 13349
12463 12250 12219
11555 10812 14640
11068 12068 13807
10332 10400 15147
9845 11656 14314
14770 9241 11700
13700 11260 11347
11428 11840 13950
13847 9947 13310
12794 8881 14437
9815 13171 11825
15094 8863 11113
14921 9059 11624
13857 7732 13830
13642 9609 13741
13190 11226 12883
13029 7958 14499
12361 11587 13442
11781 11864 13539
11489 10714 14713
10491 13104 11760
10095 13686 9420
14407 8016 13397
13760 8391 13828
13269 11454 12231
13193 11439 12491
14936 8626 11904
14598 7588 13066
13184 11955 10908
12929 11136 13372
11333 8987 15407
11203 9802 15109
11028 12207 13805
10346 13568 9999
10342 13061 11820
10029 13786 9727
15184 8742 11248
14423 10250 11968
14335 10590 11512
14255 10271 12252
14208 10725 11627
14040 10746 11911
13754 10501 12966
13502 8011 14261
12971 8502 14383
12945 11699 12302
12795 11148 13538
12403 12281 12189
12143 8728 15052
11389 12299 13290
11135 12991 11395
11108 11682 14302
9744 11697 14355
15545 7585 10542
13957 9971 13229
13298 11601 11572
12861 8991 14335
12841 11476 12916
12814 11514 13043
12814 11461 13158
15039 8148 12361
14847 7921 12830
14763 8994 12033
14507 7777 13333
14314 8570 13053
14167 10611 11796
13892 10908 11752
13761 10020 13346
13083 11825 11888
12128 12139 12987
12084 12382 12555
10976 13031 11684
9718 12100 13939
14953 9016 11423
13369 11041 12805
13218 9880 14065
13154 11516 12464
12836 11780 12525
12566 11773 12872
11267 9945 15017
11020 13341 10897
10469 13691 9160
14484 10318 11871
14194 10406 12399
13379 11271 12273
13283 11543 12039
13100 8596 14213
13071 10741 13782
12328 11857 13138
11701 12768 12182
10954 9911 15214
10046 13150 11832
15013 9088 10593
13449 11360 12065
13375 9826 13951
13281 11381 12349
13150 10849 13359
13006 11678 12305
12997 12195 11319
12992 11371 12934
12614 10676 14172
12291 11010 14024
11685 11494 14208
9720 13531 10409
9403 13749 10137
15071 7641 12828
14837 8248 12545
14754 8475 12486
13822 10860 12099
13668 10574 13002
13322 11574 11275
13150 11536 12071
12568 12044 12420
12524 12287 11988
11444 12968 11137
11356 11407 14367
10998 12889 12017
15140 8356 11792
13163 8723 14198
12620 11418 13392
12585 11407 13418
12335 8949 14867
12005 9014 15036
11807 11749 13857
11633 10462 14977
10914 12932 11900
10683 10290 15250
9676 13701 10014
14953 8790 11788
14418 7723 13371
13685 7786 13984
13587 10661 12955
12768 11762 12571
11978 10113 14761
11755 12917 10543
11916 11448 14240
15378 8297 11695
15151 8004 12091
15157 7915 12440
15041 8168 12228
14873 8189 12512
13856 8284 13728
13774 10896 12335
13604 11225 11897
12858 11359 13295
12788 8505 14608
12708 11742 12819
12436 12344 11828
12433 11514 13462
11794 11966 13458
11732 12308 13029
11673 12206 13413
10745 11352 14614
8505 13818 9492
14931 8801 11733
14682 9306 12539
13948 10875 11669
13759 10028 13322
13730 11151 11873
13673 11354 10956
13182 8544 14206
13169 11745 11446
13045 11250 12956
12708 10969 13952
11963 11120 14217
11766 11804 13582
9986 13181 11802
9424 13620 10421
15047 8910 11448
14879 8931 11732
13877 7642 13782
13219 11573 12009
13116 11605 12311
12284 10540 14549
12200 10811 14248
10922 12488 13466
10577 13234 11554
10568 10474 15027
14824 9028 11734
14252 8135 13255
13280 11639 11495
11717 10688 14701
15064 8469 12096
14916 8583 12074
14807 8832 12024
14692 7651 13052
12830 11911 12313
12283 12515 11999
9822 11347 14692
9676 12755 12968
9634 13728 10144
14589 9860 12195
14460 10087 12419
14421 9881 12479
14158 10571 11918
13485 11155 12389
12466 12135 12435
15157 8836 10857
14942 9311 10516
13929 10727 12349
13815 9769 13604
13583 8421 13896
13493 9256 13848
12410 12154 12365
12376 12375 11798
11505 13045 10715
10666 13330 11143
10099 13784 9123
9907 13680 10021
9586 12302 13784
15039 8788 11786
14510 7650 13287
14070 10911 11462
13902 10932 11746
13273 11552 11934
12657 11334 13373
12423 8238 14998
11318 9191 15400
10998 13075 11415
14957 9069 11415
14836 8622 12223
14789 9090 11699
13290 9966 13881
13104 11362 12755
12786 11626 12816
11121 9718 15391
11136 12255 13509
9946 12074 13927
14848 9435 10963
14643 9505 12715
14112 10761 11696
13018 11864 11989
12982 11440 12874
12970 11374 12921
12896 8940 14408
12026 12230 13002
11310 13217 10778
10993 13435 10506
10420 13141 11674
9655 13599 10428
14457 10412 11480
14355 8200 13230
14300 10176 12328
14187 8164 13435
14162 10228 12693
14060 9605 13119
13624 8420 13840
13016 11702 12299
12766 11488 13053
12094 10852 14319
12011 10588 14672
11938 11714 13722
11763 12899 10462
11605 12888 10991
11529 10894 14648
11305 12924 11359
9217 13995 8779
13835 8211 13804
13158 8167 14409
13097 11239 12806
12303 12365 12370
11417 13048 11090
11393 11933 13746
11140 9539 15399
10934 11776 14261
10510 13066 11778
9335 12019 14174
14873 8653 12160
13833 10290 13008
13743 8535 13747
13665 10311 13292
13562 9892 13598
13366 10670 13288
13226 11531 12249
13046 8947 14288
12915 8761 14416
12741 11999 12255
12355 11739 13342
11028 10272 15047
11011 12974 11772
14382 10080 12655
13833 11370 10877
13571 11182 12033
13414 10946 12881
13386 9859 13781
13253 7678 14497
13174 10375 13672
12688 10660 14017
12346 10601 14341
12028 10865 14402
11872 11616 13795
11234 13028 11187
10809 10152 15152
10774 10141 15178
9608 11971 14051
15041 8808 11653
14881 9226 11322
14873 8829 11937
13575 8479 13889
13417 11159 12489
13123 11521 12313
13035 11283 13041
12168 11835 13412
12096 11243 13919
12001 11406 13975
11953 11153 14302
11918 11142 14328
11728 13011 10152
11241 9969 15023
9678 13587 10298
15351 8391 11304
14889 8690 12049
14451 8093 13130
13983 9748 13320
11960 12282 13017
11501 12125 13532
11080 13350 10744
10973 11326 14602
9948 12543 13162
14765 8759 12105
14694 9606 12088
14479 9991 12250
14264 10466 11909
13679 8003 14002
13677 11196 12001
13572 10865 12948
13496 10850 13208
12851 10889 13820
12795 11644 12775
12760 11633 12801
11554 11308 14336
10093 13559 10196
15263 8731 10848
14968 8229 12368
14914 7762 12610
14700 8192 12849
13694 8193 13915
13444 11151 12399
12164 12444 12353
11149 9654 15291
10937 13324 11011
15377 6599 11855
14779 8751 12274
13490 11579 11233
13447 11364 12007
13307 11545 11886
13033 11585 12678
12608 11740 12845
12354 12466 11743
10069 13619 10029
10065 13112 11850
14151 8191 13440
13789 7704 14003
11655 11026 14516
11567 12487 13074
11201 10108 15021
10432 10614 15023
15077 8383 12048
14960 9091 11233
14601 10160 11744
14433 10181 12028
14246 8352 13273
14218 10656 11687
14166 7636 13692
13492 8338 13976
12934 8797 14321
12604 12349 11786
12405 11029 14020
12121 11657 13607
12106 9023 14990
11935 11534 13803
11687 11855 13719
11295 13007 11316
10978 13225 11044
10151 10696 14954
9664 11952 14121
9452 12112 13914
15374 6526 12080
15102 8761 11530
14875 8783 12024
14788 9657 10392
14621 9596 12660
13791 11116 11558
13530 9538 13842
13383 9949 13753
13041 11883 11702
12390 12006 12880
11920 12511 12663
11887 8903 15095
11377 13229 10444
10024 11724 14264
9692 11741 14350
15381 8299 11292
14810 8216 12768
14043 11005 11071
14007 10377 12686
13814 7995 13894
13665 11391 11161
12986 8221 14563
13107 10191 14158
12748 12007 11986
11854 12563 12678
11446 11379 14364
11326 12965 11222
11255 11196 14593
10080 12969 12216
14791 9027 11787
14595 7715 13112
14378 9826 12665
14356 8053 13274
13332 11426 12240
12992 9745 14186
12676 11159 13674
12016 11364 14059
12007 12392 12507
12009 10894 14584
11311 13329 10751
11356 12228 13684
10086 12983 12134
9717 12564 13155
14994 8497 12050
13814 7669 14038
13557 11181 12049
13491 8658 13953
13469 10943 12777
12996 12056 11614
12905 11886 12111
12821 11372 13124
12339 12670 11736
10131 13078 12120
15562 7525 11000
14842 9503 10568
14746 9021 11970
13828 10945 11895
13612 10299 13341
13456 11160 12396
13157 11775 11624
12633 11532 13223
12489 11255 13744
11848 12432 12796
11788 12049 13311
10805 9925 15337
15159 8363 11768
14987 8542 12015
14878 7789 12615
14734 7897 12915
14408 10214 12173
13986 9879 13049
13814 11161 11502
13786 10892 12155
13553 8570 13834
12822 11969 11936
12766 10310 14354
12739 9906 14400
12592 10230 14394
12106 10515 14739
12079 10111 14785
12062 12116 13073
11930 8434 15159
11822 11545 13864
11636 11020 14522
11333 11878 13929
11162 11750 14249
11065 13140 11282
10403 9943 15271
10010 12642 12946
9563 11993 14162
13877 9830 13396
13499 11193 12291
13113 10933 13378
13078 10922 13404
12714 12093 11864
12544 11507 13390
12377 12483 10267
12174 10893 14256
12129 10108 14692
12126 9977 14963
11936 12869 10066
11875 10728 14668
11078 9877 15214
10544 10473 15102
14381 8018 13309
13409 11352 12258
13371 11479 11742
13261 11277 12557
12954 11162 13309
12941 11714 12436
12773 11735 12720
12770 11604 12991
12779 12161 11714
12268 11569 13499
12038 11932 13354
11453 12934 11161
11051 10976 14939
10038 12996 12346
15796 7211 10851
15222 8755 11021
15030 9028 11051
14604 7830 13004
14520 7909 13159
14254 10499 11994
13940 10797 12114
13884 10225 13058
13768 10784 12339
13547 10096 13591
12941 11379 12928
12566 11774 12854
12473 12451 9973
11837 12624 12202
11469 9943 15011
15129 8667 11342
14726 9117 11955
13893 10433 12705
13725 10454 12989
13722 10323 13260
13650 11595 11154
12673 10864 14010
12276 11873 13257
10813 11539 14316
10740 13503 9469
10311 12948 12223
8685 13386 11196
15337 7780 12135
14788 9017 11792
14766 9660 10475
14707 10055 11735
13495 8788 13862
12563 11141 13936
12442 11077 13939
11782 11282 14324
11421 13088 10598
11368 12708 12717
11173 12939 11502
10958 13244 11038
15109 9077 10724
14821 7923 12742
14280 10515 11606
14197 8423 13307
14020 9955 13034
13944 9940 13294
13210 11509 12424
13050 11533 12608
12997 7928 14537
12802 11964 11940
12580 12038 12391
12412 12059 12675
12323 12348 12301
12319 11941 13072
11969 12854 10334
11842 12264 13111
11570 11072 14537
11535 11061 14563
10354 13016 12038
10312 10649 15070
14259 8484 13099
13240 11555 11998
12776 12030 11985
12709 10649 13975
11964 12380 12720
11675 12031 13573
10859 13154 11398
10017 10506 15084
15652 7066 11137
15036 9058 11015
14715 8438 12507
14336 10481 11694
14168 10502 11978
14039 9451 13382
13818 10694 12559
13594 10199 13399
13339 11546 11847
13318 11589 11409
13281 11638 11709
13113 10769 13443
13134 10725 13587
12843 9670 14301
11894 12135 13121
10576 13536 9128
15244 8334 11791
15076 8355 12075
14046 10580 12097
14008 10716 11949
11791 9244 15162
11709 12873 10970
9892 11926 14109
9697 12260 13552
14688 7560 13063
14460 9860 12467
13930 10640 12419
13505 10174 13566
12695 11728 12956
11186 10312 15014
10404 13030 11997
15288 8418 11560
14891 7906 12608
14110 7933 13630
13450 11251 12247
13300 9897 13941
13282 11272 12531
13282 8159 14299
13153 10221 13935
12958 9838 14265
12894 11571 12790
12527 11813 12884
12383 11536 13405
12075 11848 13335
11957 10440 14854
11829 12893 10375
11742 12713 12457
11682 12330 12972
11616 12841 11103
11340 9640 15284
11022 12535 13357
10818 10027 15256
10452 13016 11947
10143 13192 11704
9888 12574 13132
9654 12489 13486
13778 10026 13322
13560 8565 13839
13442 9600 14063
13160 11350 12650
12989 11240 13205
12782 9805 14448
12687 9968 14504
12567 10905 14081
12206 10367 14593
11907 11110 14466
11725 8812 15282
11189 9905 15093
10531 13264 11591
10368 13059 11830
9359 12346 13500
8916 13365 11203
15200 8758 11104
15097 8549 11935
14959 9251 10974
14729 8553 12323
14365 8074 13211
13860 10878 11790
13631 8220 14171
13574 10630 13020
13509 11217 12285
13419 11616 11147
13259 11003 13039
12971 8425 14556
12609 11989 12695
12565 12232 12263
12067 8789 15118
11613 9592 15161
11539 10825 14708
10986 13123 11337
9641 11643 14499
14920 8624 11937
13945 10079 12999
12687 12064 12143
12396 8929 14852
12016 12023 13299
11897 12202 13041
11429 11102 14634
11214 12898 11495
11101 12348 13305
11066 12337 13331
14909 8685 11905
14821 8500 12387
14376 8125 13140
14154 10790 11209
13978 8067 13735
13843 10221 13068
13726 7731 14259
13628 10606 13230
13234 11514 12241
13150 8293 14404
12892 10796 13875
12764 11360 13334
12621 8684 14661
12524 10789 14125
11864 10994 14510
11038 13234 10891
11002 11963 13963
15192 7949 12366
14442 10376 11685
14090 10495 12214
13431 7588 14273
13429 11145 12638
13282 11777 11414
13181 10175 14003
12644 12045 12211
12556 11807 12939
12533 12386 11700
12170 12154 12918
11702 11054 14511
11319 11213 14534
11029 12333 13434
10772 10447 15090
14239 8104 13320
14071 8125 13604
13714 11299 11231
13531 10929 12756
13499 8306 13988
12997 7853 14540
12793 8773 14555
12724 10110 14393
12683 8622 14594
12086 12197 12801
11426 13028 10770
11275 11915 13840
11017 12936 11687
10976 11884 14147
10388 10147 15264
14947 7682 12766
14636 10065 11575
14615 7730 13018
14002 10835 11758
13902 10378 12735
13432 9688 13839
13094 8857 14220
13069 9761 14177
12938 10405 14008
12772 9893 14224
12453 11797 13003
12264 9063 14957
12241 9987 14846
11996 11451 13905
11735 9454 15214
11668 12697 12576
11621 11305 14254
11336 11656 14290
10780 10547 14982
10659 10483 14985
15495 6834 11618
14728 9054 12043
14657 9901 12026
14232 9435 13173
13770 11037 11757
13698 11121 11911
13633 8285 13915
13581 10820 12710
13559 10019 13644
13530 11142 12195
13465 8306 14199
13404 9661 13842
13204 11265 12767
13197 10778 13312
13144 10882 13282
12719 11733 12773
12655 12038 12144
11748 12863 10667
11613 10711 14900
11604 12323 13208
11569 12312 13234
11521 11345 14308
11492 10647 14903
11290 12888 11564
11041 11513 14304
10977 13157 11313
10683 12995 11954
10374 13171 11711
14931 8524 12306
14523 9913 12192
14095 10426 12508
14015 10836 11556
13937 10666 12385
13860 8152 13764
13348 9902 13824
13129 11388 12692
13032 8378 14433
12990 11379 12910
12914 11364 13170
12828 12069 11784
12610 12059 12351
11886 11562 13805
11305 11393 14487
15437 8040 11574
15014 9101 10495
13632 8359 13876
13485 11455 11662
13348 11380 12016
13192 11620 12051
13104 10765 13540
13016 11148 13288
13015 11960 11445
12847 11981 11729
12546 10458 14392
11886 10663 14777
11436 13026 10997
10960 13130 11322
