40 3
14190
757 764 97 170
557 600 668 335
911 922 143 635
600 169 813 967
855 367 305 982
828 394 645 929
546 665 905 234
703 543 787 676
606 698 24 848
500 59 307 990
834 461 643 897
786 400 724 732
578 446 371 610
512 562 342 316
656 938 115 125
863 299 563 666
880 76 55 599
667 808 479 451
533 299 407 347
882 912 389 232
885 106 157 926
837 847 284 378
584 145 385 963
822 974 28 548
595 541 292 653
561 684 847 716
590 163 76 712
819 694 75 502
582 822 825 295
797 703 415 961
870 490 358 452
616 229 182 777
912 111 756 307
898 518 835 84
618 761 167 655
834 306 627 375
549 705 652 512
583 356 423 902
518 79 521 246
856 595 793 422
1237
9338 9362 16194
14117 9612 11946
13744 10615 11855
13338 10242 13099
13195 9787 13626
13086 10751 13143
13273 11150 11104
12813 11466 12849
12680 11604 12164
12583 12130 11704
12508 11261 13638
12286 12050 12016
12209 11644 13573
12186 10424 14705
11673 11039 15054
11579 10701 15139
11231 12334 13534
11326 10658 15363
10956 12188 14021
10958 12653 13221
10555 12682 13822
10863 11868 14771
10687 12112 14525
14056 9693 11781
14047 10069 11128
14066 10182 10594
13697 10087 12576
13543 10467 12362
13486 10883 11814
13133 11243 11613
12952 10601 13618
12946 10522 13815
13039 11323 12168
13049 11077 12571
12912 11579 11998
12518 12025 11850
12355 10632 14455
12307 11113 14145
12119 11849 12836
12075 11836 13445
11197 12671 11663
10981 9871 15721
10727 12186 14239
10740 10985 15460
10507 12767 13442
10165 9885 16012
10554 13079 13238
9804 13086 12882
9610 13264 12700
14512 9472 10476
13865 10121 11990
13798 10123 12022
13649 10694 11812
13625 10726 11236
12959 11007 12973
12921 11628 11017
12783 10948 13389
12645 11769 12020
12055 11622 14189
12229 11858 12829
11118 11201 15401
11416 11914 14411
11346 11689 14841
10711 12811 13433
10719 10935 15797
11083 11754 14872
10257 11175 15489
10387 10042 15972
14050 9614 11978
13954 10175 11530
13082 10565 13454
13110 10298 13602
12974 11218 12314
12629 10926 14005
11471 12425 12811
11355 12056 13772
11409 10210 15319
11293 10239 15613
10567 11638 15015
13568 10534 12049
13391 10678 12517
13301 10730 12809
13348 9996 13502
13291 10976 12406
13196 11055 12363
12881 10417 13961
12672 11488 12721
11861 11977 13220
11725 10924 14967
10774 12954 13240
10335 12807 13820
14108 9988 11293
14251 9762 11471
12973 10800 13029
12956 10276 14218
11812 11901 13476
11656 12005 13688
11692 10505 15217
11704 12322 12569
11251 12548 12790
14712 8896 11149
13496 9939 13083
12374 11771 12398
12217 10668 14482
12276 12140 11544
11628 12157 13006
14474 9567 10988
13599 9868 12643
13561 10044 12937
13174 10986 12639
12922 11333 12401
11937 11927 13038
11908 11658 13926
11598 11180 14797
10044 13186 12239
10459 11624 15085
10174 13185 12316
14350 9044 11551
14335 9709 10973
13890 10319 11548
13847 10454 10920
13553 10797 10943
13347 10377 12687
12998 10959 12837
13189 9708 13823
12675 11757 12045
12741 11523 12329
12573 11366 13492
11188 11426 14971
11143 12789 12001
10342 12871 13529
9873 13199 12669
10037 11289 15388
13830 9779 12408
13492 10962 11617
13069 11311 12193
12660 11390 12908
12434 10857 14315
12405 11678 12743
11938 11333 14314
11196 12028 14310
10755 11854 14841
14458 9288 11246
14031 9927 11901
13866 9391 12324
12656 11204 13219
12528 11793 11782
12295 11722 13546
11989 11758 13472
11593 11862 13881
11331 12596 12360
11168 12508 13388
10883 12528 13532
10635 11380 15331
13425 10964 11649
11957 11886 13140
12247 10343 14870
11879 12317 12072
9939 8875 16113
13844 10317 11966
13080 10672 13340
12700 9982 14319
12101 10697 14776
11527 12465 12573
10661 13020 11738
10562 12746 13531
10787 11524 15116
14148 10099 11038
12172 10484 14613
11499 12310 13224
10307 13121 12208
10023 12077 14801
13800 10016 12136
13031 11410 11501
12737 11142 13279
12635 11005 13808
10940 12720 12719
11033 9756 15634
10459 10452 15818
14021 10173 11498
11262 12776 11517
10492 12539 14015
9867 9589 16078
13643 10169 12473
12973 11626 11346
12799 11232 12891
12056 12265 11542
11813 11737 13883
11714 11772 13613
10842 12803 12354
10965 9300 15739
14846 9046 10674
13677 10617 11887
12526 11582 12780
10835 10906 15503
14525 9286 11214
14368 9340 11538
11676 12219 12944
11013 10286 15567
14604 9161 10368
13332 10163 13296
11320 12218 13465
11011 12448 13433
13917 9594 12203
12441 11263 13670
11232 10320 15448
10403 12549 14136
14645 8898 11181
13523 10405 12576
12265 11285 13771
10286 12012 14770
11049 12064 14047
12808 11107 13197
12747 11602 12132
12583 11120 13895
10147 13000 13461
13968 9470 12199
13955 9380 12288
13334 11069 11269
11668 11405 14367
10088 9176 16092
9560 9519 16154
12080 12104 12458
11807 11189 14579
11436 12128 13667
11019 12331 13828
10651 11193 15481
10091 12439 14260
9839 13414 11694
12518 10654 14129
12436 12166 11441
11978 11664 13851
10752 10703 15514
12655 10015 14230
11111 12710 12259
10616 10372 15879
11840 12004 13101
11423 12550 12178
11299 10318 15416
12739 11689 11465
11743 11264 14624
12343 12039 12427
11920 10993 14657
11548 12515 12236
10989 12767 12617
14281 9525 11743
13125 10703 13007
10320 8897 16000
9488 10195 15992
11564 12415 13078
11861 12054 12764
11984 10408 14901
11007 12897 11983
10225 12352 14217
13326 10851 12500
13502 10730 11549
13307 11269 10498
12028 11282 14242
11177 12574 12976
12401 10438 14565
13573 10142 12750
12721 11309 13073
11740 11802 13502
11792 11687 14220
10907 11998 14626
13795 10569 11007
11523 11637 14311
11253 12220 13497
12371 11922 11995
11762 10730 14787
9903 13269 11913
13553 10221 12765
11881 9845 14983
9421 13284 12250
12746 11468 12881
11523 11378 14523
9832 13350 11985
12869 11026 13362
12101 12154 12121
11107 12718 13123
13293 11113 11441
11954 12176 12329
10923 12903 11900
14015 10094 11695
13255 10667 12843
11307 12579 12472
9563 13384 11826
11629 11775 14304
10948 12633 13386
13381 10924 12114
11926 11072 14460
13754 10369 12258
12885 10603 13650
11743 11512 14313
11659 12431 11971
10023 12697 13944
12372 11218 13999
11190 9676 15695
12455 11882 12043
12446 11616 12485
10927 9741 15726
13632 9593 12869
10526 13115 11314
14460 9405 11193
11390 10744 15156
10560 12281 14331
13659 10448 12215
12382 10972 14402
11724 12536 11825
13192 10701 12975
12875 11105 13165
11287 12365 13216
10971 11237 15138
10947 11423 15237
10443 11755 15064
12849 11436 12191
10356 12237 14340
10107 12319 14380
11245 12316 13292
9990 10977 15592
12506 11368 13524
12379 11519 13360
11104 11804 14535
10149 9314 16030
14194 9152 11846
11790 12400 12542
10804 12631 13837
13937 9520 12243
10414 13285 11673
9556 13320 12117
12139 11419 14003
10418 10674 15809
12678 10168 14220
11754 12520 11032
10065 13236 11902
11410 11104 15085
13582 10696 11844
13246 10792 12537
11328 12668 11885
12278 11934 12573
10523 12009 14548
11100 12851 11370
9955 12335 14485
9927 11639 15207
10975 11740 14942
10933 12093 14341
12121 12370 11396
9318 9790 16167
13633 9657 12625
13700 9655 12593
13226 10871 12552
10947 12072 14340
12333 11834 12728
11586 11789 14198
11108 12754 12133
9910 13333 11622
11199 11725 14578
10353 10437 15910
13448 10546 12319
13399 10161 13264
11482 12651 11519
8890 10104 16049
14317 9835 10793
11338 12660 12069
11956 11975 12807
11328 12640 12234
13254 11180 11944
11725 12295 12688
10223 11869 14963
13642 9347 13272
11944 12422 11926
12426 11402 13229
10461 13143 11592
12461 11477 12926
12502 11182 13835
11313 11270 15091
14435 9338 11506
11540 12104 13566
10831 12271 13845
11050 11459 15085
11472 12032 14010
10979 11839 14477
10424 12177 14556
12196 12075 12164
9331 10275 15931
9452 9026 16378
13796 9369 12656
11874 11187 14547
10670 13117 10863
14047 9537 12064
12674 10957 13672
11928 11872 13182
11389 11574 14464
11282 12145 14033
10962 13006 11385
9674 9183 16338
9911 13250 12347
8876 9758 16205
13500 10823 11906
11577 12572 11562
13895 9884 12262
10640 13047 11619
10855 11266 15432
11252 11351 14926
13135 10457 13410
12341 12245 11398
9165 13413 11990
14174 9804 11133
12253 10422 14673
9474 9849 16148
11774 12116 13040
11383 11495 14661
9756 12510 14146
13687 10371 12290
9175 10216 15950
12825 10857 13448
12681 11363 13027
11339 11956 14073
10789 12779 12402
11726 11823 13503
10681 13018 11594
14118 9742 11696
11810 9751 15247
11184 12638 12685
13579 10221 12553
13486 11011 10997
9668 13448 11316
9620 13120 12688
10855 12839 11999
11132 12877 11171
12022 11203 14439
11659 12599 10989
9260 13334 12033
11640 10620 15304
8829 9446 16409
11976 12189 12063
11643 12436 12279
10027 13221 12053
8955 10341 15948
9696 10006 16108
13922 10313 11177
12326 11235 13776
12112 11814 13376
11733 12411 12131
11613 12076 13137
11200 12286 13624
10064 13355 11006
14124 9130 12178
14348 9523 11711
13712 9369 12940
13164 11232 12236
12216 12280 11340
11359 12170 13329
10787 13011 11882
12670 11144 13311
11780 12195 12843
11352 12763 11272
10845 12819 12164
13373 11011 11447
12516 11672 12308
11901 12484 11295
11688 11772 13825
9158 13349 12281
11777 10477 14881
11473 12106 13598
11320 12737 11471
13181 9847 13534
11012 12062 14116
14581 8955 11316
11180 12784 10976
14464 9367 11049
13976 10044 12025
9726 9068 16251
12895 10357 14053
10572 10971 15534
13114 9849 13566
10147 11525 15308
10375 12013 14748
12778 11767 11387
11057 12927 11428
10732 10282 15596
14651 8977 10984
12042 12053 12780
11698 10584 15020
11827 11134 14749
8894 9683 16308
14198 9936 11001
12593 11898 11636
10848 12775 12290
12748 11361 12995
11970 12304 12138
10196 10517 15849
13163 11513 11323
11515 12608 11539
9323 13284 12469
12582 11626 12213
11852 12039 12858
9539 10086 16047
11854 10156 15069
11428 10868 15145
13767 10565 11595
12325 11402 13383
10679 11510 15186
13255 11140 11664
12122 10747 14439
11405 12561 12094
12245 11326 13669
11759 11392 14433
10057 13291 11297
13096 11515 11355
11262 12811 10403
11199 10914 15193
14217 9024 11776
8528 9185 16421
13834 10563 11563
10006 13171 12390
11974 12395 11034
12962 10355 14021
12796 11678 11876
11626 12054 13394
10888 12446 13705
12353 11793 12830
10942 12792 12129
14268 8900 11772
9645 9432 16118
9536 13106 12861
9517 9263 16277
13339 11223 10426
13309 11063 11527
11961 11284 14274
13432 9793 13316
11491 12639 12067
9407 13298 12296
12976 11180 12361
12854 11630 11049
11314 12139 13662
13982 9699 12057
10623 12424 14138
10477 11050 15491
9176 13320 12206
13231 11406 10836
11504 12696 10709
11882 12027 12883
11650 12054 13068
11505 12577 11605
10807 12335 14060
14374 9419 11341
11783 11786 13589
11735 12483 11541
12179 11812 13344
9902 9950 16043
12440 11504 12807
11357 12732 10446
11571 12128 13124
9270 10137 15993
13963 10230 11287
12965 10214 13775
12719 10802 13622
11947 12132 12737
11804 12178 12595
10155 12127 14647
13718 10620 10834
12187 12223 12014
11663 11285 14651
11548 12554 11986
12239 11247 13866
11319 11349 14894
13440 11009 11415
13110 10900 12846
14116 9849 11582
13098 11408 11469
12669 11919 10789
11534 12025 13763
14945 8328 10754
13260 10987 11783
11713 12197 12875
9905 9128 16147
14494 8582 11419
14169 9618 11692
13206 10809 12766
12611 11593 12351
11737 12277 12570
11358 11301 14758
10926 12192 13888
9248 13156 12859
13681 10824 10372
12407 10517 14368
11151 12727 11650
13856 10335 11055
13702 9615 12537
12633 9984 14351
11725 12463 11706
12923 11422 12046
11998 11878 13107
11108 12321 13707
10461 13178 10478
13777 9474 12794
12067 11896 12634
13253 11247 11550
12999 10838 12934
12758 10859 13480
11878 11707 13632
10371 9471 15990
9051 9603 16369
14206 9797 11290
12501 11423 12972
12046 11950 12659
14212 9876 11093
12606 9644 14404
13649 10870 10444
12727 11886 10879
12418 11618 12844
11724 12582 10810
10542 9054 15960
10203 13247 11734
13909 10046 12057
11977 11948 12926
11870 11929 13070
11269 11731 14503
14085 10132 10923
13046 11537 11085
10660 12968 11931
13256 10546 12940
12132 12028 12632
11547 12634 11340
14425 9657 10681
13458 10300 12722
11577 12607 10448
12742 11282 13192
11727 12257 12735
11572 11801 14119
11400 11350 14682
14214 9043 11813
13913 10527 10242
13147 10670 13308
11361 12586 12155
13244 10448 13127
11227 12178 13535
13295 11183 10891
12480 9775 14475
11773 10218 15009
12578 10060 14277
11902 12243 12158
11793 11249 14487
11638 12549 11326
11341 9754 15424
10218 12270 14454
12370 11783 12161
11865 11979 12959
11382 12736 10380
12266 11836 12760
14442 9738 10123
14273 9795 11258
12547 11213 13502
9151 8765 16390
14063 9211 12013
12024 12064 12696
11800 12409 12099
14041 9990 11325
12547 9773 14443
11230 12147 13704
13713 10371 12078
11320 12684 11530
14167 8812 11899
14021 10349 10130
12683 11846 11344
11965 11850 13113
11040 12260 13727
10682 9005 15841
13549 11154 10804
11564 11199 14780
11401 11287 14864
14399 9486 11028
14130 9209 11981
12595 11530 12383
11730 12213 12861
13512 10223 12585
12802 11501 12215
12288 10634 14487
11166 12715 12087
11236 10447 15431
12729 11680 11908
12364 11858 12286
11014 10290 15471
10350 13094 11725
9096 9633 16207
13931 10401 10422
12178 11328 13701
12126 10678 14503
12153 10005 14955
11494 9256 15372
13808 10568 10542
12892 10904 13011
12554 10336 14225
12032 11848 13081
12070 10862 14526
11428 12496 12260
12713 10723 13819
11957 12141 12294
10942 11837 14546
10849 10571 15471
13311 10446 13095
12528 11475 12894
11711 11973 13233
10951 12589 13512
10655 12202 14374
10021 9544 16085
14442 8293 11428
13896 10446 10800
12856 11424 12078
11582 11463 14508
13796 9166 12754
13202 10455 13378
12495 11692 12229
10650 12603 13865
10026 8330 16194
9922 13298 11693
13861 9474 12510
13383 11061 11149
13261 10746 12646
11885 12193 12215
11436 12167 13417
14067 9995 11168
14027 10007 11342
13952 9469 12297
13869 10487 10707
13435 10718 12052
12895 11069 12716
12819 10778 13645
12615 9331 14372
12438 11832 12100
11581 12461 12157
11181 12704 11622
11103 12403 13534
9960 11934 14994
14699 9082 10411
13015 10567 13486
12138 10503 14596
12067 11234 14106
11656 11356 14585
10824 10634 15595
14188 8812 11893
13756 10169 12023
13563 9937 13051
12602 11921 10821
11787 10158 15101
11540 12570 11631
11325 12068 13747
10516 13095 11479
14315 9524 11268
13572 10736 11474
13001 8972 13853
12794 11884 10847
12122 12118 12160
12044 12278 11952
11858 12424 11328
11815 11740 13517
11737 12011 13138
9073 13454 11558
14165 10180 10480
13263 11229 10963
12382 11275 13538
11135 12181 13770
10780 12786 12390
8919 13432 12174
14142 8863 11855
12528 11654 12190
12353 12048 11984
11658 11834 13603
11354 12522 12446
12604 10732 14102
12400 11771 12186
11838 11433 14356
14255 8810 11861
13016 11549 11060
11639 11719 13928
9664 11704 15238
13692 10724 11204
13439 10573 12213
13348 10708 12165
12632 10422 14084
12199 11491 13606
12120 10599 14700
11964 10048 14972
9892 12192 14678
14758 8718 10819
13256 9706 13791
13173 11281 11255
12731 11063 13476
12485 10235 14379
9060 13349 12500
8772 13468 11911
13402 11190 10541
12826 11662 11083
12159 11391 13911
11977 12368 11847
11646 10699 15107
11480 11577 14344
14209 8861 11823
13853 9651 12338
13358 11150 11006
12912 11755 10630
11826 11880 13475
11288 12272 13285
11222 10970 15123
11067 12940 10335
12392 11432 13255
11450 11458 14563
10264 12051 14575
14102 9620 11724
14051 9744 11728
13046 10152 13835
11406 9991 15323
10817 12827 12071
10657 12667 13574
10492 11919 14872
13502 10716 12020
12933 11176 12449
12859 11190 12594
12699 10420 14052
12653 10585 13989
12107 11869 12824
11869 10127 14929
11860 12218 12357
11800 10436 14788
13510 10805 11319
13327 10730 12597
12432 11600 12602
12109 11283 14030
11800 12154 12945
11455 11719 14338
14122 9928 11385
13703 9889 12332
12822 11807 10922
11198 12324 13577
13578 10342 12456
12979 11753 10598
12428 11694 12261
10992 9978 15625
10745 12150 14082
9316 13220 12760
13591 10876 10664
13559 10922 10736
13164 11408 10868
13121 10517 13318
12035 11626 13618
11931 11848 13235
11874 12197 12356
11115 12385 13416
11050 11335 15122
13083 9958 13655
12382 11834 12051
12174 10505 14496
11899 9609 15043
13643 10615 12009
14039 10016 11200
13588 10096 12859
13423 10740 12007
13342 10183 12826
12987 11370 11966
12930 11422 11700
12649 11868 11102
12410 11705 12177
12134 12100 12042
11656 12042 13419
10747 9242 15740
9929 13362 11402
9799 9387 16125
9425 11986 14858
13469 9599 13136
13183 11192 11585
12889 11805 10890
12623 11575 12233
12201 11384 13631
9795 12209 14504
12907 11138 12544
12676 10323 14172
13291 11152 11038
13133 10988 12459
11967 12348 12012
11858 11354 14341
11723 12078 13049
10814 12399 13769
10327 12194 14382
14547 9258 10055
13592 10450 12247
13008 10755 12866
12866 11178 12481
12464 11719 12106
12366 10991 14036
12265 10034 14619
11850 11758 13504
11794 12330 12296
11764 10522 14800
11316 10766 15170
10703 13063 10784
10633 12983 11910
12897 11422 12258
12768 10613 13883
11540 12612 11473
11456 10648 15191
10065 11539 15123
9155 13270 12543
13703 9778 12424
12979 11539 11117
12959 10902 12979
12612 11318 13356
12477 11703 12145
11907 12161 12331
11684 11136 14631
11575 11498 14387
9712 8722 16407
9628 13376 11755
14161 8472 11946
14128 9316 11867
12905 10823 13119
12268 11382 13599
11339 10359 15316
11162 12861 10378
9129 11756 15102
14053 10178 10995
13873 9572 12323
13283 11063 11739
12327 11755 12925
12283 9641 14629
12063 11872 12639
10813 12303 13962
9357 12244 14542
13744 10791 10487
13200 10986 12427
12770 11678 12088
11944 12457 10812
10876 10678 15468
10587 12460 14058
14072 9647 11765
13995 10184 11215
12453 9435 14528
12428 11372 13247
11714 12433 11878
11710 11979 13353
10528 8708 16116
13451 10544 12282
12835 10611 13851
12164 10541 14501
12155 11029 14166
11320 12320 13217
11105 12365 13581
10973 10512 15462
10186 12360 14303
10036 10168 15912
9959 13291 11516
9098 9915 16165
13990 9255 12382
12392 11029 13941
9769 11309 15367
14543 9355 10445
14195 9314 11835
13847 9572 12535
13033 11372 11548
12804 11794 11319
12521 11590 12481
12255 12090 11881
11651 11770 13894
10718 12345 14181
9954 11119 15568
9411 13141 12803
13350 11061 11707
13301 11190 10695
13079 11065 12596
12790 11599 12073
12350 9639 14597
12124 12080 12207
11819 12492 10754
9990 11782 15014
14393 9407 11225
13931 10194 11312
13752 9651 12492
13065 10957 12805
12860 11626 11796
12055 11840 12874
9256 9791 16149
14712 9072 9781
14070 10259 10437
13801 9083 12563
13777 10319 11998
13427 10496 12656
12522 11396 13091
12292 9485 14628
12243 11433 13555
11873 10052 14909
11137 10786 15235
13952 10437 9959
13525 10793 11531
12788 11805 11044
11898 11934 12960
11751 11963 13462
10059 9103 16098
9053 13285 12791
14036 8276 12237
13096 10505 13546
12448 10491 14363
12078 11533 13713
10269 13106 12359
9776 8808 16200
9569 9199 16161
13100 11370 11516
12593 11580 12748
11464 11800 14193
10809 9241 15758
10118 12618 13987
9773 10233 15943
9490 11047 15584
14232 8917 11753
14038 9966 11625
13540 10793 11344
13368 11188 10663
12487 10338 14257
12483 11594 12416
12439 11591 12963
11770 10256 14978
11147 12875 11136
14622 9124 10073
14566 9093 10628
13250 11366 10185
12845 10668 13390
12832 11158 12809
12559 11640 12149
12484 11412 13009
11565 11417 14515
10592 12979 12031
9466 13120 12892
13862 10489 10251
13700 9978 12341
12979 10154 13867
12391 11435 13069
12310 11431 13523
12218 11764 13208
11501 12272 13271
10506 11898 14871
10501 11905 14649
10093 13085 12770
14618 8558 11234
14156 9528 11781
13929 10353 10472
12917 11343 12243
12510 9931 14403
12119 11037 14433
11696 11991 13274
11290 12234 13332
11241 12420 12855
9700 13212 12408
14534 9139 10700
13437 10680 12099
13117 10704 12957
12516 11122 13927
12129 12326 10563
11707 11810 13656
11704 12413 12043
11595 11419 14372
11300 11938 14091
11187 9457 15699
11135 12601 12691
10875 12077 14376
10513 12000 14590
9734 11233 15467
14728 8139 10921
14635 9008 10735
13604 9614 12901
13322 10665 12811
12520 11987 11897
12220 10003 14923
10741 12488 14030
10484 11421 15273
10196 11689 15116
14128 9914 11333
14088 9926 11507
13897 10399 10544
13445 10561 12109
13408 10156 12804
13304 10966 11776
13303 10984 11724
12347 11969 12181
11193 10713 15222
9191 9554 16250
13779 10577 10066
13188 10888 12614
12670 11983 10566
12394 11692 12383
11676 12258 12694
11464 11430 14671
11077 9872 15617
14255 10128 10188
13784 10049 12095
13594 9898 12615
13557 10874 10786
13092 11329 11666
12906 11628 11378
12448 11586 12503
14257 8613 11777
13794 9797 12285
13435 10845 11823
13433 10494 12410
13205 10314 13132
12992 11353 11855
12133 11095 14190
12039 12378 10855
11989 12169 12114
10958 12387 13789
10248 8755 16070
10210 11668 15115
8936 11350 15362
14545 9060 11027
14514 8473 11386
14356 9745 10510
13650 9730 12624
13184 10702 12925
12616 11511 12524
10438 12156 14555
10275 12350 14182
10267 12218 14501
9606 12698 13861
14030 8792 12263
13980 9539 12096
13837 8843 12604
13269 11201 10758
13214 11018 12068
12487 10443 14227
11870 9710 15057
11415 8702 15404
11386 12548 12247
9005 10955 15655
14015 10270 10327
13650 9625 12630
13553 11057 10414
13504 10678 12067
13370 10982 11692
12990 10373 13583
12952 11475 11384
12865 11178 12490
12101 11141 14262
11974 10953 14606
11868 11108 14744
11849 11879 13407
11796 10274 14939
11795 11270 14370
9075 10484 15884
14394 9345 11381
13618 9776 12696
12969 10761 13376
12657 11163 13306
11561 9254 15340
10663 11630 15066
13923 10281 10645
13675 10745 10569
13257 11150 11160
12466 10769 14216
12445 9694 14504
11909 10813 14721
9499 9338 16174
9148 13206 12834
14460 9581 9825
14266 9797 10802
14036 9266 12111
13918 9756 12192
13894 10184 11369
13828 10484 11760
13757 10605 11225
13274 9397 13540
12640 11862 11463
12622 11072 13759
12199 12026 12600
12023 11877 12866
11353 12377 13139
11271 11984 14066
11218 10644 15433
11166 10495 15443
10538 11665 15008
10364 10449 15826
10272 12646 13959
9727 11847 15045
9621 13312 12046
9381 11409 15340
14333 9661 11023
13801 9623 12497
12098 11454 13698
11446 11132 14873
10904 9162 15801
10796 12859 12044
10576 12143 14397
10031 9323 16052
9144 12640 13995
14097 8790 12231
13925 10322 10619
13768 10140 12092
13643 10791 10641
13635 10714 11387
13403 9178 13412
13199 11107 12330
13131 9807 13669
12429 11410 13186
12090 11858 12861
11937 9708 15025
11759 11268 14470
11412 11965 14065
11157 10799 15234
10983 10489 15510
10955 12942 11676
10882 12932 11925
10852 10154 15621
10242 12969 13362
14082 10268 10295
13660 9038 13021
13606 9787 12608
13062 9964 13653
13057 10371 13551
13008 10713 13240
12973 11674 10795
12932 11297 12352
12924 11295 12448
12372 12092 11765
12007 10359 14861
11916 11877 13375
11300 12497 12604
10927 12212 13882
10199 12476 14185
9796 9168 16129
14301 9707 11095
13890 10367 10997
13708 10274 12327
13707 10292 12275
13585 10797 10861
11520 11824 14192
11350 8915 15445
10896 12680 13184
10733 11886 14691
10180 11809 14996
9829 8895 16190
