45 3
15055
442 483 482 462
820 417 446 604
855 90 829 667
825 337 853 456
894 648 269 693
358 570 476 228
415 76 741 529
321 411 196 932
1000 57 158 997
748 472 451 772
943 836 92 507
797 791 678 140
762 349 311 663
959 861 568 175
740 739 239 417
549 569 865 154
587 199 832 572
975 331 713 195
429 858 276 495
419 741 163 801
316 218 175 875
793 24 732 970
957 231 751 442
380 17 699 931
350 133 967 381
853 361 449 700
532 300 958 233
817 226 925 361
449 535 665 520
544 457 939 157
515 29 437 968
917 482 910 116
362 830 455 198
771 503 737 122
380 102 299 982
411 60 527 861
554 654 520 370
737 29 541 907
943 354 306 765
567 206 408 699
948 901 323 426
737 255 463 850
687 133 37 979
916 766 692 64
836 153 683 636
3209
9466 16144 15772
9901 14495 17572
9291 15723 17071
8356 13907 18122
13732 13037 11491
13650 12647 11885
13564 12356 12367
13283 13178 13153
13171 14518 12085
12940 14695 11996
12707 15402 11632
12650 13879 14518
12514 13932 14540
12478 13604 14789
12501 15285 13126
12444 14532 14097
12121 14218 14906
12133 15208 14069
11896 13759 15496
11709 16024 13344
11819 13178 15827
11531 15009 15131
11360 13544 16206
11463 16498 12933
11365 15650 14554
11074 16381 13530
11244 15189 15138
10965 14154 16473
10838 15938 14743
10864 14069 16769
9992 15572 16544
9974 14737 17297
9854 14842 17303
9427 15819 16765
9798 14845 17399
9950 16799 14331
13552 13244 11486
13439 13934 12047
13423 13720 12379
13235 14179 12172
13135 12748 13931
13180 13243 13314
12962 13147 13625
12883 12880 14054
12814 14123 13849
12541 14910 13680
12535 13029 14774
12447 14083 14553
12479 15611 11820
12364 14939 13949
12252 13212 15281
12192 14664 14220
12328 15431 13273
11933 14395 15092
11846 15845 13432
11458 15810 14004
11478 16293 13464
11189 14832 15501
11176 13374 16386
11109 15665 14799
11266 13355 16363
11052 13232 16657
10865 15844 14672
10938 16526 13761
10911 13328 16833
10837 15062 16157
10430 16742 14195
10444 15348 16523
10252 14670 17083
10097 14123 17599
9906 15281 17026
9838 15146 17085
10033 16021 16203
9614 14675 17579
9304 13284 18050
9115 12970 18277
9848 17019 14117
8851 13493 18179
8276 14314 17974
12845 14409 13199
12675 14355 14186
12245 13636 15154
12233 15555 13162
12193 15800 12911
12043 13395 15531
11802 15570 13742
11777 12854 16084
11622 14979 14855
11754 15550 14010
11409 14680 15373
11598 16096 13249
11338 14265 15984
11271 14549 15961
11244 15046 15190
11251 15846 14198
11323 12719 16581
11162 14656 15584
11117 14123 16502
10950 12593 16986
10991 15488 15616
11014 15789 14688
10800 15967 15373
10308 14667 16987
10490 13837 17233
10548 14844 16595
10112 16004 15348
10040 12777 17655
9562 15343 17104
8832 14041 17888
9180 15795 16976
13590 12749 12069
13445 13161 12907
13045 13645 12998
12246 14516 14578
12128 15437 13654
12151 13086 15620
11799 14950 14586
11849 15426 14121
11886 15995 13075
11568 13752 15724
11613 15104 14751
11588 15670 13951
11395 13723 15987
11386 15477 14560
11230 16019 14192
10872 16254 14223
10856 15611 15066
10633 14338 16889
10598 15774 15982
9745 15548 16755
8758 14151 17920
13594 13016 11607
12887 12628 14132
12612 15213 13221
12301 13633 15058
11735 15622 13765
11752 14646 15025
11478 13690 15984
11340 15387 14633
11384 13140 16450
11039 14987 15784
11162 13859 16291
10726 15134 16062
10434 13840 17329
10626 16662 13728
10228 15074 16839
9008 13474 18103
8349 13228 18466
13948 12095 10576
13227 13547 12875
12989 14945 11840
12958 12798 13902
12764 14708 13284
12360 13190 15085
12085 13890 15155
11912 15593 13496
11654 15241 14439
11541 13263 16015
11497 16361 12233
11300 15186 15042
11171 13230 16433
10973 15569 15105
10575 15983 14801
10595 16376 14378
10487 15846 15887
10640 14575 16780
10073 16105 15382
9029 15834 16518
9527 15225 17366
8359 14405 17930
8783 13358 18238
7830 12451 18651
13832 12780 11526
13756 12633 11735
13531 13452 12425
13357 13214 13045
12162 15252 13621
11838 14519 14981
11208 13167 16452
11218 13856 16195
10878 15693 14994
10691 15977 14883
9415 17044 14229
13365 14093 11848
12696 13700 14478
12080 15921 11541
11534 13687 15888
11156 12728 16729
10959 12895 16812
10923 15353 15675
10736 16158 14529
10645 14384 16717
10504 13218 17130
10572 14440 16839
10298 16171 15040
10333 15420 16428
9551 14821 17610
13430 13326 12764
13277 13951 12293
12494 14790 13850
12423 14487 14309
12630 12905 14885
12308 13209 15185
12326 14109 14726
11479 14570 15408
11020 16621 13381
11262 16063 13960
10425 15458 16293
10203 16295 14929
9881 15644 16449
9959 15188 16892
9663 15321 17060
9255 13498 17892
8940 13339 18162
13747 13180 11475
12977 13430 13588
13001 13026 13832
12682 14613 13664
11824 15172 14246
11947 16274 12500
11339 13726 16083
11078 15687 14613
10741 14683 16467
10589 12933 17183
10117 15146 16744
9919 16513 14981
9120 13114 18230
9040 13807 17952
9273 15393 17306
11692 12943 16019
11491 15595 14068
11389 12949 16387
11400 15625 14344
11329 15322 14803
11003 14946 15823
10998 15137 15886
10807 15616 15643
10518 15100 16234
9858 16225 15221
9161 14893 17856
13182 13052 13492
12232 13559 15192
12015 14785 14698
11994 13105 15696
11563 13943 15787
11662 16266 12814
10974 16034 14437
11018 14495 16228
9724 16877 14388
12907 14555 12234
12422 13607 14885
11876 14064 15273
11732 13440 15717
11472 15967 13834
11421 15160 14869
11299 12631 16693
11152 15351 15072
10859 14260 16832
10186 16061 15201
9294 16534 15518
9102 16076 16243
9488 14510 17793
9278 12636 18326
8851 13207 18309
13568 13458 11154
11923 12674 15899
11036 15423 15074
11071 12821 16809
10690 16252 14489
10707 16554 13956
10309 12684 17576
9662 12987 17938
9144 17144 13291
8542 12921 18504
13143 13314 13254
13057 13023 13736
12977 14474 12201
12905 13729 13917
12122 15497 13370
11104 15885 14338
11052 13892 16583
10610 13289 17056
10167 16787 14253
10556 16904 13656
9989 16403 15016
9846 16458 15045
9367 13424 17889
8856 13637 18132
9354 15577 17040
13920 12922 11081
13786 13072 11186
12395 15225 13299
11844 15655 13706
11493 12445 16459
10843 16650 13650
10414 14653 16837
9931 12894 17859
9590 15079 17335
13196 14583 11365
12299 15598 12798
11527 15207 14683
11355 15955 13915
11136 14918 15599
11150 15540 14836
10809 16400 14254
10681 13085 16922
10782 14863 16202
10156 15407 16505
9047 12835 18336
8410 13842 18197
12786 12502 14471
12757 14885 12236
11937 15815 13156
10565 14791 16569
10165 14258 17540
7774 12454 18747
8192 13247 18542
11409 14784 15312
10918 15544 15738
10730 16007 14740
10683 12916 17112
10565 16373 14557
10455 15246 16265
13251 14111 12233
11889 13068 15862
11051 14445 15991
11007 15885 14585
10885 14561 16325
10610 15232 16189
9594 12852 17997
8750 12687 18568
12801 14642 13159
12730 12505 14567
12547 14982 13302
11563 15448 14291
11485 13266 16111
11454 14094 15740
11116 12950 16566
10361 16025 15009
10251 16031 15064
12082 15872 12816
11508 16211 13126
11223 14697 15582
11322 13352 16267
11174 16028 14056
9592 13139 17885
13236 12874 13592
11620 12873 16160
11649 15432 14502
11458 14033 15803
10469 12961 17356
10508 12226 17509
9984 12780 17751
9642 16439 15218
9341 15528 17247
8587 13730 18211
13248 14413 11804
12907 14030 13145
11908 13919 15424
11573 16482 11875
11270 15774 14443
9454 16377 15596
13388 13500 12395
12410 15526 12893
11976 13352 15644
11266 13654 16134
11095 14984 15688
10726 14866 16298
10025 16990 13848
9798 16052 15565
9572 16130 15622
12778 14712 12242
12807 13035 13984
11707 14473 15149
11426 14133 15682
11089 15252 15076
11045 14612 15844
10312 16319 14824
10072 16249 15097
9524 16267 15631
12923 14244 12813
11870 15253 14127
10967 16064 14250
10692 16759 13425
10085 15976 15497
11631 14065 15471
10986 12437 17064
10441 12510 17486
10357 16500 14470
9819 12968 17862
10097 15918 16133
8574 13981 18100
13089 14128 12479
12993 13644 13256
11538 13626 15951
11284 14985 15342
11064 13114 16740
9353 14986 17454
10350 14177 17332
9280 14744 17729
9531 15590 16963
8806 12684 18472
12881 14472 12692
12111 14885 14216
11539 14347 15543
10899 12699 16954
10909 16747 13347
9539 13046 18003
13073 13914 12811
12143 15324 13376
12110 14366 14823
11534 15910 13802
11436 15133 15020
10727 13068 16941
10554 16156 14795
10320 16654 14260
10188 12456 17753
10029 16158 15267
9810 14303 17606
9172 13675 17918
11798 14797 14776
11916 15988 13150
11380 15142 14884
11478 12988 16263
10149 14562 17322
9590 16286 15501
9267 12956 18099
11408 12538 16539
11313 14425 15600
11119 14580 15932
10539 14490 17076
8038 12217 18715
9987 16208 15314
13655 12507 12074
12736 14940 12121
12151 14640 14467
9715 15760 16783
9192 13358 18053
9098 13517 17968
8822 15898 16591
9137 15297 17612
13018 14818 11869
11682 13864 15634
11814 13369 15890
10459 16280 14684
10678 15367 16130
8489 13395 18310
11047 15132 15309
9358 16061 15998
9173 16073 16102
11815 15316 14168
10998 15311 15258
10404 16157 14890
9710 16362 15351
8828 16149 16268
8339 15626 17108
12881 14997 11781
12251 11562 15388
11697 13261 15936
9217 14890 17760
9464 16836 14940
11952 15348 13747
11768 14761 14909
11839 13845 15558
10357 13035 17359
9786 16285 15389
9248 17189 13217
8877 16924 14953
13871 12672 11237
13877 13094 11151
13389 13983 11134
11013 14686 16291
9746 16046 16133
11457 15345 14672
10191 15858 15408
9722 16129 15527
13577 12207 12365
12620 15064 12228
11899 15086 14188
11875 15383 13921
9492 13351 17925
12090 12665 15751
11684 15407 14292
8726 13818 18071
13402 14099 10577
12259 15843 12547
11657 14770 14914
10110 16034 15224
9437 12763 18090
11743 14285 15241
10525 12958 17260
9107 15553 17251
8255 13101 18511
14054 12081 10426
13373 13428 12713
10908 15703 14865
8984 13878 17859
9405 16650 15020
12015 14490 14712
11913 13728 15361
11597 14993 14779
11142 12650 16769
8599 15605 17078
8945 13334 18264
7996 13619 18515
11498 15565 14255
9846 16375 15195
8672 15847 16803
8811 12828 18425
9224 14747 17825
13957 12928 9810
11720 16241 13106
12923 14769 11902
12051 14818 14463
11586 14651 15104
11433 14276 15617
8464 16081 16739
11733 15202 14522
10184 16558 14566
8456 12724 18640
12987 13623 13293
11503 14166 15652
10141 12761 17675
9204 12816 18260
8788 13353 18340
12707 14794 13346
9036 15915 16332
12769 13782 13939
13155 14304 12417
12212 13924 14911
11773 14321 15108
9120 13400 18100
12715 15113 12115
10646 12401 17306
10253 12687 17672
11746 14397 15103
8771 13900 18031
10224 15542 16446
12749 15174 11753
11206 14318 16042
10779 12193 17314
9934 16103 15511
9004 16444 15714
8928 13881 17955
11432 13384 16156
11165 15555 14680
9757 17153 12719
11978 15913 12752
11830 16004 12939
10044 14904 17019
9489 13460 17691
10710 12954 17016
12476 15063 13466
11559 14163 15556
10095 16331 14902
7778 12238 18745
12881 13792 13192
11493 15794 13840
8728 15844 16707
8033 11936 18743
9183 13254 18069
9381 16135 15871
9335 13370 18001
12894 15231 11413
11222 16308 13709
11987 16029 12751
9693 16591 15038
9166 16436 15578
11240 16618 12060
10408 12540 17487
8963 12665 18396
13038 13809 12968
12299 15092 13735
12072 15446 13518
11589 13570 15847
11666 15474 14048
9360 13281 17954
9743 14914 17208
8816 16382 16092
8297 11699 18711
11990 14309 15030
11880 15154 14336
11611 14602 15279
10285 13946 17413
13933 12204 11466
13855 12458 11569
13631 12911 11830
11767 15036 14515
11181 16594 13189
10229 13091 17428
10203 16399 14868
8551 16075 16505
8646 14225 17923
13047 14356 12358
10967 13325 16737
9157 16376 15748
8917 16450 15948
12571 15306 11938
11263 16183 13746
11074 15264 15099
9226 16218 15972
12414 13195 15035
11627 14294 15405
11086 16212 14015
13189 12628 13619
11005 16320 13787
10678 13660 17047
9172 15966 16278
9282 16978 14665
11205 15310 14931
12479 13712 14556
10853 12671 17036
10170 17095 12595
8838 13744 18068
13081 13471 13106
9543 16086 15879
11714 15795 13759
10025 16499 14831
8965 16307 16038
8101 12071 18684
11744 13969 15447
11530 14129 15707
10976 16297 13856
10849 16155 14505
9529 12621 18078
11709 12719 16143
10978 16281 14012
9582 13394 17790
9313 16212 15738
11518 16048 13715
11208 14861 15387
11189 15109 15231
11044 15434 14880
10260 15178 16703
9928 16573 14811
9084 16134 16023
12898 14923 11875
12434 12903 15113
9613 16305 15457
13708 13584 10668
10730 13439 16844
10616 12404 17482
13547 13631 11148
13295 12614 13469
13491 11916 12847
12816 14625 12478
13209 14339 12112
13812 12630 11639
13714 12861 11614
13241 13918 12528
11040 16131 14134
11118 16701 11895
9681 16824 14862
13085 14752 11656
12221 14040 14910
12172 16113 11429
11596 12402 16310
10348 16385 14635
9221 16292 15793
13111 14067 12627
12288 15989 11322
11325 15205 14925
10164 16075 15106
9648 16096 15655
9272 12951 18201
9344 16111 16010
8660 13972 17936
13562 13703 10830
12591 15526 11739
9739 13375 17714
13359 14341 11899
12777 12809 14128
12152 13966 15044
11653 16033 13208
10525 16618 14306
10822 12880 17013
9280 16666 15120
12831 12631 14228
11322 15714 14310
9597 12756 18019
14013 12559 10088
13690 13265 11370
11170 15456 14826
9499 13292 17855
10191 16528 14753
12680 11855 14842
10442 16035 15008
9464 14914 17549
12224 15439 13163
11616 14411 15216
8469 15907 16820
10829 12456 17140
10076 12530 17756
9562 15876 16313
9145 16609 15572
12370 15771 12642
12127 13490 15376
9638 13391 17694
8204 16102 16769
11735 16128 12828
11601 13028 16054
10617 16010 14764
11447 15745 14174
9482 16203 15727
8563 14134 17967
12231 14233 14615
10546 16445 14312
10617 12996 17125
8918 17222 13348
11636 15127 14639
9803 14160 17671
8778 16522 15771
13331 13656 12592
8793 16308 16219
12907 12476 14298
9476 16603 15116
9555 16445 15452
9531 17231 12776
10586 16200 14563
13005 15159 11508
10344 16758 13984
8912 13634 18036
13851 13536 10698
12535 11971 15013
11774 13614 15639
11367 15748 14071
13508 12359 12463
12010 15014 14283
8293 13767 18283
13548 12977 11948
11038 15932 14362
9015 17272 12885
8722 16955 15106
13677 13298 11318
12920 13204 13736
13484 13148 12864
12263 14967 13761
9751 12833 17921
12176 13562 15288
11372 14228 15678
10686 16867 12474
13452 13582 11261
10045 12921 17608
8852 15986 16436
8720 16066 16494
12363 13165 15287
11728 14965 14705
10236 16146 15077
9982 13067 17639
9316 12742 18257
12894 14706 12324
10721 16538 13839
9851 13301 17711
11545 13462 15969
11831 14615 14878
10332 16525 14375
10305 13126 17395
8260 13382 18483
11231 14035 15994
9189 17122 14286
12057 14090 14933
9566 16574 15093
11506 14533 15463
9974 17141 12641
8368 17134 13766
11977 15570 13407
11591 12593 16373
11323 12154 16794
10944 16031 14616
9950 16903 14270
9103 13661 17921
11621 14099 15431
10094 16732 14317
8471 14331 17927
9176 16895 14922
13154 13685 12861
12207 13083 15524
9924 16339 15062
9926 17087 13923
11243 15425 14735
13261 13737 12625
11555 14605 15375
10947 14949 15919
10881 15773 14732
10802 16430 14067
13069 14013 12899
13017 14092 12626
11749 15779 13595
11536 14818 15068
9846 16271 15256
11628 15811 13548
10932 14204 16710
9763 16481 15073
8427 14540 17871
13344 13035 13246
13573 13189 11601
13462 14041 10605
10622 12747 17263
9024 16148 16156
8827 13897 17935
13060 14590 11990
8838 16608 15612
12212 15868 11680
11697 14893 14797
11242 13759 16119
10771 12795 17077
11396 15903 13858
9578 16519 15325
9352 16597 15382
9064 16656 15364
12871 14042 13602
10778 12938 17012
8906 16217 16074
12676 14824 12354
11115 13233 16529
8928 15832 16558
12965 12374 14029
11992 15287 13899
11292 14323 15754
9100 15831 16377
11924 14723 14765
12737 12081 14694
12499 15686 10101
11966 16196 11509
11538 15504 14407
10504 16085 14797
9854 16153 15408
11644 15652 14041
8782 13747 18164
12963 12473 14202
12503 14080 14457
9359 16586 15283
8412 15868 16833
12931 13626 13389
11287 13095 16493
11080 15886 14385
9041 16723 15242
10474 16019 14901
11257 16660 11606
9660 13274 17826
8542 16149 16545
12887 14736 12137
12328 14611 14198
11646 14575 15099
12181 14669 14364
11945 15526 13639
12924 14481 12328
11688 16337 11862
9863 12759 17918
9409 12522 18243
9379 12882 18096
8176 16281 16472
7475 12496 18717
13706 13479 11038
12931 14480 12465
11149 12226 16896
10346 14518 16896
8688 16233 16275
11596 13219 16117
9329 16523 15509
12673 12279 14715
12070 13902 15178
13711 12504 11978
12047 15224 13858
9228 16718 15093
13244 14565 10601
11905 14936 14436
11727 14170 15357
10369 16454 14435
12951 13872 13135
12090 13699 15092
9907 16746 14805
8834 13754 18000
13052 14087 12805
11836 12583 16010
11915 13495 15551
11655 13661 15715
10461 17028 13545
8670 13821 18167
13389 13164 13003
13670 12342 12217
8656 16539 16014
8313 16439 16242
7710 12103 18804
12793 12078 14598
11932 14061 15177
9391 13367 17905
13052 13447 13273
10842 16185 14318
13578 13917 10498
11915 15138 14172
9803 16236 15324
8403 16728 15738
13194 14649 10633
11215 15651 14649
10561 12999 17221
11839 15731 13482
12521 15383 11941
10975 15569 14865
13267 14501 10261
11657 13388 15966
11571 14663 15127
9855 16331 15086
9361 17132 13213
11008 15544 14895
12851 12966 13983
10130 16053 15204
8535 16078 16598
13196 13457 12982
12479 11974 15109
12142 14524 14468
11020 12633 16842
10629 16315 14430
10565 12521 17411
8473 16610 15895
12097 14880 14318
12224 14914 14074
10237 16677 14288
10082 16708 14441
9798 16156 15504
8796 15989 16532
8629 16143 16311
10834 12935 16916
10459 12423 17558
12634 15212 12012
8842 16097 16273
12340 13789 14858
11516 14726 15168
11217 14554 15730
9326 16163 15941
9200 15151 17581
8355 14296 18048
12423 15620 11684
11601 12881 16086
13557 12078 12519
11276 13449 16361
11995 14118 14967
11748 12574 16297
11586 14126 15611
11221 15843 14377
11701 14330 15297
11625 14857 14944
10796 16238 14339
9855 16261 15175
13129 14746 11964
7420 12892 18610
11868 14164 15173
11784 14962 14609
10728 12330 17479
10234 16363 14742
9940 16444 14926
13044 13537 13231
13017 13240 13500
12058 15555 13497
9922 17179 12218
13549 12521 12224
11397 14913 15197
10410 14244 17085
12257 15899 11429
11911 14793 14588
11304 12440 16630
11396 15378 14769
11227 13159 16526
11214 13215 16411
11018 15267 15195
10883 15743 14856
10641 12592 17369
9673 16192 15577
12263 14764 13984
9590 16390 15440
9429 16391 15520
8727 13053 18365
13532 13766 10747
12014 13905 15274
9826 16793 14597
8580 13587 18276
11746 12807 16107
11445 12946 16291
11457 16606 11982
8997 15912 16457
12645 14970 12397
11985 13385 15586
12027 13668 15372
8847 16668 15442
8180 13789 18335
12434 14339 14392
11940 13971 15219
11554 14737 15033
9706 12670 18011
9136 16345 15946
9052 13265 18159
8185 13104 18607
12022 15280 13974
11460 14729 15264
11129 14147 16048
10189 15981 15275
9994 16704 14498
12418 11553 15240
10739 16067 14570
13582 13249 11431
11086 16718 13078
11015 12824 16905
11288 16405 13406
7215 12517 18747
12278 14955 13738
11166 12173 16870
9115 13119 18128
13073 13237 13404
11598 15116 14774
11357 15939 14071
10202 16470 14562
12181 14285 14659
13390 14332 10401
13621 13745 10428
12788 15171 11586
12175 14236 14711
12039 14381 14942
11477 15157 14773
11351 15999 13787
11347 14839 15311
10338 16030 15230
8290 11556 18776
12961 14065 12840
11457 13860 15824
10941 11983 17175
9075 12591 18393
9776 16104 15534
9550 16182 15591
9435 13050 17978
13175 13446 13107
9559 16300 15547
9399 16405 15666
9329 13656 17842
8629 16650 15681
12007 16059 11527
9977 12637 17816
9694 16395 15218
12217 14978 14089
11726 15088 14572
11545 12884 16182
9595 16112 15582
11440 13137 16354
10903 12898 16908
13351 12611 13373
11562 16063 13484
10089 16020 15410
7160 12913 18640
12575 11534 15164
13616 13017 11531
12291 11689 15373
13556 12837 11902
13420 14269 10484
7963 11939 18839
13982 11891 10689
11103 15400 14860
7356 12541 18667
12610 14124 14267
11041 15423 14977
12398 14011 14641
13595 13551 10943
12138 15017 14006
11764 11107 16096
13174 12640 13642
13095 13853 12959
11993 12564 15934
11789 15092 14403
11492 13576 16077
11593 15441 14366
11080 16020 14287
8477 13937 18103
13936 13136 10749
13540 14120 10461
9135 15820 16368
11619 13940 15691
11505 16131 13388
10240 12895 17476
9958 16636 14623
9760 13080 17724
13215 13780 12699
11920 14909 14587
8792 16837 15263
13305 13297 13008
12073 12153 15990
11623 15733 13826
12494 14495 13864
11044 16378 13709
9057 13260 18261
7001 12996 18656
12477 15320 12057
12301 12931 15337
11562 13714 15839
9040 16818 15147
11454 13178 16177
11340 12403 16598
9608 11013 18134
9072 16367 15847
13326 13124 13152
12019 13714 15211
11908 13217 15703
10197 12758 17579
8533 16329 16249
8953 15127 17792
13607 12184 12297
12248 15231 13393
12050 13102 15600
10142 16801 14177
8254 16349 16278
7676 12119 18846
13412 14033 10832
13413 12845 13323
12845 14964 12016
11303 14845 15248
11353 16506 12723
9297 16215 15831
8824 16735 15320
13235 13897 12565
13021 13357 13380
10368 15989 15103
8907 12668 18492
7514 12475 18777
11624 14627 15068
10699 16485 14095
10069 12495 17804
13556 13691 10978
12665 14905 12154
11515 14666 15223
9353 16212 15735
13581 12166 12407
13109 14853 10247
11115 16497 13492
11044 15852 14500
10784 12002 17251
10607 16713 13926
9856 12616 17983
9702 16651 14868
9667 13131 17891
13974 12488 10278
12299 14708 14030
11871 13404 15618
11385 14020 15874
11145 10885 16923
10825 15776 14828
10225 16116 15104
8390 14149 17998
12748 13328 14256
10590 16979 13211
8570 16067 16589
8321 16338 16132
12784 14738 12060
11499 15685 14041
11424 13441 16136
10404 12730 17437
9919 16617 14920
9713 13160 17718
8914 13347 18148
12925 12479 14041
12270 14112 14822
11732 16164 12782
11596 15160 14534
11126 15967 14266
9494 16157 15692
11729 15025 14650
10589 16131 14585
10387 10947 17644
10308 16630 14384
9919 12289 17941
13435 11919 12943
11931 15521 13741
11560 14414 15312
11149 16066 13984
11004 13337 16605
10307 16404 14646
13487 13846 10897
13020 11898 14187
12944 13715 13227
12521 13508 14667
11751 13766 15601
11587 13988 15523
10542 16516 14003
10328 16234 14852
9485 16663 14946
9080 16145 16060
13646 12746 11973
12970 14218 12574
12733 14960 12085
10480 16211 14629
9883 16216 15204
9723 13128 17795
7416 12140 18876
11950 14554 14779
12792 14860 12026
13590 13603 11145
12852 15459 11292
12699 14382 13496
12390 14798 13740
11468 15572 14180
9298 16931 14535
12754 12550 14303
11366 14179 15730
8731 13962 18024
11906 16367 11217
8912 15987 16308
8202 14076 18133
8248 12958 18576
11880 13466 15587
11466 14778 15212
10402 16280 14757
9267 16645 15185
8687 16825 15364
8480 17331 13263
13573 12306 12453
13076 13589 13026
12975 14320 12505
12912 14758 12042
12001 13828 15312
11694 15656 13801
10943 16056 14251
10483 15983 14951
10060 16435 14756
10047 16263 15021
9133 16664 15340
7543 12631 18658
13775 11139 11755
9771 17249 12398
11916 12172 16066
11189 13711 16251
8175 14235 18110
12352 14207 14442
12194 11336 15536
9096 13518 17986
13008 12602 13959
12621 14503 13828
11940 15132 14126
11340 15174 14886
11328 16160 13657
11227 12903 16572
10596 16101 14772
13835 13322 11030
9926 16221 15166
9451 16617 15040
8167 14561 17901
11956 13657 15421
11428 15817 13929
11077 10750 16982
8879 17177 13460
7903 14798 17933
12433 15521 11893
12359 15159 13488
11936 15350 13824
11178 16490 13247
9285 12493 18391
13069 14295 12506
12726 13878 14061
12589 14371 13975
11928 12676 15729
11682 13997 15481
11285 15450 14674
11132 14606 15610
12506 15579 11364
12352 13247 15065
11534 12985 16167
11121 13576 16310
9385 16627 15194
8646 13376 18234
10524 14941 16671
9323 16671 15082
9007 15903 16335
8387 16319 16377
13130 13828 12749
12313 14623 14221
11699 11921 16454
11542 11940 16530
11461 12754 16304
11219 14754 15423
11184 16798 11592
11139 15728 14611
10852 14611 16562
10372 12685 17448
9452 16891 14708
6632 11647 18907
11119 16091 14097
13025 13071 13568
11784 15195 14202
11527 15733 13892
10761 12280 17242
10613 13021 17071
12152 15893 11628
9193 13393 17895
8529 13289 18404
8172 15621 17143
12576 14885 13470
11829 14847 14654
11603 15867 13664
11300 15419 14635
9668 16605 14962
9026 15369 17517
13284 13352 13031
13199 14146 12407
12657 13455 14645
12245 12934 15433
10815 16818 12140
8724 17339 11935
8502 14075 17995
13799 12461 11665
11381 13645 16027
11017 15720 14710
10461 12531 17431
9548 13348 17829
13683 12193 12215
13592 12349 12154
13159 13528 12922
11552 12738 16219
11275 14710 15374
11204 15291 14939
10901 15792 14712
8037 11720 18741
13276 12900 13305
11584 15201 14583
11071 15398 14864
9384 12877 18198
8929 13879 17857
13121 13712 12750
11850 16320 11616
11502 15230 14717
11283 13156 16430
9000 16296 16029
11226 12369 16728
11097 14987 15353
11002 15352 15167
10795 13203 16882
9098 16082 16028
8591 16075 16502
7943 15598 17348
12871 14522 12469
12340 14364 14391
11911 15762 13349
11015 16039 14171
10573 12457 17428
10529 12666 17372
8243 14370 18051
13770 12858 11518
13739 12190 12119
13532 13241 11658
13447 13542 11993
12399 14914 13739
11486 12302 16524
11409 13616 16118
11412 13983 15929
10619 16758 13625
9930 14877 17270
9398 13224 17970
13139 13938 12431
8275 14703 17900
13003 13837 12961
12339 13484 14967
12058 14394 14590
11856 14588 14824
11453 15584 14203
12781 12926 14008
12518 14386 14094
12596 15539 10191
12440 12095 14902
12490 14594 13952
12081 13686 15177
11287 16409 13026
11189 15258 14947
10906 15825 14661
8856 16162 16188
8670 17377 11583
8253 17135 13652
7972 14023 18271
7655 15798 17081
6345 11827 18914
13591 13808 10345
10111 16246 14930
12751 14354 13729
11776 14242 15269
11280 16666 10120
11037 12300 16899
10979 12861 16937
10545 13058 17137
10130 16240 14993
10092 16012 15236
8356 17189 13534
13638 12064 12458
13524 13906 10793
12782 15047 11982
12184 16030 11258
11456 14688 15355
11483 16102 13401
11362 15469 14561
10727 16043 14694
8321 13523 18340
7947 15382 17346
13055 13309 13256
12736 11852 14746
12682 13931 14313
11836 15509 13794
10924 15618 14893
10443 16228 14700
8748 12974 18456
7874 15140 17621
13507 12130 12515
11322 14363 15643
10592 16491 13976
9978 16295 15137
9525 12660 18115
9515 16919 14457
12041 15998 11579
11804 12246 16069
10988 16182 14221
9870 13141 17642
9549 12256 18359
8624 11487 18626
8417 13363 18407
8163 14777 17903
12878 15017 11745
12776 14646 12358
12179 13738 14968
10621 12957 17088
8948 16877 15049
8282 16170 16575
13117 13756 12801
11747 13986 15370
10375 16173 14793
9599 16434 15256
7970 12082 18774
13495 13806 10836
12636 14809 13465
11268 14642 15434
11053 15162 15253
10023 16622 14698
8620 13384 18220
13396 13854 12109
11745 15434 14011
11413 15829 13952
11326 16005 13833
11203 13563 16282
11105 12733 16655
9698 16417 15119
9245 15979 16207
9033 13664 18017
8539 14466 17868
8209 15928 16850
8052 13616 18419
11213 15394 14805
11129 16047 14004
11042 16223 13885
11000 15095 15323
10846 13097 16914
10878 16333 13959
10612 16016 14800
10591 16926 10931
10110 16138 15163
9208 16062 16093
8337 13770 18259
13294 14594 10050
13011 14386 12368
10382 16049 14996
9987 16832 14330
9699 16891 14312
7983 14391 18081
13602 12207 12276
13236 14421 10754
12458 13935 14636
11531 15534 14220
11372 15649 14217
11306 12207 16820
10922 15708 14763
10052 16257 14985
13558 12471 12310
13566 13678 10914
12650 15266 11901
12464 15807 11243
12075 13578 15268
12020 14594 14635
11635 14154 15359
10486 16013 14837
10492 16131 14832
10300 16088 14950
9061 10996 18473
13755 12404 11787
13585 11764 12660
12652 11572 14937
11999 14492 14789
9309 17170 12790
12645 15567 9939
12137 13683 15081
11588 13447 15947
11335 13595 16153
10913 16097 14378
9503 17124 12815
9256 16281 15784
13605 13353 11377
13365 13568 12759
12963 11672 14335
12750 15088 11905
12671 14761 13581
11981 14193 15031
11779 15283 14403
10025 12647 17685
9228 13672 17822
8069 13861 18240
12978 12767 14007
12058 15992 11882
11391 15754 14038
9165 16865 14971
9077 16090 16167
8813 17345 11668
8462 14055 18103
9164 16950 14690
12253 15011 13854
11832 14239 15173
11528 12226 16412
10947 15685 14729
9679 12459 18067
8916 16676 15418
13454 13829 10943
11764 15455 13826
9842 16282 15293
8461 13154 18463
8303 16853 15510
14023 11413 11027
13938 11813 10976
13513 11634 12763
13362 13942 11942
12135 14588 14483
11753 12383 16234
11579 14185 15440
11533 15724 13946
11452 15574 14257
11087 13013 16610
8746 16763 15375
7283 12652 18688
13142 12324 14058
12931 12521 14034
12899 12064 14448
12765 15121 11888
12549 13907 14330
12000 14502 14735
11880 15679 13425
11112 15596 14821
10049 16180 15151
8153 13600 18439
8209 13597 18343
13669 12732 11857
13085 14227 12567
11809 14147 15216
11437 14459 15597
11175 15762 14496
9607 16860 14555
9208 16463 15541
7167 11030 18908
13986 11946 10485
13341 11369 13409
12802 12716 14139
10880 15560 15521
10277 16432 14539
8609 16138 16399
8099 14426 17960
13775 12865 11421
13279 13802 12330
12751 13303 14458
12036 16017 11735
11253 14648 15465
11219 14713 15470
11004 16097 14249
10349 16176 14767
9387 16504 15327
8636 13048 18459
8444 14142 18031
14107 12407 9901
13969 11503 10869
11692 14052 15410
11659 15538 14063
11279 13598 16249
10876 14711 16015
10699 16312 14319
10367 17099 12338
9895 16801 14573
9798 12528 17999
8349 16159 16429
11564 15662 13952
11169 13435 16418
10872 16292 14078
8265 13526 18436
13589 13139 11709
13264 13442 13098
11803 15872 13157
11729 14554 15068
9469 12663 18211
8426 14152 17963
7683 15619 17378
13278 14445 10533
11898 12688 15823
10196 16429 14681
9643 16368 15231
8893 15920 16347
13033 13619 13009
13087 13492 13069
12391 14573 14238
12228 14789 14194
11702 16433 11541
11624 13977 15520
11375 14192 15645
9462 16259 15635
13839 12356 11653
11867 13600 15499
11842 13124 15831
11637 14700 14995
11656 14541 15139
11313 15211 14831
11138 14263 16047
11073 16050 14100
10273 16185 14964
9072 17009 14592
8057 17368 12155
13474 13583 11185
13190 12293 13791
13094 13047 13494
13151 12962 13599
12884 13783 13152
12016 15567 13240
11638 15851 13500
8996 17290 13154
13965 11905 10616
12122 15627 13067
11723 13485 15663
11603 14104 15413
11314 15789 14212
11259 12644 16623
9427 13120 18006
8585 14166 17951
13395 14125 10577
12777 14802 12075
12646 14957 12141
12424 13957 14575
11809 14981 14492
11561 14665 15028
11602 15818 13735
11202 16114 13888
10823 16456 13829
9631 16676 14902
8314 14002 18130
13355 13585 12438
12793 14992 11783
11087 15120 15153
10862 15641 15010
10692 13041 16944
10588 16472 14275
10181 12313 17818
12108 14732 14401
11970 13509 15452
11252 13635 16194
10979 16401 13798
10926 12997 16742
10604 16436 14208
9054 12670 18302
8186 16740 15816
13604 12974 11852
12277 13688 14949
12087 13114 15468
11779 14988 14417
11342 14583 15486
11252 13768 16041
10975 16284 13920
9839 16227 15400
9004 15848 16442
6854 12812 18675
13540 13477 11310
12954 14530 12163
11916 15220 14147
11506 13717 15935
11346 15417 14577
11155 16252 13743
10691 16502 13972
10744 13204 16872
10213 16754 14273
9623 16217 15415
9222 17212 13097
11489 13205 16174
11240 16125 13753
11210 15211 15077
11088 16212 13775
10958 13351 16612
10753 12806 17147
10621 14788 16473
9348 17286 11290
9107 15902 16324
8921 13738 18020
8287 14161 18107
6903 11267 18940
13439 13994 10800
13225 13704 12860
13001 13878 12958
11633 14195 15356
11497 13385 16014
11157 10657 16886
10817 12277 17146
9994 16144 15299
8737 13568 18200
8605 16003 16514
13629 12820 11879
13506 12058 12636
13254 13640 12664
13044 14376 12322
12440 14938 13492
11593 13702 15738
11544 12802 16202
10991 13228 16661
10616 14979 16536
10143 12865 17543
9997 11019 17890
8586 14084 17955
7718 17194 14030
7114 12791 18645
13158 12538 13726
12306 11165 15368
12063 13207 15452
11745 16081 13109
11548 15460 14314
11520 12752 16317
11461 15636 14195
11265 15994 13982
10073 16630 14471
10069 12387 17821
9981 15050 17050
9587 12709 18062
13604 13499 10941
12770 12666 14193
12574 14383 13998
12374 13907 14665
11976 15812 12989
11974 14016 15121
11325 13648 16123
11040 15676 14748
10871 16807 10417
10319 16772 13908
9922 12944 17695
9769 16040 15568
9618 16299 15421
9543 16118 15625
8911 16474 15612
8685 16552 15669
7472 12137 18780
13560 12435 12155
13429 14192 10366
13098 14078 12565
11978 15690 13193
11844 10696 16152
11465 16376 13137
11383 12350 16652
10420 16060 14861
9160 16161 16000
8973 13842 17860
13343 14127 12231
12951 14115 12617
12599 15405 11559
11635 13473 15753
11417 13792 15866
11314 13740 16007
10838 16444 13806
10735 12440 17182
10064 16586 14655
9654 14976 17265
9186 13752 17877
8634 13918 18027
8026 11793 18808
7915 14256 18140
13999 11817 10783
13645 11640 12585
13544 11909 12545
13505 12171 12512
13004 14448 12292
12776 14808 12042
11683 14504 15194
11377 13235 16226
11171 12652 16646
10702 15270 16054
10239 16077 15099
10189 13001 17444
9893 16140 15365
9670 14672 17483
8869 12995 18289
13620 13713 10609
13570 11929 12517
12068 14977 14150
11579 14157 15455
11009 16762 11839
10352 15216 16568
9879 15595 16744
8817 15904 16463
7732 12116 18750
13609 13506 10844
13529 11767 12756
12955 13828 13084
11901 13568 15433
11617 15015 14663
10364 14674 16775
10197 15324 16734
10085 14665 17392
12694 14071 13871
12410 11610 15220
12294 14314 14517
11884 14444 14880
11787 14621 14815
11956 15743 13401
11713 14789 14799
11057 15232 15102
9085 13768 17857
9139 16426 15696
8129 14004 18195
12800 12757 14136
12169 15303 13356
11947 15627 13402
10711 16183 14434
10103 16084 15207
9927 16378 15053
9396 13511 17858
8310 16088 16619
8027 14182 18137
11389 12693 16433
10886 15674 14878
8377 14400 17887
13625 13720 10512
12683 14219 13788
11995 13985 15120
11060 15019 15318
10621 16263 14438
10070 15116 16987
9632 17032 14151
9578 16316 15466
13545 12620 12312
13086 13088 13402
12728 15347 11747
12138 15148 13645
12082 15347 13727
11421 15881 13944
10329 12584 17489
8463 11302 18655
14030 12485 10182
13955 11278 11086
13621 13854 9550
13034 12776 13743
12775 14884 12073
12528 13453 14647
12015 15310 13787
11598 15571 14160
11449 13917 15804
11159 15846 14348
9067 13767 17863
8131 15731 17049
8551 17127 14782
7062 12578 18739
13761 11908 12035
13678 12354 12067
13659 12597 11971
13525 12169 12503
13484 11638 12999
12760 12944 14018
12383 14862 13755
11482 13629 16047
11275 16243 13491
10934 16330 13863
10735 13142 16903
9691 17099 13082
9276 13482 17863
7664 14514 17963
12041 14038 14949
11711 13658 15619
11284 15697 14346
11280 14611 15520
10854 12245 17065
10530 16016 14805
8592 13143 18373
8450 13748 18207
13258 11246 13491
12176 15175 13524
11933 13693 15371
11618 14178 15406
10852 16235 14243
10768 16897 10662
10246 16234 14857
10271 16896 13970
10054 16908 14048
9795 15353 16931
9560 16363 15446
9538 17103 12944
9097 16749 15139
8520 16841 15432
8236 13786 18239
12831 11929 14507
12777 14194 13789
12394 11465 15352
12255 15200 13424
12231 14651 14177
11712 13589 15676
11671 13598 15727
11659 13069 15997
10474 15989 14961
9379 16189 15734
9393 16883 14844
8942 16717 15329
7855 14035 18206
7322 12557 18709
6840 11413 18971
13798 12232 11717
13675 12811 11639
12954 13183 13595
12099 15871 11704
12087 13735 15125
11193 14873 15410
10862 12675 16990
10505 13070 17128
9847 16183 15439
7818 17156 13783
7208 12374 18812
12971 14134 12597
12806 12492 14278
11992 15895 12185
11763 14097 15342
11681 16351 11693
11310 15286 14835
11218 15448 14769
11053 11909 17172
9687 14917 17304
8901 13598 18037
7776 14440 17960
13374 14118 10733
12905 14068 12936
12480 11658 15053
11473 15034 14839
11212 15208 14949
11165 12669 16622
11207 13502 16345
10303 14988 16781
9907 13298 17615
9758 13109 17734
9400 16108 15914
7739 11973 18815
13644 11806 12258
13005 13143 13712
11492 15463 14410
11379 12151 16698
11387 15182 14808
11271 16411 13103
11111 12778 16621
10628 16227 14526
10371 16484 14353
10272 16352 14719
10179 16583 14521
10189 15956 15998
10046 16430 14776
9982 16630 14524
9862 14742 17329
9416 15297 17271
9113 13257 18165
8728 11294 18571
8319 16184 16436
8184 14163 18061
12437 11986 14925
12366 14097 14570
12248 14510 14318
11961 14933 14340
11701 15878 13432
11423 16036 13768
11015 15909 14474
10506 11892 17511
9936 12801 17702
9958 16655 14542
9491 16115 15731
9300 12889 18069
9138 12902 18210
8394 13412 18319
7775 14442 18058
7468 12353 18782
12011 15569 13275
11969 16221 11186
11800 10905 16096
11588 14116 15436
10563 16216 14625
9591 15122 17296
9414 17118 13082
9341 12490 18295
9158 13386 17922
8852 16556 15617
8961 16439 15752
13252 13088 13260
12692 14806 13369
12388 13641 14955
12192 15281 13518
12095 14378 14846
12057 15650 13156
12000 14920 14297
11684 14404 15203
11573 15479 14197
11546 14677 15051
11499 13323 15998
11497 15807 13837
11446 15382 14529
11220 15460 14586
9923 12488 17895
9607 14818 17514
8821 14005 17889
7861 14095 18176
13649 13610 9798
13013 12322 14060
12555 11783 14934
11583 13755 15708
11256 14686 15418
11110 12244 16777
10962 15597 14916
10735 13011 16961
10113 15614 16351
9642 15518 17058
8323 13236 18452
13071 13278 13401
13069 14538 11988
12993 12614 13982
12068 16154 11365
11495 12276 16649
10660 16601 13780
10301 14820 16806
10200 13054 17435
10075 14898 16863
10061 16160 15150
9176 13111 18134
8006 17135 14048
13501 12081 12615
13114 13776 12765
12824 12353 14380
12303 13388 15152
11930 15158 14096
11731 14290 15152
11775 16067 12980
11637 14903 14772
11589 12826 16183
11120 12782 16575
11067 15417 14918
10701 16853 13245
10444 16052 14878
10374 16806 13725
9252 16718 14986
9112 16535 15587
8852 13983 17857
8479 13067 18535
8382 17230 13445
7570 12472 18681
13130 13966 12473
12133 11167 15687
11912 10831 16093
11422 14176 15634
11156 13897 16171
11110 15915 14282
10789 12902 16962
10690 12882 17204
10632 16167 14583
10468 14944 16767
8844 13350 18244
12916 12533 14057
12553 13929 14315
12315 14988 13737
11944 14505 14831
11502 15755 13806
11419 13730 15850
11153 15118 15159
11083 15817 14407
11004 16623 13458
10552 16996 11951
10242 16437 14490
8803 14004 17895
8434 17014 15088
13546 12117 12472
12838 12112 14409
12121 14679 14339
11905 15044 14186
11831 15212 14170
11720 14438 15069
11573 15874 13589
11088 15099 15266
10997 15165 15349
10936 12174 17238
10377 12829 17401
10292 12804 17440
10016 15168 16788
9235 13529 17887
8400 16292 16257
8381 13664 18308
13574 13389 11477
13465 13552 11253
13199 14209 12182
13130 13990 12433
13116 13065 13334
13031 13465 13283
12951 13321 13612
12930 14170 12640
12256 14942 13876
11736 14134 15287
11673 14885 14798
11641 14718 14930
11407 16120 13620
11158 13218 16507
10266 16253 14837
9555 13205 17894
9058 13579 17961
9035 13377 18129
8997 13438 18104
7730 17139 14262
13599 13519 10908
12882 14722 12175
12292 15103 13522
11441 13388 16110
11108 16320 13582
9982 16471 14889
13689 12574 11903
13673 13605 9362
12829 11543 14668
12384 14941 13588
12204 14214 14636
12146 13129 15318
12017 15509 13559
11667 14393 15222
11660 16073 13132
11420 15081 15036
11100 10431 17034
10505 15051 16441
10242 16418 14571
9244 17281 11512
8764 13757 18096
8527 16363 16097
13754 12332 11908
13479 13592 11168
13119 13449 13203
11926 15750 13326
11733 15727 13611
11123 15813 14583
10983 15995 14403
10093 12782 17626
9056 16170 15992
8386 14246 17953
8063 13801 18270
13491 11214 13126
12979 13424 13328
13000 12797 13884
12217 15503 13178
11925 13164 15677
11778 12859 15902
11257 15857 14116
11150 14639 15604
10772 15215 15943
10497 13075 17195
10018 16356 14896
9722 15111 17206
9487 16121 15721
8727 11065 18623
7935 16581 16142
13723 12668 11692
13446 13510 12174
13179 13900 12661
12455 13357 14796
12208 15030 13802
12021 13481 15401
11991 16198 10126
11904 14857 14603
11367 16365 13369
11298 14856 15217
11249 15942 13998
10999 12883 16821
10933 16320 13917
10517 13097 17079
9912 12406 17897
9109 13364 18101
8917 13845 17956
8762 16113 16410
13620 13188 11520
13501 12216 12528
13495 13524 11229
13456 14210 10029
13004 13754 12995
12910 14260 12707
12296 14697 14127
11798 15565 13779
11579 13476 15849
11423 15510 14559
11105 12435 16840
10649 12354 17245
10501 12083 17574
10058 15669 16241
13943 11820 10879
13685 12946 11525
13576 11792 12683
13118 13544 12970
12908 14280 12628
12184 12513 15564
11859 14492 14846
11663 15488 14077
11407 15595 14531
11314 13153 16302
11223 13669 16156
11042 16255 13767
11013 12154 16921
10473 16390 14376
10190 16237 14953
9754 12737 17943
9356 16149 15795
13674 12739 11760
13564 13716 10705
13507 11428 12794
13129 14066 12464
12925 14557 12164
12289 11115 15482
12273 14868 13970
12104 14753 14245
11254 16714 11739
11149 15354 14980
10780 10661 17278
10592 16412 14332
10581 16128 14621
10559 16172 14712
10366 16490 14389
10134 12618 17740
8839 17068 14800
8498 14172 17950
7983 14208 18122
13776 10839 11720
13569 13968 9053
13463 13461 11382
13072 13606 12966
12263 15200 13354
12237 11398 15443
12197 14565 14366
12117 14915 14160
12089 15841 12847
12068 13871 15199
11080 12285 16877
11058 15162 15183
10865 15572 15032
9343 15055 17546
9001 13331 18168
8994 17037 14647
8590 16723 15589
8117 14421 17917
13112 13224 13361
13007 12373 14011
12923 13914 13013
12383 14023 14664
11865 15289 13935
11707 13445 15723
11305 15087 15188
11131 14657 15662
10670 16567 13895
10464 12435 17453
9297 14989 17550
9029 13771 17953
8512 12721 18544
8030 11577 18806
13672 12648 11809
13587 13048 11758
13583 13948 10391
13284 12843 13325
12929 14270 12631
12924 14494 12296
12882 14821 11959
12805 14775 12020
12358 14640 14095
11916 13160 15723
11717 12662 16163
11633 15130 14547
11591 15457 14210
11582 15990 13588
11538 12741 16247
11171 12676 16607
11124 12981 16529
10277 16858 13725
9527 16690 14909
9333 12993 18051
9019 12594 18489
8449 13696 18256
13723 12088 12203
13654 12982 11625
13447 13651 11115
13214 14346 12015
12985 12343 14134
12868 12892 14077
12447 14191 14303
12412 14737 13888
12326 13407 15005
11946 15776 13122
11768 14860 14693
11112 14343 16041
9866 12663 17940
9674 13144 17795
9587 16121 15600
9318 17073 13952
8640 15899 16660
8025 16498 16224
7891 15385 17442
13664 13682 9480
13479 13675 11050
13049 14421 12122
12945 14576 12144
12729 12276 14619
12401 11041 15479
12373 13673 14697
12278 11340 15401
11847 12231 16047
11816 14287 15138
11724 16394 11627
11669 13163 15995
11360 15870 14093
11301 16060 13793
10834 12224 17120
10013 16916 13874
10007 14687 17060
9909 15383 16716
9602 12900 17972
9060 13749 17921
8095 14134 18119
13330 12722 13405
12913 13021 13834
12270 14389 14415
11692 13894 15453
9595 13043 17907
8937 13876 17871
8772 11342 18518
8052 16694 15836
13603 13262 11426
13393 13998 11084
13187 13054 13322
13001 13880 12908
13043 14980 11535
12516 14434 14012
12257 15128 13732
12213 14801 14217
11983 13618 15396
11819 13371 15720
11748 15349 14165
11545 14667 15105
11217 16102 13865
11019 16156 14049
10350 12439 17507
10303 12744 17429
9859 13105 17643
9630 16195 15517
8152 16569 16064
13773 12903 11212
13713 12170 12147
12824 12488 14293
12635 15471 11370
12034 14610 14527
11811 15531 13708
11812 12676 15994
11813 15098 14370
11624 14956 14834
11572 14704 15011
11464 15567 14217
11329 14683 15432
11236 12907 16526
11150 16377 13447
11097 12797 16638
10468 12670 17361
10198 14208 17303
9986 12884 17619
9792 16747 14691
13957 12045 10662
13869 10987 11568
13762 12898 11369
13680 13896 9148
13661 11854 12253
12762 11791 14602
12298 14189 14637
12247 13873 14909
12153 15388 13328
11332 13224 16250
11301 13925 16029
11255 14002 16005
10533 12901 17280
10305 12741 17417
9786 13070 17792
9655 16057 15580
9266 13345 18025
13633 13039 11518
13369 12952 13082
13232 14199 12136
13078 14763 10354
13095 12874 13645
12830 11700 14559
12518 15284 12014
12345 15295 12974
12318 13910 14761
11562 14181 15502
11162 12672 16653
11138 13996 16085
11115 12977 16575
11004 16212 14020
10810 12570 17077
10164 16803 14061
9436 17112 12888
9408 14917 17645
9127 13604 17937
8927 16159 16047
8901 16725 15155
8474 17171 13543
8241 13930 18192
13027 13611 13137
12958 14367 12411
12300 11322 15386
11639 16579 11572
11432 16212 13583
11285 15785 14250
11179 15703 14464
10827 16789 12249
10720 16430 14072
10625 12896 17151
10388 16786 13820
10034 16559 14661
9515 13450 17759
9198 13043 18178
8995 13725 17992
8940 16321 15962
8597 15908 16612
7799 14038 18302
13107 13461 13174
13000 13372 13297
12939 14128 12681
12762 14206 13812
12147 15264 13644
11883 14980 14527
11739 13778 15572
11616 14077 15494
11540 13280 16012
11520 10547 16533
11121 13076 16563
11026 15033 15487
11023 15750 14654
10496 12768 17302
10415 12670 17426
9971 13031 17640
9800 16381 15068
9474 17111 13160
8655 14153 17874
13754 12756 11602
13067 14911 10271
13047 13454 13176
13004 13782 12980
12247 14766 14061
12046 13957 15069
11909 12596 15939
11899 14247 15097
11693 13974 15373
11680 14137 15383
11139 16147 13797
10698 12840 17029
10665 16266 14413
10118 14615 17155
9043 16375 15844
8845 13601 18133
8364 11508 18656
7895 17165 13761
13453 13752 11108
12235 12838 15465
12146 14698 14222
11905 13942 15255
11853 14443 14898
11725 15431 14045
11603 12636 16180
11000 15921 14497
10994 13212 16696
10922 15740 14689
10730 12972 16963
10370 12972 17336
9989 16941 13892
9729 15418 16757
9744 16678 14831
9540 16659 15004
8669 12702 18468
8142 16611 15918
13634 13745 9397
13230 14495 11532
12878 14492 12656
12430 14982 13585
12388 15634 11496
12091 16160 9879
11996 15581 13298
11531 13977 15681
11507 15526 14221
10903 16540 13573
10716 16139 14549
10403 16393 14487
10390 15057 16593
10343 12309 17568
9847 14995 17122
9669 16409 15142
8857 15887 16582
8847 16060 16257
7707 15215 17622
13640 11965 12285
13433 14160 10331
13210 13316 13139
13153 13514 13003
13135 13663 12871
12746 15399 11465
12671 13714 14402
12270 13410 15101
11966 15457 13584
11690 15298 14204
11369 15029 15061
11296 13261 16282
11261 16305 13542
11225 14614 15492
11067 13156 16574
11042 15247 15155
11035 16383 13599
10656 16090 14598
9580 13681 17678
9371 15316 17219
9159 16705 15251
9148 16290 15885
8922 16368 15942
8794 13226 18265
7911 13964 18299
13298 11141 13479
12623 13329 14758
12337 14219 14465
11886 15600 13683
11632 15438 14199
11629 15857 13510
11384 12884 16496
11254 15722 14459
9772 16463 15024
9703 12854 17872
8761 16551 15913
8741 16194 16230
8495 16604 15701
8279 14487 17898
8269 16682 15758
7974 11580 18902
13469 13966 10776
13053 15044 10358
12931 13057 13732
12723 14799 12283
12661 14926 12182
11966 15588 13223
11567 14673 15027
11443 13326 16094
11370 13297 16174
10001 15421 16581
8913 17307 11421
8798 16489 15653
13500 13362 12532
13059 14345 12283
13001 13303 13425
12875 14565 12332
12712 15133 12079
12499 11786 15030
12123 15451 13245
11773 14850 14750
11653 13467 15777
11551 12932 16141
11479 12667 16376
11233 14768 15398
11144 15456 14858
10413 16178 14726
10386 16751 13957
10246 12544 17737
10160 16829 14014
10063 12781 17645
9823 16063 15515
9522 12478 18143
13500 11852 12667
13013 14541 12084
12309 12874 15357
12113 15633 13077
12044 14411 14638
11883 13933 15348
11738 15498 14026
11489 15068 14802
11445 15243 14702
11415 15587 14196
11360 14071 15821
11256 13707 16104
11077 14368 16251
10880 16441 13855
10625 12651 17285
10235 16388 14659
10053 10549 17913
9703 16049 15598
9571 10763 18171
12739 14709 12359
12573 11822 14922
12528 14187 14205
12450 15364 12790
12183 13808 14934
12098 12629 15658
11930 13419 15468
11903 13955 15232
11813 14795 14670
11735 14297 15120
11506 13234 16051
11154 16309 13472
11110 12938 16577
11073 12709 16750
10830 15792 14745
10254 16382 14722
10028 16460 14779
8027 14102 18171
13628 12570 12096
12742 14921 12051
12624 15042 12136
12257 14626 14317
12137 13243 15344
11691 13989 15466
11612 14459 15262
11653 13436 15836
11563 15684 13875
11558 15886 13612
11471 16062 13493
10940 12921 16766
10894 12233 17074
10318 14767 16780
10272 15041 16614
10091 16907 13626
9970 16600 14774
9874 16304 15129
9284 13585 17861
9270 13139 18082
8853 16120 16227
8849 13494 18197
8368 15556 17100
12860 12536 14153
12372 12798 15300
12121 15846 11851
12107 15509 13393
12033 14559 14555
11973 14844 14369
11929 15019 14269
11899 15363 13763
11610 15836 13695
11437 15383 14503
11372 12575 16571
11244 16448 13158
11084 15364 14892
11058 13152 16620
11013 12490 16907
10848 14960 15899
10757 10800 17317
10657 14913 16447
10341 16448 14486
10333 16250 14769
10312 12598 17482
10035 15530 16539
9940 11837 17822
9735 16447 15100
8776 17123 13578
8504 17147 13610
8471 13983 18054
8214 16561 16113
7818 15143 17717
13593 12754 12016
13589 13654 10649
13249 13300 13104
13029 14755 11752
12777 12871 14079
12742 12083 14524
12213 11445 15468
12100 16116 10253
11986 15006 14284
11978 15388 13663
11954 14839 14416
11668 14228 15316
11551 14773 14987
11468 12892 16295
11392 12597 16455
11348 13195 16249
11331 16091 13679
11109 12807 16631
10361 16288 14583
10128 13012 17564
9755 16287 15197
8716 11345 18614
8360 16335 16128
13256 10860 13652
13068 13133 13475
12980 13660 13150
12975 13468 13379
12066 12577 15863
11850 13955 15297
11846 14494 14838
11840 12655 15920
11629 14040 15484
11542 12928 16187
11450 15032 14919
11280 14478 15673
11233 16632 11891
11157 14777 15595
11084 12926 16661
10989 12223 16944
10118 10780 17832
10000 16513 14755
9341 16921 14421
9002 13582 18057
13729 12384 11815
13644 12784 11764
13628 13424 11172
13279 13739 12555
12999 13528 13263
12978 13680 13071
12763 14911 12054
12758 15135 11719
12705 13424 14378
12420 13382 15006
12294 15898 9868
11968 14186 15151
11794 15062 14402
11763 15678 13494
11732 13087 15938
11631 13845 15661
11507 15280 14579
11470 15054 14803
11467 15771 13970
11230 14766 15412
11222 12864 16574
11175 13169 16496
10740 16449 14052
10109 16103 15176
9740 16502 15079
9564 13452 17697
9556 15770 16431
9065 16990 14743
13633 12577 11999
13048 14987 11438
12963 15387 11387
12726 15050 12078
12560 14833 13486
12343 14268 14413
12249 10939 15516
12222 15285 13467
12145 14360 14659
11599 15920 13427
11478 13123 16176
11452 13821 15826
11242 15869 14139
11198 15406 14828
11172 14906 15407
11158 12962 16553
11002 15492 14904
10959 12464 16993
10554 16981 11859
10500 12290 17492
10456 16667 14104
10414 15604 16162
10230 16745 14161
9167 16631 15296
8878 16664 15607
8868 13077 18285
8610 13056 18445
8474 16540 16083
13698 12335 12004
13681 12896 11571
13589 12520 12121
13404 13738 12053
13265 13514 12772
12563 11726 14954
12478 11745 15161
12187 14315 14603
12115 13141 15419
11970 15053 14084
11764 14254 15240
11668 15355 14308
11641 14553 15162
11313 15988 13922
11179 15323 14898
10873 15751 14749
10768 15367 15751
10010 16334 14961
9995 16763 14326
9232 13691 17807
9148 16087 16026
8522 13768 18194
8095 14317 18078
8068 13945 18223
7272 12616 18689
13435 11217 13222
13254 14385 10818
13159 13957 12411
12483 15529 11666
12455 15430 12045
12198 14837 14097
11704 14247 15242
11698 14801 14822
11661 14575 15046
11556 13464 15866
11503 16253 13184
11457 12828 16374
11326 14531 15502
11224 16225 13619
10927 16751 12002
10897 16848 10328
10767 16459 13925
10734 13171 16917
10504 14603 16791
9748 16618 14888
9710 16390 15131
8864 16305 16078
8860 13679 18048
13634 13548 10776
12823 12124 14432
12326 14982 13591
12152 15033 13898
12083 15696 12994
11984 14400 14819
11505 14622 15236
11461 15668 14077
11356 16068 13645
11154 11994 16876
10940 16443 13671
10753 16464 13784
10688 12575 17228
10206 12789 17486
10130 16157 15143
10078 16323 14956
9491 16193 15646
8183 16855 15414
13649 12791 11667
13564 13191 11616
13569 11662 12744
13496 12199 12535
13284 13746 12458
13131 13154 13326
13068 14301 12473
12517 13591 14746
12504 15562 11494
12342 14977 13587
12245 13069 15346
12037 15366 13675
11950 15542 13556
11772 15052 14432
11726 14408 15072
11546 12139 16484
11516 15144 14730
11221 16349 13440
11142 13271 16426
11061 13173 16550
11019 16468 13571
10646 15541 15914
10452 16376 14581
10310 14422 17081
9823 17033 14041
9631 16456 15092
8923 15983 16295
13749 12490 11800
13408 14030 10900
13153 14342 12208
12544 14971 13399
12408 14499 14332
12187 14985 14014
12185 11331 15629
12167 14280 14761
11961 15063 14071
11926 14884 14405
11881 15413 13865
11822 12727 15887
11753 15584 13727
11745 13505 15642
11517 14052 15745
11462 15475 14466
11406 13679 16009
11228 13813 16109
11167 13672 16252
11058 15063 15399
9192 17243 12616
9014 12873 18358
8530 13463 18297
7826 15836 16989
7130 12713 18680
13681 10589 12221
13556 12380 12359
13324 14145 11905
13187 12923 13380
12792 14726 12227
12323 13410 15036
12155 13245 15317
11619 12328 16306
11417 12567 16394
11198 14711 15506
11178 15693 14518
11237 16576 12990
11099 15224 15108
11089 15980 14205
11038 12876 16787
10840 15855 14653
10288 15439 16376
10022 17141 11971
9731 16312 15215
9593 16393 15258
9344 13617 17804
9063 13133 18186
8893 17236 13272
8015 14724 17930
13230 13647 12732
13129 13063 13375
12956 13533 13400
12867 14833 11982
12533 14498 13830
12352 15027 13517
12325 15780 11527
12276 11369 15411
12210 14184 14639
12141 15063 13799
11621 13695 15785
11455 12521 16398
11397 15628 14252
11171 14991 15254
10840 16686 13604
10805 16198 14257
10799 13402 16836
10695 16078 14570
10435 16168 14718
10389 12157 17577
10234 16685 14218
9809 15608 16596
9617 16453 15142
9391 16531 15199
9332 16204 15822
9320 16641 15119
9215 16235 15846
8969 16317 15977
8949 15960 16294
8896 15999 16339
8721 17135 13532
8691 16528 16005
8431 16549 16035
8149 11904 18656
8032 17219 13592
13326 11381 13432
13080 13272 13278
12988 13540 13327
12365 15189 13432
12229 13281 15209
12017 14670 14468
11946 15251 14033
11651 13448 15819
11465 15262 14682
11162 14760 15523
10787 14764 16348
10635 16098 14605
10624 16897 12006
10361 16129 14948
10051 15226 16757
9825 15304 16814
8709 17340 11890
8456 11366 18644
7547 12129 18786
13424 14244 10568
12909 12826 13988
12844 14301 13432
12293 15815 11403
12088 13683 15120
12076 11462 15786
11908 14409 15016
11780 11052 16116
11694 13639 15663
11662 15469 14085
11648 14552 15078
11648 13716 15639
11535 12364 16403
11522 12652 16354
11473 15734 13921
11463 15636 14085
11359 15970 13858
11332 12467 16581
11266 12788 16555
11181 15480 14734
11173 15282 15017
10984 15679 14844
10953 16295 13936
10880 16793 12105
10732 16848 10706
10300 12747 17460
9791 12385 18064
9744 12690 17986
8799 16749 15244
8669 16143 16308
7390 12692 18650
6908 11548 18912
14103 11066 9928
13960 11531 10892
13598 12985 11721
13429 13059 12991
13219 13795 12649
13028 13485 13247
12806 12645 14152
12594 15457 11761
12541 15226 12038
12454 13038 14898
12397 15678 11312
11928 14431 14900
11733 13025 15892
11296 16062 13828
11246 15230 14851
11201 15320 14831
10973 16317 13820
10855 14817 15964
10337 16294 14682
10239 16387 14676
10000 15129 16839
9739 15356 17027
9708 16181 15568
9660 17182 12442
9626 17107 12887
9571 16945 14354
9201 16232 15896
8975 16310 15953
7703 11960 18869
7276 12509 18753
14076 11739 10502
13991 12139 10451
13848 12604 11415
13589 11643 12681
13318 13789 12287
12909 14778 12006
12864 12248 14368
12779 15217 11567
12501 14446 14035
12222 11343 15497
12162 13719 15012
11949 15038 14249
11927 15624 13436
11904 15282 13901
11644 14649 14952
11487 15452 14432
11280 13446 16223
11203 12647 16719
11201 14718 15452
11176 13919 16055
11160 15670 14526
11080 12946 16641
11071 15827 14458
11068 15449 14864
11051 15195 15153
10879 15800 14697
10741 16158 14432
10329 16038 15032
10208 15846 16228
9832 17158 12716
9695 15425 16924
9610 16541 15161
9384 16619 15218
9075 15952 16324
8814 16896 15204
8528 15935 16663
8235 13868 18235
13973 12259 10330
13421 14093 10662
12876 13940 13252
12768 12092 14522
12741 13752 14129
11980 16031 11676
11736 15996 13170
11657 15058 14584
11545 12595 16284
11472 13091 16249
11376 13763 15947
11352 15733 14227
11203 15670 14484
11150 15852 14358
11108 12812 16603
11095 12956 16630
11045 12730 16824
10918 16332 13940
10818 15172 15927
10746 16757 12397
10338 12402 17725
10171 13071 17467
9952 16444 14895
9742 16384 15187
9647 16442 15102
9468 15736 16994
9416 16913 14544
9304 16286 15778
9190 16991 14601
9078 16364 15835
8767 13037 18369
8641 17148 13585
8580 17293 13016
8234 11559 18872
7807 12108 18756
13460 11826 12954
13441 13796 11023
13131 13057 13418
12864 14122 13079
12720 11707 14878
12711 13548 14207
12518 14663 13687
12505 15235 12221
12449 14433 14243
12439 13671 14703
12020 15440 13581
11921 14235 15164
11763 13374 15816
11722 13737 15604
11640 13673 15738
11616 13069 16041
11487 15583 14071
11050 14629 15731
10866 16070 14410
10710 14827 16349
10482 16637 14014
10449 15054 16537
10343 16003 15027
10209 11744 17743
10203 12958 17457
9965 16606 14810
9943 16213 15164
9721 13172 17715
9670 16635 14880
9229 16587 15408
8821 16208 16173
8796 11429 18512
8679 13749 18118
8430 16552 15936
8300 16968 15108
8252 14298 18002
13614 13199 11389
13236 12172 13871
13033 12509 13970
12903 14654 12322
12819 12471 14300
12474 15625 11411
12312 12791 15302
12286 15227 13340
11923 13843 15341
11757 10964 16161
11644 15446 14093
11614 14046 15515
11194 14581 15605
11069 13094 16558
11009 12118 17116
10989 16531 13488
10692 15622 15795
10493 15124 16235
10412 12673 17457
10365 12978 17379
10314 16214 14883
9886 14946 17167
9368 13024 18010
8882 16049 16248
8652 13284 18341
8419 14217 17938
8331 17203 13458
8270 14028 18115
7733 15866 16887
7536 12488 18723
13515 11371 12814
13452 14040 10682
12948 13892 13099
12925 14992 11674
12730 13900 14046
12287 13422 15063
12069 15890 11851
12053 15566 13324
11872 15230 14106
11732 15297 14181
11656 14321 15329
11620 12617 16206
11607 15491 14173
11374 13938 15958
11139 15843 14382
10462 15371 16094
10249 12744 17513
10235 12723 17531
10202 13049 17435
10178 15434 16504
9952 15512 16561
9659 15257 17237
9115 17287 11377
13070 13452 13240
12964 14082 12807
12902 14088 12900
12897 14356 12560
12850 14907 11888
12774 11703 14655
12730 11938 14759
12516 14572 13736
12504 15216 13148
12298 14650 14070
11931 15218 14041
11817 12688 15889
11759 13463 15643
11703 12120 16408
11632 13402 15890
11588 16298 11933
11555 13573 15925
11505 16483 11638
11314 15334 14826
11261 10647 16866
11211 14009 16014
11210 16582 12193
11195 10968 16840
10948 16215 14116
10721 12469 17206
10675 16304 14320
9963 16034 16055
9584 14809 17543
9564 16047 15727
9157 15358 17427
9097 13404 17977
8650 16581 15626
8432 13855 18143
