45 3
16736
862 56 28 852
851 241 238 122
829 976 498 444
894 393 907 853
603 761 956 469
668 776 887 486
794 346 3 590
645 417 698 375
752 984 86 702
827 576 875 341
661 424 768 15
818 761 377 214
808 431 358 848
645 306 494 954
628 976 59 822
846 2 898 83
722 607 9 743
827 159 301 59
643 862 369 460
867 710 352 645
609 990 595 164
829 184 984 200
800 870 285 101
777 837 55 71
819 388 646 170
792 10 934 553
665 413 140 278
713 136 410 331
786 735 237 472
610 743 625 595
641 499 390 52
894 581 120 777
591 519 28 222
613 491 331 870
846 449 973 430
855 216 224 765
835 128 991 431
751 136 676 369
780 658 985 542
637 753 996 261
662 248 62 878
712 33 877 574
635 122 550 384
832 997 694 473
598 465 120 274
1728
12886 9161 14814
13174 14474 13290
13173 14601 12975
13658 12737 14038
12368 11200 14784
11897 10633 14842
16866 10973 11033
16603 12138 11072
16698 11398 11279
16366 12356 11325
16256 12408 11690
15743 13148 11596
15657 13292 11685
15709 12331 12928
15638 13663 11417
15379 13937 11100
15352 13257 12155
15202 12942 12767
14919 13397 12670
15022 12685 13330
15048 13629 12538
14746 13411 12907
14615 11836 13866
14408 14842 11670
14349 11271 14181
14086 15390 11158
13911 12604 13946
13869 15193 12134
13709 15550 11490
13295 15716 12028
13392 12591 14239
12760 16283 11168
12464 15992 11802
12431 14068 13689
12867 12499 14314
12027 16944 10779
12294 15824 12392
12203 12564 14460
12041 17070 10764
16615 10645 11859
16442 11463 11985
16426 11006 12032
16227 11563 12218
15936 13062 11634
15760 12356 12497
15530 14044 10726
15258 13299 12204
15227 12692 12997
15126 13448 12296
14964 14314 11594
14644 14233 12263
14743 12691 13533
14663 14783 11172
14310 14821 11785
14364 15113 11156
14308 15120 11387
14021 14108 12988
14073 12233 13948
14117 11894 14158
13794 14344 12986
13324 13998 13296
13718 14741 12571
13247 15408 12197
12939 13462 13893
12413 16692 10866
12288 15286 12665
12168 16312 11898
11616 17021 11091
16342 12759 10857
16130 12059 12201
15851 12751 12215
15926 12389 12324
15583 12819 12434
15600 12423 13041
15337 14045 11638
15277 13619 12046
15268 14193 11218
15093 11743 13558
15159 14285 11331
14940 14010 11847
14829 14266 11965
15008 14538 11479
14912 13785 12410
14689 13682 12673
14482 15170 11034
14451 13499 13106
14194 14094 12751
14147 13620 13482
14104 14963 12046
14135 15579 10732
14148 15187 11931
13519 12493 14150
13759 11920 14340
12919 12924 14126
13205 13608 13692
12828 14780 13095
12423 14480 13431
11616 16582 11469
16764 12119 9226
16659 12204 10649
16294 11859 11685
16073 13167 10962
15817 12481 12437
15513 13696 11533
15199 13736 12164
14768 14965 10515
14530 14056 12307
14484 14871 11432
14424 13039 13491
14451 14554 12348
14283 15235 11560
13972 14481 12794
13661 15012 12337
13579 15319 12077
13256 15506 12046
12721 16040 11752
13080 14800 12909
12302 15412 12650
11869 11144 14880
16768 11124 11329
16608 11383 11508
16510 12770 10128
16458 11621 11579
16039 12350 12294
15596 12476 12471
15362 13930 11465
15490 11221 13396
15202 13997 12009
14807 12479 13516
14719 14776 10941
14473 14088 12548
14354 13350 13170
14246 15323 10614
14300 15069 11489
13565 14259 13268
13622 15819 11486
13403 14613 12940
12895 16331 10797
12757 16112 11584
12847 15086 12734
13014 14278 13377
16754 11464 10856
16012 12740 11491
15580 12099 13060
15224 13029 12426
14877 12168 13837
14637 14643 11430
14625 14604 11995
13826 15481 11456
14018 13388 13614
13450 13887 13342
13535 15500 11843
13518 11659 14368
13009 16132 11398
12478 16118 11787
12759 12728 14213
12205 10213 14917
12156 11486 14708
11605 11468 14729
16533 11243 11616
16112 11444 12619
15871 12389 12385
15338 12436 12879
15198 13391 12467
14449 13898 12858
14265 13677 13360
14082 14436 12632
14043 15243 11781
13919 12116 14253
13046 12826 14037
12901 14973 12753
12702 15268 12601
12694 15680 12343
12397 11747 14680
12125 16600 11220
11985 16016 11928
11440 15876 12332
11439 17092 10505
11573 17309 10413
16872 11738 9917
16620 12383 10275
16423 11881 11635
16183 13115 10597
16123 11065 12559
15923 13493 10170
15894 11833 12801
15064 14531 11248
14485 12057 14041
13914 12871 13817
13394 12024 14328
12437 14577 13151
11843 10725 14894
12805 13985 13589
16517 11588 11420
15897 11544 12852
15777 13418 11374
15730 13597 11072
15453 13270 11941
15217 14374 10416
15204 11957 13354
15091 14117 11473
15004 12070 13748
14482 13735 12756
14433 12884 13524
14438 12129 13960
14323 14326 12619
14484 11223 14259
13560 15385 11670
13265 11792 14460
12161 16722 11065
12177 13367 13999
10710 17453 9934
16678 11760 11109
16486 12454 11018
16234 13140 10166
16297 10946 12492
15961 13523 9786
16011 12684 11671
14923 14798 10685
14755 14684 11424
14279 12767 13829
13757 14752 12383
13386 15972 11066
12538 16562 10733
12438 12746 14214
16480 10914 11980
16292 11701 12056
16145 12161 11975
15949 11628 12784
15856 13109 11566
15757 11753 12827
15641 13924 11262
15311 12850 12654
15304 12166 13101
15053 12874 12974
14546 14958 11017
14032 12928 13695
13827 13964 13301
13542 15090 12676
12528 11079 14719
11767 11252 14826
16734 11826 10686
15593 12833 12208
15319 14218 10787
15074 13769 12280
14020 14959 12202
12810 13230 14025
12238 9110 14825
12582 15916 12038
11849 12026 14637
16913 11090 10176
16021 11735 12712
15691 12132 12948
15487 13556 11791
15436 11313 13448
14820 13884 12158
14898 13063 13143
14592 13294 13212
14466 14268 12324
14286 14943 11504
14178 15291 11410
14000 15531 11103
13299 14113 13469
12136 15269 12850
11919 14826 13229
15365 10618 13663
15130 10570 13820
14875 13120 13122
14828 14684 10828
13453 14873 12759
13306 12791 13994
16572 9458 12213
16495 12519 10381
15760 13846 10438
15768 13627 10688
15634 13240 11709
14772 14691 11059
14745 14262 12121
13004 15486 12232
12312 15975 11987
16291 12734 11288
15278 12277 13135
14497 14376 12266
14306 12982 13613
13466 12987 13907
13023 16258 11383
12891 11875 14560
11999 12454 14534
15289 12954 12584
14393 13905 13089
14353 12910 13694
13787 12969 13906
13071 12609 14240
13270 15632 12031
12456 16404 11544
12704 10269 14821
12014 15552 12608
15960 12659 12102
15791 12023 12605
15243 13349 12268
14841 13525 12764
14187 14482 12491
13724 10949 14580
13094 14926 12894
12546 12517 14315
11998 12796 14272
11270 11583 14777
15953 13069 11269
15788 11636 12965
14477 14694 12090
13898 13771 13252
12526 11979 14548
16290 12678 11468
16107 13437 10740
15834 10900 13235
15621 10815 13321
14872 12923 13401
14763 13958 12132
14569 13556 12984
14582 14892 11317
13895 15333 11876
11549 12240 14667
16092 11806 12449
15480 12872 12238
15123 14351 11031
15292 10624 13700
14715 13822 12415
14676 14629 11564
14516 14995 10714
13439 14747 12774
16553 10881 11786
16432 10677 12371
16257 10370 12535
15828 13443 10943
15115 14556 10817
13724 14595 12939
13165 15013 12717
12806 15066 12852
16215 13056 11431
16197 12441 11849
15311 13905 11896
15123 13251 12575
13741 14965 12405
13069 16091 11632
13304 13358 13905
12968 15414 12400
12436 13313 14125
12454 14003 13534
11187 17122 10704
15007 12971 13030
13275 16228 11184
13111 11262 14492
12190 16258 11745
15885 13037 12065
15023 13030 13027
13723 15676 11475
13653 13492 13602
13318 15940 11862
13214 14277 13213
13052 15794 12063
16658 12636 10027
16528 10336 11879
15625 11269 13025
14811 14677 11193
14274 14929 11747
13826 13638 13483
13990 11095 14379
12990 15360 12247
11937 13940 13809
16961 11020 10427
16886 10611 11203
16204 9988 12852
15360 13033 12322
15263 12814 12842
14465 14970 11145
14477 12545 13734
14321 13670 13129
12704 11498 14670
16852 12100 9747
14718 12806 13706
14223 14809 11968
12735 16398 11341
12427 16818 10851
12373 15499 12473
11678 12472 14535
12645 13789 13676
16238 11793 12108
15808 11248 13245
14916 10466 13959
14139 14165 12866
10972 17440 10096
14644 11419 14172
12069 13087 14156
13892 13876 13120
12833 15426 12261
12959 13919 13521
12065 14168 13538
11942 13185 14245
16310 12316 11638
15943 10808 13122
15474 12911 12547
15083 14160 11516
13774 15701 11044
13549 15626 11828
12999 11646 14661
17059 9897 10996
16070 12539 11938
15066 13038 12776
13550 14775 12614
13436 10073 14593
11301 17251 10688
16832 10703 11255
16317 12874 11030
14325 13987 12612
13093 10503 14703
12280 15698 12407
12028 15678 12593
16209 10948 12636
15184 12327 13185
15238 10716 13752
15076 10662 13872
14069 15383 11523
12831 13691 13792
11482 16804 11183
16879 11328 10750
16676 12449 9852
15889 10900 13174
15742 12157 12517
15204 14229 10627
14774 11198 13997
14059 14710 12213
16789 9516 11609
15606 11361 13088
15487 12568 12584
15545 13171 12193
14223 11844 14044
13883 13957 13070
16983 11417 10122
16440 12841 10076
11960 14735 13315
11642 15141 12970
16006 12437 12014
14441 14383 12497
14035 14234 12973
13844 14253 13065
11194 16712 11537
16604 12728 10079
14301 13988 12953
14275 13848 13211
13332 13510 13603
12864 10148 14756
12176 15900 12156
16408 12952 10529
15834 13820 10360
13387 13346 13803
17004 10885 10264
15089 12981 12797
13870 13299 13693
13693 14487 12997
15580 11463 13062
14152 12865 13918
13846 14969 12300
12697 14214 13488
12088 14961 13019
14610 13963 12485
13031 16317 10565
16683 11005 11545
14822 10620 13896
13752 13242 13815
13644 12227 14045
16891 11294 10377
16791 11351 10996
15309 11411 13537
14204 15180 11700
12046 14792 13173
12051 12053 14485
16498 11529 11562
11991 13869 13717
15542 12568 12523
13333 13836 13421
13277 15101 12446
12814 14654 13110
11650 13598 13981
15842 13325 11387
12470 16530 11529
16934 10033 11102
16703 10643 11715
16551 11858 11198
14832 13832 12342
13707 13421 13510
13660 15364 11737
12996 15898 11974
15363 11319 13485
14880 14310 11750
14255 11185 14290
13108 15284 12483
12677 14834 12984
14107 14529 12423
14194 15009 11849
16837 11386 10429
16716 11211 11104
14095 10989 14377
13715 14021 13197
13016 15722 12231
16540 12362 10966
15395 11961 13189
14617 13179 13039
13844 15308 12307
13627 12773 13993
13142 15234 12725
13908 15614 10967
13662 14161 13123
11777 13744 13896
16893 11452 10006
14653 14345 11985
14137 15415 10727
13570 13504 13704
13885 14660 12566
11902 16166 12099
16687 10186 11762
16700 11556 10908
15936 13638 9959
15405 14077 10842
15026 13291 12872
13373 14454 13179
12810 10240 14808
12779 13266 13980
15562 13178 11828
15470 11583 13226
15683 13887 9894
16483 12553 10754
16332 12086 11547
16150 10080 12904
14919 13844 12159
13852 15621 11198
11730 16711 11453
12819 13899 13546
10874 16049 12183
13719 14627 12739
17127 9929 10200
14974 14252 11629
12674 16192 11499
12447 16306 11695
12071 13417 14113
15413 12576 12771
15979 13209 11011
15919 13734 10314
15844 13161 11382
15581 14069 10295
11520 15424 12728
16209 13255 10339
12320 14526 13230
12382 14960 13046
17077 10512 10578
16166 13108 10962
13681 12298 13976
15776 13129 12178
13757 15867 11115
13444 15682 11678
13045 13412 13779
16388 11555 12037
14459 13024 13266
15057 12425 13274
13004 13965 13478
12243 16874 10281
15780 10992 13287
14477 13639 12848
13648 15959 11228
11417 13093 14320
15189 11572 13621
12863 9218 14793
12937 13132 13936
16954 11430 9594
16468 11839 11436
12564 13539 13829
11911 13221 14200
11602 16485 11749
13393 15562 11899
13373 14920 12691
11583 14658 13356
16741 10094 11710
15063 13092 12831
12169 16749 10945
16761 11534 10496
13598 15083 12445
17079 10507 10301
16272 12063 11886
15345 12679 12679
14297 13382 13411
13883 13798 13365
12616 16605 10325
16900 11522 9646
15183 13677 12167
14017 15522 10854
13567 14975 12503
16927 10750 10649
15534 11254 13160
14551 12941 13402
12175 16582 11012
13919 14930 12344
13854 10728 14405
16818 11830 9969
16721 10456 11540
12889 16480 11097
14582 12020 13846
12417 12285 14447
16823 9786 11387
14595 13696 12726
14333 14764 11806
14766 12228 13605
16644 11490 11331
14569 14611 12226
16856 11515 10211
16816 11672 10340
15834 11888 12442
14510 11942 13868
14290 13562 13187
13508 16018 10885
16359 13004 10060
15526 13090 12200
14390 15253 10898
13591 15493 11612
13163 16263 10578
15378 13648 11904
14195 14158 12635
14095 14581 12239
14026 15671 10845
13291 14525 13211
11895 16576 11266
16968 10303 10880
16769 9878 11439
16649 10735 11767
15454 12983 12272
12302 13836 13821
11142 16859 11179
11466 14607 13435
12563 13215 14036
16412 12134 11237
14597 14983 10586
14605 13867 12577
12738 12267 14446
16074 10402 13047
15846 13541 10656
14339 15228 11329
14156 14872 11869
16518 11141 11842
14639 12174 13736
13134 15996 11292
12661 15359 12515
13772 10371 14479
16386 11994 11495
12337 13563 13912
14948 14683 10512
14881 14015 12010
13954 13866 13212
11862 13637 13849
11882 16678 11255
12650 13034 14112
11897 15112 12986
14974 14823 10254
13699 13736 13572
16374 12682 10751
15469 12941 12209
15061 14264 11446
11896 16553 11271
16880 11797 9099
15293 12235 13072
15052 11492 13647
13282 15334 12130
13335 10715 14698
11028 17169 10817
16785 10335 11392
16502 10684 11889
14156 14712 12091
15157 12733 12959
14736 13125 12923
14052 14434 12862
13337 12755 14039
11554 16005 12316
14013 10632 14451
13289 11621 14399
16733 12258 10064
14788 14750 11056
14398 13948 12656
13312 13043 13843
15516 11361 13138
14401 13096 13470
12717 14849 12935
16547 12432 10606
15548 13384 11798
15498 11367 13114
15233 13131 12411
14849 12980 13380
13467 15231 12348
13082 16376 10195
13187 14727 12960
17025 10599 10353
16914 10395 10932
16726 11182 11008
15184 13095 12654
13429 10801 14589
13697 13406 13615
10794 15731 12637
14970 10374 13907
14149 14336 12717
13170 13881 13601
16518 9550 12265
16345 10368 12391
15035 14124 11704
13944 12001 14080
13284 12820 14138
10347 17473 10213
16395 11625 11677
15421 14136 10839
14003 14670 12438
13258 13114 13935
11057 15290 12911
16470 10128 12366
14434 14982 11412
13939 14568 12514
12402 15415 12649
12326 15064 12957
11534 15550 12713
13660 15900 10443
13498 12541 14125
15343 11681 13315
15601 12712 12237
15474 14051 10957
14907 14315 11530
16266 13063 10060
17086 10577 9941
16353 11012 12069
15689 13688 10986
15410 14270 9514
14805 14741 10807
14840 13789 12299
14692 10841 14071
14398 15312 10080
16333 10048 12392
15417 13182 12313
12630 12496 14345
16825 11420 10802
15234 14478 9993
15166 12333 13161
15185 12049 13417
12080 15373 12761
11426 15779 12612
16905 10954 10850
16705 11468 10919
15688 13148 11657
14725 14974 10024
13446 15113 12349
12820 15192 12837
16741 11896 10326
16571 11496 11368
15307 14335 10238
17032 10669 9993
13863 15681 10670
16751 10065 11614
15476 11582 13263
13656 16018 10410
14480 13032 13260
12958 13593 13703
16867 11563 10040
14727 13647 12539
13574 15511 11655
13427 14341 13198
13776 11374 14392
12800 16549 10895
12316 15770 12239
16762 11764 10392
15668 13510 11487
15268 12059 13278
14332 13122 13355
14401 13590 13027
13748 15561 11302
14784 13796 12530
14675 15066 10132
16311 10278 12483
15716 12401 12568
14746 10749 14019
12909 16457 10782
16714 11216 11381
15525 14076 10526
15221 12128 13144
13668 14832 12492
16939 10349 10579
16165 11799 12145
15161 14381 10647
14633 14917 10886
14508 15310 10776
15743 13742 10861
16348 11741 11743
15590 13355 11586
14088 15332 10964
13676 14287 13108
11089 14530 13476
16128 10310 12995
14827 14395 11632
14772 13551 12649
15356 13994 11079
16328 12129 11463
11714 15871 12258
11321 17073 10574
16796 12034 10170
16522 11747 11384
15569 10835 13325
14749 13608 12628
14577 14296 12164
13244 14688 12823
12198 13319 14024
15464 13613 11770
14917 14067 11826
14771 14402 11863
13900 15301 12076
11711 14886 13085
15110 10932 13650
13905 13026 13784
11929 14352 13551
15151 13428 12333
14975 12722 13196
14516 14005 12534
13852 14993 12245
13852 13472 13491
13518 16032 10174
13024 11531 14488
12230 12873 14242
11717 10509 14901
11728 16407 11600
15879 13236 10973
12226 14881 13114
11434 15367 12870
16536 10954 11667
14656 13568 12801
13407 13803 13431
13122 11050 14599
15854 13458 10530
15803 13558 11116
15060 12136 13325
11687 16999 10775
11464 16565 11654
11265 15064 13011
16514 10369 12048
14890 14481 11601
13802 14745 12415
12711 14340 13473
15385 13809 11362
15384 11333 13452
14223 15380 10593
11578 12635 14402
17090 11063 9446
15682 13276 11521
13431 13260 13816
16428 12590 10699
15094 12226 13233
14696 14833 10920
14459 13792 12735
14049 11895 14078
16247 11175 12498
13404 13588 13581
16299 11771 11696
15312 12547 12913
16552 9820 12043
15221 14197 10902
14492 13906 12607
10599 17709 10052
14685 13820 12645
14512 12272 13825
13549 15160 12316
12204 16384 11730
15191 14234 10674
15183 14453 10424
14701 14038 12236
14605 14975 10340
16984 11247 10094
15135 13199 12759
15161 12384 13164
15365 14143 11070
14614 14700 11409
13970 15050 12123
13468 16124 10282
11927 16051 11926
14322 13267 13238
12937 12247 14335
12775 15461 12259
12451 14703 13136
15170 14172 11333
12147 16546 11067
11944 12618 14334
14330 14922 11516
13206 15499 12111
12879 14326 13299
12774 16409 11153
12265 12600 14333
10754 16807 11239
11210 17330 10005
16299 11104 12121
16273 12119 11706
15519 11381 13081
14450 13179 13233
15279 12441 13042
11576 15951 12163
11179 15007 13153
15736 13184 11469
15178 14485 10224
14814 14890 10798
13635 15385 11654
16498 11503 11672
15386 13527 11933
15030 12210 13490
16285 10626 12493
14670 14693 11178
14666 13739 12652
14582 15032 10319
15257 11431 13541
13522 12370 14064
15298 11480 13508
13066 13364 13804
11631 14966 13187
11769 14156 13638
16319 10716 12401
14572 13998 12303
13047 11068 14560
10569 13683 13987
11137 14838 13307
16403 12269 11355
16317 12386 11278
16114 11602 12248
15314 13047 12375
14872 13866 12019
14601 15092 10210
12492 10555 14745
11440 16315 11954
10580 16405 11955
16685 11830 10749
15337 12990 12396
13831 12883 13919
12847 15552 12246
15297 13257 12216
15713 9936 13371
15649 13983 10444
15059 14563 11048
14810 13936 12272
12058 17037 10365
14631 13305 13024
14616 12231 13715
14526 14176 12385
16973 10619 10357
16731 10427 11444
16490 10885 11884
15419 10526 13611
15257 14427 10346
13280 16198 10345
13112 16238 11009
15024 10682 13876
13303 15401 11966
12931 13874 13635
12334 14652 13215
16338 12100 11367
15691 13168 11600
12702 13459 13924
12797 14397 13331
12472 16191 11522
11454 14426 13488
16780 10723 11259
16592 11510 11335
15490 13753 11512
13320 15601 11855
13279 13575 13702
13047 9839 14711
10929 14334 13563
15659 10028 13423
14525 13332 13099
13605 15619 11597
12911 12413 14327
16444 11621 11614
16476 12236 11161
15270 12292 13051
14781 14573 11714
13951 15326 11645
12079 14292 13498
16699 11988 10286
16554 11569 11249
15556 14184 10468
15152 12539 13131
14722 14319 12100
14119 11327 14247
12551 14706 13135
16058 11536 12671
14864 10486 13963
14546 13613 12963
13129 11425 14486
12546 16589 10613
16546 10925 11571
15048 12825 13072
12519 13301 14023
12750 15576 12432
14848 14061 11916
13697 15441 11523
13499 15378 11998
12274 15189 12945
16460 11276 11810
15582 13670 11648
15432 13305 11845
14626 13885 12370
14397 12824 13707
13051 12071 14473
11761 16798 10980
16243 11038 12544
16021 13187 10966
15054 13445 12299
14955 14623 11361
12039 14177 13548
16464 11233 11894
15180 12776 12885
14878 12739 13162
14620 14636 11795
16534 10007 12218
15987 12855 11664
15354 14277 9745
14896 13454 12649
14664 13871 12433
14244 11796 14069
14130 14572 12349
13882 15474 11225
13785 12639 13949
12256 16079 11898
16886 11398 10390
16669 12132 10259
14985 14629 9763
14666 13956 12254
13950 15763 10213
12499 15011 12967
12372 15974 11868
15851 12065 12404
15107 11869 13543
14935 12864 13102
13220 15384 12201
15308 14452 9915
15218 14355 10612
14356 15062 11258
13867 14537 12644
12598 12942 14127
16558 12175 10791
15717 13602 11119
14640 14840 11151
16399 10764 12091
14535 13565 12978
12286 16586 10959
11448 15725 12459
16488 10743 11948
15582 13260 11713
15305 12275 13050
15286 13476 11962
14969 13134 12880
14760 13537 12892
16480 10099 12270
15893 13350 10956
15623 13309 11680
15372 14240 9898
14793 14332 11665
14010 13933 12998
13037 12981 14004
15508 12891 12220
15238 13003 12602
14059 14493 12611
13401 15970 11000
16311 10766 12235
16138 11584 12361
15797 12157 12456
15552 13241 11833
15332 12185 13083
15252 14459 10146
15179 14344 10800
14692 13879 12394
14583 15149 9996
14324 15366 10206
13411 12722 14049
16484 12630 10386
16392 12496 11067
14556 12186 13838
14528 12998 13381
14210 15418 9952
15240 13088 12423
15143 12390 13140
11950 17149 10081
16353 10986 12179
15497 11453 13201
14440 13324 13116
13815 15715 10584
12240 15239 12703
16502 12109 11214
16003 11536 12732
15479 11459 13177
15316 14247 10129
11766 17205 9511
11608 11765 14665
10148 13864 13855
16303 11241 12075
16082 11046 12725
14686 14832 11004
12523 12888 14197
10996 13274 14188
16515 12463 10113
16282 13022 9604
15583 10157 13546
15109 12697 13147
14584 14988 10633
14566 15158 10245
14178 14176 12678
11480 10910 14998
11223 14007 13780
16633 12737 9174
15334 12089 13114
14583 13701 12695
14303 14898 11520
14193 15427 10201
12179 9794 14931
10642 17421 10730
16385 11654 11773
16325 10730 12221
15836 11058 12864
15552 13230 11942
15316 12095 13090
15100 13308 12554
14856 14195 11751
14488 11934 13955
12545 16152 11566
12469 12710 14259
12022 12172 14518
16132 13268 9582
13980 13700 13220
11782 12989 14332
10802 14188 13648
16457 12772 8556
15339 13706 11631
15098 12069 13410
14460 13350 13084
14373 15262 11147
14230 14705 11862
13457 13094 13824
12865 12169 14357
11831 14503 13447
16565 12245 10431
15139 12118 13377
14115 14486 12380
12581 15406 12447
11306 14411 13522
16186 11813 12112
16160 11354 12270
14794 13728 12532
14063 15447 11137
13857 12717 13927
13012 13423 13739
16230 10128 12594
14444 13930 12658
14247 14905 11751
13578 15595 11601
13346 15741 11597
12411 14688 13185
11192 10034 15011
11147 15025 13042
15500 14191 10699
15273 13013 12504
14825 13920 12050
15005 9967 14087
13412 13046 13842
12262 12089 14458
16544 11281 11584
16148 11872 12026
15127 14460 10655
15123 14615 9999
14682 13217 12975
13098 12918 14022
15938 13580 9765
15716 13546 11299
15611 10606 13524
15327 14277 9969
15018 14651 9666
15004 14573 10291
14684 14424 11778
13102 16353 9880
12053 10807 14787
16429 13075 9204
16140 11228 12348
15496 13407 11769
14529 13616 12831
13532 13816 13310
12699 14548 13227
11903 16603 11146
15430 13327 11920
15320 12701 12632
13009 13210 13914
12531 14251 13532
12057 14578 13255
16341 11937 11525
16307 9380 12524
15218 13365 12432
14533 11479 13940
14527 14048 12334
13725 15618 11281
13522 15602 11832
13383 10137 14597
13251 11282 14467
13162 14293 13343
11706 15972 12118
16524 11155 11662
16184 10350 12682
15913 12838 11800
15034 12482 13253
14123 14758 11997
14113 14618 12161
13521 12419 14041
13346 14896 12695
12893 15385 12495
10898 11549 14784
16304 11016 12132
15288 12907 12633
14438 14946 11149
13716 14024 13069
13624 11968 14262
13421 15458 11844
13026 14536 12981
12578 16121 11786
12259 11827 14585
11063 13811 13867
15370 11551 13290
15274 13358 12201
14339 14113 12597
12491 12252 14457
16871 10684 11072
14577 14924 11117
12883 13539 13773
12323 16880 10125
16563 10824 11642
14312 14151 12629
13603 15047 12335
13397 13632 13580
12581 14940 12935
16907 11112 10479
15339 13987 11444
14136 13445 13492
12733 10816 14717
11971 14521 13397
16478 11891 11392
16253 9472 12576
15745 13684 10667
15207 12187 13203
13841 15855 10326
13097 12443 14248
12261 11380 14706
12005 14883 13087
11257 12653 14403
11190 17359 8825
16921 11471 9988
16470 11247 11714
14961 14861 9613
14585 14969 10829
14579 13978 12287
16277 11308 12322
15811 12149 12527
15206 12916 12627
15037 12193 13304
15025 13686 12517
14919 14014 11755
14042 13099 13546
13464 11772 14349
12200 15552 12463
11408 16038 12219
10999 17332 10155
15993 10750 13118
14323 14386 12364
13288 11670 14376
13048 14962 12796
12540 16676 10296
12256 15448 12552
15461 12916 12594
15300 13277 12159
15029 11549 13626
15012 12216 13466
14172 10241 14307
13853 10777 14382
13800 10841 14386
13394 15434 11848
13091 16284 10614
13232 12395 14326
11997 12124 14577
11759 15192 12891
16728 11575 10890
16278 11364 12142
15137 10802 13625
14457 13089 13239
13688 12141 14058
12839 14566 13177
11219 11531 14783
15986 12799 11844
15723 13616 10939
15604 13377 11567
15071 12283 13212
15067 14622 10230
14903 12308 13579
13347 14518 12980
12309 12514 14346
16836 11616 10072
16399 12566 10707
15411 14251 9710
15264 13143 12344
14905 14868 9844
14498 14637 11466
14328 15475 9830
13307 15312 12125
12435 16877 10033
16679 12350 10116
16568 12146 10695
16373 13082 9435
15359 14245 9945
14907 13849 12018
14863 14021 11986
13960 11965 14116
13755 15392 11533
12993 16445 9993
12390 13069 14155
10525 13941 13814
16102 10658 13005
16073 12250 11989
15894 13074 11432
15519 11613 13072
14797 13941 12137
14267 14393 12595
12620 16714 9949
16236 13179 10106
16076 12151 12253
15403 13398 12134
14544 14182 12292
13731 10242 14513
13128 11474 14463
12790 12692 14258
16670 9399 11925
16140 13327 8764
15733 13417 11500
15465 13218 12125
15280 13452 12017
14866 13929 12041
14712 14972 10746
14720 12748 13512
14437 15050 11130
14368 13476 13155
13996 11368 14183
13420 15394 11960
12963 12838 14139
12867 12116 14349
12767 15873 12001
12064 16839 10443
10756 17111 11092
16141 12168 11893
15414 13704 11691
15355 13705 11883
15166 14349 10847
15157 11600 13439
14381 15321 10329
14141 15404 10668
13581 14835 12450
12808 16608 10077
11130 12751 14492
15513 11100 13254
15355 14258 9941
15317 12440 12787
15179 12999 12746
14397 14859 11615
13312 14615 12786
13104 15489 12231
11179 14265 13607
11156 16734 11195
10946 13760 13946
16449 11533 11625
15931 11634 12760
15874 12409 12328
15630 13296 11525
14952 11300 13752
14922 13313 12578
14917 10734 13753
14453 12817 13476
14177 14720 12085
12928 14783 13094
12652 12772 14163
11739 16852 11133
15927 13180 11303
14108 14427 12631
13646 15484 11646
13099 15522 12047
12587 16262 11466
12465 13791 13641
12234 16966 9862
11094 13775 13912
16297 12748 11108
15398 14305 9089
15367 11674 13376
14009 12123 14057
13853 15796 9541
12302 15789 12202
16928 11541 9628
16740 12328 9704
16315 11561 12074
15831 12427 12234
15529 10249 13598
15162 14362 10843
15111 13413 12382
14701 15206 9874
14590 15002 10453
14378 15383 9722
13480 16065 9497
13388 16086 10629
13150 15199 12535
12884 13197 14035
12233 9702 14879
10713 17399 10414
16616 9491 11977
15901 11903 12441
15110 14356 11078
14935 12707 13245
14859 13870 12292
14751 11255 13976
14085 15411 10899
13851 8529 14456
12508 16263 11354
11600 14084 13739
11081 17348 9983
10414 16862 11235
10282 13341 14159
16832 11490 10442
15261 12447 13018
13356 15673 11687
12231 14126 13550
11496 16930 11168
10838 15927 12338
14692 13890 12285
14653 13560 12828
14101 15293 10882
13957 11698 14245
13555 15371 11767
13149 15304 12365
12761 12145 14362
11320 16224 12031
11499 11497 14742
10970 16437 11774
16846 11849 9951
16735 11645 10530
14905 12250 13385
14825 11398 13841
14423 12658 13715
14067 10540 14399
13915 13197 13635
13449 13875 13398
13287 16169 10399
11856 16223 11947
11586 15245 12881
16597 10755 11771
15666 12619 12250
15333 13439 12096
15251 14342 10469
15090 13556 12258
12917 16516 9964
12704 15633 12280
12434 14655 13214
10934 13579 13999
10708 15408 12741
16451 11679 11537
16316 13292 9382
15488 13253 12050
15369 13955 10997
15201 14434 10577
15051 13826 12259
14778 14312 11869
14532 15124 10427
14153 14025 12813
13978 12987 13630
13849 13498 13501
13765 15926 10297
13627 14923 12406
12015 13494 13993
11822 13568 13883
16972 10789 10385
16874 11633 9680
16686 12420 9756
16261 11653 12126
16204 12428 11694
16134 12665 11743
15816 10906 13211
15275 11537 13487
15117 13000 12779
14602 13606 12732
14468 14737 11433
13387 11140 14510
12474 11171 14771
12110 13428 13925
12101 16749 11043
10466 16715 11593
10279 17442 10322
16389 11595 11785
16128 10798 12747
15876 11634 12821
15793 11950 12547
14723 10806 13998
14549 14055 12282
14305 14942 11479
14116 14222 12845
13268 13400 13712
11440 13888 13826
11137 14108 13663
16169 11456 12255
14754 14113 12099
14671 14429 11825
13928 14257 12909
13587 14350 13063
13171 16290 10458
16161 12446 11600
16123 13396 10284
15831 13559 10515
15275 14338 10043
15059 9875 14035
14578 13407 12962
14495 13723 12688
14144 9792 14329
13616 11178 14479
13067 13690 13622
12798 16559 10414
12774 15943 11641
12719 14130 13386
10607 17502 9196
16493 12524 10658
16448 12900 9258
15767 13172 11521
15530 13941 10736
14526 15039 10550
13665 14112 13118
13221 15973 11190
13052 13440 13715
12502 15770 12094
12236 14103 13541
11042 17044 10833
11002 16714 11509
10634 15535 12724
16158 11843 11930
15819 13345 11094
15646 12418 12467
15591 13989 9463
14779 14281 11892
14351 9643 14294
13350 15180 12427
12651 12448 14370
12450 15895 12082
12063 17007 9526
16815 9916 11418
15900 12843 11847
14894 13512 12843
14190 11909 14050
14020 15019 11947
13893 14677 12386
13842 15727 10275
13696 15652 11479
13421 13927 13391
13040 10567 14707
12624 16664 9507
12478 16589 10711
12256 9046 14861
11857 17126 10194
11791 14432 13456
11453 17218 10490
15762 10998 13263
15590 13195 11808
15082 14442 10945
14930 14028 11744
14670 11559 13914
14493 14062 12513
14489 12329 13804
14249 14949 11710
13568 11464 14363
13472 16074 9840
13326 15999 11044
12833 14025 13531
12251 16933 9463
12183 16609 10892
11631 11302 14737
10701 12830 14334
15890 10940 12922
15822 11726 12873
15765 12501 12441
15739 12042 12599
15715 11966 12781
15462 12957 12280
15433 12660 12636
15414 12489 12671
15167 14235 10833
15056 11817 13549
14821 12339 13463
14669 10898 14050
14029 14810 12180
13745 12238 13965
13379 13758 13545
12782 14583 13149
12363 12692 14284
11557 10162 14928
11195 17354 9470
11161 17350 9730
10236 17730 9644
16548 12421 10148
16112 13630 9412
15943 13087 11166
15818 13272 11416
15806 12550 12408
15775 13566 10746
15409 13406 11830
15165 14293 11027
15161 13339 12501
14776 15024 9697
14326 12915 13565
13853 14104 13043
13183 16231 9673
12479 13915 13601
11288 15859 12517
10977 14642 13394
10792 17605 9150
16527 10992 11820
15739 13899 9368
15642 12566 12279
14899 9679 14122
14090 9884 14381
14031 15641 10006
13860 15666 10910
13480 14373 12999
12981 14563 13038
12907 13494 13709
12431 16768 10409
10609 17461 9688
16889 11299 10654
16439 10747 12011
15984 11954 12382
15422 12427 12749
15220 13406 12247
15148 14519 10459
14845 9771 14174
14678 14095 12215
13630 14323 13010
13371 16157 9610
13279 16178 10742
12887 9492 14738
11688 15482 12620
10856 16747 11412
16322 11878 11667
15328 13245 12268
14502 13389 13078
14219 15567 9943
12604 13556 13805
12536 14892 12953
11742 16533 11585
10680 16041 12275
16761 10008 11470
16573 10795 11546
16427 12487 11177
15969 10948 12864
15756 12805 12197
15719 11916 12677
15211 12189 13159
15069 12855 12857
14913 14360 11498
14059 14504 12502
14015 9345 14408
12590 15943 11918
12222 14764 13133
11678 17091 10356
16251 11781 12040
15993 12869 11484
15555 10887 13300
15444 10694 13401
15406 12964 12511
15252 13048 12408
14446 13628 12933
14329 12133 13891
11919 14096 13585
10882 16623 11586
16524 11643 11414
16162 12449 11472
16056 13637 9643
15487 14229 10058
15387 14327 9493
15353 13413 12061
15349 11680 13352
15276 14252 10400
15109 14300 11258
14720 15031 9928
14558 13983 12489
14487 11999 13847
14457 14170 12475
14332 15425 9388
14270 12922 13796
14214 9325 14297
13670 12267 14023
13614 14833 12417
13178 16261 10512
12855 14892 12897
12445 13928 13636
12370 14779 13099
11531 9743 14942
17093 10167 10774
15683 13906 9599
15423 9961 13633
15224 13531 12209
15064 14660 9408
14889 14161 11728
14337 14753 11747
13987 15709 9464
13781 15532 11275
13438 14127 13280
13227 10944 14597
12031 14589 13290
11934 15406 12664
16473 11084 11872
16092 11017 12629
15830 13482 10883
15637 12224 13000
14823 11068 13884
14407 12995 13558
12845 13551 13739
12782 14816 12997
12565 15448 12475
12130 11943 14619
11926 11450 14728
11773 15934 12231
