45 3
16779
521 482 801 354
607 266 918 538
900 206 862 806
761 114 651 479
944 366 535 783
980 956 595 50
962 408 335 929
472 135 536 524
733 739 779 647
510 358 579 353
918 84 191 876
872 636 651 361
648 534 311 351
913 994 361 218
523 803 12 748
700 715 802 313
616 130 722 679
777 863 995 53
807 750 303 815
886 250 758 336
960 200 144 958
859 384 460 575
786 884 238 128
749 703 170 697
714 858 298 52
984 839 69 998
695 94 886 941
613 296 873 506
812 247 371 630
983 583 307 533
868 228 648 142
788 925 375 206
489 788 109 667
1000 87 426 532
728 534 542 562
544 650 849 283
697 77 389 628
550 371 543 116
494 858 157 333
544 58 477 536
813 481 617 162
805 938 980 121
669 143 700 258
889 65 658 845
475 934 153 958
2500
11377 12271 15773
11922 14738 14169
12352 14791 13958
11580 16432 11546
11458 14404 14607
11309 14501 14452
11580 14770 14283
11737 14194 14623
11548 16356 11775
10040 16628 11767
10007 12984 15850
15659 12764 12360
15232 14548 11086
15229 13674 12488
15107 13160 12910
15191 13908 12320
14752 13294 13184
14838 14168 12451
13964 13795 13772
13801 14027 13537
13846 14600 12857
13685 15496 11114
13371 15307 12091
13158 13609 14340
13442 13058 14494
12992 12346 14779
13146 15986 10621
13310 14649 13421
12815 12162 14959
12587 15428 12964
12430 15740 12464
12510 14576 14107
12440 15935 11830
12076 12283 15396
11853 12105 15588
11995 16535 10936
11964 14123 14744
12318 13472 14986
12082 12981 15282
11397 15654 13395
11373 16284 12384
11145 13332 15397
11421 14142 14756
10894 16404 12203
11467 14078 15045
9552 13375 15427
16938 12165 10512
16024 13576 10862
15851 12334 12167
14766 14937 11148
14547 13977 12930
14362 14334 12636
14315 12559 13852
14210 15174 11035
14181 14217 13161
14026 14991 12130
13960 14826 12309
13779 13251 14226
14000 12877 14070
13512 14303 13692
13253 15489 12354
13176 14947 13182
13063 15656 11904
12953 14597 13619
12988 14301 13964
12829 14851 13411
12738 14892 13539
12571 15918 11649
12394 13820 14562
12586 13164 15002
12233 16001 11745
12439 16293 10980
12394 14591 14104
11848 15703 13018
11964 14538 14315
11656 14952 14180
11318 16139 12799
10780 12819 15685
10484 12141 16163
16306 12825 11637
15957 14057 10526
15867 13400 11408
15822 13231 12278
15659 13463 12043
15442 12992 12610
15392 14079 11355
15189 14024 12086
15177 14341 11194
15128 12403 12985
14988 14490 11683
14942 13548 12984
14561 14521 11972
14339 15293 10287
14052 14568 12656
14156 14366 12837
14006 13595 13918
13988 14137 13507
13842 15008 12572
13820 15480 11528
13488 13264 14319
13316 15453 11861
13542 15213 12199
13133 13273 14642
12940 15961 10902
13075 15945 11316
12920 13625 14453
12707 15338 12814
12366 12200 15248
12199 15911 12192
12444 14738 14051
12141 12821 15276
12322 13549 14915
12234 13766 14748
11884 15268 13612
11649 15828 12842
11065 11841 16127
11887 13738 14917
11104 16598 11731
11159 15467 13696
10480 12550 15986
16513 12568 11125
16530 13274 10333
16295 12861 10729
15452 14002 11394
15621 13697 11875
14807 13058 13093
14664 14503 11982
14494 14283 12741
14558 13898 13051
14479 14860 11688
14358 12415 13682
13928 15431 11074
13761 14377 13135
13428 15561 11745
13187 13387 14381
13284 13987 14260
12933 13049 14772
12931 13265 14648
12823 15115 13261
12828 12767 14874
12576 12576 15088
12620 13523 14636
12495 16080 11415
12395 14272 14384
12485 15785 12279
12507 12340 15194
12152 13081 15161
11805 15753 13016
11373 13341 15347
10510 13010 15589
11259 13887 15074
10495 11930 16214
10875 15654 13513
17378 11590 9922
17080 11877 10483
16285 12252 11693
16109 12979 11453
15484 12792 12756
15034 13732 12866
13815 14707 12742
13550 15157 12315
13158 12737 14604
13040 14840 13325
12875 15540 12445
12025 16331 10305
12149 15373 13321
12024 16190 11590
12097 14258 14466
11889 14138 14676
11669 12663 15641
11068 12512 15807
10383 16707 10937
10907 14608 14606
10176 12612 15985
16736 12332 10194
16070 12818 12045
14847 12925 13258
14947 14833 10003
14645 13452 13135
14436 13384 13473
14428 15020 11244
14253 13179 13699
14166 13268 13895
14027 12838 13993
13387 15085 12844
13376 13978 14113
13283 15304 12657
13117 12491 14719
13032 14269 14048
12844 16025 10831
12397 13534 14983
11841 12719 15459
11619 12361 15673
11674 16161 12322
11417 12868 15588
11392 14093 14977
11641 13410 15178
11208 14780 14260
10645 16225 12612
16761 12155 10892
16640 12452 11073
15184 12690 12939
14234 13911 13350
14134 14491 12778
13909 14465 13078
13851 15034 12253
13734 14508 13201
13348 13171 14349
13100 15109 12948
12079 16121 12098
11320 16359 11984
10715 16804 10719
10208 16635 11546
11693 15214 14031
16970 11551 10733
16428 13165 10534
16145 12488 11655
15570 13040 12492
15346 13397 12463
14782 13541 13080
14753 14269 12165
14273 14892 11889
14233 14616 12644
14159 15334 10591
14030 13937 13653
14051 15339 11354
13814 14251 13478
13374 14194 13989
13184 15828 11192
12983 14583 13896
12481 15000 13902
11964 16315 11092
12245 15640 12973
11678 15877 12621
11274 16644 10142
10699 14417 14635
11036 13540 15341
10289 11507 16402
9824 16867 11514
15151 14258 11918
15118 13081 13031
15169 14558 11114
14492 12765 13570
13684 15373 11671
13507 13873 14049
13549 13673 14195
13104 14078 14411
12666 12469 14947
12732 15254 13190
11627 12863 15495
11927 13861 14893
11333 13218 15371
10858 16685 10825
10054 13211 15522
9842 16792 11306
11048 16023 13221
16863 12264 10691
14474 14426 12292
13061 15099 13148
13251 15659 11557
12429 13590 14776
11434 15916 13246
11185 13734 15138
16566 13341 10282
16290 13047 10884
16032 13052 11877
14436 14660 12124
14592 13621 13207
14184 13193 13687
14021 14749 12526
13735 15257 11806
13415 15687 11018
13341 14717 13263
12545 15822 11843
12528 13992 14535
12660 11751 15099
12419 15182 13417
12285 15480 13178
11944 12067 15626
11341 13141 15479
11150 12110 15968
10517 12812 15837
10385 13627 15250
16187 13344 11097
15869 13284 11642
14288 13782 13473
14211 15091 11621
12360 13272 15132
12155 15959 12332
12118 15819 12596
12120 13945 14656
11371 13601 15082
10950 12801 15687
10530 16704 11228
10746 11660 16336
10831 13313 15492
16708 12461 10703
16216 13414 10505
16063 13052 11715
15607 14130 10749
13785 12111 14217
12929 15543 12323
12727 13460 14700
11496 14127 14824
16273 12873 11314
15282 13319 12633
14871 13964 12631
13550 12644 14472
12511 15590 12730
11267 16588 11028
11135 14451 14464
9686 16980 10873
16413 12748 11281
15063 14689 10740
14955 14694 11503
14672 15078 10647
14508 13180 13388
13847 15141 11906
13709 13346 14172
13328 13591 14342
12781 15247 12824
12895 13659 14511
12129 15863 12526
12257 12774 15358
11469 15326 13808
10376 16524 12215
10672 13798 15182
16533 12298 11218
12939 15838 11459
12616 15477 12743
11789 16243 11701
14794 13094 13330
13830 14363 13147
13466 15571 11153
13527 13060 14440
12984 14665 13461
11494 13143 15344
10980 12128 15966
10851 16629 11711
16397 13482 9936
14394 13584 13327
14337 13172 13607
12884 15693 11874
12666 15100 13393
12188 16321 9602
12486 14538 14197
11969 13661 15039
11396 12183 15865
11049 16453 12146
16311 12639 11482
15407 13272 12257
14916 13608 12908
14330 13582 13619
12983 14110 14322
12444 15636 12385
12217 12467 15395
11040 14328 14757
15207 14324 11282
15215 13964 12162
13551 15794 10875
13154 12516 14717
12900 15494 12544
12552 14849 13827
12648 12544 15155
12379 12805 15163
11837 12820 15428
11988 15049 13799
10414 16927 10781
15399 13845 11685
15346 14200 11540
13966 15116 11632
13683 14832 12622
13465 13680 14287
12664 11320 15073
12774 13071 14796
12510 15049 13681
11902 15603 13121
11852 13876 14825
11343 12715 15652
15939 13757 11330
15741 14065 10062
14157 14672 12493
13353 14906 12905
13244 14337 13858
12482 12153 15330
12534 15778 11913
12038 14071 14561
10391 16427 12296
17167 11724 10453
15776 13989 11095
14525 14102 12871
13166 13458 14564
12312 15141 13556
12006 11773 15473
14707 13650 12907
14786 14730 11101
14298 14743 12213
13214 12271 14645
13284 14460 13834
11993 15756 12669
11703 12254 15812
11103 13532 15251
10643 12730 15740
10890 16761 10596
15157 12870 12853
13715 15561 10803
12197 15334 13192
10942 13607 15278
11303 14759 14348
16717 12611 9802
13889 14800 12421
12824 15656 12310
12268 15937 11888
10928 11752 16182
11090 13411 15357
10094 16676 11610
16315 12004 11570
15335 13476 12342
13569 12640 14306
12794 15066 13482
11894 13676 14971
13687 14260 13569
11616 13468 15207
15317 12543 12830
14675 14424 12103
14815 12337 13405
13675 14071 13927
13433 14631 13263
13286 13791 14196
10633 12765 15919
16472 12639 10782
15433 13212 12333
14282 14609 12278
13890 15633 10194
13122 14003 14203
13240 15615 11627
12901 14660 13774
11921 15530 13463
11625 13059 15559
11555 15687 13223
14967 12616 13053
14144 15236 11018
13545 14723 12919
12394 15272 13234
12670 16152 10806
12074 16324 9939
11643 12984 15351
9530 16713 12026
16815 12896 9755
12276 12307 15389
11459 12668 15734
16459 12675 11019
15350 14454 9969
15052 14196 11927
14619 15153 10247
13081 14569 13623
11921 15057 13889
11619 16016 12737
15399 14308 11205
15141 13115 12672
13597 14526 13414
10128 12072 16385
16670 12713 10120
14351 14437 12402
11810 16435 11445
13045 13490 14475
12941 14310 14176
12365 15223 13455
10216 13999 15115
13752 14654 12769
12693 15594 12415
12679 13074 14862
13737 13451 14080
12600 15967 11428
11284 11821 15960
13865 13391 13957
14988 11859 13128
13717 13871 14073
13429 12453 14579
13370 14766 13042
12839 12747 14839
12387 13790 14630
16061 13122 11285
15768 12489 12285
15489 13863 11591
12244 12169 15443
10699 12904 15683
15297 13710 12174
14740 12352 13337
11640 16469 11110
17303 11920 10312
16971 12293 9731
14388 14744 11999
13647 15157 12085
13045 15320 12770
12853 14726 13765
12303 15405 12970
13554 14103 13838
13414 15799 10379
13173 11872 14816
14488 12081 13575
12569 15814 11826
16830 11330 10801
13673 15146 12205
13322 15314 12457
12280 13749 14769
11531 14426 14438
15587 12659 12408
14286 15185 10622
13390 12971 14495
12631 15808 11891
14383 13040 13645
12987 15539 12059
12544 14608 13972
11963 15330 13609
10076 13435 15370
10140 12704 16001
16412 11905 11430
15426 14013 11274
14906 14099 12081
13413 15175 12528
13214 14726 13354
10054 11036 16528
16180 13578 10767
15855 12052 12221
13376 15722 11484
12665 14081 14480
11957 15124 13834
12917 15354 12681
12943 14460 13920
11878 15609 13238
12678 15289 13035
11680 13246 15202
15695 12192 12426
14580 12599 13384
13638 13047 14265
11236 15061 14097
11461 12472 15670
12285 13287 15064
14336 14509 12381
14251 15017 11830
13843 14300 13257
13296 14649 13476
11096 12081 16048
15164 12960 12846
14306 13707 13265
11975 12430 15451
11930 16225 11539
11905 16020 12148
16702 12158 10920
11207 15281 14094
14611 14809 11793
12504 13575 14844
11220 16375 12178
10715 13360 15410
10314 12159 16161
12765 15889 11511
11856 16027 12514
17004 11956 10218
14607 12146 13434
13456 15115 12547
12739 16182 10509
11829 12336 15618
12229 14809 14116
11011 15761 13370
16103 13407 11000
14319 14134 13072
13183 15896 10862
12500 15788 12130
11077 12473 15743
17140 12152 10077
16899 12331 10640
15282 13782 12153
13843 13827 13683
13928 15475 10765
11804 11603 15712
10317 16770 11194
10591 15870 13287
10494 13125 15647
13920 14550 13064
12786 12149 14981
10114 13209 15576
15985 12038 12097
12184 16008 12111
11532 15250 13732
10596 12503 16068
14303 13897 13362
11489 16061 12831
10093 16553 12167
15685 13403 12119
12689 13725 14623
11328 16604 10241
14244 14843 12110
14187 12511 13970
12485 15885 12049
12182 12789 15290
14669 14780 11561
12129 16237 11175
13635 15380 12037
12563 11971 15173
14127 14317 13058
15561 12459 12525
14713 14190 12271
11493 16211 12190
10703 12728 15794
13452 13075 14372
11577 15437 13584
9372 10883 16554
16347 12417 11298
13858 15246 11696
13629 14829 12744
11664 13125 15346
10956 14589 14474
13623 14715 13001
13611 14526 13359
12836 12451 14949
9987 16857 10811
16532 11617 11362
12696 15690 12221
11169 15338 13963
14463 13570 13339
11957 12672 15541
15810 13548 11386
13654 14783 12843
13869 14710 12620
14937 12590 13069
14508 12785 13494
12716 15744 11875
10300 16701 11329
12695 12247 14988
10187 13697 15235
14947 14818 10259
14649 14575 11961
12419 15696 12534
12264 16221 11589
12234 15596 13043
11850 15875 12563
11103 16168 12806
10577 16917 10078
15061 14391 11301
14716 14974 10177
13754 15051 12527
13471 11821 14486
12812 15467 12668
10779 16337 12568
9879 12399 16152
16213 11895 11771
14128 14773 12322
13115 14601 13488
11566 12165 15867
14586 12903 13359
13291 15499 11762
12472 15580 12930
12191 14866 13985
16730 12472 10294
12075 11759 15485
11755 16153 12148
13921 12049 14152
12917 14272 14266
12016 13143 15226
15554 14436 10560
14476 14310 12526
12693 13281 14761
13510 15424 11723
12673 13338 14712
12234 14347 14411
11457 13094 15561
14135 13699 13484
11819 15807 12721
13723 12012 14272
11892 14278 14566
10952 16296 12559
10766 12485 16070
16737 12531 10111
14701 14364 12179
13603 11661 14371
14348 15091 10946
13306 15804 11142
15994 13861 9970
14517 12229 13532
14102 14683 12638
16619 11464 11332
14897 13904 12707
14584 13838 13127
12622 14600 14054
11446 13209 15335
11533 14389 14675
9590 16621 11982
15202 12220 12837
13436 12043 14567
12750 15179 12982
14698 15018 10723
11970 12540 15579
9610 16984 10248
14497 15006 11256
16419 12832 11142
14552 14418 12374
12954 16034 9678
11390 13513 15174
16423 13351 10689
15832 12422 12075
12787 14415 14135
11319 12259 15856
10819 12681 15876
14454 14960 11320
13573 14184 13679
13461 15279 12087
12927 15549 12047
11897 15019 13979
10971 14790 14390
16930 11632 10795
14102 14363 12959
11939 15455 13255
16914 11267 10898
16092 12192 11952
15124 14647 11005
11225 16651 10508
9891 13031 15768
10420 14994 14389
10851 14728 14458
12172 15719 12699
12495 12758 15245
9846 11728 16478
13516 14674 13140
9252 13106 15728
15338 14444 10096
14445 14377 12513
10836 12993 15628
13009 15756 11801
12168 13928 14692
14677 13844 12929
12302 15987 11757
15264 13809 11938
13708 14683 12946
14112 12526 13902
14214 15107 11589
12812 14991 13274
11695 14394 14477
14642 14628 11923
14131 14732 12417
12516 15339 13004
13249 12767 14534
15673 13618 11445
13800 15085 12066
12078 16312 10755
14798 14413 11993
13969 14543 12698
13607 12051 14348
12264 15207 13547
11236 13252 15402
16474 11842 11488
13690 14710 12731
13193 14593 13570
16945 12468 9476
12740 16070 11148
11377 16597 9875
10413 13031 15650
9843 16779 11606
11244 12274 15788
11669 15339 13677
12979 13652 14419
12979 15166 12973
12466 13665 14726
16830 12386 10097
13153 14071 14045
12800 14802 13632
12661 13149 15070
11909 16155 11763
11421 11910 15905
11214 16607 10578
10832 14623 14538
15524 13798 11309
14365 13277 13515
13220 14462 13504
12192 13966 14602
10927 11920 16087
11033 12949 15672
10345 15009 14321
12890 15845 11825
12521 14419 14093
11535 15637 13438
11021 16675 10122
12959 12739 14663
11999 16236 11491
10532 16363 12418
15591 12283 12567
15633 13263 12160
12865 14915 13407
13302 14385 13626
16361 13646 10198
16025 13286 11547
15242 14459 10732
14529 12028 13569
13954 15182 11767
12203 15894 12277
11860 16177 11873
16403 12312 11342
12281 15587 12831
10230 13162 15658
14633 11566 13504
14561 14198 12651
10452 13325 15501
11933 15754 12823
12327 15280 13324
11915 16322 11458
17089 11239 10502
12597 14690 13871
11849 16233 11713
16676 12288 10811
16006 13871 9843
12738 13949 14468
12315 15688 12639
10185 14184 14965
16755 11660 11191
15633 14070 10825
14011 14247 13270
12113 14874 13903
11038 15422 13748
16600 12900 10573
15802 13929 11171
12660 15857 11670
13181 14825 13118
12871 13669 14619
12666 14943 13560
11182 15725 13460
16974 12001 10250
14319 13661 13498
14090 14055 13207
13867 11307 14159
12649 14469 13988
12684 13259 14833
11045 15636 13515
10336 11380 16435
12708 12852 14903
12143 16310 9951
11855 15219 13833
9580 10191 16604
9727 16710 11927
17137 11769 10485
16821 12442 9955
15498 12089 12673
9388 13213 15585
13002 14897 13194
11504 13321 15233
15094 13206 12677
13489 15013 12762
13436 14931 12863
11572 11915 15863
15527 14268 10971
15332 11938 12846
12129 14486 14395
12293 15891 11987
11615 15609 13273
16149 12056 11834
14497 13259 13267
13898 15025 12041
13032 11668 14855
12858 13064 14704
11442 14522 14411
10492 16301 12662
9452 13533 15376
15550 13738 11385
15410 13742 11919
14888 14839 10900
11368 15605 13616
13804 14786 12621
12663 13478 14648
12524 15735 12069
11490 14561 14355
16794 11436 10936
15739 12057 12294
14228 15320 10603
12341 11949 15369
10986 13134 15519
15737 12451 12330
13183 15940 10553
11907 15658 13017
15391 13497 12209
14398 14430 12416
14260 14321 12713
13878 14897 12210
11849 16133 11943
15014 14430 11759
14804 14703 11316
12239 15888 12109
11543 13157 15257
16154 11898 11799
15620 14108 10328
14006 14062 13299
13872 14163 13293
13271 15015 13056
12601 15562 12726
9204 10835 16625
12923 14784 13474
16958 12432 9239
16700 12496 10456
15065 13360 12764
10144 16811 11203
13384 12253 14647
16676 11829 11053
13533 14528 13084
12124 15156 13656
14345 14793 11860
14143 14429 12727
13570 12916 14270
13567 14847 12619
11017 12390 15817
11388 16187 12465
11685 16105 12482
11053 16751 9893
14300 13971 13115
13883 14640 12823
13163 14515 13685
12690 12017 15019
11823 13827 15046
10662 12814 15698
13491 14720 13041
12673 14344 14342
11266 12063 16050
15825 12097 12253
13123 14865 13283
12792 12845 14811
10571 16184 12719
14899 14067 12132
13596 14399 13498
15688 14371 9873
15289 12909 12621
15064 12339 13038
13753 15359 11683
11560 15422 13630
11233 13391 15277
10934 14528 14539
15641 11450 12433
15302 11777 12883
12953 12021 14815
11543 15235 13728
9751 16585 12281
14890 14182 12050
14517 14950 11292
13119 15164 12728
11734 16051 12564
11684 13136 15230
13777 13989 13627
15372 13337 12539
12643 15913 11561
11563 16259 11856
9866 16667 11660
12930 15163 13121
12762 14460 13952
9748 16871 10889
15425 14031 11678
15309 13487 12222
13276 12370 14590
13047 15522 11969
12462 13775 14698
14908 12619 13081
14261 11817 13859
13730 14615 12854
12943 15327 12800
11962 15803 12602
11754 11628 15648
15573 14147 10786
14576 14860 11458
13143 13783 14299
16694 12636 10556
15255 13614 12564
13584 15625 10776
11640 14692 14333
11115 11614 16079
14217 11952 13991
14159 15319 10847
12520 12945 15109
10375 16109 13034
15033 14134 11960
13125 15063 13047
12074 16465 9658
15258 14582 10318
14868 12168 13333
13927 15543 10435
10187 15432 13728
9717 10280 16549
16325 11871 11636
15840 13531 11474
14054 14810 12111
12023 15435 13464
11740 16250 12067
11452 15841 13038
11761 13470 15068
14365 14634 12236
13789 11452 14199
12984 15803 11701
11924 14000 14768
9758 16556 11884
15615 14294 10483
13738 15273 11774
13720 14872 12588
12891 11528 14909
11691 13370 15189
11091 15504 13647
15529 12041 12599
14399 14971 11465
14144 12092 13981
14198 15148 11394
13350 14823 12993
10397 13615 15301
14324 14568 12468
14017 15080 11963
13256 14526 13500
10533 15686 13627
15603 11861 12435
15059 14074 12036
14260 14037 13209
9240 12474 16112
14313 12943 13650
13507 15414 11948
13231 12843 14564
12240 15332 13193
10528 16924 10444
15346 14608 9830
12873 11770 14999
9385 12826 15879
15991 12248 12080
14442 14950 11447
14185 15274 10667
14185 14229 12873
13206 13996 14111
11723 15640 13091
11620 14409 14409
10870 13181 15437
9475 13284 15536
16884 12390 9612
15947 13517 10874
15539 13720 11652
14928 12109 13176
14502 13444 13238
13912 14286 13269
13696 14583 12989
12989 14873 13219
12751 12889 14801
12615 16007 11221
11022 16344 12225
9315 13444 15431
13946 12135 14077
13270 11652 14742
13732 13904 13846
13102 15606 11694
12386 15818 12158
12122 11498 15513
11882 12687 15473
13971 15439 9965
13407 14806 13008
12669 15953 11440
11066 15948 13013
9954 13369 15471
16065 13641 10832
14686 13240 13257
13693 13996 13719
13131 15353 12370
10961 16638 10558
14643 13648 13199
13218 12238 14649
12454 16196 11061
12271 14609 14262
11895 13175 15137
11388 16641 9805
11343 16630 10154
11133 12343 15899
16763 12471 10187
15438 14023 11147
15166 11547 13021
14375 15095 10844
13545 15193 12120
12694 11275 15041
16710 12363 10522
14587 14461 12048
14086 14905 11885
13271 13382 14345
12829 13869 14473
12300 15785 12558
16351 12071 11519
15884 11782 12221
15463 13923 11515
15139 12324 13106
14060 15056 11743
13321 14774 13214
13045 12273 14770
12269 16096 11570
12355 13734 14837
10925 14937 14187
9995 12352 16234
10161 16958 10761
16968 12120 10480
14022 15290 11575
11721 13347 15092
11076 14236 14741
10460 16519 11850
16762 12489 9952
16128 13796 9283
13640 11122 14322
13502 14617 13275
11405 16475 11669
8784 10944 16542
16914 11726 10656
14616 13963 12942
13981 14425 12858
12886 12375 14914
12594 15768 11925
15613 12896 12322
15279 14450 10993
15022 14774 10213
14467 11415 13677
13921 14876 12192
12961 12610 14735
11965 15910 12390
11727 13210 15139
11736 14748 14198
16420 11860 11359
16126 13685 10661
11531 15861 12977
10744 12696 15808
9341 10924 16570
12904 12133 14824
11443 14203 14691
10325 15495 13656
10338 16931 10156
16194 11348 11863
15076 13281 12885
12801 11409 15018
11424 16542 11420
16529 11798 11272
16122 12943 11216
13909 15179 11882
12469 15317 13010
11825 14580 14315
11622 15781 12982
11298 14219 14699
16539 12508 11201
15456 13785 11599
14801 13344 13023
13415 15672 11274
12047 14563 14273
10262 15417 13796
16422 11291 11612
15393 13562 11931
15302 14059 11842
14417 14497 12167
14021 12120 14145
10281 13662 15219
9571 16898 11494
9559 13177 15675
16432 12042 11342
16351 12200 11503
15163 14594 10256
14104 15174 11262
13776 14308 13347
13496 11902 14479
12848 16050 10641
14035 15102 11644
13186 12477 14731
12892 14716 13632
12033 15289 13392
11409 16176 12224
13798 13404 13947
13841 11099 14216
12965 14584 13620
12298 14114 14530
11444 11494 15937
16559 11753 11240
14375 13693 13277
13786 12382 14124
12639 13435 14728
12499 14925 13694
13243 14258 13962
11319 12124 15877
10752 13622 15261
15301 13493 12379
14404 12283 13720
13843 11326 14159
13152 12019 14756
11476 15716 13392
11312 16645 9180
9799 16399 12679
15185 12203 12921
14322 15102 10826
12757 14804 13631
11774 11954 15636
16231 11510 11700
14529 12423 13463
12033 16301 11104
14318 15154 10528
13934 15529 9724
13281 15456 11918
12696 14149 14322
12655 14818 13640
11175 12750 15654
16366 11466 11535
14029 14812 12321
12885 12600 14793
10149 12208 16248
16244 13120 11146
13589 15560 11043
13422 14892 12917
13109 14826 13337
10756 13328 15424
8985 17028 10976
15749 14229 9796
14466 13380 13242
14057 12279 14014
13615 14451 13206
13518 14854 12985
12975 15337 12376
12192 14547 14265
12263 11702 15474
11652 15844 12810
11119 16501 11812
10815 16207 12614
10615 12036 16099
16160 12010 11701
15144 12790 12896
13794 13284 13999
12897 14959 13219
12805 14340 13927
12687 12563 14913
12593 13378 14769
9861 16704 11398
16017 13761 10488
15948 13115 11780
15041 13322 12854
14856 14492 11534
13870 14013 13549
12800 15658 11908
11485 14003 14837
15035 14402 11181
14409 15049 11211
14051 13706 13576
13091 13473 14496
11880 15672 12924
11717 12049 15628
11305 14433 14466
16135 12919 11529
14605 14063 12519
12914 14624 13537
12681 13781 14562
12058 12943 15372
14574 11881 13536
12437 15222 13236
12134 14520 14317
11477 15397 13672
11625 13532 15133
16083 12782 11808
14739 13966 12482
13732 11374 14291
13441 11660 14523
12209 16076 12004
15476 13887 11278
15275 13553 12303
13859 12242 14134
11507 13970 14810
11439 15454 13541
10659 16035 13015
15197 11255 12969
15081 14753 9572
14065 14421 12787
12531 15972 11255
12346 15361 13165
16242 13354 10581
14900 14872 10461
14364 13772 13156
13439 14752 13054
12036 15305 13360
11266 13156 15411
11603 15028 14047
9729 14385 14898
16014 13427 10940
15120 13146 12753
13931 14777 12530
13792 14597 12979
13725 12509 14233
13440 15293 12103
9705 16892 10965
16918 12599 9542
14589 12025 13447
13884 12924 13988
13070 12524 14649
12490 15106 13632
12535 13643 14686
10425 14805 14339
17408 11545 9890
16316 12465 11372
15362 11893 12814
15052 14032 12062
14189 13378 13658
12902 15201 12823
12898 12007 14841
12078 15580 13049
11645 14828 14193
10024 13808 15147
15151 12152 13005
15130 14265 11294
14718 13571 13028
13407 15276 12209
13118 13596 14435
12732 11566 15038
12673 12356 15014
10947 11285 16213
14919 13908 12508
14882 12419 13198
14707 14546 11729
14513 12008 13645
13893 14834 12399
9410 16119 12948
15644 13991 10946
15750 13789 11212
14363 11637 13744
14172 13961 13335
13752 14818 12634
13616 12266 14286
11149 16655 9883
10446 16572 11881
14295 15166 10546
14228 14267 12808
13590 12066 14403
13444 14865 12777
12785 14675 13771
12466 15173 13205
12415 15289 13070
11305 14157 14753
14342 14878 11901
13086 14552 13709
12819 15165 12994
12554 16082 11018
12282 14733 14249
12041 15760 12608
9865 16237 12735
9373 12194 16263
16828 11686 10697
16526 12532 10888
15897 12901 11888
14322 11690 13750
13556 14324 13542
12510 15983 11496
12090 15158 13598
11203 12306 15774
11165 11589 16143
10650 12532 15988
10039 13224 15508
17004 10459 10554
15527 13465 11894
15332 11698 12848
14618 14031 12570
14240 12574 13784
14087 12440 13977
13205 14788 13405
12681 15305 13003
12247 15842 12172
11009 14513 14607
10326 11769 16253
14584 11521 13512
14380 14480 12204
13912 13813 13695
13346 13367 14413
12928 15611 11993
12154 16354 9881
12054 15250 13614
12520 14097 14488
11712 15766 12860
10630 16688 11034
9296 16467 12494
16541 10979 11381
14827 14795 11071
14148 15349 9644
13165 14665 13429
13238 15728 11295
13076 15801 11243
12850 15233 12836
12276 15396 13189
10984 11098 16181
10677 13637 15193
10168 16151 12832
16396 11421 11503
15571 14164 10501
15359 13361 12226
12062 15742 12681
12040 15319 13324
11724 16055 12272
11338 11657 15908
11090 15823 13367
14665 12224 13428
14418 11370 13685
14012 14493 12700
13374 14416 13540
13236 14074 13996
12210 15932 11931
11822 11396 15696
11849 16118 12199
10741 14217 14781
9518 16973 11094
16944 11222 10866
15956 13166 11591
15001 14468 11262
14420 14423 12414
13832 14247 13381
13351 15489 11774
12992 14146 14072
12764 16136 10608
12563 15700 12083
12695 14468 14042
12454 15108 13313
12317 15890 11838
11916 13737 14906
11752 15828 12616
10346 11306 16458
17051 11729 10526
16683 12677 9883
13198 15843 10634
13091 14090 14004
12920 15364 12456
10512 11697 16283
15993 12759 12057
15478 13778 11605
14929 11862 13156
14260 14791 11914
14224 11083 13889
14017 13983 13420
13762 11329 14259
12868 14759 13538
12800 13329 14621
12506 13379 14780
12398 14135 14404
11692 15687 13024
16778 11071 11039
16589 11509 11364
16410 13460 9515
16230 13288 10710
15780 13772 11300
15662 14020 10866
14889 13922 12269
14570 11913 13451
13694 11864 14315
13478 14731 13009
13423 13880 14141
13293 12223 14717
12825 15612 12007
12132 15790 12347
12058 14845 14026
11014 11053 16149
10977 16755 9268
15329 13856 11687
15191 10805 12988
14929 14050 12220
14332 13647 13341
11847 15771 12688
11771 15244 13678
11465 16397 11719
16084 12295 11790
15931 13857 10643
15076 14667 10319
14958 11833 13144
14453 14871 11568
14424 15023 10902
14239 14352 12794
13674 14810 12694
13360 14784 13014
12949 15194 12837
12925 13082 14671
12531 14379 14241
8784 12675 16045
14908 12379 13083
14733 14489 11994
14252 15187 10564
14143 14265 12862
14019 14032 13255
13947 13971 13629
13589 10908 14430
13344 14208 13712
13011 12684 14655
12986 14410 13922
12120 15380 13195
11626 15260 13686
10965 14343 14689
10484 14902 14202
11380 14142 14821
9286 17138 10266
15032 14342 11522
14760 13371 13174
12721 15130 13203
12669 15722 11881
12168 15285 13413
10805 14803 14318
9987 16635 11749
15212 13330 12635
14703 12883 13332
14163 14244 12946
13001 11953 14787
12132 11664 15493
11535 16445 11385
9422 13088 15730
16713 11860 11045
16141 13774 8862
15958 13370 11069
15202 13988 11849
14532 14472 12193
14336 14345 12516
14019 13559 13681
12901 14882 13325
12354 12554 15284
11331 11740 15970
11205 13168 15476
14084 13829 13363
13524 14590 13135
12992 15173 12819
12703 11657 15009
12542 15718 11968
12242 13806 14638
10585 11994 16108
15914 11737 12189
14910 12890 13060
14678 15132 9606
14155 15337 10249
13958 13077 13924
13673 14850 12594
12679 10738 15088
12659 15427 12745
11576 13923 14842
11286 13587 15083
16200 13308 10860
16113 12762 11658
13750 14483 13092
13619 10863 14398
13538 14713 13055
12427 16004 11568
11864 16136 11794
11676 15849 12656
10842 13780 15184
15789 13967 10674
15497 13067 12301
15073 13437 12754
13389 14678 13134
13373 14441 13424
13289 12975 14505
13034 15196 12783
12799 14604 13777
12394 15064 13678
12075 15562 13112
11934 15494 13226
11675 12328 15634
10516 14672 14603
16732 12534 9984
16504 11797 11456
15758 11694 12405
15437 13723 11632
14014 15414 10331
13817 14551 13078
12516 15773 12064
12031 14041 14629
10112 16465 12259
15372 14140 11616
15048 14290 11326
14929 11622 13158
14575 11135 13513
13837 14656 12715
12242 15904 12077
12130 13985 14561
12078 16358 9256
10984 11719 16143
10809 11910 16116
10161 12840 15864
16944 11681 10624
13862 14212 13349
13011 11879 14810
12912 11942 14885
12647 15652 12321
9938 16864 11177
9842 15077 14136
16338 11646 11629
16119 12101 11866
15716 11435 12501
15672 13441 11622
15302 14478 9848
15066 14670 9743
14573 14844 11490
14479 13334 13475
13568 15153 12275
13370 14493 13434
13092 15311 12558
12751 11099 15069
12331 15673 12573
12443 15057 13771
11671 12429 15603
11587 12301 15730
10874 16802 9535
10012 12119 16303
10411 13422 15409
16577 11664 11186
15926 12041 12125
15369 13506 12089
15320 13197 12580
15349 13697 12063
15096 14656 9653
14644 12981 13353
14485 14027 12915
14447 14575 12052
13954 15415 10841
12719 14757 13641
12707 15130 13258
15214 14202 11391
14911 14431 11695
14718 14374 12105
14397 13031 13519
14001 13632 13656
13557 14403 13438
13332 14550 13303
13310 15163 12538
13210 14776 13087
12632 14645 13845
12606 15854 11792
12388 15628 12692
11914 15892 12533
11585 11698 15898
11239 14595 14410
10639 16808 10094
10600 16236 12621
10085 16962 10136
16540 11762 11178
15550 11284 12674
13387 14158 13752
12866 14891 13377
12592 15306 12900
10834 16482 12153
10605 14279 14846
10353 14088 15060
16242 13190 10716
15814 13331 11591
15154 13046 12753
15122 13160 12700
14963 13773 12376
14478 12830 13526
14094 14368 12802
13748 14141 13556
13709 15224 11995
13310 15119 12622
13137 14690 13430
12555 15970 11657
11487 16281 12047
16009 13159 11609
15304 14461 10133
15175 14612 10073
14961 14730 10384
14330 14049 13000
13432 15230 12308
12978 14147 14060
12856 12408 14844
12799 14500 13918
12473 15596 12637
12169 16077 11632
12288 15496 13146
11206 14410 14488
15552 13752 11332
15276 12601 12785
15097 13676 12339
14811 14256 12058
14794 13905 12643
14601 13848 13053
14304 15158 10837
13869 15180 11821
13804 15243 11818
13683 14559 13014
13600 15494 11168
12125 15697 12705
11974 13472 14989
12049 13457 15057
11280 16297 12228
11218 16595 11394
11102 14432 14634
16579 13088 9650
15529 11801 12601
14975 14137 11939
14943 14836 9661
14081 11722 14129
13942 15405 10968
13862 13739 13775
13087 15120 12916
13071 14883 13206
13051 11201 14886
12716 13336 14713
12668 15640 12316
12540 15765 12047
12331 15376 12969
12012 15311 13477
11262 15426 13679
11090 16661 10134
10729 16764 9800
15308 13631 12295
14141 14861 12100
13871 11054 14184
13523 14842 12667
13215 12389 14608
13063 14115 14005
12945 14711 13425
12762 14859 13501
12139 13857 14748
12076 12263 15434
10290 11861 16269
9148 17018 10273
15580 11239 12642
14912 12769 13060
14754 11567 13428
14286 14261 12789
14174 15222 10928
14105 14663 12559
13042 15668 11720
12822 13734 14504
12257 16307 9614
12122 13325 15045
12086 15687 12905
11764 12952 15440
16681 12775 10064
15467 13112 12333
15435 13226 12280
15363 11650 12774
15184 13001 12721
14904 12586 13085
14603 13998 12797
14407 14434 12382
14356 13291 13484
14045 13970 13426
13835 15488 10609
13590 14817 12786
13450 14756 13010
13205 13163 14452
12914 14601 13559
12730 13465 14658
12709 15081 13268
12589 16064 11217
12512 11562 15256
12355 15665 12556
12283 14232 14415
12035 13931 14657
12008 15171 13653
11982 11747 15523
11382 13109 15493
10972 16682 10488
10806 11081 16252
10214 10709 16505
9430 10109 16617
9410 12456 16114
16092 13960 9545
14500 12577 13550
14063 14549 12672
13942 15446 10516
13736 13946 13721
13664 15514 10999
12786 15662 12217
12668 13363 14837
12551 15114 13264
12565 14254 14386
12232 15816 12259
11854 16331 10975
11350 16345 11894
11287 12199 15913
10414 13382 15370
16462 11997 11310
16373 12357 11374
14533 11024 13585
14253 13823 13442
13799 11378 14222
13113 14868 13212
12857 15568 12229
12732 13271 14650
12582 14950 13652
12438 15763 12285
9423 12600 16085
16007 13839 9549
15674 14030 10739
14957 12044 13111
14945 11064 13183
14529 13044 13418
14499 12073 13601
14225 14352 12849
13974 15023 12143
13577 14724 12855
13637 15664 10174
12974 13215 14650
12943 15514 12074
12602 11614 15226
12404 15964 11726
12367 15316 13194
12276 15998 11637
11785 13884 14915
10783 11497 16220
10565 12773 15708
10559 14887 14270
10191 11125 16473
16707 12600 10319
15322 13786 11697
14999 14590 11033
14817 10262 13356
14425 14911 11541
14558 15109 10418
14322 14912 11477
14210 12621 13733
14070 12884 13929
13875 15550 10365
13190 15882 10151
12968 14884 13220
11868 16300 11464
11689 16064 12403
11637 15542 13439
11541 13483 15139
11293 13525 15137
11116 15414 13830
10538 15877 13269
10309 12332 16136
10240 16110 12876
17087 12227 9677
16206 13518 10843
15699 13930 11107
15506 13873 11517
15225 12835 12640
14789 13131 13068
14544 12439 13434
14021 15402 10936
12940 11416 14900
12225 15964 11837
11705 14933 14048
11598 14892 14187
11448 13248 15257
11350 16330 12084
11421 15985 12984
11165 16230 12593
10796 16484 12126
10628 11650 16365
10061 13013 15770
16496 12710 10674
16101 11554 11971
15550 11044 12676
15101 13181 12766
14805 13125 13112
14517 15029 10704
14351 12825 13694
14122 13391 13648
14073 15192 11248
13735 15505 10839
13619 15143 12327
12925 12547 14800
12876 15618 11923
12793 15178 12843
12548 15171 13212
12420 12773 15177
12410 15345 13002
12312 15363 13107
11998 16469 9033
11931 13938 14822
11717 13321 15152
11325 14198 14704
8885 11125 16503
16148 12883 11292
15333 11451 12828
13778 13746 13867
13600 12357 14291
13542 15538 11049
13367 13073 14426
13401 14986 12886
12834 14361 13923
12595 14799 13829
12438 15637 12417
11963 16130 11606
11504 15964 12912
10318 13904 15116
16650 12088 10928
16107 12284 11808
15205 13260 12645
15050 13704 12359
14933 12012 13135
14602 14553 11967
14563 10979 13553
14308 14385 12489
13230 14338 13846
12967 12409 14732
12804 14795 13419
12745 12171 14953
12065 15235 13610
10977 13543 15167
10908 16713 10158
10219 14386 14821
10212 14803 14418
15965 13791 10562
15582 13404 12055
15389 13347 12465
15384 10893 12849
14467 14416 12428
14443 14437 12243
14334 12186 13725
14027 10980 14136
13895 14650 12696
13832 15257 11576
13668 14359 13278
13534 15490 11183
13179 14490 13576
13180 12976 14588
12797 16086 9467
12739 15170 13022
11778 15274 13610
10155 13177 15590
16912 11836 10645
16073 13692 10643
15635 13852 11277
15010 14764 10340
14922 11218 13241
14871 11004 13349
14760 14174 12251
14185 15259 10923
13963 14899 12156
13880 14810 12424
13323 14767 13051
12968 13527 14499
12884 13114 14657
12445 15279 13100
12005 11152 15524
11982 13735 14851
11921 14295 14424
11707 14859 14074
11591 14396 14431
11550 14338 14530
11480 16300 11800
11420 16378 11750
10866 16532 11792
9547 16208 12893
16225 13450 10339
15506 11503 12619
14932 14735 10430
14574 12394 13402
14572 14001 12607
12526 11873 15225
12317 13791 14706
12195 13553 14909
11839 15352 13486
11668 15357 13589
11273 13514 15253
11002 16305 12284
10743 16490 11898
10355 10913 16466
10006 13686 15243
9507 13439 15371
16462 12776 10755
14248 15343 10051
14064 14497 12681
13466 15556 11409
13209 15880 10629
13204 15897 9593
12943 14682 13471
12878 14320 13966
12878 15556 12413
12844 16052 9307
12676 15313 12822
12671 12654 14918
12625 15429 12687
11706 15833 12581
11446 14412 14439
10204 13367 15499
8592 13794 15238
16682 12004 10940
15363 11406 12796
14681 10066 13497
14326 13911 13191
14269 14895 11547
14072 13486 13672
13765 14027 13633
13619 11874 14315
13300 11061 14668
13166 14792 13345
12927 14642 13528
12745 15218 12953
12565 15628 12326
12318 15742 12311
12010 15504 13202
11962 15595 13046
11963 11600 15657
11536 16052 12619
11030 14457 14490
10889 14161 14792
9674 16785 11527
9254 16714 11629
16576 12465 10729
15518 13326 12225
14557 14372 12134
14509 14216 12574
12842 14602 13778
12818 16068 9540
12360 11482 15400
12328 14753 14048
12009 15251 13482
11501 13966 14835
11029 14204 14770
10993 11326 16151
10828 13349 15370
10777 12371 15926
15698 13364 11644
15469 13927 11208
15414 10848 12817
15092 14499 11126
14733 14325 12129
14553 12640 13364
14195 14619 12265
14066 14393 12803
14017 13332 13738
13703 14757 12709
13581 15068 12340
13576 13667 14112
13636 14833 12631
13577 11461 14488
13341 14293 13753
12256 14314 14384
12084 14825 14124
11308 15231 13844
11226 13702 15152
10286 12934 15676
9044 16276 12708
14958 14086 11970
14945 10824 13185
14913 14850 10040
14784 15001 9980
14492 13320 13318
13767 15333 11577
13687 14717 12766
13411 11310 14661
13317 15331 12065
13221 12262 14608
12687 15695 12096
12453 12958 15099
12384 16148 11395
12330 15296 13292
11771 13166 15207
11359 16592 10026
10822 14887 14235
10684 16736 10877
10577 16695 11016
10283 12837 15711
9787 16659 11747
9720 12813 15918
9054 10753 16638
17047 12158 9847
16218 13295 10891
16110 13285 11109
15467 13706 11720
14342 10819 13759
14091 15243 11000
14032 14005 13281
13444 15163 12313
13124 15645 11609
11806 12752 15586
11661 15816 12883
10897 16109 12916
9917 15062 14204
9521 14194 14927
16843 12350 9860
16428 12242 11286
16253 13275 10702
15723 14064 10695
15687 13566 11544
14938 14750 10408
14809 14901 10348
14693 15035 9687
14595 15019 10659
14544 12233 13439
14377 14563 12261
13535 15557 11165
13484 15673 11030
13330 11511 14654
13197 15870 10756
13068 15758 11404
12215 15669 12701
11759 13121 15298
11626 13182 15215
10927 16671 10837
9257 12209 16260
17156 12037 9387
16776 11640 10786
16345 11232 11624
16152 11175 12034
15416 14036 11146
14333 11682 13776
14273 12759 13706
14216 15060 11157
14078 14093 13213
14054 14766 12420
13698 14181 13690
13582 15233 12086
13301 12854 14533
12878 15694 11906
12708 14743 13706
12542 14875 13696
12525 12167 15171
12457 15124 13281
11655 15671 13029
11374 16407 11827
11267 16366 11966
10665 13005 15577
10618 16647 11132
10527 11176 16458
10459 11489 16404
9496 14405 14650
15912 11964 12176
14903 11662 13273
14242 13602 13510
13692 15526 10857
13599 14594 13042
13403 15030 12627
12641 14819 13628
12486 16213 10489
12431 14123 14411
12276 16121 11446
12094 16317 10317
11538 14200 14625
11250 14580 14406
10581 14335 14707
9330 13347 15512
16100 12682 11701
14212 14387 12704
14196 14150 12994
14016 14823 12289
13654 14359 13333
12784 16149 10469
12586 13227 14849
12455 15649 12362
11644 14320 14564
11617 16342 11787
11325 11187 15972
11118 16071 12887
10793 14956 14152
10649 11786 16228
10545 16091 13036
16649 11814 11092
16164 11393 11895
16136 12749 11650
16020 13801 10046
15031 10864 13144
14675 11825 13408
14648 14109 12455
13951 14769 12333
13834 14397 13125
13787 13111 14040
13630 11871 14273
13516 15144 12341
13345 14335 13628
13231 14461 13502
12744 15478 12550
12714 13966 14484
12677 15357 12705
12667 11291 15146
12643 15362 12872
12155 15331 13234
12074 14542 14278
12041 16127 12005
11679 15342 13585
11440 14247 14676
11228 13357 15355
10562 16349 12328
10677 14996 14125
9098 16902 11196
16131 11509 11939
15970 14035 10105
15746 11813 12349
15662 14171 9990
15167 11060 13003
15112 13965 12098
14893 14162 11971
14400 15094 10908
14349 13047 13525
13201 12682 14601
13059 14752 13417
12936 15421 12432
12855 15959 10956
12751 13105 14776
12807 13256 14718
12167 12110 15455
11918 16280 11157
11762 12349 15608
11693 16228 12073
11901 15587 13414
10399 12802 15866
9256 10345 16622
17034 12234 9659
16764 11481 10968
14686 15008 10850
14572 14516 11973
14525 12950 13492
14379 14459 12383
13509 13680 14102
13300 15605 11639
13142 15100 12696
12779 16039 10689
12157 15537 13055
11866 13162 15159
11338 13177 15357
10407 15063 14127
17186 11992 9355
16658 11298 11204
15431 13147 12611
15223 12956 12640
15081 13171 12790
14993 11614 13119
14608 14979 10940
14526 13220 13318
14418 14716 12135
14050 13517 13660
13649 14394 13291
13466 14542 13367
13449 12648 14482
13130 16015 10153
12770 15190 12861
12724 12769 14828
12684 15856 11521
12628 15157 13262
12609 16008 11253
12577 15273 13127
12501 11140 15319
12346 16169 11112
12189 13343 15012
11988 14939 13984
11772 15785 12727
11546 15764 13058
10700 16511 11916
10557 11131 16426
10164 12077 16174
9189 16981 10679
9037 13227 15633
8921 12764 15990
16912 12295 10403
16381 12155 11471
16306 11495 11768
16288 11830 11651
16136 12887 11235
15965 11358 12112
15114 13410 12603
14878 13842 12740
14682 14278 12325
14630 14507 11984
14312 14892 11624
13846 13975 13639
13441 11265 14629
13417 14144 13991
13399 14618 13289
13160 16001 10063
12613 15495 12731
12295 13888 14537
11904 13473 15065
11834 11558 15680
11630 13250 15201
11450 11244 15933
15200 10425 12931
14776 13636 12919
14635 12469 13364
14006 14079 13281
13618 14284 13425
13520 14805 12995
13173 15601 11726
12131 16083 11711
12012 16394 10283
11667 14795 14166
11576 15702 13021
11553 15705 13107
11326 13710 15059
10849 16385 12234
10612 14150 14857
16449 12815 11230
15521 13824 11541
14931 12133 13135
14239 14188 12929
14178 12728 13709
14175 13031 13733
14147 14463 12705
13530 15265 12099
13192 15578 11690
12864 15577 12021
12797 16003 10837
12217 13614 14844
12129 13334 15016
12011 14504 14352
11942 14860 14023
11850 12752 15401
11633 14196 14577
11253 16595 11053
11195 11544 16111
10462 16835 10699
8829 17216 10543
16287 12834 10993
16154 13665 10036
16140 11344 11941
16087 13062 11361
15958 14025 10232
15986 10784 12209
15933 11207 12251
15776 11768 12317
15701 14349 9452
15197 11015 12971
14901 10959 13317
14505 13554 13223
13960 15469 9800
13924 14592 12939
13862 12206 14103
13806 11651 14159
13462 11524 14553
12895 15016 13232
12413 15184 13326
11775 13056 15235
11471 14062 14826
11265 16214 12399
10749 13638 15185
10473 11469 16380
16474 12301 11246
16297 13655 9629
14861 12753 13103
14713 14540 11624
14391 13930 12987
13840 13126 14020
13738 15118 11926
13727 14750 12697
13491 14942 12592
12300 16113 11429
12072 13630 14852
12070 15426 13252
11778 14548 14344
11634 15359 13531
10277 12793 15946
16159 11720 11809
16078 11439 12011
15719 14106 10614
15406 14040 11034
15174 14103 11736
15101 14372 11225
14696 13106 13225
14735 10808 13490
14636 13983 12503
14556 13175 13286
13934 15485 10033
13779 14608 12947
13714 15052 12466
13610 14224 13645
13109 14662 13472
12531 11095 15287
12052 15304 13348
11978 15068 13717
11632 15901 12761
11591 14124 14758
11277 15329 13760
11152 16506 11649
10704 15349 13909
10676 13389 15359
10635 15705 13580
10522 13716 15195
10277 16735 11208
10106 16408 12637
9930 12391 16129
9887 10262 16551
15767 11056 12424
15530 13765 11494
14912 12374 13166
14805 14285 11909
14566 13245 13279
14410 11143 13711
14312 15125 10698
14159 14041 13219
14020 12810 14009
13036 15688 11564
12501 11618 15236
12413 13469 14920
12212 15314 13249
12143 15670 12920
11926 14180 14613
11845 15903 12527
11839 13755 14931
11756 16246 11557
11571 15231 13809
11520 15347 13674
11111 11882 16065
10870 13149 15516
10784 13822 15129
16206 11408 11796
15269 14141 11552
15230 10380 12899
15030 13101 12922
14891 12506 13128
14436 12513 13603
14329 13790 13181
13989 15108 11663
13661 14661 12952
13539 15254 12104
13234 12867 14523
13008 15824 11471
12947 12438 14774
12751 12708 14886
12644 15310 12881
12460 13172 14866
11880 15894 12475
11813 16155 11879
11790 14391 14411
11568 14028 14795
11523 13233 15325
11055 14801 14346
10962 13218 15410
10333 14377 14705
16262 11501 11784
14744 13511 13104
14707 12483 13332
14671 13392 13211
14552 14254 12509
14547 12463 13393
14411 12427 13678
13892 13177 13920
13567 15673 9116
13331 15031 12846
13263 12062 14754
12421 15257 13133
12295 15412 12978
11813 12966 15353
11706 12925 15492
11485 15023 14060
11457 16548 10756
10967 16406 12158
10825 12758 15701
10635 13101 15568
9587 17015 10204
9196 13216 15537
16170 11299 11909
15489 13699 11726
15480 12870 12557
15048 13536 12621
14580 14265 12402
14375 14790 11820
13892 12161 14071
13808 12354 14115
13571 13060 14255
13455 10790 14558
13154 15502 11970
12515 14559 14193
12203 13817 14704
11419 13307 15234
10946 11999 16061
10478 14729 14472
10309 14313 14764
10011 14195 14850
9734 16666 11729
15977 13822 10064
15319 14440 10241
14902 13953 12264
14688 13759 12857
14547 15012 10792
14293 15053 11047
14264 15205 10381
14040 14816 12277
13874 14047 13527
13675 14759 12646
13573 12364 14273
13400 15788 10944
13307 11782 14649
13273 14336 13847
13185 14056 14019
13002 15329 12403
12085 12915 15182
11999 14924 13980
11977 11806 15456
10998 14862 14194
10267 12922 15679
10176 16456 12303
10047 16654 11616
9231 13719 15278
16189 11675 11777
16108 11394 11979
16103 13519 10779
15670 14071 10677
15662 12403 12397
15641 14223 10011
15232 14231 11311
15152 13615 12500
14779 14915 10727
14719 14510 11747
14694 13730 13006
14540 11980 13455
14530 12018 13571
14523 14946 11332
14422 13602 13272
14082 15260 10859
13898 14841 12246
13829 15197 11917
13544 14135 13900
13419 14809 13005
13022 15798 11365
12765 16122 10585
12301 13648 14843
12181 15671 12643
12062 13347 15006
11677 16256 11519
11591 11448 15894
11542 15300 13726
11539 12390 15699
11196 16602 10729
10999 11076 16147
10483 11395 16403
10225 16027 13047
