50 3
16478
739 730 714 333
642 282 547 659
627 751 809 325
507 136 209 958
480 943 256 447
486 867 169 12
770 267 307 607
534 94 319 759
479 644 192 518
838 214 357 198
726 993 21 639
625 559 458 696
760 525 347 84
792 613 978 66
553 275 320 907
873 630 543 514
624 64 834 827
483 928 96 575
601 478 179 650
672 981 82 326
875 739 228 763
616 118 203 660
726 741 400 447
616 217 982 141
591 134 549 866
608 494 355 322
767 354 640 544
867 507 882 125
816 634 732 444
825 341 528 768
487 293 200 906
811 545 648 586
664 808 145 329
495 215 912 897
727 664 758 69
682 821 786 553
839 864 479 249
551 473 655 620
597 726 217 833
525 606 241 694
690 606 874 812
673 739 206 111
575 959 337 754
787 796 282 621
506 972 605 204
528 792 728 303
806 23 296 517
507 298 362 807
751 272 878 838
637 588 569 942
4456
13377 11698 19651
13717 15829 16660
14448 16510 14490
13780 16348 15379
14025 14402 18621
13033 16464 15560
19185 12411 12850
19112 11702 14233
18777 11695 14898
18861 12201 14050
18584 12828 13869
18530 13184 13206
18353 13339 13474
18318 12483 15032
18339 12237 15410
18250 12286 15404
18006 13780 13423
18061 11824 16087
18182 11956 15924
18115 13306 14260
18038 12569 15664
17798 12785 15651
17861 11504 16675
17929 13468 14373
17682 13328 15112
17701 14135 13891
17839 12946 15292
17711 13524 14911
17512 14106 14099
17450 13087 15902
17584 11799 17147
17547 13284 15468
17387 14345 13884
17267 13783 15347
17276 13095 16245
17199 13453 15867
17161 13010 16579
16978 14731 13749
17138 14241 14957
17046 14928 13377
17034 14989 13064
17097 13816 15507
17209 14445 14581
16900 13287 16498
16885 15083 13114
16870 12507 17372
16969 14763 14702
16856 14511 15115
17008 11450 17791
16715 14948 14174
16741 14278 15592
16716 12765 17580
16635 14207 15714
16651 13200 17062
16799 13198 16855
16668 14583 15131
16611 13805 16579
16662 13585 16582
16498 14971 14601
16620 13971 16067
16424 15278 13905
16527 12360 18086
16421 14674 15500
16411 13518 17183
16522 13721 16721
16333 13370 17417
16505 14702 15256
16344 15032 15122
16282 14542 16009
16147 15293 15104
16104 14401 16386
15953 14367 16571
16016 13123 17886
16042 14961 15449
15941 14191 16810
15914 15539 15068
15852 15593 14557
15770 15063 16016
15758 14621 16536
15698 13602 17731
15653 14613 16625
15670 15978 13386
15566 13505 18270
15844 13940 17432
15593 14376 17200
15506 15708 14823
15425 15876 14681
15325 14786 16910
15261 16052 14275
14865 14025 18135
15133 15925 14738
15123 14783 17108
14761 12756 19096
14756 16455 13538
14313 13383 19043
14387 16583 13927
14295 16268 14909
13827 13057 19233
13524 14651 18121
13661 15236 17536
13789 13965 18737
12618 16757 14224
14114 14486 18479
13532 15763 16913
18975 11342 14612
18707 12658 13328
18682 12181 14738
18480 12616 14458
18659 11731 15083
18267 11851 15852
18311 12925 14269
18158 12777 14955
18125 11902 16066
18164 13580 13320
18138 11035 16424
18060 13424 14086
18020 12406 15747
17996 11495 16489
17866 11322 16849
17954 12716 15525
17928 13030 15150
17723 12722 15795
17563 13460 15140
17412 12378 16572
17430 13757 15137
17253 12497 16799
17258 13536 15858
17185 12287 17189
17169 12824 16570
17142 14748 13479
17126 14012 15306
17017 13269 16381
17141 11796 17517
16870 14110 15520
16700 13772 16232
16773 13355 16756
16573 13501 16724
16559 14001 16191
16727 12451 17694
16380 15280 13846
16551 14257 15707
16471 14394 15773
16361 14226 16204
16492 15030 14915
16452 12367 18189
16139 12547 18318
16061 15717 13571
15952 13665 17395
16120 14875 15627
15932 14613 16193
15900 13572 17580
15851 13221 18119
15758 15124 15703
15681 14979 16158
15583 15007 16342
15556 14657 16943
15286 15584 15594
15278 15624 15451
15134 15059 16730
15373 13267 18769
15314 13884 18078
14991 15259 16556
15150 16403 13304
14849 13849 18463
14790 14466 17772
14817 16382 14101
14940 15479 16553
14647 15275 16877
14480 16149 15070
14551 15606 16476
14462 16261 14778
14177 13257 19175
14217 15980 16011
14109 14830 17900
14390 15606 16794
14417 14652 18082
14361 12884 19417
14173 15158 17471
13898 15905 16272
14412 14162 18524
14111 16269 15166
13628 15930 16165
14490 14560 18268
13091 14752 18208
13059 14574 18324
13337 16142 15939
13318 15627 17277
19505 11219 13072
19319 10640 13653
19096 11526 14561
18845 12025 14378
18599 11279 15758
18408 12638 14655
18269 13130 14378
18192 12948 14638
18143 12618 15401
18138 13304 13975
18119 12330 15691
18035 12985 14823
17953 13756 14083
17868 12829 15508
17739 12065 16544
17809 14041 13405
17617 13020 15731
17641 12504 16165
17632 12225 16599
17506 12975 15902
17475 12234 16651
17342 12663 16533
17298 14690 13207
17466 11286 17286
17372 14205 14219
17294 13567 15530
17024 14569 14271
17180 14249 14782
16909 13225 16452
16768 13010 17311
16688 12891 17364
16536 13959 16291
16487 13456 16998
16420 14250 15887
16535 11857 18223
16354 13124 17795
16231 12484 18128
16339 15320 14561
16346 15097 14973
16162 13293 17694
16063 13868 16933
15963 14050 16915
16108 15585 13735
15953 14130 17123
16092 15411 14930
15885 13920 17513
16069 13475 17644
15813 14503 16710
15843 14030 17314
15787 15689 14749
15514 15448 15659
15624 12635 18762
15456 14874 16607
15517 15911 14244
15515 14677 16862
15327 14645 16974
15393 14285 17592
15544 15474 15284
15342 12236 18940
15441 13065 18516
15451 12698 18765
15259 15310 16216
15263 14410 17521
15241 14917 16780
15324 15350 16055
15095 16159 14277
15057 14590 17396
14791 15949 15117
14485 14982 17562
14152 15404 17093
13581 14890 17866
14042 15607 16804
13607 12404 19559
14098 13577 19111
13461 16491 15093
13468 16172 15674
12973 16301 15890
12659 13371 19195
12853 16325 15751
19457 11257 12384
18913 12222 14006
18893 11667 14818
18699 12651 13873
18774 11557 15335
18710 12363 14263
18582 10837 15913
18333 13194 13834
18240 10867 16221
18252 13158 13863
18106 12899 15144
18125 13726 13053
17986 13991 12740
17754 14169 12889
17790 14239 12879
17851 12260 16014
17778 12838 15470
17748 13682 14229
17577 13654 14916
17363 12916 16339
17237 12532 16920
17103 13970 15406
17112 13282 16304
17076 12571 17036
16923 14849 13575
16938 14017 15610
16688 14662 14906
16830 14362 15450
16494 14436 15673
16584 13455 17180
16445 14079 16343
16510 14910 14914
16464 13144 17388
16390 14813 15274
16264 12139 18289
16201 12733 18154
16255 14192 16610
16004 13910 17126
15838 12516 18443
15823 14186 17054
15662 14759 16309
15609 15985 13662
15573 15324 15998
15468 16214 13621
15352 13752 18139
15100 14131 17947
15205 16018 14623
14794 15141 16852
15276 16235 13889
14732 14113 18196
14553 13331 18964
14597 14228 18271
13947 16166 15470
13562 12931 19263
13767 16236 15603
14109 13263 19225
13800 15598 16919
13066 16957 13765
13021 16600 14986
19244 11192 13611
18933 12395 13480
18750 13091 12925
18477 11341 15594
18382 12285 15111
18127 12653 15522
17840 14097 13074
17764 12703 15837
17741 11725 16636
17527 12729 16280
17537 13588 15142
17392 13510 15388
17460 13946 14764
17399 13307 15899
17445 12872 16174
17304 12277 16802
17342 13162 15961
17353 14115 14759
17275 12173 17184
17229 13340 16059
16849 15189 13359
16784 14887 14392
16560 15371 13450
16610 15042 14159
16331 15562 13229
16158 14193 16428
16056 14746 15964
16146 13117 18022
16086 15718 13449
16097 13728 17176
16091 15880 13350
15766 14313 17197
15717 14685 16603
15484 16029 13769
15242 14893 16591
15174 14326 17663
15023 14489 17569
15231 14060 17873
15518 15442 15824
15059 15589 16036
15190 13431 18481
14931 14799 17255
14927 14074 18080
14937 16358 14240
14932 15739 15717
14462 15522 16618
14213 15729 16384
13652 16684 14498
13636 15670 17001
19343 11669 12895
18566 12948 13870
18081 13178 14464
18011 13094 14849
17882 11757 16481
17745 12322 16242
17771 13412 14970
17664 14304 12868
17655 14297 13369
17468 14552 13007
17448 13637 15136
17297 14562 13412
17381 11919 17180
17008 14744 13503
17203 13654 15684
16959 13771 15988
17027 14101 15468
16819 14410 15294
16635 14074 15862
16461 12792 17798
16339 15350 13654
16109 14605 16012
16017 15544 14648
15991 15181 15446
16161 12769 18089
15918 15061 15809
15821 13681 17533
15796 14339 16822
15902 14587 16568
15725 15743 14238
15753 13484 17905
15577 13191 18384
15666 15440 15617
15160 16335 13734
14941 13156 18897
14948 15940 15065
14879 14550 17630
14874 15523 16289
14498 13449 18790
14509 15716 16277
14197 14356 18592
13733 14756 18111
13227 13108 19236
12462 15843 16689
19274 12495 12708
19206 12165 13228
19171 10974 14603
19032 12619 12493
18730 12497 13631
18481 11883 15250
18398 12759 14352
18523 12056 15152
18364 13501 12857
18397 10771 16166
18376 11536 16101
17925 13992 13002
17974 14052 12427
18061 13662 13597
17877 11008 16963
17597 12444 16319
17427 14158 14413
17397 12095 16852
17446 13349 15614
17008 15162 12916
16861 12828 17361
15795 11877 18623
15845 16042 13094
15808 14278 17135
15715 15658 14921
15613 12949 18648
15499 16212 13383
15260 15744 15452
14970 15505 16178
14892 16180 14664
14927 14194 17950
14267 15702 16419
14469 14806 17890
13659 15997 15820
14135 16469 14702
13813 16614 14821
13350 15067 17769
13343 16582 15085
18683 12475 14201
18501 11787 15587
18385 11815 15667
18173 12644 15026
18090 13608 13686
18064 11794 16244
17943 12764 15369
17694 14246 13296
17650 12808 16082
17595 12926 15908
17470 12675 16422
17504 11998 16982
17447 11487 17468
16845 12652 17689
16545 13135 17191
15779 14375 16914
15602 15834 14251
15479 15755 14449
15494 14923 16484
15450 15112 16344
15406 15556 15508
15001 12438 18975
15121 14897 17179
14746 16165 14835
14816 12638 19270
14502 12130 19409
14708 16399 14374
13875 16073 15585
14040 15746 16473
12978 16347 15581
13772 15518 17147
13301 16692 14886
19169 11270 14276
18458 11298 15807
18319 11340 16170
18271 12040 15782
18066 11454 16336
17665 11200 17300
17540 12390 16461
17518 13284 15530
16765 13648 16189
16651 14421 15305
16563 15067 14537
16448 15477 13474
16476 14556 15674
16301 14140 16404
16228 13811 16934
15917 12789 18407
15972 14877 15834
15847 14705 16394
15817 13139 18305
15633 15832 14013
15304 14201 17734
15110 15883 14838
14778 13619 18563
14565 13004 19235
14586 16366 14628
14432 15496 16993
13649 15499 17180
18606 11866 15155
18486 13142 13436
18401 11991 15339
17975 12189 15917
18040 13818 13254
17884 11417 16573
17840 13517 14367
17817 13475 14467
17357 12250 16848
17196 11678 17691
16874 14391 15114
16826 13548 16254
16698 14692 14781
16438 13868 16582
16532 13565 16791
16362 14912 15121
16387 14472 15816
15577 15356 15759
15501 13940 17752
14470 15447 16817
14104 16042 15414
13660 16372 15240
19588 10669 12982
19277 11424 13340
19139 11696 13292
17971 12470 15844
17884 12020 16245
17558 14407 13370
17331 12977 16419
16957 14824 14389
16818 14000 15947
16417 13713 16810
15868 15903 13856
15762 13257 18131
15622 16095 13132
15633 15558 15142
15741 15419 15318
15246 14539 17418
14415 16610 13300
13804 12143 19577
13880 14954 17795
13533 16522 14921
18661 13007 13067
18113 11315 16304
17973 13605 13869
17670 11690 16858
17270 13682 15484
17399 11541 17404
17236 14436 14077
17255 13341 15867
16980 13550 16124
17041 12900 16929
16745 14018 15857
16504 15455 12943
16308 14367 16156
16034 12148 18434
15938 13426 17848
15999 13219 17912
13051 16774 14151
12684 16965 14085
18449 13396 12785
18202 12101 15564
18219 11545 16153
17709 12167 16390
17338 13922 14999
17185 13774 15685
16856 13788 16031
16607 12121 17994
16486 15428 13298
16352 13920 16407
16353 14344 16020
15958 12889 18122
15760 13711 17657
15440 13012 18651
14951 15165 16667
15051 13663 18281
14986 14940 16924
14860 13535 18577
14613 14404 17943
13268 16813 13765
13628 15745 16802
14093 16389 15167
13423 16725 14632
13068 16026 16096
13144 16701 14938
17944 13349 14967
17830 12217 16170
17962 13158 14946
17800 12499 16028
17517 14268 14000
17505 14030 14193
17393 13033 16044
17230 14741 12925
17163 12670 16671
17113 14150 14962
17082 13983 15642
16782 12333 17868
16769 13880 16036
16739 14061 15724
16688 15344 13096
16300 14153 16247
16085 13651 17316
16165 15173 15103
16013 12771 18296
15634 13835 17750
15401 14992 16433
15192 12790 18932
14750 13070 18982
14910 16060 14663
14548 15901 15798
14259 11897 19430
13585 13845 18919
19023 12861 12673
18801 10872 15328
18695 13195 12228
18339 12845 14417
17994 12079 16205
17800 13608 14769
17106 13057 16385
16794 15307 13185
16070 14682 15888
15702 14733 16536
15373 14441 17332
15297 15749 15144
14167 16108 15282
18971 11275 15075
18432 13698 12485
18226 13673 12619
17963 14176 12876
17618 13342 15314
15655 13589 18128
15738 14022 17403
15569 14270 17232
15425 13960 17698
15361 13328 18456
14801 15368 16604
14476 16537 13863
14403 14850 17626
14402 16132 15272
13580 16047 15911
18882 12615 13477
17660 14087 14191
16678 13550 16461
16726 15110 13557
16534 14163 16201
16386 12799 17901
16265 13040 17937
16193 14458 16151
16215 11784 18427
15938 15618 13895
15898 15319 15161
15504 14292 17342
15242 14656 17143
15040 16359 13595
19400 11723 12753
18486 10855 16024
17733 13849 14364
17810 13491 14742
17014 12976 16675
16717 13467 16756
16311 15446 14345
16216 15652 13268
16243 14802 15638
15691 12380 18644
15701 14509 16931
15515 12173 18937
15508 12550 18764
14644 16569 13166
14681 15141 17031
13445 15379 17362
18544 11810 15530
18329 12642 14801
17605 13910 14405
17015 14162 15155
16940 13444 16250
16692 14906 14274
16374 15141 14772
15932 14480 16341
15863 15741 13955
15131 15682 15921
14709 16438 13808
14510 15969 15254
14164 16606 14433
13375 16093 15763
13938 14069 18684
18144 10885 16332
17369 14465 13885
17119 14884 12992
17058 12746 16883
17025 13838 15704
16928 12573 17243
16864 11835 17940
15925 15225 15182
15191 15113 16588
15068 14901 16934
14382 15866 15958
18779 12871 12839
18652 13025 13497
18422 13278 13692
17712 12708 16024
17540 12080 16728
17242 14680 13238
17210 13405 16023
16163 13784 17077
15968 15139 15546
14668 15029 17255
14668 14286 18117
13718 16082 15637
12461 16766 14276
13148 16450 15305
18307 12771 14642
18119 13200 14075
17804 13874 13663
17745 12442 16112
17599 11632 17012
17616 14170 13682
16317 13920 16550
16425 11798 18263
16224 14935 15482
15372 14531 17214
13180 11959 19633
13478 15928 16401
19379 11969 12375
19301 11011 13854
18226 13498 13293
16986 12723 17143
16865 13444 16325
16672 12715 17692
16273 14828 15263
16125 13602 17392
16437 15710 13061
15107 15163 16581
14802 16004 14951
14560 14918 17374
14162 16748 13331
14302 13697 18929
18929 12398 13678
18682 12894 13297
18091 13731 13109
17566 13841 14432
17197 14003 15101
17070 13541 16162
16912 12397 17571
16699 15126 14017
16181 13187 17798
15701 14746 16379
15437 13633 17969
14520 14586 17893
13647 16260 15464
12867 16110 16203
13920 15574 17058
18339 11634 15738
17691 12954 15646
17386 12958 16239
17168 14648 13626
16928 13085 16964
15897 14757 16171
15200 14766 16944
15006 15047 16841
14915 13417 18751
14859 14706 17370
13893 12227 19435
19231 10382 14613
16923 12083 17685
16810 13583 16375
16555 14127 15905
16220 14760 15738
16150 12233 18432
15273 14889 16817
15249 13885 18026
14997 14264 17834
14664 13783 18716
13851 16565 14645
13036 12942 19405
18707 11088 15399
18499 13443 12367
18436 13301 12918
17345 14473 13205
16789 13829 15997
15590 14024 17610
13875 16661 13992
14148 15592 16936
12988 12512 19511
13397 16878 13552
18663 11920 15013
17717 14366 12404
17353 12101 17093
16865 14918 14231
15949 13236 17766
15997 14178 16711
15632 16027 13562
14952 14962 16931
19106 12052 13839
18590 12346 14600
17678 13967 14190
17796 11607 16810
17410 12993 16013
17175 12604 16845
16225 15500 13980
15835 14766 16081
15721 15301 15567
16055 15310 15109
14276 15014 17317
19292 10454 13995
18159 13928 12737
18088 12736 15227
17180 13612 15784
14799 13980 18202
18934 11976 14384
18377 12941 13992
17371 13995 14758
17280 13120 16062
17045 14941 13220
17036 14508 14584
14211 15109 17295
13861 16712 14019
12526 16156 16075
17538 14618 12687
16851 14349 15214
16568 14248 15680
16674 12875 17381
15487 14354 17218
15015 15841 15053
14778 15326 16704
14279 15156 17178
17699 13138 15319
17196 12119 17475
16861 12854 17016
16889 14494 14909
16978 11965 17859
16640 14341 15565
14140 15852 16100
17501 14092 14328
14694 15916 15627
14310 15142 17113
14690 15792 15889
13225 14587 18192
16725 12137 17937
16318 13705 16852
14833 12849 18981
14652 14110 18445
14401 14476 18410
17813 12652 15722
17251 11855 17477
16402 12975 17573
15873 13981 17200
15738 11823 18765
15828 12825 18419
15677 14229 17339
15537 16163 13207
14511 15038 17307
14459 15817 15940
14218 11978 19452
12840 16213 15975
19397 9928 13662
18912 12641 13102
18108 13488 13685
14131 16340 14991
16641 13831 16204
16551 15128 14224
14228 15376 17175
13734 16893 13305
14041 14500 18420
12684 16585 15233
18649 12393 14387
17078 12017 17588
16561 12450 17807
14820 15853 15345
14594 15046 17170
14539 15164 16996
14483 15276 16996
12931 16798 14012
18976 11776 13848
18321 13478 12914
18089 11313 16539
17279 12994 16382
17158 13040 16422
16152 13952 16791
16129 15831 13174
15717 15922 13490
14106 15702 16737
19394 10914 13401
17477 10972 17400
14524 15150 17083
13177 16228 15728
12929 12325 19598
13190 16340 15504
15196 15247 16439
13541 15260 17397
18764 12712 13186
18361 12506 14975
17120 14584 14027
16972 13133 16552
16823 13645 16120
15429 15358 15966
15000 15837 15158
14746 14179 18071
14506 16011 15599
19462 11419 12285
18498 13456 12210
17291 14389 14271
17159 13625 16020
16938 13585 16186
15891 12325 18599
13139 12040 19655
18194 12398 15404
18136 13060 14638
17463 13776 14862
15241 15531 15787
18359 12989 13868
17436 11801 17354
16988 12548 17171
16076 15089 15245
15622 14384 16966
15110 13764 18260
14364 16627 13073
14160 15046 17695
13303 15467 17405
18683 13332 12520
17850 11938 16431
17511 14373 13418
16152 13908 16919
15525 14510 17009
15255 12946 18904
14244 15268 17093
13339 15381 17655
18270 13038 13862
18154 12304 15515
18046 11570 16422
17757 12476 16085
17513 13202 15654
16235 13835 16806
16014 14389 16422
15046 14114 17996
14257 16284 14995
13855 15388 17260
17879 12635 15706
16358 12925 17685
16030 14009 16949
16094 14614 16025
15317 14649 17040
14673 14730 17505
18716 10602 15829
18474 11899 15525
16921 13158 16625
16583 14493 15438
16132 15934 12837
15526 13717 17827
19281 11613 13270
17071 12081 17478
17060 12395 17364
16976 13335 16411
15842 14993 15833
15271 15913 14464
15179 13815 18142
13590 15979 16341
12530 16095 16450
16851 13443 16586
16024 12457 18410
14991 12029 19097
15060 16019 14629
14579 16139 14876
14139 15292 17317
18408 11424 16028
17551 13505 15251
15906 14619 16329
14208 14042 18706
17595 13534 14915
16828 13194 16613
17602 13166 15642
17454 13155 15867
17135 13324 16204
15829 14977 15951
14466 16390 14489
14014 11858 19634
13528 15148 17621
19386 11109 13589
17516 13834 14764
17477 14276 13732
17344 13425 15725
16783 14019 15734
16941 11705 17909
16910 12203 17684
16457 15250 13802
15307 13311 18505
14486 16461 14314
13954 16278 15218
17650 13416 15089
16696 13713 16378
19164 11108 14375
18041 12185 15883
16049 14519 16212
14733 15858 15570
18073 11137 16867
18039 12800 15324
17617 13195 15473
15912 14270 16912
14055 11777 19612
13596 15050 17738
18214 11383 16252
16862 13129 16700
14713 14371 18044
13312 14840 17949
19464 10397 13598
19099 12202 12895
14235 11654 19513
17220 13219 16132
16384 13150 17420
17175 14537 14221
16464 14617 15361
14876 16431 13677
12403 15862 16580
18522 12149 14972
18362 13321 13044
16797 14246 15569
15388 15005 16455
12352 13290 19257
17688 12177 16304
17128 12816 16767
13477 16134 15734
18866 11779 14756
18256 13417 13601
17286 14087 14959
16880 13298 16414
13465 13049 19319
17770 11827 16533
16677 15392 12940
15938 15638 13769
18955 12664 13045
18189 12183 15676
17385 14470 13373
17950 11588 16533
17807 11293 16924
17131 14823 13305
16169 15205 14864
15570 14180 17350
14932 13628 18462
18291 11571 15892
17702 11940 16638
17654 11514 17186
15685 13615 17753
13978 16478 14754
18843 10864 15374
15345 15129 16191
18245 10391 16251
16397 12485 18015
15476 15682 15198
15318 14559 17158
17948 12301 15855
15580 15883 13938
14415 16244 15048
13544 16716 13735
12568 16046 16274
18444 11591 15656
16131 15439 14403
14995 14615 17353
12737 12878 19476
19553 10481 13456
15249 14319 17560
14536 14762 17565
14178 15618 16561
13069 14968 17931
18475 11169 15910
16487 14868 15014
16332 14590 15642
13407 15711 17135
18600 11420 15396
17870 12214 16067
17552 13455 15213
14713 14537 17762
16160 13433 17420
15746 14544 16676
15403 13968 17936
13336 11779 19673
13742 16582 14918
17281 11220 17539
16734 13716 16190
16251 13257 17682
13433 14937 17882
17711 14555 12684
17298 14233 14585
17187 14571 14194
16824 13135 16759
16478 14485 15527
13857 15990 15757
18042 13544 14087
16901 14064 15646
13781 11124 19648
13752 16076 15731
12752 13038 19348
17777 12261 16162
17138 12739 16918
15811 15670 14233
14857 15886 15125
14902 15713 16092
13281 16180 15777
17895 13979 13248
14524 12039 19278
16951 11396 17933
16384 14573 15679
16074 13820 17089
16006 13756 17328
14042 16772 13192
13964 16755 13394
18130 12269 15741
17643 14358 13056
17539 13063 15666
16950 14394 14883
16880 14679 14844
16704 14838 14578
16767 14427 15257
16544 13530 16759
16252 14399 16179
13219 11702 19792
16256 13900 16696
16278 13202 17488
15470 15869 14894
14225 15812 16220
13078 12429 19545
16794 13109 17134
15983 14764 15874
14269 16021 15351
14608 16276 14607
18478 12353 14694
15046 11911 19271
18932 13019 12153
17385 12530 16713
16645 13890 16058
16016 14482 16323
15759 13357 18119
15256 15819 14952
13889 15254 17414
17756 12008 16356
17421 14703 12442
17148 13673 15864
16716 14557 14912
15361 15451 15876
15089 12408 19018
14660 15387 16653
13721 16781 13529
18594 13248 12662
16258 15289 14722
16019 14919 15549
18122 10859 16752
18086 11974 16035
17205 12458 17145
16952 13184 16591
16567 13877 16234
16020 14086 16798
18535 12498 14632
17265 14501 13622
16486 14239 16018
15591 15992 13819
17877 13250 15147
17274 12832 16481
16811 15005 13485
16803 13275 16622
15795 14815 16005
14813 15629 16234
12451 14069 18738
15443 15994 14026
14413 15881 15852
13839 13290 19203
19137 11524 13608
18647 11112 15513
16537 12051 18110
15927 14373 16707
15172 14677 17182
14688 15045 16911
16969 14811 13482
16998 12800 17003
16562 14633 15301
16474 12834 17479
15228 12106 19021
17522 12204 16786
15989 15624 13686
15044 14004 18199
12650 17004 13779
19090 12569 11879
17728 14253 12984
17668 12800 15734
17190 13206 16378
16599 14698 14918
16642 14434 15466
15666 15971 13520
15240 15007 16662
18681 13385 12118
17069 13634 15982
16628 14770 14602
16617 14802 14870
13585 11372 19787
17300 14806 12713
15705 15651 15027
17638 12974 15609
16886 14330 15427
16732 13591 16282
16334 13876 16805
16342 15514 13385
18291 12595 14970
17403 14676 12797
17140 14948 12607
16834 13782 16073
16690 12337 17916
15960 15774 13445
18704 11646 15330
17239 12599 16614
16587 14552 15292
15114 14103 17810
14741 15598 16406
13410 11601 19726
13188 13676 19138
19583 10507 13081
17201 12892 16492
16018 13932 17089
15648 15741 14756
18420 10684 16064
15060 12419 19084
13287 12576 19440
12758 14150 18676
18134 11651 15964
16231 14863 15325
18431 13260 13262
16626 14903 14602
14335 15044 17178
13876 15142 17638
13926 13623 19140
17362 14589 12918
16470 15097 14385
16151 14376 16208
14928 16473 13223
13389 15844 16543
13392 13796 18956
16757 14140 15695
13135 15261 17837
18214 13810 12911
17730 12588 16023
17680 12834 15707
17515 14450 12986
14875 11944 19099
14582 16062 15139
13634 15339 17308
18961 12094 13477
18543 11366 15538
18554 12242 14779
17962 14189 12719
16917 13831 15808
16214 15541 13739
17436 13560 15276
16721 13499 16517
14930 16131 14488
14651 16519 12816
14192 16633 13806
18163 13370 13859
17596 13360 15144
17606 11958 16749
17070 14044 15329
16081 13552 17504
15274 16303 12934
14093 14732 18101
17571 14003 14333
17030 13717 15687
16423 14232 16049
17274 12251 17177
14600 15942 15138
13820 12278 19457
18092 13312 14013
18070 13844 12879
17802 14331 12613
17079 12541 17193
14894 16245 14515
14071 11310 19514
13654 11882 19644
18412 12286 14978
14623 15699 16361
13947 16730 13407
16053 15047 15345
13984 12020 19478
12406 16764 14301
18705 10916 15715
17850 11818 16561
16142 15131 15203
16494 14303 15821
16294 13635 17087
14168 16418 14590
13411 15412 17354
13063 16490 15185
12703 14604 18421
19322 10480 13620
17650 13678 14466
16041 14275 16532
14681 14614 17553
14694 11507 19301
18554 10449 15980
16823 15286 12606
16321 11475 18293
12731 14161 18638
13438 13392 19157
12263 15900 16485
19008 12237 12918
17727 13058 15467
16058 15209 15246
13936 16588 14555
13040 15317 17726
18475 13312 12690
17310 13223 16041
16451 14783 15150
16399 13579 16870
15243 13273 18633
16837 14921 13390
16612 14615 15154
16322 13937 16492
16082 14255 16613
15236 16352 13110
13295 14872 18026
18731 12117 14641
18180 13046 14520
16322 15615 13357
14818 14933 17052
14098 16157 15390
19193 11412 13608
19240 11605 13467
18386 11085 16052
18376 12503 14769
18030 13398 14461
17703 13082 15490
17148 14734 13187
17119 13818 15421
16511 15499 12942
15700 14044 17203
12065 15956 16513
17451 12306 16603
15338 14403 17418
13031 15017 18107
18247 13822 12175
17534 12956 16032
17101 14494 14567
16480 15091 14602
15078 14344 17774
18294 11541 16049
17981 11843 16422
15673 15089 15838
15279 14586 17193
15238 16010 14375
17589 13708 14590
17096 13690 15827
16784 13186 16983
16240 15409 14723
16178 14007 16742
15846 13600 17524
15601 15133 15755
15034 15122 16640
13002 14668 18350
17800 12303 16062
16478 13258 17198
15752 13574 17787
12091 14093 18748
19379 10048 13663
17688 12388 16254
17599 12304 16396
16689 15331 13253
16562 14840 14614
16526 15189 14020
16291 14708 15497
16003 15327 15072
13368 15032 17860
12888 12406 19620
12390 14157 18677
13333 13896 18838
19153 11700 13280
19046 10723 15117
17946 13867 13488
17889 13396 14773
16279 12430 18192
16676 11607 18040
16184 15713 13348
16032 11954 18547
14506 14736 17940
19011 12274 12911
18778 10830 15428
18258 10660 16217
17318 14711 12968
16796 14979 14013
16648 14058 15956
16207 12085 18431
15558 13017 18443
14579 16603 12480
13087 12146 19677
16290 12817 18012
14619 16315 14516
12341 16403 15816
19642 11236 12128
17465 14745 12212
14887 16018 14763
13050 16883 13837
17467 14565 12850
17279 14160 14620
16543 14050 16045
16423 14739 15351
15264 12659 18772
14410 16082 15147
14288 16394 14729
13444 12167 19587
18173 13587 13082
13327 16794 13874
18467 12168 15152
18014 11320 16642
17857 14213 12787
17581 12629 16171
16325 15367 14067
16276 12726 18051
18989 12104 13284
17216 14931 12815
16683 14574 15118
16343 15501 13542
18149 10409 16362
17855 13265 15109
16136 13434 17678
15828 12705 18549
15687 15219 15753
12726 16475 15432
18487 12843 14210
17788 13166 15289
16896 14052 15672
15583 15618 15281
15151 15774 15132
14876 14271 17818
14854 15771 15884
17274 14010 15099
16335 13256 17346
15883 15661 13597
15878 15248 15280
15171 15660 15594
12792 14688 18279
16985 12196 17581
16418 13909 16538
14849 16021 14681
18424 12145 15209
14754 11312 19279
14705 16496 13729
14282 16156 15133
13130 11618 19934
13006 16567 15332
17719 14186 13042
16507 13813 16802
19396 11534 12823
18886 12725 12827
17884 13817 13865
17574 13172 15530
17292 14808 12215
16278 14548 15844
15896 13486 17757
15409 16050 14068
18741 12670 13286
18259 13761 12488
18140 10696 16402
17300 14309 14176
17319 13987 14963
17131 14313 14879
17432 14655 12598
16912 13643 16034
17027 14539 14428
16527 14336 15677
14942 15129 16784
14067 16706 13546
13180 16151 15991
12048 16199 16140
19214 11166 13986
18510 13395 12523
17740 14534 12105
16738 15049 13490
15694 13792 17601
14282 15885 16033
13503 16381 15292
16245 13726 16969
14420 16012 15271
14487 16706 12875
19260 11859 12892
18237 11425 16152
16407 15547 13282
16013 13419 17745
15764 13760 17527
14951 14643 17515
16564 14510 15392
14383 12190 19298
12520 16747 14385
18241 12841 14654
17947 12965 15186
16831 13086 16782
15718 12388 18602
14761 16074 14759
13443 16333 15626
17972 13621 13626
17160 14673 13500
16896 14850 13527
16187 13411 17402
15572 14622 16822
15201 14676 17062
14100 16293 15047
19139 11649 13516
17835 12084 16342
17651 13242 15318
14929 13483 18626
14324 15650 16530
17925 12259 15955
16864 15022 13224
16889 14125 15333
16592 14659 14926
15767 14298 17054
15049 16445 12041
15245 16237 14127
14428 15557 16618
13984 16419 14847
13789 16775 13479
12419 14506 18434
14849 15056 16893
14126 16178 15090
12718 14764 18293
18762 12540 13502
18610 12567 14015
18291 13452 13289
18146 12743 14982
17743 13463 14831
17401 12692 16458
16668 13347 16845
16383 15061 14677
16141 14654 15763
15851 15190 15291
15308 13702 18251
14977 16075 14592
13658 16715 13661
13044 16518 15156
12862 16837 13947
18650 11034 15541
17728 12884 15696
17370 12738 16332
16658 13591 16417
16161 15595 13389
12815 15443 17530
19224 11692 13264
18157 11187 16321
17178 14714 13068
16544 14854 14872
15055 15400 16106
13544 15500 17269
13581 16467 15232
19313 10154 13697
17736 12997 15362
17127 12857 16601
16928 15026 12975
16242 12170 18242
15458 16282 13191
13490 16269 15516
17988 13928 12865
17828 12353 15969
16703 14404 15342
13755 15780 16484
18765 13260 12016
18556 13482 12201
18482 10665 16208
17772 13844 13688
17722 14042 13251
16745 12073 17918
16670 12521 17805
14970 14206 17845
12990 16779 14121
17735 13981 13832
17620 13652 14841
17506 12842 16050
17371 13862 14906
17161 11010 17709
17006 14689 14272
16612 14640 14969
16510 13823 16376
16368 14350 15875
14723 16123 14935
17581 13399 15282
17452 13762 15091
17208 12454 16957
16558 11552 18217
16179 14258 16318
15471 14178 17546
14951 15934 14750
14501 14246 18382
13848 14066 18716
13487 16144 15703
12788 12082 19748
12594 12502 19571
12342 15867 16550
18612 12140 15010
17813 12639 15740
16255 14948 15264
13457 15116 17718
18861 10280 15338
18850 11091 15126
18842 11887 14815
18682 12761 13445
17529 11917 16973
17062 14698 13796
17186 14403 14681
16996 15223 12603
17039 14478 14741
16628 13383 16898
16452 15217 14386
16114 14693 15800
15966 15582 13786
14911 14910 16986
14329 16664 12935
17720 12523 16121
16409 14597 15640
16132 14952 15487
14936 15290 16623
14424 15756 16157
16306 14944 15144
16189 13060 17883
15765 15082 15694
15891 15497 15168
14818 12092 19100
12243 16836 14348
18147 13194 14187
17467 13504 15527
17216 14941 12473
16685 14625 14913
15866 15078 15772
15386 16008 14168
15190 15777 14994
14694 14484 17883
18583 13086 13279
18354 12948 14212
17822 13637 14368
17497 14545 12731
16936 13094 16693
16470 13917 16333
15929 13848 17231
15506 12580 18939
15506 16165 13445
17895 14266 11707
16705 13025 17276
16296 14428 15843
16077 14452 16199
15272 15367 16018
14813 16539 12215
14181 16666 13142
11655 16729 14390
19454 11439 13069
18029 13934 12601
18032 14078 12418
17707 12546 16123
16561 15204 13716
16274 15345 14524
15969 14306 16795
14887 12482 19087
18452 12434 14933
17573 12970 15843
17457 13314 15654
17360 13641 15240
17017 13086 16628
16812 14992 13642
16229 13550 17297
15833 15279 15322
13621 15994 16235
18635 11446 15386
18209 14056 11714
16604 14247 15816
15473 15789 14516
15466 14557 16951
14771 15878 15292
14728 15891 15158
14678 13849 18591
13711 16851 13405
13381 16804 13624
13616 16809 13620
13334 17021 13626
18146 13480 13431
17490 13160 15754
17386 12446 16647
16616 14815 14713
16590 15187 13367
16406 14440 15777
16391 14800 15431
16213 14983 15326
15897 15969 12663
17215 13883 15335
17240 12169 17363
16962 13387 16207
16545 13849 16315
16345 15295 14216
15680 16022 13284
14489 13873 18473
13798 16454 14949
13304 16222 15677
18375 12954 13747
17810 14028 13562
15690 14794 16223
15681 11971 18766
15461 15987 13869
14932 16196 14339
13972 16038 15608
12371 14185 18648
19113 11733 13237
18235 10618 16317
18091 13598 13257
17061 13097 16540
16951 13273 16415
16875 13542 16213
16405 14352 15815
16288 12855 17801
16025 13861 17225
15885 13336 17933
15244 15568 15780
14420 15632 16419
18642 12033 14783
18055 13508 13698
17816 12479 15734
17481 14228 14172
17110 14968 12726
16897 14107 15332
16595 13073 17314
15906 12957 18121
14794 15174 16719
14514 11630 19400
13481 16284 15450
13021 11933 19685
18861 11447 14857
18308 12293 15159
18221 13995 12027
17356 13802 14998
17195 13141 16243
16562 14745 14954
16296 14141 16414
15825 15996 13108
12893 12566 19500
18324 13555 12583
16701 14454 15117
16640 14709 14915
16421 14826 15056
15988 14776 15848
15737 15477 15239
15624 14867 16553
15557 15841 14038
15294 15955 14364
14689 13535 18705
13392 15551 17263
13151 14104 18666
13165 12762 19482
13019 13347 19185
13418 15765 16731
18769 13046 12145
18431 12680 14555
17622 13496 14941
16535 14952 14552
15256 16004 14540
14873 14979 16866
14736 15359 16735
13172 16868 13777
18970 11790 14049
18324 10702 16175
18239 13562 12900
17253 12708 16592
17158 14853 12862
17064 12595 16923
16933 14305 15049
16027 13510 17706
15854 13573 17709
15321 15210 16158
15163 15456 16047
15058 16058 14456
15208 15324 16299
14590 16592 12253
14564 15405 16764
14443 15182 17107
14198 14997 17519
12560 16121 16075
19598 10083 13078
18582 12648 14056
17770 12137 16266
17675 13202 15228
17631 12439 16263
16748 12653 17507
15993 15040 15510
15514 14767 16744
15391 15967 14240
14767 13933 18449
14190 15072 17320
13889 16269 15349
12461 11958 19760
12214 16553 15497
18990 12357 12919
18828 13160 11645
18250 12153 15552
17707 13130 15318
15745 14559 16819
14955 13681 18392
19409 11237 13183
19349 11943 12750
17497 13530 15152
17213 14735 13036
16550 14694 14988
16529 14182 15879
16667 15457 12866
16341 14267 16160
16104 13227 17823
15428 15740 14990
14848 15825 15277
18960 12705 12701
18804 11302 14919
17834 12418 15876
17890 14225 12051
17595 12272 16635
17057 14657 14140
16879 15202 13113
16238 14614 15664
15072 16117 14377
14733 16053 15059
14182 15809 16329
13326 11370 19795
17623 13790 14404
17548 13987 14577
17335 14479 13169
17301 13821 15178
17263 14839 12452
17269 14993 12351
16919 15078 13058
16582 15196 13264
16731 11489 18214
15075 15024 16782
14826 15979 14781
14783 15488 16605
12904 16804 13916
11378 16818 14353
19283 11987 12486
17760 12958 15471
17224 14828 12680
16343 12737 17975
16144 13468 17541
15010 15459 16264
14762 14814 17363
14718 16497 12430
14692 14783 17384
13335 12208 19577
19062 10899 14789
18815 10476 15441
18509 11284 15724
18418 11024 15972
18320 10513 16245
17737 12908 15538
17469 13022 15938
17469 13391 15514
17075 15048 12436
17120 14361 14723
16276 14702 15642
15637 15628 15031
15507 13736 17927
14088 16227 15266
12400 16827 14296
11887 15826 16696
19116 11770 13230
18835 12329 14052
18471 12369 14969
18393 13494 12801
18247 11080 16220
17652 11865 16705
17629 13054 15704
16705 15101 13672
16443 15500 12936
16413 12807 17859
16339 14870 15221
16291 13206 17458
16355 12083 18224
14405 16282 14788
13377 15332 17479
18193 10651 16348
16543 14918 14701
15943 12915 18327
15643 13650 17815
15384 13980 17617
14753 13867 18574
14244 16732 13010
14654 13088 19093
12677 16738 14333
18788 12828 12839
17587 11769 16855
17135 12388 17261
17147 13686 15707
14875 14361 17700
13702 15669 16788
13381 11252 19969
13319 14833 17969
17698 13728 14455
16439 13204 17251
15498 14160 17610
15048 15410 16088
13050 16378 15409
18721 11092 15387
18482 10666 16094
18150 13583 13165
16553 14350 15608
16448 15662 12837
16518 13499 16916
15260 15221 16392
14133 15432 17064
12185 15932 16652
18754 11653 14998
18145 10220 16432
17347 13324 15862
16646 14473 15297
16692 14238 15658
15448 15492 15395
15329 13978 17809
15183 15579 16014
14535 16031 15244
13418 14777 18010
19412 11489 12323
19297 10616 13896
19187 11150 14275
18178 10880 16276
17104 11158 17710
17136 14640 13829
16028 12796 18157
15935 15648 13738
15301 16106 13775
15040 16178 14457
14377 16478 14587
12328 16291 16040
18337 12043 15523
18262 12595 15032
18189 12045 15730
17937 12293 15928
17470 14421 13059
16940 14965 13288
16401 13616 16820
15654 15853 13914
14015 13707 18998
19172 11408 13839
19134 11487 13615
18397 12257 15147
17666 10811 17112
17539 13566 14938
16578 14153 15856
16365 15181 14678
15849 14744 16172
15517 15932 13858
15599 13600 17927
14068 15821 16272
13903 16828 12831
13198 16031 15990
18014 12993 14986
17483 13175 15771
17314 13825 15062
16443 15315 13573
15995 14703 16187
15508 14090 17465
13315 11684 19681
13038 16078 16010
18843 12702 12884
17813 14098 13026
17470 13642 15090
17363 13553 15337
17236 13554 15688
16876 13195 16575
16552 13641 16587
16172 14598 16014
15962 13945 17188
15745 15192 15584
19148 10932 14703
17572 13492 15015
17491 12454 16558
17379 13390 15580
17009 14659 14429
16993 13899 15784
16755 13651 16170
16630 14495 15153
16734 12387 17804
16436 15041 14714
16157 14253 16364
15512 13626 17866
15112 16073 14239
19043 11763 14015
18464 13268 13049
17816 12904 15392
17344 13725 15138
16516 12674 17972
16379 14861 15118
16106 15789 13274
15979 15104 15586
15905 14712 16149
15613 15072 16068
15319 15561 15677
15078 16129 14281
14352 15725 16329
19428 11665 11995
18638 11171 15833
18363 12350 15075
17755 10895 16970
17597 12338 16376
17459 12288 16602
17381 12591 16564
17326 14497 13108
17278 13602 15651
16975 13736 15867
16839 13595 16075
16436 12853 17594
15733 11886 18769
14919 14663 17290
13656 16623 14873
13387 14085 18652
13101 13343 19201
18279 13550 13171
17957 13579 13878
17983 12912 15324
17476 13249 15690
16604 13978 16055
16507 15425 13100
16242 14815 15481
16205 15848 12550
15676 15267 15597
14644 11003 19314
14455 15771 16051
14301 16642 13281
13432 15550 17183
13360 16061 15793
18827 12145 14379
18072 11510 16201
17568 10916 17335
16368 11946 18264
16275 14715 15485
16057 14772 15762
16024 15081 15450
15697 14782 16227
15354 15659 15415
15296 13625 18391
14615 16269 14627
13653 16498 15060
12668 16229 16056
12478 16857 14186
12979 13961 18802
19230 11342 13658
18963 12232 13286
18100 11961 15872
17659 12728 15987
17523 12540 16350
17351 13652 15477
16797 13618 16139
16648 13789 16195
16557 14733 14980
15868 15562 14429
14961 14630 17259
14555 13441 18761
13892 16049 15491
12775 15884 16477
18060 12554 15702
17821 14286 11833
17173 14054 15021
16750 14685 14708
16254 11730 18411
15835 14628 16534
15431 14448 17087
15169 14897 17040
14266 15327 16999
13806 16713 13454
13658 16109 15610
12019 12316 19683
19487 10525 13192
19320 11153 13325
18902 11593 14421
18752 11896 14777
18148 13404 13648
17960 13549 14035
17907 14205 12020
17529 13404 15469
16776 11265 18049
16342 13579 16965
16226 14020 16741
15747 13598 17720
13057 14863 18093
19075 10992 14714
18463 13497 12544
18510 11195 15900
17789 14252 12722
17684 14276 12790
17368 13078 16240
17174 12986 16471
17045 14951 12878
17000 14264 15083
15717 14711 16258
15521 15672 14770
14417 16583 13081
12203 13051 19292
18141 13496 13472
17325 14486 13173
17235 14131 14956
16600 13017 17365
16467 13572 17084
16307 14380 15999
16227 14582 15731
16083 13712 17193
15939 14840 15945
15640 12811 18434
15545 14742 16588
15466 15077 16223
14947 15703 15664
15141 15689 15815
14766 15036 16959
14694 14970 17033
13002 16628 14957
12628 13193 19227
18745 12740 13175
18283 12374 15168
18220 12686 14741
17746 12764 15695
17420 10918 17542
17455 12245 16752
17383 14108 14525
17257 13848 15273
16965 14304 14960
16320 14390 15893
16213 13637 16970
16086 14811 15690
16187 14834 15661
15640 15043 16225
15444 15507 15332
15339 14722 16834
15382 14094 17688
13181 12897 19362
19308 10630 13667
18732 10778 15501
18584 13338 12295
17803 13564 14403
17699 12769 15743
17618 12462 16265
17469 12889 16086
17312 13773 15334
17245 13814 15300
17213 14655 13292
17049 14200 14986
17022 14389 14907
16972 14558 14608
16756 15541 12724
15890 14648 16255
15484 15240 16140
11861 16837 14289
18986 10908 14856
18934 11373 14712
18503 12659 14046
17742 13831 13934
17315 11610 17368
17218 13388 15903
17063 12365 17521
16599 15155 13540
16569 14672 15293
16480 14588 15435
16212 12685 18310
16165 14092 16618
15994 11386 18570
15320 14675 16975
14994 15783 15184
14118 16228 15215
13826 15610 16837
13318 16007 16129
13143 11730 19710
13135 16338 15529
18720 11822 15002
18010 13222 14545
17731 13291 15132
17449 12921 16044
17300 13871 15216
17226 13370 15902
16095 13574 17467
15471 15520 15297
15417 16006 13930
15199 15027 16581
15148 15965 14644
14647 16472 13811
13627 15370 17382
13019 15563 17348
12548 12291 19697
18736 11196 15371
17922 13953 13047
17799 11577 16967
17735 13777 13998
17654 14310 12832
17223 14192 14643
16403 14946 15057
16416 14962 14939
16320 14513 15782
16254 14251 16215
16151 15325 14865
15965 14372 16517
14683 15130 17028
14769 14043 18246
14117 15865 16223
12069 15953 16518
19302 9919 13744
18863 13080 11935
18612 11404 15486
18681 13152 12707
18332 13340 12908
18114 12049 15834
18058 13136 14564
17764 12825 15573
17602 13873 14412
17561 12724 16224
17052 14454 14633
16755 13620 16200
16306 13968 16394
16058 14605 16028
16093 15656 13491
15666 13275 18242
18748 12897 13038
18637 9899 15890
17859 12217 15997
17771 13036 15334
17410 13996 14587
16978 13333 16256
16657 14074 15812
15980 12850 18093
15973 14922 15759
13437 16540 15032
19121 11657 13409
18961 12454 12920
18461 13677 11906
17363 14716 12380
16574 14104 15986
16257 14549 15700
16313 15171 14896
16187 13660 17098
15178 13758 18210
13380 14027 18767
11952 16217 16251
18974 12246 13057
17233 14596 13242
17230 13960 15211
16930 12019 17795
16802 12892 17026
16043 13686 17378
14170 16031 15545
13501 16780 13763
19663 10990 12506
19247 10558 14285
19116 11466 13935
17257 14873 12510
16517 15396 13148
16243 12044 18297
15555 15862 14068
15512 14842 16584
15261 14761 17040
15098 15345 16083
14943 15963 14752
14748 14289 17868
13486 14771 17960
12654 16444 15604
19574 10906 12648
19510 10743 13102
18528 13237 12804
18037 13382 14186
18063 13298 14465
18021 12934 14935
17729 11507 17083
17520 14627 12386
17046 15079 12673
16876 15235 12681
16656 13934 15999
16674 11637 18215
16506 12923 17478
16487 13217 17250
16158 11730 18569
16081 13749 17225
15640 15983 13424
15241 15411 15917
15237 14242 17700
13605 16083 15754
17997 12019 16094
17546 13102 15658
17540 13553 15095
17423 14338 13434
17344 14331 14003
17237 13154 16050
17212 12593 16716
17203 11909 17413
17077 11100 17721
16764 15361 12092
16558 14905 14636
16525 14979 14559
16528 15086 14324
16297 13951 16474
16009 14122 16719
15754 11958 18645
15305 14572 17180
15150 16041 14451
14825 15246 16688
14627 16240 14715
14176 16343 14789
13830 16093 15529
13787 12281 19460
13364 15220 17703
12867 13132 19246
12231 16310 15870
18064 12153 15905
17760 13911 13880
17545 12093 16645
17356 13759 15111
17297 14339 14019
17214 11475 17657
17178 14216 14922
17006 14186 15105
16611 13249 16986
16552 15553 12429
16277 13918 16580
16179 14989 15127
15927 15368 14935
15858 12980 18224
15752 15386 15219
15666 13155 18372
15323 15905 14303
14987 15850 14958
14881 15134 16688
14122 16040 15372
16892 11350 18047
16288 15522 13448
16305 13419 17235
15962 14020 16927
15457 16045 13790
15132 14436 17464
14862 14559 17657
14693 14693 17502
13709 11665 19655
12619 13985 18812
12331 13195 19265
19205 12556 12490
18977 10629 15290
18766 12390 13834
18452 13270 12790
18499 12877 14183
18041 13873 12914
17864 13672 14225
17049 12655 17060
16773 15012 13379
16655 15076 14129
16472 11443 18243
16354 12423 18089
16252 15492 13563
15786 15597 14894
15211 16011 14327
14798 14252 17874
14576 15211 16924
12826 12962 19334
19658 11412 11800
19229 10858 13860
18975 11222 14742
18956 12345 12961
18783 10992 15329
18018 12143 15983
17965 13128 15103
17686 12792 15745
17483 12979 15805
17297 12362 16789
17128 12461 16922
16988 13098 16431
16574 15236 13549
15916 14463 16399
15326 14326 17558
14754 16121 14697
14307 15056 17239
12864 16609 15038
18882 11955 14428
18848 10388 15404
18765 11952 14611
17967 14180 11499
17549 13734 14768
17363 13798 15103
17327 14484 13265
17264 14641 13209
17171 14717 13242
17096 15056 12354
17075 14863 13073
17012 15020 13017
16813 13199 16594
16579 14714 14892
15838 14792 16016
15860 15553 14700
15875 14893 15837
13861 14982 17766
13061 16795 13864
12713 16868 14084
12168 16446 15565
18549 11851 15186
18504 12269 14973
18085 13446 13785
17813 12160 16209
17780 10724 16998
17644 13765 14506
17348 13953 14858
16794 15317 12843
16468 13019 17550
16233 15722 12766
16088 14450 16240
15947 13064 18082
15791 15212 15572
15389 14915 16573
14439 16219 14878
14517 14422 18054
18111 11173 16638
17423 13830 14798
17218 13757 15479
17025 13150 16402
16995 14711 13629
16600 13418 16759
16677 14923 14535
16509 14362 15544
16066 14084 16660
16202 15458 14080
15736 15155 15656
14699 16514 12538
14109 14908 17773
12361 16240 15928
19235 11443 13566
18298 13386 13280
17447 14277 13539
17366 13386 15696
17185 13926 15241
17089 11703 17702
16761 14845 14492
16669 13543 16573
16663 11951 18101
16432 14720 15166
16138 14309 16514
16055 13838 16977
15766 14874 16086
15288 14959 16495
14558 11680 19288
14182 15994 15692
14073 16067 15394
13628 16125 15654
13339 16898 13583
12852 11277 19955
12773 16669 15091
12018 16173 16515
18955 11711 14285
18416 11097 15920
18326 13735 12396
18237 13651 12538
18107 12227 15841
17329 11826 17365
16984 14525 14547
16592 13901 16195
16357 15238 13946
16157 14976 15448
16155 14370 16373
16099 15668 13395
16171 13843 16955
16068 14892 15590
15975 12102 18548
15765 15351 15455
15476 15981 14052
15403 14454 17086
15264 15761 14995
15074 15772 15650
12310 12430 19616
18923 11347 14799
18408 11943 15261
18332 13717 12103
18213 12702 15016
18106 13613 13174
17700 12422 16227
17352 14764 12224
16826 15256 12763
16702 14892 14340
16338 13674 16928
16215 13951 16892
15332 14770 16635
15271 16073 13988
14892 15977 14835
14638 16587 11975
14128 15896 16153
13850 11514 19635
13762 15832 16458
13134 14873 17953
19378 10188 13643
19247 11163 13730
18783 12789 12949
18765 12245 14437
18387 11670 15650
18319 12917 14268
18208 10619 16269
18211 13876 12352
17452 11977 17026
17477 14684 12525
17213 12543 16678
16574 14779 14927
16553 13108 17376
16322 15158 14735
16264 11421 18435
16178 15578 13453
16119 15537 13891
15947 14410 16438
15834 15252 15316
15589 13633 17864
15522 14026 17389
14298 16158 15082
14129 16342 14821
13669 15619 16889
13324 15221 17783
13104 16022 16018
12292 12946 19358
19381 12039 11619
18614 12536 13983
18308 13529 12592
18018 12212 15860
17858 12881 15328
17905 11995 16347
17896 13611 14145
17607 13763 14566
17006 11573 17719
16000 14810 15821
15748 15189 15629
15636 13748 17638
15742 16071 13271
15486 14401 17211
15119 15240 16441
14664 16535 12405
14852 15658 16227
14615 14800 17548
14574 12708 19102
14155 15816 16047
13768 13870 18745
13356 15295 17504
13175 11842 19651
12641 16332 15828
18838 12159 14150
18605 12582 14247
18392 13738 11688
18316 12289 15145
18239 12647 14767
18140 14117 11496
18046 13691 13177
18021 13949 12514
17936 12177 15972
17894 12828 15466
17881 11388 16589
17821 13066 15293
17568 13669 14804
17509 13149 15694
17456 10877 17408
17337 14597 12824
16547 14891 14865
16532 13148 17213
16396 14287 15881
16336 14105 16259
16286 12541 18044
16087 14540 16122
16066 14740 15809
13475 16792 13667
13474 11906 19580
13329 16859 13725
12964 13801 18930
19227 10654 13948
18772 12407 13730
18337 13502 12809
18312 10860 16187
18355 12586 14777
18225 12848 14642
18218 12289 15378
18108 13591 13119
17964 13442 14197
17630 12904 15745
17398 13795 14897
17297 12738 16425
16935 14195 15310
16825 12863 17006
16732 15037 13586
16609 12790 17591
16424 12493 17973
16398 14784 15156
16292 14147 16249
16257 15449 13558
16050 14564 16137
16008 13866 17125
15866 15971 12901
16050 15950 13158
15823 14347 16780
15585 13075 18432
15494 15945 13996
14638 14595 17579
13854 15618 16794
14010 16796 13275
13501 14931 17832
13263 13865 18859
13349 15060 17831
13046 15177 17979
11969 14589 18509
19532 10727 13078
19023 10681 15217
18561 12786 13969
18490 12075 15197
17977 14194 11203
17782 12423 16063
17687 13104 15346
17642 11946 16641
17420 14269 13818
17153 13232 16093
16919 14904 13398
16715 15007 13590
16621 13172 17137
16592 14854 14604
16463 15386 13398
16011 12453 18440
15925 14710 16030
14552 15156 16971
14402 13467 18901
13953 15523 16946
13700 15999 15809
13485 11883 19620
13152 15074 17832
19588 10031 13111
18966 12616 12821
18569 12592 14222
18283 12877 14440
17742 12792 15686
17648 13470 14969
17453 14019 14530
17360 14748 12435
17369 13707 15236
17256 14118 14720
17140 13256 16201
17157 14462 14544
16345 14010 16354
16306 14811 15292
16098 14206 16577
15887 12926 18126
15614 12952 18418
15006 15465 16099
14737 13036 19079
14619 15760 15986
14485 13415 18887
14439 15720 16104
14424 14604 18004
13758 15703 16747
13623 16357 15431
13522 15021 17740
12931 16411 15691
12303 16637 15355
19407 11827 12007
18769 9685 15465
18241 13856 12233
18075 14101 12361
18030 12246 15833
17824 14215 12231
17803 12956 15396
17704 11772 16672
16917 14978 13232
16860 12304 17756
16679 13885 16002
16655 15423 12893
16431 14310 15819
16316 10596 18381
16148 12039 18545
15978 14121 16860
16021 14564 16199
15720 14823 16096
15595 16066 13552
15282 15460 15856
15262 15080 16456
14680 13959 18388
14581 13180 18907
12805 12786 19492
12000 16948 14238
18530 13194 12864
18293 13635 12744
17651 13114 15321
17618 13702 14616
17655 13925 14290
17413 13264 15766
17378 13420 15669
17393 12317 16677
17300 14298 14436
17307 12609 16610
17082 14595 14262
17014 14634 14197
16803 12762 17490
15737 15909 13370
15539 15771 14436
14728 15007 17008
14708 14959 17056
14490 15284 16929
14239 15062 17289
13364 16385 15347
13200 16223 15697
19065 12201 13020
18630 12712 13655
18263 13778 11885
18265 13287 13744
18126 13427 13827
18089 13174 14450
17608 13499 15000
17537 13219 15566
17425 13595 15236
17444 14584 12873
17456 12912 16088
17388 12146 16932
17286 13274 15961
17271 11671 17588
17181 15021 12563
17079 13356 16227
16918 14986 13203
16834 13965 15826
16684 13791 16098
16641 15169 13529
16604 15147 13577
16630 12825 17493
16339 14084 16275
16235 15247 14822
16022 13932 17000
15856 15994 12870
15700 13403 18038
14831 16060 14763
14768 14686 17399
14727 14679 17437
14553 13409 18837
14571 16171 14879
14079 11661 19513
13785 16013 15621
13507 14861 17868
18843 12935 12295
18822 11983 14478
18285 12251 15259
18279 13375 13429
17565 11909 16756
17504 13800 14791
17291 13436 15862
17285 11937 17291
17283 13322 15997
17002 13714 15849
16694 14964 14116
16680 14913 14352
16020 12998 18048
16062 15537 14861
15706 15750 14007
15679 16179 11809
15551 15848 14334
15326 14812 16708
14983 16033 14519
14873 13733 18364
14747 12645 19099
14723 16308 14298
14691 15044 17021
14585 14632 17664
13830 15734 16575
14130 14584 18278
13139 16462 15267
12718 12453 19555
19263 11699 12859
18310 11580 15837
18307 13447 12999
18240 10637 16231
18257 12513 15156
18074 13432 14014
17616 12273 16412
17537 13700 14795
17370 13586 15255
17108 14132 15307
16994 12141 17531
16871 11990 17870
16839 12885 16969
16728 13602 16238
16410 12477 17990
15748 14721 16201
15649 13938 17545
15421 15465 15432
14677 14952 17101
13102 15854 16612
19149 11366 13939
18793 12531 13619
18670 12147 14765
18478 11854 15266
18312 11746 15676
18173 12511 15174
18156 12583 15068
18146 11403 16173
18072 12700 15328
17980 13874 13176
17847 12942 15278
17704 13653 14565
17350 11203 17503
17141 14115 15101
16996 13332 16250
16900 14077 15489
16516 14348 15668
16322 14114 16218
16280 11556 18315
15928 13863 17374
15806 14984 15836
15636 16041 13345
15248 15144 16532
14804 15492 16310
14756 16274 14400
14748 15962 14983
14724 14223 17876
14506 14876 17406
13825 16351 15177
13334 16641 14774
19604 10207 12783
19590 11082 12320
18889 10732 15169
18843 11737 14856
18763 12914 12413
18175 13292 13710
18180 12871 14778
17955 12109 15995
17766 14108 13202
17593 11743 16797
17570 14332 13160
17498 12731 16222
17224 12630 16629
16800 14833 14441
16683 14950 14345
16672 14175 15683
16439 14706 15290
16382 14310 15915
15765 13489 17851
15675 13676 17669
15240 13894 17951
15033 15786 15046
14979 14439 17681
14873 11974 19274
14579 15368 16787
13889 12038 19505
13108 15647 17206
11641 14176 18823
19192 10674 14305
18543 12201 14792
18520 10970 15838
18299 13017 13918
18329 13829 11650
17994 13046 14873
17908 14255 10985
17790 14056 13126
17560 12376 16365
17410 12087 16827
17295 13468 15623
16992 13300 16290
16869 14866 13548
16811 13203 16640
16745 13698 16215
16585 15006 14245
16226 14864 15335
16182 15572 13618
16127 14514 16029
16127 15592 13536
16097 15444 14346
15616 15567 15169
15371 14861 16633
15329 15918 14253
14460 13663 18898
14422 15564 16563
14114 15638 16632
14073 16503 14705
13554 15210 17548
11940 14240 18752
19069 10229 14764
18102 12947 14704
17986 11576 16425
17476 13424 15432
17377 13513 15489
17259 14573 13558
17224 14402 14104
16998 11041 17913
16995 11887 17605
16955 14166 15172
16905 14459 14788
16795 12872 17097
16262 11227 18548
16004 14107 16847
15962 15640 13707
15948 15589 13943
15767 13599 17648
15314 14986 16476
15042 15598 16063
14536 15764 15925
14304 13807 18726
13330 16153 15755
13282 14651 18142
12010 16433 15679
19480 11686 11951
19352 11783 12717
18776 11931 14551
18607 11647 15148
18376 12490 14787
17877 13928 13270
17781 13832 13763
17574 12518 16257
17439 14192 14386
17043 14994 12818
16570 15064 14486
16513 14809 15051
16524 15531 12775
16164 15873 12757
15920 14446 16368
15874 15693 13731
15834 15190 15498
15668 14825 16176
15568 16131 13057
15679 12517 18936
14271 15201 17088
14113 16066 15314
14058 16403 14848
13564 13750 18927
12634 15990 16282
18966 12062 13384
18296 13572 12617
18044 13951 12425
17973 13279 14513
17941 13894 12913
17936 13026 15136
17583 12821 15915
17547 11539 17197
17434 14644 12647
17301 12113 16963
17186 15062 12219
16761 13457 16411
16635 14093 15720
16465 13846 16564
16205 15700 13112
16103 12789 18054
15964 13816 17237
15757 15548 15120
15664 15915 13561
15016 14158 17938
14974 13568 18553
14999 16324 13852
14893 15576 16168
14801 13631 18556
14276 14036 18656
13944 15472 17118
11925 14080 18880
19679 11166 12178
18950 11549 14384
18940 12340 13099
18578 11525 15380
18214 12953 14592
18210 11655 15921
17945 13433 14252
17731 14127 12989
17516 13021 15766
17315 13427 15667
17108 12459 16963
16949 11202 18046
16759 15320 12436
16737 13464 16396
16682 14964 14191
16663 13892 15990
16627 13963 16034
16085 15543 13835
16034 14914 15597
16029 13620 17503
15967 12403 18552
15910 13135 18054
15819 15546 14782
15796 15301 15492
15748 13146 18134
15695 13520 17929
15293 15121 16396
15122 15870 14904
15018 16447 12279
14391 13781 18787
14372 16316 14686
13297 14811 18014
13194 13111 19239
12604 13825 18940
12201 16946 14149
11730 14260 18681
19490 11277 11917
18631 12321 14393
18430 12103 15247
18218 12687 14784
18033 13311 14208
18040 13350 14200
17881 12849 15350
17750 12526 15868
17572 12410 16338
17565 13699 14647
17384 13552 15481
17382 12769 16309
16992 11733 17615
16628 13899 16085
16600 14253 15651
16583 14091 15825
16573 15249 13392
16529 14401 15528
16482 11134 18267
16224 15087 15038
16163 13296 17464
15954 13602 17520
15908 15588 14018
15828 14041 17137
15576 14420 16945
15460 14945 16491
15245 15577 15676
15046 15171 16450
15146 14674 17254
14979 16251 13894
14837 11978 19100
14525 16439 14065
14474 13729 18773
14155 16306 14814
13448 16379 15317
13013 15770 16754
12903 13889 18869
19027 11587 14343
18483 12515 14595
18476 11018 15984
18383 12495 14715
18299 11739 15779
18073 11681 16088
17552 13930 14368
17524 13242 15568
17498 14658 11890
17411 13684 15172
17393 13959 14597
17159 14063 14980
16725 13467 16386
16541 15310 13472
16593 12879 17427
16532 14814 14989
16527 14525 15461
16299 14636 15515
16137 12353 18431
16026 14284 16545
15528 15856 14081
15337 14932 16536
15165 15765 15012
15014 15232 16530
14969 15529 16072
14670 14962 17083
14625 15848 15783
14624 14453 17904
14393 13891 18584
14318 13873 18601
14237 15299 17021
14196 16164 15094
14090 12924 19238
13929 15312 17246
13086 15765 16766
12807 14848 18151
11883 12948 19411
19526 10919 12774
18935 10637 15244
18405 11960 15307
18310 13373 13191
18234 13521 13244
17905 12988 15250
17863 13891 13280
17560 13912 14367
17547 14673 11708
17517 13684 14805
17505 12640 16363
17447 13600 15190
17528 14437 13012
17394 11911 17155
17308 14291 14175
17475 10800 17716
17092 14843 13042
17082 14421 14602
16947 13257 16448
16859 13452 16315
16846 14111 15452
16830 14974 14070
16706 11550 18010
16595 14533 15305
15988 15328 14949
15230 15477 15819
14924 14902 16961
14859 15856 15207
14533 15801 15941
14097 16654 13366
14203 16802 12818
13343 15466 17325
13247 12428 19569
12932 15875 16425
12825 16220 16004
12397 12763 19553
12747 15113 18050
19565 10627 13082
18747 10882 15485
18303 11820 15615
18193 12232 15546
17973 12325 15827
17868 12696 15656
17884 14259 12109
17630 13488 14940
17611 11661 16933
17414 12812 16180
17413 13518 15376
17393 14382 13514
17336 13181 16045
17353 14859 11840
16870 13615 16070
16313 13936 16579
16272 14142 16346
16230 13503 17304
16160 15799 13024
15997 12613 18336
15686 15933 13404
15654 12860 18406
15695 12693 18608
15362 13385 18452
14972 16100 14483
14889 14909 17056
14888 15991 14734
14834 12025 19121
14305 16151 15102
12680 16097 16214
12014 14164 18738
11989 15824 16758
19517 10985 12642
19496 11862 11623
19153 11094 14604
18991 10941 14755
18704 12431 13639
18240 13241 13929
18175 11599 15972
18047 14042 12365
18047 12976 14780
18001 13159 14775
17646 14315 12928
17577 14243 13479
17455 13589 15103
17399 12309 16687
17394 14694 12736
17364 14303 13984
17309 14723 12608
17290 12427 16849
17195 12642 16721
17169 13452 16000
17133 12194 17374
17005 14279 14925
16907 15044 13085
16737 13753 16183
16666 15190 13306
16440 14617 15466
16435 14885 14977
16249 14890 15286
16332 13682 16918
16192 13692 16993
16089 14646 15968
15940 13536 17645
15858 11201 18670
15803 15199 15339
15708 13814 17564
15483 15721 14946
15215 16308 13326
15030 16246 14027
14576 16434 14198
13794 16325 15238
13335 14907 17897
13114 15507 17459
11868 12788 19539
18700 11918 14665
18603 12402 14434
18499 12107 15072
18382 11657 15681
18299 11894 15723
18227 12719 14659
17768 14129 12929
17754 11717 16611
17661 12494 16196
17604 12551 16201
17617 14521 12870
17388 12787 16227
17220 14562 13786
16996 13098 16413
16978 12400 17312
16972 13013 16682
16955 13435 16363
16978 13706 16024
16840 14189 15430
16729 14339 15479
16547 13577 16663
16501 14342 15813
16409 13324 17296
15912 14881 15851
15861 14916 15871
15660 15260 15659
15168 14341 17557
14909 15752 15840
14503 11944 19286
13931 16236 15318
13822 15994 15752
13291 15915 16412
12876 15785 16695
18844 12283 13788
18716 12889 13241
18521 12342 14775
18360 12016 15546
18340 12671 14646
18270 12298 15192
18246 11271 16179
18200 13191 14160
18160 13438 13621
17863 14195 12494
17613 12852 15756
17497 12273 16500
17196 13878 15397
16989 12563 17067
16624 14533 15243
16626 14172 15793
16514 15035 14560
16353 15296 13867
16233 15370 14731
16043 13761 17117
16080 14061 16726
15734 13485 17852
15650 14966 16376
15426 15016 16394
15368 15898 14516
15297 16164 13696
14748 15822 15517
14819 15785 15565
13841 16641 14194
13690 15373 17267
13175 15849 16624
12834 13135 19249
12235 16307 15875
19593 10193 13012
18497 13263 13003
18378 12507 14684
18356 13017 13807
18263 10775 16204
18222 12656 14752
18209 12415 15228
18107 14017 11844
17937 13460 14372
17918 12148 16041
17885 12394 15956
17820 13457 14555
17721 14300 12661
17652 12780 15787
17632 13029 15653
17487 14150 14194
17483 13602 14991
17360 14563 13072
17319 14207 14399
17288 14396 13924
17261 14280 14621
16997 12409 17257
16534 13464 16795
16397 15127 14489
16362 13181 17373
16353 15241 14283
16295 15270 14673
16216 15800 12326
16120 15524 14048
16118 14612 15863
16043 14833 15764
15894 15579 14193
15685 16161 13000
15399 15896 14278
15191 14980 16736
14585 14648 17620
14515 16507 13635
13670 16255 15433
13127 15508 17297
12798 16323 15776
11838 16795 14389
19345 11754 12820
18392 11904 15473
17829 13864 13671
17802 12993 15328
17769 14338 11980
17645 11743 16747
17549 12690 16251
17504 12987 15793
17349 12267 16789
16866 13351 16505
16687 14311 15515
16580 14924 14353
16496 14180 15912
16435 14690 15323
16244 13776 16813
16205 14201 16225
16120 14475 16142
16141 15038 15303
15911 15654 13790
15811 11294 18649
15774 16010 13191
15729 12775 18422
15514 16121 13307
15143 15338 16296
15132 14583 17293
15013 15845 15087
14976 13678 18350
14948 13726 18261
14805 14649 17386
14740 12661 19104
14640 14629 17576
14078 16229 15295
12769 16181 16072
12464 16139 16186
11843 16957 14290
19446 11604 12137
19293 12001 12074
18797 11685 14929
18782 11362 15147
18556 11661 15231
18363 12951 13798
18394 12727 14591
18086 13868 12774
17975 14120 11979
17974 13214 14607
17970 12662 15574
17884 13439 14446
17847 12767 15536
17751 10706 17040
17733 11621 16703
17671 14595 11887
17552 14427 12905
17513 13082 15784
17426 14308 13591
17405 13331 15617
17399 13782 15054
17398 14395 13431
17305 14795 12241
17299 12286 16779
17192 14788 12976
17006 13915 15666
16987 11355 17799
16944 13553 16046
16844 13149 16631
16228 12861 17982
15915 14513 16243
15491 15488 15377
15036 15060 16595
14925 16243 14277
14609 16521 13168
13118 11945 19663
12758 14799 18164
11765 16475 15548
18679 11051 15433
18517 12614 14110
18513 12624 14245
18471 13563 11521
18363 13331 13022
18316 12803 14517
18305 11622 15780
18233 10958 16225
17868 13980 13200
17833 14225 12146
17648 12994 15532
17616 14359 13008
17605 14592 12595
17477 12871 16085
17422 12335 16638
17396 12693 16468
17284 14500 13676
17039 13815 15670
16929 14273 15288
16842 10194 18051
16461 13852 16399
16410 13575 16872
16086 15616 13688
15965 15561 14611
15964 13866 17129
15847 13032 18189
15807 15976 13293
15766 14388 16936
15482 15023 16272
15387 15598 15340
15268 15885 14733
15184 16310 13564
15168 16102 14165
15031 13791 18214
14958 15094 16663
14879 15485 16207
14899 15820 15410
14573 14910 17349
14256 15890 15904
13974 15277 17324
13854 16488 14908
13790 16175 15522
13760 15269 17354
13657 13938 18804
13568 15398 17329
19533 11161 12314
19377 11797 12691
19288 10265 14065
19059 11728 13894
18737 10302 15531
18290 12413 15160
18284 12864 14597
18281 13765 12051
18177 12712 14991
18171 13452 13392
18157 13401 13628
18100 11449 16280
17926 12767 15386
17951 13562 14196
17891 12997 15209
17865 12856 15338
17809 12317 15995
17577 13671 14617
17478 14734 11490
17504 13757 14904
17359 13828 14933
16890 12428 17524
16779 14146 15653
16371 12917 17660
16365 12810 17909
16165 15040 15251
16067 13917 16926
15902 15183 15282
15887 13883 17293
15391 15592 15505
15389 13443 18441
14995 14454 17655
14878 14732 17257
14873 13811 18237
14799 16411 13692
14761 14282 17866
14662 15243 16798
14610 16341 14458
14382 16246 14810
14133 16230 15064
13964 16615 13928
13716 15454 17240
12668 16745 14178
12095 16171 16119
19268 11861 12760
19121 11628 13836
18939 11535 14613
18497 13094 13212
18184 12463 15330
18152 11677 15942
18100 13070 14613
17848 13449 14421
17836 12175 16097
17814 13355 14831
17814 12961 15323
17593 12663 16144
17535 13774 14592
17449 13725 15098
17399 14284 14197
17233 12283 16985
17223 13689 15476
17211 14155 14670
17084 13368 16201
17018 14546 14273
16876 12480 17428
16700 13639 16380
16548 13530 16670
16502 15275 13579
16309 11164 18344
16288 13168 17531
16179 13960 16749
15990 14275 16548
15956 12717 18438
15897 12405 18510
14770 15148 16765
14679 16254 14415
14544 14548 17667
14284 10907 19454
14167 15659 16582
13030 16107 16135
12262 14793 18185
18923 12503 13096
18424 11600 15700
18322 12301 15087
18317 11908 15577
18307 11597 15883
18279 13560 12829
18212 12759 14705
18162 12970 14555
18078 13008 14766
18027 13939 12637
18003 12358 15771
17901 13773 14046
17873 13638 14122
17672 12868 15699
17626 11640 16970
17595 11485 17261
17458 14132 14214
17325 14755 12518
17321 13683 15238
17313 12684 16474
17287 14009 14767
17206 14511 14022
17152 14067 15257
16908 14429 14945
16852 13171 16594
16482 12766 17612
16185 15802 12564
16171 15751 12800
16152 13610 17350
15991 15564 14245
15900 13989 17158
15869 14761 16025
15854 15596 14081
15800 15333 15253
15768 13377 17856
15587 13745 17798
15496 16229 11991
15427 12896 18744
15404 14287 17352
15265 15760 14920
14729 14713 17434
14552 16611 12897
14540 14434 18047
14145 16471 14623
13775 16015 15650
13668 16360 15229
13336 12512 19427
13282 16403 15303
13136 13944 18794
13105 16341 15530
13042 14703 18221
13008 16488 15210
12655 15964 16388
11971 13124 19272
19609 10369 12684
18981 12291 13032
18979 12408 12958
18475 11871 15312
18251 11606 15854
18204 11289 16257
18147 13181 14205
18097 11500 16156
18056 12739 15201
17743 11939 16471
17738 14340 12218
17623 12624 16166
17595 13226 15321
17587 11997 16653
17632 14196 13673
17530 14093 14055
17397 12503 16528
17388 12370 16637
17377 12965 16084
17361 12716 16412
17289 14855 12186
17222 14027 15062
17174 13961 15201
17035 13640 15926
16971 14148 15261
16936 12075 17660
16899 14327 15056
16738 13762 16079
16661 13845 16076
16647 14706 14864
16562 15307 13274
16227 13901 16816
16188 13570 17216
16135 14851 15624
16117 15556 13687
16046 12418 18381
16042 14014 16895
15929 15727 13501
15897 15671 13580
15509 13846 17724
15397 14317 17353
15347 15025 16374
15297 14832 16635
15246 16072 14110
15017 15906 14904
14817 15091 16866
14633 15989 15064
14562 15850 15715
14397 15830 15905
14390 15791 16157
14302 13775 18802
13800 16185 15491
13435 14008 18723
13374 16836 13652
13357 16559 14944
13240 14602 18174
12481 16487 15353
18816 12659 13213
18571 12349 14443
18115 11220 16352
17937 12762 15570
17657 13905 14218
17546 12982 15788
17459 13087 15864
17405 14284 14026
17403 13801 14826
17452 14444 13281
17368 14031 14649
17316 14531 13155
17207 14182 14817
17157 14052 15025
17097 14319 14823
16991 13682 15916
16803 12996 16978
16789 13709 16127
16661 14120 15701
16185 13301 17418
16099 14640 15813
15954 12601 18441
15949 15214 15168
15708 14746 16236
15561 14882 16518
15480 15637 15083
15432 14204 17346
15355 13717 17955
15155 12323 19065
15063 15352 16441
14968 15569 16065
14921 16114 14566
14864 15206 16640
14426 16779 12312
14353 16299 14751
14093 16574 14530
13916 16512 14757
13757 15358 17275
13397 15169 17591
13146 14947 17951
12501 13394 19204
19284 11453 13237
19137 11220 14313
19042 12633 12197
19006 12065 13234
18859 11913 14528
18708 11601 15071
18403 13334 12887
18201 12800 14898
18154 12739 14968
18107 13109 14605
17903 12794 15363
17898 12401 15853
17822 14296 11811
17682 13552 14783
17662 12423 16166
17545 11973 16775
17532 14486 12955
17502 14149 14055
17333 12193 16851
17209 14548 14015
16926 14831 13737
16817 14149 15465
16662 14419 15346
16646 14709 14744
16620 14212 15695
16620 12356 17835
16577 15000 14515
16560 15381 13108
16485 12676 17699
16376 12390 18023
16372 14010 16352
16382 13940 16404
16358 14258 15954
16386 13595 16853
16340 14843 15192
16308 14518 15687
16197 13693 16977
15948 11661 18603
15985 13570 17615
15877 15830 13408
15704 14579 16738
15656 13592 17898
15404 13971 17706
15192 15414 15972
14906 15668 15977
14885 15607 16115
14850 14366 17724
14751 15327 16656
14056 15422 17204
13885 15065 17484
13861 16527 14656
13852 16810 13206
13481 13880 18814
13377 16051 15757
13322 16495 15148
19410 11090 13073
19357 11945 12618
18950 12152 14056
18627 12004 14952
18301 12435 15056
18288 12883 14369
18285 13009 13994
18224 13696 12526
18223 12265 15490
18185 11856 15800
18112 13139 14430
18091 13357 13905
17834 12449 15846
17825 13476 14398
17661 12178 16256
17625 14307 13078
17479 14693 12173
17410 13359 15589
17403 11880 17151
17353 14289 14213
17333 11834 17190
17310 11980 17119
16927 12414 17395
16657 15037 14073
16649 14443 15454
16569 15067 14366
16552 12200 17940
16520 12564 17817
16502 14937 14659
16501 15567 12512
16324 14361 15830
16291 14949 15125
16185 12116 18384
16094 15476 14781
16038 14646 16048
15986 12489 18368
15908 13928 17237
15591 15875 14010
15530 14732 16623
15391 16079 13659
15258 14482 17228
15256 16189 13903
15055 14941 16915
14938 13810 18289
14564 15721 15996
14429 16375 14680
14317 15063 17133
13785 16025 15619
13358 16117 15830
13177 16372 15358
19304 10441 13737
18843 12321 14051
18773 11948 14597
18506 11311 15617
18455 13017 13606
18224 12793 14678
18146 12623 15112
18139 12997 14532
17885 13672 14095
17862 12219 15989
17834 13883 13514
17704 14065 13473
17683 12763 15761
17666 14249 13145
17608 12277 16356
17333 13717 15211
17318 14721 12626
17247 13097 16187
17238 13619 15539
17126 13799 15477
16983 14510 14764
16933 12371 17385
16919 12624 17323
16788 10825 18218
16694 14444 15248
16688 13823 16058
16668 14056 15837
16658 14850 14570
16640 14255 15621
16590 14451 15429
16568 12741 17652
16561 15389 13079
16504 15092 14329
16265 13937 16587
15995 15098 15260
15958 14845 15883
15947 13236 17875
15696 13430 18047
15640 13820 17614
15556 14073 17363
15496 13213 18381
15448 13782 17846
15444 13809 17855
15013 16375 13616
14917 15893 15121
14799 16299 14273
14779 14379 17811
14634 16279 14463
13907 10850 19639
13788 15844 16376
13131 14787 18079
12412 12923 19425
12367 13722 18957
19210 10977 14056
18782 12355 13713
18601 12208 14547
18340 11690 15712
18150 13600 13026
18132 11388 16200
18086 14053 12137
17813 12519 15870
17749 12961 15401
17571 13828 14591
17487 14527 12734
17486 12587 16386
17403 14314 13756
17321 13545 15512
17263 14045 15059
17206 13680 15619
17049 14157 15099
17013 13054 16668
16974 14322 14931
16934 13445 16212
16678 13506 16589
16513 15154 14215
16426 13885 16397
16314 14403 15825
16276 11735 18361
16261 15188 14859
16074 14801 15723
16066 14286 16515
15972 12893 18110
15870 15679 13997
15775 13533 17791
15636 15893 13907
15610 15790 14113
15420 15952 14126
15392 14615 17011
15220 15927 14547
15140 14994 16819
15045 14975 16872
14841 15786 15529
14717 14919 17058
14391 13859 18660
14215 16325 14738
13883 15755 16525
13880 13034 19234
13930 16886 12820
13791 16021 15618
13681 15073 17648
19300 11552 12934
19274 10574 13996
19067 12582 12002
18660 12433 14301
18623 13241 12606
18540 13139 12922
18415 12185 15115
18305 12643 14733
18301 12974 13873
18215 12925 14379
18178 13146 14227
18123 12701 15082
17765 14386 11540
17766 11965 16422
17689 13417 14918
17687 13183 15195
17635 13066 15646
17612 11624 16987
17561 13197 15376
17246 14136 14883
16980 11176 17847
16956 12910 16804
16952 14860 13496
16934 14782 14489
16865 14398 14959
16717 13203 16803
16691 11898 17943
16620 13692 16423
16599 13107 17247
16588 14358 15528
16447 13875 16433
16400 14353 15825
16356 14819 15218
16271 14157 16489
16229 15450 13663
16195 14254 16241
16030 14843 15713
15936 13777 17367
15915 15576 13995
15886 13973 17175
15838 15740 14077
15510 16209 12760
15409 14759 16833
15303 14954 16543
15222 16301 13346
15146 12604 18949
14873 16492 13267
14442 16383 14609
14250 15711 16446
14103 16068 15343
13813 15498 17061
13486 15253 17449
13018 16304 15688
12878 11997 19742
12527 16594 15285
12213 11896 19860
18465 11234 15836
18384 12051 15320
18270 12397 15170
18093 12038 15892
17821 12142 16208
17720 13490 14808
17715 13097 15298
17634 12057 16633
17517 12054 16816
17395 13118 15969
17352 13655 15247
17299 13381 15787
17057 12865 16808
17027 15117 12136
17010 14564 14434
16805 13244 16616
16758 14943 14242
16653 13592 16427
16593 15176 14187
16291 14429 15853
16169 13327 17444
16008 15547 14212
15739 15713 14124
15670 13658 17773
15664 15783 14038
15473 14288 17343
15469 16049 13604
15456 14193 17372
15436 14426 17151
15411 15171 16149
15398 14270 17360
15221 14667 17151
15184 14805 16959
14974 15691 15973
14952 16448 13053
14738 15009 16966
14679 14941 17098
14468 15857 15835
14299 16523 14161
14248 16291 14840
13929 15825 16327
13794 16479 15011
13479 15314 17471
12694 16733 14274
12459 15856 16494
12369 16165 16127
11831 16431 15812
19674 10272 12205
19537 10889 12979
19007 11161 14662
18924 10951 15130
18749 12043 14489
18748 10747 15517
18742 11910 14711
18444 12700 14397
18320 13355 13491
18261 12312 15321
18045 13938 12582
17994 13033 14891
17961 13459 14243
17910 13150 15151
17848 12678 15712
17796 12310 16098
17729 13897 13924
17722 11935 16589
17690 14260 12878
17522 13846 14706
17492 11964 17009
17428 12998 15985
17410 14453 13209
17408 11962 17043
17272 12632 16554
17169 14740 13062
17137 14572 13804
17065 12831 16732
16724 14553 14898
16656 13847 16098
16477 13519 16835
16410 13127 17437
16405 15549 13112
16377 15095 14735
16355 13902 16569
16303 14045 16416
16162 13173 17824
15910 13552 17632
15784 14859 16012
15144 15025 16773
15025 15374 16481
14863 15221 16632
14720 14307 18073
14417 15927 15741
14380 15674 16364
14316 16551 14024
14164 16403 14604
14072 15748 16433
13874 16109 15477
13443 16518 14989
12696 12827 19482
19460 11247 12601
19449 10655 13162
19428 11532 12143
18861 12068 14198
18800 12755 12730
18641 13425 11321
18389 13804 11129
17903 14214 11329
17881 12578 15716
17879 12207 16028
17862 13478 14338
17686 14265 12839
17536 11891 16798
17538 14022 14378
17462 12692 16363
17252 14136 14712
17243 14748 12790
17021 13649 15885
16923 12738 17108
16874 14841 14016
16811 13586 16145
16758 13218 16774
16718 14526 14995
16708 14557 14954
16698 11568 18011
16505 14519 15503
16402 15416 13522
16322 14483 15794
16181 14560 15806
15927 14556 16232
15899 14755 16016
15707 15217 15634
15331 14551 17133
15308 15716 15045
15306 15707 15244
15257 15368 15895
15125 15690 15586
15060 13969 18078
14883 14645 17294
14732 14918 17108
14611 15257 16881
14570 16122 14954
14535 14374 18178
14143 16160 15188
13955 15786 16353
12946 11991 19692
12845 16637 15009
19444 10796 13207
19220 11290 13691
19062 11703 13843
18709 12593 13540
18635 12680 13525
18613 12242 14520
18575 13422 12029
18418 12904 13992
18239 12441 15162
18136 12821 14890
17782 13677 14173
17754 12989 15373
17743 11842 16498
17741 12133 16312
17681 13866 14327
17641 13431 14977
17586 13453 15025
17566 13657 14846
17419 12056 16823
17385 13050 15985
17345 14767 11948
17303 11559 17515
17295 14001 14766
17224 14290 14451
16893 14931 13359
16846 13096 16730
16665 14426 15268
16649 13653 16463
16514 14926 14619
16485 14443 15518
16464 13024 17518
16413 14805 15076
16354 13147 17510
16246 14812 15377
16245 14841 15416
16102 13503 17603
16044 14921 15491
16029 13381 17755
15912 13662 17429
15843 15613 14011
15822 15113 15638
15732 15777 13988
15687 13949 17484
15605 16043 13583
15577 14407 17102
15572 11509 18941
15479 16166 13397
15122 11417 19080
15116 16119 14128
15100 14011 18077
14807 13864 18250
14806 15003 16916
14665 15218 16747
14610 14504 17931
14534 15615 16503
14238 16596 13598
14097 15402 17118
14028 15781 16365
13913 16609 14112
13770 15157 17506
13464 15154 17599
12941 16023 16277
18952 11300 14712
18752 11710 14929
18635 11707 15112
18401 10944 16045
18387 12474 14704
18387 11819 15582
18380 13330 12970
18277 12277 15200
18232 12881 14560
18216 12351 15257
18175 12518 15104
18155 13173 14204
18142 13106 14399
18135 12735 15055
17815 14320 11891
17803 12717 15648
17753 14357 11593
17705 13863 14026
17677 13347 14995
17645 11576 17047
17614 13421 15022
17545 12522 16276
17341 14217 14252
17312 14168 14407
17303 12100 17208
17200 14141 14899
17271 13015 16254
17160 14050 15137
17128 14856 12873
16997 13472 16171
16944 13507 16208
16746 13221 16764
16582 14344 15634
16572 14011 16085
16524 15679 12213
16336 15163 14698
16309 14370 15926
16298 12231 18225
16205 11375 18549
16156 15180 14948
16099 14479 16115
16090 12909 18053
16026 14045 16797
15952 13739 17377
15911 14474 16412
15888 12983 18122
15887 15962 12720
15859 16018 12839
15847 14858 15923
15703 14669 16620
15659 14853 16220
15470 14952 16385
15414 13534 18180
15359 16009 14120
15358 14686 16914
15218 15331 16193
15077 15748 15378
15022 16276 13767
14917 15781 15702
14905 16197 14291
14810 14458 17683
14752 15761 15892
14609 15509 16416
14563 16608 12274
14500 16139 14976
14339 15795 16304
14258 15053 17399
14210 16292 14839
13763 15218 17528
13665 16003 15804
13319 16861 13754
13261 15006 17872
12616 16678 15143
12609 12494 19545
12532 16851 14094
19288 12006 12400
19114 10920 14745
18977 12059 13356
18862 11590 14826
18825 12419 13546
18746 12902 12995
18705 12688 13503
18559 12389 14606
18302 12869 14292
18087 13093 14615
18059 13739 13156
18050 12031 15910
17930 12300 15867
17912 13959 13128
17889 12475 15792
17863 11456 16579
17813 11850 16476
17688 11665 16712
17630 13264 15165
17626 13689 14541
17538 13290 15331
17433 14642 12755
17412 12968 16080
17411 13793 14825
17332 12178 16955
17322 13336 15808
17309 14278 14332
17276 12459 16715
17240 12820 16523
17168 14032 15136
17116 14077 15232
16941 14329 14949
16920 13830 15793
16916 14411 14944
16878 13793 15985
16867 13865 15830
16831 14787 14567
16755 11764 17942
16738 13713 16195
16696 13623 16413
16661 15175 13374
16629 13231 17015
16615 14244 15638
16538 14114 15961
16525 12817 17582
16466 13134 17315
16370 13538 17102
16365 13152 17437
16288 14542 15689
16057 13965 16768
16036 14921 15497
16024 12671 18325
15986 14023 16889
15982 14234 16657
15855 16023 12800
15845 13943 17202
15770 15216 15545
15693 12285 18692
15643 15929 13620
15596 13244 18263
15582 15211 15842
15574 13361 18147
15426 15627 15333
15416 13210 18630
15198 13315 18529
15181 14921 16797
15080 15980 14705
15015 14700 17197
14946 13694 18337
14929 15300 16605
14902 16119 14490
14733 14816 17305
14674 14732 17478
14448 16307 14661
14080 10787 19636
13766 13805 18843
13727 16422 15046
13684 16650 14246
13609 15405 17291
13384 16766 13776
13239 16213 15808
12932 14238 18626
12132 16988 13878
12058 14673 18367
19476 10839 13078
19039 10857 14889
18774 12382 13833
18748 12777 13168
18676 12609 13973
18559 12606 14156
18529 11486 15584
18288 13305 13528
18224 12345 15243
18171 13302 13711
18028 13204 14574
17835 12839 15428
17606 13919 14301
17394 14369 13671
17385 11989 17020
17379 13854 14905
17300 14807 11962
17281 12229 17049
17245 13694 15430
17224 13628 15498
17202 14251 14696
17168 14579 13749
17154 12915 16590
17137 14791 12890
17078 15151 12099
16949 14311 14948
16929 14544 14727
16885 15170 12698
16839 14769 14566
16704 13605 16412
16679 14850 14440
16619 13981 16035
16599 13822 16394
16552 13589 16637
16517 12884 17433
16498 15197 13747
16404 15374 13498
16367 14360 15843
16300 13968 16445
16293 13896 16724
16276 15651 13074
16259 11484 18439
16231 11969 18332
16125 14564 16062
16076 15626 13495
16074 13687 17237
15999 13636 17490
15959 15279 15119
15910 15196 15247
15909 14381 16511
15873 14943 15870
15831 15556 14695
15702 15701 14338
15657 14760 16319
15519 13602 17885
15516 14680 16632
15418 13320 18427
15060 14180 17871
14804 14949 16936
13905 15898 16292
13698 16739 13629
13513 16264 15485
13462 14637 18151
12836 15197 17908
12701 11749 19811
19538 10739 13020
19355 10146 13743
19220 10670 14223
19064 11306 14600
18833 12149 14239
18828 12814 12726
18809 11122 15226
18790 13209 11821
18779 12881 12497
18778 12790 12922
18729 11854 14877
18537 12518 14447
18531 13168 12757
18251 13501 13213
17948 13403 14409
17860 13120 15192
17834 12298 16006
17808 12752 15578
17789 13716 14165
17743 12964 15403
17726 14371 12158
17699 13941 14004
17698 13274 15161
17613 13855 14330
17582 13249 15323
17521 12816 16035
17491 10976 17388
17394 14704 12394
17392 12699 16303
17334 12288 16752
17248 14880 12393
17203 12784 16530
17148 12675 16652
17012 12822 16966
16876 13223 16566
16836 15275 11884
16807 14610 14853
16691 14468 15120
16628 14282 15590
16506 14665 15324
16456 14639 15355
16375 14342 15842
16298 13433 17210
16229 12607 18056
16204 14235 16256
16149 14378 16363
16139 15179 15239
16061 14315 16387
15997 14045 16859
15887 15760 13532
15759 13801 17539
15691 13294 18135
15592 15111 15835
15555 13611 17882
15487 15748 14465
15319 12541 18946
15257 15587 15589
15197 15668 15467
14700 15341 16739
14522 16500 13655
14197 16513 14169
14098 13655 18984
14044 15870 16211
13926 16689 13593
13000 11813 19740
12415 13090 19277
19403 10603 13235
18726 11915 14895
18697 11915 14957
18612 13446 11900
18570 12418 14451
18498 13266 12773
18430 12938 13965
18208 13255 13877
18144 12480 15218
18026 13111 14673
18004 11198 16649
17776 13900 13648
17619 14140 13839
17523 12007 16927
17391 12137 16864
17362 13427 15657
17317 13724 15199
17252 13885 15275
16945 12044 17656
16888 12779 17043
16879 14839 13953
16861 13943 15808
16820 14186 15458
16745 13464 16378
16726 13120 17112
16663 13792 16175
16643 13718 16374
16609 12670 17721
16605 14818 14643
16583 12523 17741
16518 15081 14449
16474 13499 16920
16424 14700 15435
16357 13049 17529
16202 14218 16271
16172 15079 15243
16157 14856 15578
15949 14403 16419
15912 14150 17042
15896 13536 17649
15882 14670 16249
15834 13350 18016
15761 12279 18642
15733 12327 18553
15660 14529 16850
15430 16046 13742
15430 14538 16969
15347 14956 16516
15189 14095 17935
15101 13991 18034
15080 15762 15252
15003 13325 18712
14952 15893 14985
14945 16314 14102
14926 15982 14678
14847 16512 12331
14780 16294 14292
14768 16252 14329
14736 14483 17745
14563 11204 19318
14540 11456 19304
14041 14578 18293
13942 13799 18812
13738 15789 16511
13594 15245 17419
13553 15238 17457
13452 16503 15055
13138 16777 13914
12522 16812 14236
12218 16198 16094
