50 3
18090
868 984 787 294
816 390 51 713
630 748 603 42
835 266 553 597
616 469 100 925
872 115 708 341
666 783 549 265
886 753 910 630
661 596 712 542
715 384 234 306
526 255 471 970
916 555 344 47
688 59 534 52
900 656 438 342
654 438 959 515
601 264 480 393
722 96 981 867
684 323 955 38
710 118 645 775
644 431 661 502
542 257 139 634
716 288 160 691
569 801 213 938
543 754 532 886
688 483 104 516
760 399 575 391
902 854 79 800
564 351 41 739
865 764 837 475
645 524 935 563
916 468 155 303
628 210 761 994
844 918 44 965
856 508 181 846
556 629 38 717
662 203 271 816
677 981 342 23
662 498 988 173
819 372 881 53
562 275 593 503
829 879 91 870
773 168 873 445
601 360 144 119
784 672 11 762
686 849 513 244
885 699 325 670
836 361 795 280
729 344 760 490
638 655 890 530
833 541 595 552
3737
16167 13641 15734
16192 12794 16244
16094 11868 16733
16085 12025 16836
15990 15430 12381
15885 13624 16381
15938 12189 16731
15683 15046 15321
15750 12805 16762
15803 14829 15560
15621 11858 17194
15545 13344 16623
15428 16295 13979
15501 15468 15038
15371 15557 15290
15567 11990 17376
15240 12932 17290
15173 11518 17689
15026 15592 15364
14820 15349 16073
14758 12161 17946
14652 17269 13509
14677 13809 17283
14628 14196 17050
14713 15780 15653
14614 16705 14464
14644 13395 17577
14617 16236 15221
14340 16949 14480
14254 13859 17506
14466 15161 16671
14418 13280 17862
14324 13378 17757
14210 12845 18029
14480 16041 15672
13991 16490 15661
14177 12431 18323
13892 11969 18699
14096 16678 15166
13871 15806 16439
13655 17489 14419
13565 18080 13345
13913 17359 14555
13407 16796 15680
13617 13481 18071
13479 17362 14846
13282 14987 17366
13032 14161 18028
12796 16613 15967
13229 16385 16040
13010 16234 16377
12964 16013 16598
12484 16676 16171
12548 15342 17190
12693 16757 15865
12379 15980 16747
12525 18466 13640
12238 16133 16570
11940 17770 14937
12325 18601 13510
12315 16962 15672
16949 12426 14954
16560 12157 16055
16101 15164 14316
16166 14869 14941
16010 13693 16006
16024 13461 16257
15866 11478 17047
15833 13317 16433
15774 15720 13699
15665 12916 16887
15595 16108 14063
15347 13551 16865
15323 14051 16711
15331 14258 16394
15099 12443 17616
15116 11810 17805
15014 12817 17575
15181 15008 15813
14978 15079 16191
14987 16427 14571
15149 13148 17331
15028 13334 17354
14642 14369 16913
14651 17430 13121
14786 12427 17889
14590 17116 13678
14570 13986 17206
14492 16626 14903
14408 15719 15985
14334 16896 14785
14296 13940 17438
14225 14312 17132
14277 14589 17091
14300 16275 15472
14439 14847 16763
14237 17256 14051
14200 15041 16699
14123 14443 17296
13994 17158 14721
14133 12818 18238
13745 16292 15998
14107 17495 13647
14093 15439 16564
13952 13598 17845
13658 16896 15112
13719 17960 13461
13673 12130 18743
13771 13056 18254
13475 16115 16219
13760 15405 16897
13521 14385 17565
13567 15881 16358
13378 16460 15761
13617 17709 14308
13502 14937 17185
13572 15343 17009
13494 16357 16026
13029 17008 15397
12986 13163 18462
13003 15966 16693
13322 12764 18714
13259 15111 17241
12915 17178 15292
13014 17015 15290
12457 17766 14605
11874 17806 14958
11861 16684 16157
16967 12793 14279
16177 12834 16407
16029 14944 15275
15934 14245 15770
15827 11856 17044
15805 12192 17136
15642 15924 13934
15877 12514 16823
15537 13683 16467
15563 14064 16347
15540 13252 16874
15430 15107 15453
15401 16601 13641
15334 12251 17395
15340 13292 17155
15248 16529 13779
15147 16365 14363
14921 17085 13162
14992 16283 14770
15025 14758 16353
14843 16081 15053
14673 15169 16161
14682 15124 16378
14643 15233 16441
14471 17664 12921
14221 17463 13651
14156 13092 18037
13916 16074 15872
13803 12406 18568
14098 14901 17215
13669 11727 18776
14033 15389 16598
13597 17881 13900
13267 13918 17937
13004 18171 14035
12941 14584 17632
12832 15049 17513
12909 16397 16250
13130 16918 15599
12397 16936 15773
12822 16172 16489
12540 16453 16190
12234 13807 18343
12653 18070 14180
16525 13354 15407
16450 14220 15040
15961 14559 15678
15790 14112 16090
15657 15684 14673
15477 14628 15842
15484 14612 16049
15632 12502 17181
15557 14373 16109
15244 14357 16382
15297 14663 16237
15235 13685 16861
15314 13137 17159
15221 16835 13441
15197 16593 14033
15028 16879 13534
14900 14101 16934
14868 15862 15246
14918 16090 14916
14799 11998 17867
14807 16661 14371
14908 12299 17792
14614 13051 17803
14802 13219 17639
14527 16818 14620
14365 15251 16469
14467 15346 16396
14315 11919 18476
14055 16393 15668
14030 16103 15819
14020 15598 16321
13827 17686 13968
13777 14545 17342
13694 17442 14514
13592 11524 18950
13857 16342 15746
13919 13184 18139
13935 15709 16446
13614 17041 15248
13562 12755 18503
13380 14667 17518
13656 17662 14403
13647 13837 17848
13037 16252 16157
13468 16414 15917
13240 15552 16809
12977 11503 19140
12721 14634 17813
12934 17030 15620
12791 13312 18489
13345 18626 12430
12905 18879 12959
12366 15736 17010
12582 16356 16323
12932 18573 13297
16683 13084 15525
16638 13888 14117
16616 12757 15854
16584 14169 14718
16475 12268 16180
16118 13363 16362
15996 14530 15569
15606 14994 15498
15505 13281 16983
15390 16515 13868
15341 15872 14785
15303 12443 17444
15229 14149 16606
15300 15911 14819
14871 13815 17043
14769 14685 16724
14535 11869 18295
14509 13064 17821
14241 15209 16487
14397 17194 13843
14515 15439 16043
14154 17130 14585
14131 16013 16021
14174 16958 14993
13971 17427 13942
14062 11484 18615
13969 17338 14461
14000 16525 15193
13935 14275 17460
13622 14295 17767
13777 17647 14100
13297 18131 13621
13291 13736 18109
13387 15683 16790
13260 13052 18435
13225 13772 18130
13317 17847 14093
13184 15963 16417
12862 16577 15946
12931 15599 16892
12881 17238 15474
12767 14989 17566
12449 16730 15948
12838 13700 18291
12383 15987 16619
12153 19009 11691
12058 16789 15960
11912 17586 15069
16737 13857 13495
16660 13677 14178
16341 13403 15797
16328 13954 15138
16256 14918 14446
16274 13076 16126
16159 12380 16538
15451 15240 15368
15459 13491 16814
15076 15820 15034
15142 14909 16107
15165 15985 14740
15061 14662 16272
15046 13068 17421
14978 16874 13738
14927 14415 16842
14895 11230 18001
14708 13317 17534
14685 16351 14935
14751 12351 18064
14759 13612 17260
14520 15029 16489
14264 17511 13449
14090 15791 16039
14083 17906 12861
14281 14173 17414
14057 17490 13851
14203 13564 17780
14015 15947 16039
14115 17177 14490
14112 11919 18518
14222 16192 15607
14147 15283 16492
14063 14955 16992
13738 12642 18548
13789 16564 15559
13628 14054 17722
13174 11338 19202
13047 12722 18759
13442 16855 15395
13038 17344 14976
12345 17692 14738
12465 13978 18184
12352 17148 15565
12560 16296 16524
12506 18686 13086
16855 12536 15153
16612 13255 15419
16194 12456 16363
16008 15139 14823
15909 12765 16669
15615 14661 15724
15347 14891 15907
14947 14483 16605
15097 13936 16996
14638 16947 13872
14793 15853 15383
14403 12546 18038
14390 12441 18204
14265 13667 17616
14206 17684 13612
13710 18184 12754
12849 13829 18255
12905 15538 16953
12592 17861 14603
12882 14243 17961
12982 13456 18313
12239 17364 15282
12292 17999 14388
11766 16442 16474
16889 13078 14157
16448 13425 15503
16457 12969 15810
16328 14960 12771
16215 14175 15386
16051 15298 13914
15649 14601 15877
15470 14812 15763
15216 15803 15160
15064 13522 17290
15117 15623 15205
15026 15264 15901
14882 17132 13067
14699 14025 17156
14656 16189 15316
14502 14744 16767
14416 16404 14970
14567 16635 14766
14386 14541 16908
14380 14066 17262
14442 16095 15345
14303 15539 16190
14171 17914 12642
14276 17209 14146
14071 13345 17932
13761 13454 18021
13758 15207 16964
13655 14709 17473
13557 13783 17962
13314 16557 15754
13425 13648 18055
13308 18217 13394
13196 13991 17944
12920 15241 17273
12968 16799 15820
12701 17438 15202
11867 17465 15199
16425 12613 16030
15874 15190 15145
15399 12763 17200
15445 14721 16112
15246 12623 17528
14793 16018 15246
14437 14429 17112
14597 13810 17359
14490 14198 17151
14451 13694 17568
14480 11336 18357
14204 12745 18231
14139 14832 17122
13786 14125 17683
13554 14799 17271
13537 17097 15078
13566 13695 17968
13452 13472 18208
13607 12408 18607
13348 15730 16695
12966 15702 16721
12516 13270 18534
12487 17344 15231
12565 18167 14265
11720 17295 15410
17098 12209 14489
16492 12940 15701
16612 14517 13060
16317 14874 12998
16350 12524 16362
16194 13955 15642
16139 14555 15033
15932 15450 13817
15896 15544 13784
15879 14277 15796
15927 13219 16538
15656 15222 15168
15648 15075 15430
15086 14627 16264
14844 17352 12956
14673 15963 15507
14707 17418 13006
14828 14923 16291
14600 12381 18100
14518 17186 13667
14507 16911 14092
14315 12820 18008
13890 17984 13026
13649 18435 12927
12941 17889 14254
13069 12329 18853
13607 13226 18338
12975 16288 16154
12714 15503 17014
13217 12243 18913
12756 15429 17160
12360 18547 13733
12479 18992 12748
12431 17055 15643
16387 14334 14656
16425 14480 13635
16414 14648 14564
16112 12322 16602
15811 15304 14761
15734 14227 15918
15715 12976 16649
15632 14382 15972
15614 12048 17312
15334 13945 16570
15312 15082 15645
15134 11674 17712
15049 12788 17466
14632 13698 17485
14520 13149 17698
13757 17740 13572
13929 12786 18372
13766 15110 17015
13815 17427 14211
13507 16367 16012
13283 17058 15271
13119 17631 14632
13234 13504 18231
13354 12791 18477
12462 17673 14697
12736 18269 13722
12351 16475 16325
11379 17417 15384
16758 13662 13947
16822 12428 15551
16579 12841 15713
16254 11768 16579
15960 13633 16244
15694 13480 16557
15157 15328 15515
15182 13562 17037
14948 15607 15513
14375 14944 16756
14165 17182 14286
14077 15096 16763
13786 16870 15129
13730 18046 13234
13757 13839 17792
13788 17733 13873
13608 17967 13673
13440 13886 17886
13190 16432 15945
13149 17110 15288
13044 16593 15916
12494 15553 17195
12877 14407 17898
12304 16876 15899
12392 17102 15548
16752 12531 15668
16543 14350 13073
16463 13954 15009
16107 14054 15630
15803 15519 14291
15343 15738 14920
15219 14606 16397
15019 14300 16593
14675 14783 16619
14538 12211 18127
13836 16674 15373
13295 12450 18806
13302 12791 18565
13324 17251 15164
12889 12992 18641
12969 17310 15016
13137 18193 13829
17131 12623 14195
16429 14415 14588
16156 14979 14217
15829 11369 17207
15521 15965 14150
15410 13769 16692
15303 15172 15693
14678 16445 14798
14638 15771 15790
14499 13204 17678
14167 17731 13517
13994 15143 16820
13219 16734 15792
13399 14053 17844
12949 13042 18607
13094 14356 17920
12903 17663 14583
12212 17336 15348
16872 13284 14264
16796 13618 14235
16639 13569 15327
15763 13798 16182
15649 12124 17137
15543 16138 13769
15329 11586 17688
15134 12264 17674
15166 15247 16027
14538 16904 14393
14364 17836 12477
14441 13554 17661
14214 16212 15563
13892 12870 18231
13784 16245 16093
13453 12180 18924
13498 17144 14983
13341 15462 17011
13189 17156 15166
13068 14967 17417
12484 15897 16821
12607 14201 18006
16938 12656 14723
16803 13372 13923
16435 13305 15902
16322 12128 16508
16160 14360 15485
15564 13997 16375
15196 13735 16900
14688 17175 13542
14424 15514 16146
14026 12168 18442
13774 16717 15266
12712 17524 14975
12358 17929 14607
16236 13808 15721
15651 13651 16431
15549 11536 17507
14909 13768 17160
14793 15525 15920
14368 12575 18147
14395 15701 16069
14373 16642 15008
14275 15017 16847
14128 15631 16281
14243 11647 18517
13997 14991 17013
14090 14029 17590
13682 12042 18749
12497 17019 15622
16804 11974 15682
16011 14490 15406
15643 11472 17374
14717 17077 13554
14767 13273 17416
14309 15402 16271
14237 13159 17937
13721 15452 16802
13239 11850 19007
13536 13299 18345
13247 15893 16568
12344 15185 17400
12351 18334 13887
11424 17089 15755
16698 12663 15850
16606 13155 15621
16100 12909 16493
16037 14007 15914
15696 14210 15985
15145 16157 14689
15059 14244 16621
14859 13039 17555
14357 13792 17463
14410 16516 15138
14005 13749 17806
13765 12260 18638
13325 14435 17703
13385 17460 14741
13409 16151 16240
12686 14688 17590
10922 17509 15116
16911 11120 15323
16624 13840 14650
16529 14261 13968
16379 13859 15455
16122 12134 16676
15823 12646 17005
15574 15440 14866
15590 12907 17024
15511 11643 17595
15296 12683 17290
14935 12613 17700
14499 13462 17588
14686 11839 18259
14368 15877 15916
14154 15648 16141
13764 17095 14874
13902 15295 16740
14033 16229 15791
13195 15894 16596
13286 15773 16588
12927 16689 15861
13037 18708 12738
16743 13933 13270
16339 13741 15678
16197 14443 14801
16202 14441 15417
15732 13243 16558
14883 13401 17365
14697 11766 18104
14267 17433 13439
14405 16660 14939
13514 18340 12929
13755 15943 16246
13406 16457 15810
12885 17606 14710
12899 11296 19247
14970 13620 17185
14857 16855 13969
14675 12903 17828
13476 12992 18397
13412 18089 13776
13015 15483 16956
12497 17619 14920
16727 13098 15209
16192 11315 16785
15455 13880 16490
15241 16663 13849
14460 17578 13148
14102 15508 16385
13747 11806 18769
13879 17898 13253
13718 18348 12537
13138 18618 12940
12007 17828 14752
16432 14717 12788
15949 12444 16721
15886 14037 15950
14436 17147 13938
14099 12422 18352
14046 13015 18113
13886 16679 15169
13054 12051 18956
12350 14733 17720
11989 16287 16597
17086 12913 14219
15640 13993 16251
15167 12678 17380
14300 17640 13356
13397 11580 19125
12943 18659 13070
12578 15082 17320
17000 12441 14731
16259 13226 15929
15017 16827 13833
14555 16924 13961
14559 15531 15985
13897 17702 13839
13875 14659 17292
12491 17951 14401
12207 18084 14351
12418 15933 16842
14950 15974 15051
14466 12790 17972
14528 16403 15207
13996 14127 17485
13414 14865 17371
13210 17319 14865
12898 15792 16842
13230 11938 19001
12576 15663 16960
15351 11250 17596
14868 16941 13742
14823 12673 17751
13110 18499 13491
12455 12465 18878
15694 15390 14873
15703 14551 15744
15329 14858 15919
15131 12694 17462
14725 13577 17303
14090 12530 18311
12891 16855 15650
12822 15393 17139
12254 18219 14277
16937 13116 13773
14786 13926 17168
14769 12805 17933
14325 14242 17285
13854 17380 14306
16770 12985 15537
15537 15901 14434
14513 14525 16947
14474 13968 17367
13293 17524 14451
12455 15600 17100
12163 17004 15777
15866 13731 16139
15396 15687 14686
15011 15493 15897
14784 12765 17770
14315 17365 13756
12264 14869 17625
11980 18134 14414
12259 18637 13531
16457 11814 16311
14818 16713 14072
14832 17035 13709
14767 14750 16419
14831 15693 15625
14166 15411 16392
14169 13624 17627
13077 17297 15071
12871 18364 13720
12864 16827 15716
12008 16070 16723
16311 14733 14347
14640 17155 13546
14096 17409 13874
13595 12739 18484
13358 17766 14403
13407 16205 16340
13105 14485 17884
11517 18006 14564
12104 15938 16792
16574 13797 15042
15987 15384 14189
15380 13871 16627
15096 11847 17707
14530 17445 13424
14305 15737 16123
14178 11883 18497
12726 12800 18684
12285 16254 16569
17183 12066 14209
15168 14297 16581
15074 14395 16476
13655 15586 16625
13727 12958 18332
13345 16248 16233
13010 17420 14975
13020 12408 18851
12739 17247 15169
12840 17128 15515
12108 15096 17540
16036 14225 15524
15741 15779 14227
15069 11752 17869
14736 14271 17018
14581 14517 16888
14491 17492 13329
13486 12594 18630
13008 13823 18108
12861 16125 16584
12103 14064 18109
12346 17774 14664
16326 14018 15419
15942 13179 16375
15853 15385 14693
15739 15877 13329
15322 16130 14271
15182 16882 13346
14729 13256 17483
14407 16134 15398
13918 14003 17688
13815 11432 18867
13715 14934 17062
12964 11808 19052
12387 18241 14071
16897 13006 13973
15944 12841 16494
14644 15462 16028
14100 11480 18712
13845 14600 17328
11884 15591 17173
16390 12642 16139
14728 14859 16482
14109 16131 15648
14248 15193 16694
13965 12274 18437
13742 15147 16971
13449 11023 19139
12917 17796 14418
16469 14463 14465
16371 14761 14236
15727 13894 16263
15322 15933 14468
15143 15322 15676
14895 13098 17457
14849 11802 18050
14037 17970 13113
13479 16522 15653
13656 16780 15378
13153 15991 16463
12955 11896 19046
16442 13734 15265
14998 15835 15183
13973 18196 12739
13706 17008 15048
13628 17795 14081
13315 13014 18455
13336 14187 17830
12805 17800 14443
12844 12521 18806
12626 18376 13842
12520 18048 14386
15305 16095 14481
13805 13567 17966
13464 18217 13125
13248 17813 14133
15164 13108 17168
15251 14873 16068
14187 14271 17309
14095 18020 12824
13447 14430 17614
17025 11874 15190
16545 13667 15222
15977 15631 13536
15586 16025 14097
15499 15602 14903
14679 14860 16399
14498 14281 17137
13925 12383 18405
13528 16716 15565
13605 16455 15815
16920 11999 15214
14629 17069 13773
14466 11889 18440
14142 13712 17755
13451 18042 13871
13270 18437 13283
12636 13558 18359
12115 18900 12767
12307 17578 15031
14434 16939 14264
14348 14516 17084
13166 14647 17569
13113 12872 18523
12710 17558 14760
12643 13899 18118
12361 13516 18404
12833 15680 16927
11723 17961 14702
15037 16655 14241
14350 17645 13152
14102 14846 16929
12944 15491 17048
15181 15346 15494
14384 12884 17976
13806 18356 12318
12383 15138 17495
16802 13689 13004
15881 15778 13019
15763 15634 13926
14145 13299 17854
14071 17589 13614
14115 16483 15348
13428 17613 14405
16725 13449 14463
16201 11158 16682
15701 15731 14350
15034 15407 15659
14961 14598 16463
14541 14295 17038
14098 13714 17636
13902 13943 17695
13850 16773 15136
13561 16003 16170
13257 17885 14057
11390 17503 15157
16789 13277 14476
15545 14821 15626
14480 17406 13556
14423 14787 16770
14017 13532 17910
13555 16566 15603
15660 15940 13572
15637 13110 16762
15391 16100 14455
15063 16047 14924
14434 16851 14585
14213 16123 15786
13832 15853 16344
15845 12310 16913
15673 11301 17208
15599 13968 16266
15457 14931 15606
14636 11404 18356
13956 13305 17994
13875 16627 15468
12824 12480 18836
14734 14739 16501
14484 17079 14255
11850 17946 14508
16005 14606 15355
15524 16395 12893
14128 11448 18594
14156 13993 17569
13952 15744 16236
13666 14007 17839
13102 15221 17166
13227 16996 15408
13163 13577 18238
16285 15073 12443
15319 14366 16245
15332 15591 15171
14867 15743 15349
14538 13112 17659
13987 17931 13245
13217 14475 17561
12991 17934 14166
15012 14041 16883
14871 15510 15771
14285 14425 17114
14266 15784 16028
14259 16584 15034
13816 16152 15823
14286 16095 15614
13747 18081 13024
13133 17586 14659
16383 14775 12672
15529 12422 17271
14921 11866 17980
13944 11412 18713
13562 16878 15273
13453 18131 13352
12831 13409 18332
12870 16444 16155
12328 17199 15541
16956 12767 14713
15538 12600 17076
15559 16331 13759
15145 15442 15575
14711 16138 15326
13962 16745 15082
13641 10688 18965
13484 14429 17556
12648 12811 18678
16130 15319 12313
14971 16478 14318
14680 15366 15947
14083 13014 18055
13550 18246 12962
13144 17672 14432
15931 11990 16852
14772 16347 14903
14527 15370 16248
14275 16421 15140
14133 18134 12531
13435 15955 16456
16628 14090 13480
15805 13879 16114
15513 13359 16632
14233 15370 16322
16657 14227 13036
15366 14229 16285
14822 16575 14573
12943 18988 11883
17043 12328 15059
16639 12070 16048
16210 13248 16113
15580 13290 16846
15148 14793 16158
14602 17041 13839
14338 17420 13467
14026 17884 13340
13332 17477 14546
12776 16542 16050
15746 13098 16613
15675 13171 16620
15460 13507 16607
13959 13939 17604
15355 16323 14151
14441 17264 13659
14187 13504 17787
13667 17748 14176
13205 14757 17462
12867 17757 14550
16383 11414 16419
15114 12301 17576
15030 15722 15193
13688 15038 17096
12372 15455 17286
15040 15916 15115
13075 15308 17176
12040 16740 16010
11448 17919 14747
11332 17646 15069
15754 14208 16171
13891 17789 13342
13766 17109 14723
14626 12941 17708
14440 14028 17214
14352 17519 13230
12251 17255 15371
11855 17390 15408
17227 12193 13964
15495 13395 16733
14791 16712 14118
14614 14931 16594
14054 16274 15771
12423 17441 15224
16209 15028 14032
13110 16557 15895
12766 17847 14348
12916 14578 17638
17023 12917 13731
16512 13253 15516
14372 16335 15208
13873 12186 18573
13475 17723 14219
15082 13202 17172
14469 12510 18017
14160 17828 12869
14209 16356 15364
16487 13915 14984
14359 14782 16941
13217 17468 14581
13087 11437 19190
12648 12593 18791
12904 17488 14888
17083 11325 14832
14578 15721 15824
12801 11616 19095
15339 15290 15619
14759 16105 15153
14508 13881 17332
16887 13429 13411
13485 15771 16593
13023 10794 19363
12435 17668 14857
16277 13575 15784
15673 15585 14421
15406 14267 16257
14406 14433 17057
13660 15667 16491
15458 13737 16514
15347 12040 17557
13583 12888 18418
13406 15617 16617
13118 15220 17088
11839 17860 14735
16372 12188 16270
16001 11171 16961
15428 15954 14291
15487 12827 17114
13753 12899 18327
12882 18450 13493
12590 11022 19290
12868 16287 16291
12421 14189 18064
14956 11942 17805
13867 14283 17519
13034 16763 15799
16417 12851 16033
16113 13745 15868
15307 11954 17629
13662 18248 12751
12258 17246 15460
16253 10601 16696
15772 13465 16408
15418 13912 16450
14621 16879 14096
14640 17344 13348
14495 15628 15978
14347 11946 18239
13258 16687 15887
13015 18257 13808
12635 14779 17649
12219 15511 17240
15571 11200 17415
14320 12922 17953
13660 18521 12700
12944 17490 14756
12396 17709 14718
16443 14803 12561
15496 15421 15087
13690 10767 18907
13659 15495 16695
12624 18195 13855
12577 16894 15672
12038 14798 17663
11442 17298 15432
11885 17892 14731
16368 12978 16231
14775 15062 16220
13798 13370 18162
15183 14488 16471
13522 17467 14625
12888 16136 16468
12464 18257 14063
16824 12704 14936
16195 15151 11822
16066 11472 16879
14923 16462 14406
14011 17976 12850
13276 11229 19224
16429 14570 12946
15859 15461 14468
14942 14182 16866
13900 15763 16223
13332 13184 18383
13389 15661 16602
13148 18279 13602
12380 16496 16252
11980 17249 15482
15923 13792 15994
15549 15830 14573
13812 11474 18769
13295 17923 13947
13318 17378 14783
13162 14869 17522
16481 10991 16382
15573 13666 16580
14751 14038 17042
14622 12597 17973
14043 11822 18553
12991 12122 18960
14901 14514 16503
14627 16861 14099
13992 15529 16362
13563 15810 16363
13747 16917 15034
12702 18650 13221
12654 11665 19117
12642 16406 16289
12609 14807 17590
12187 18645 13262
15381 12309 17331
15305 13346 16932
14833 14513 16737
14230 14730 16994
13630 12682 18406
13489 17822 13982
12832 17811 14327
12571 12045 18975
12143 15891 16887
14261 12101 18386
12370 16840 15878
16083 13417 16139
15447 15005 15526
14167 17055 14345
14015 13396 17944
12725 18105 14057
16823 13494 13456
16813 13477 13848
16606 11656 16342
15801 10598 17212
15704 16195 13165
15249 12625 17354
12741 11566 19129
17006 13283 13760
14977 14153 16757
14010 17386 14081
13367 16504 15715
13035 13080 18480
13070 14539 17661
12446 16717 16008
15536 15660 14755
14243 12395 18302
13730 13835 17852
12293 13028 18611
12757 14119 18073
15792 15789 11923
14320 13823 17485
13704 18105 13165
12557 17915 14380
16883 13179 14581
15510 16077 14281
14813 14540 16588
13701 17398 14264
13341 16053 16351
11727 18422 13864
11494 17577 15098
17151 12745 13728
15788 12700 16782
12969 13116 18501
11648 15502 17313
16788 13643 13246
16751 13861 13086
15073 10962 17908
13683 18156 12820
14951 14765 16283
14831 11348 18181
13768 18576 12207
13606 13700 17891
13402 18266 13062
13316 15172 17162
16242 14317 15177
15770 14415 15854
15263 13744 16763
15051 11298 18000
14533 16014 15453
14188 17949 12432
13256 13886 18039
11731 15647 17127
12444 14635 17825
16564 11957 16056
16440 12573 15867
15635 15417 14716
15168 15434 15371
13682 11294 18964
13306 16295 16138
12292 16000 16680
16131 11984 16684
14819 14913 16394
14469 17131 13981
13852 17172 14632
12050 14279 18040
16089 15358 12347
15766 15484 14681
13403 16902 15300
12968 16020 16470
11271 16053 16900
15460 15849 14611
14025 13517 17785
13712 14529 17389
12957 16819 15629
12797 12166 18928
12811 13876 18138
16798 13748 13171
15997 11371 16960
15834 14181 15961
14872 15015 16233
13957 13225 17962
13561 17420 14720
13745 13951 17798
12904 13664 18270
15246 13390 17050
15062 13990 16773
14804 15959 15239
14286 17872 12797
15961 15249 14409
14565 16257 15043
14308 12159 18322
13844 13217 18037
13660 18180 13012
16598 12303 15985
15223 15985 14716
14782 16807 14039
14723 16191 15177
13796 17821 13493
13932 16015 16016
12990 17815 14269
16148 15160 12499
15275 15353 15323
14768 16708 14276
14279 16740 14903
13841 14373 17355
13683 16494 15585
13350 12265 18707
13313 15857 16547
15884 12855 16582
15534 14672 15811
14189 14407 17275
14166 13232 17944
14070 15896 16049
13353 15013 17346
11043 17507 15116
15780 13011 16578
15188 15452 15311
15145 11234 17867
14717 16398 14893
14485 17073 13953
14517 13658 17547
14270 14248 17332
13620 14763 17250
13647 17886 13696
12925 13327 18381
15273 16213 14386
14992 14344 16647
14164 11375 18637
13888 17776 13352
13795 18270 12545
13518 16475 15748
15716 10709 17337
13623 11695 18840
13053 12822 18557
12513 17707 14627
16645 14125 13270
15387 15275 15203
14812 13474 17372
13749 11468 18888
13436 17187 14876
16683 13424 15191
16332 14538 14799
15083 16400 14198
14878 16082 14979
14338 12034 18233
14275 17786 13024
11854 16159 16696
16350 14905 11952
15579 14124 16340
14617 15966 15338
13042 17951 14146
12281 11943 19010
12603 17241 15496
15217 14918 15970
14917 10907 18014
14735 14483 16748
14434 12539 18126
14300 17417 13482
13958 11933 18678
14093 14087 17519
13679 15549 16669
12327 15783 16915
14853 11012 18089
14083 16457 15461
13595 13640 18016
12826 15339 17168
15654 15356 15033
15223 15427 15426
14390 13342 17736
14095 17797 12950
11483 17491 15325
16458 13027 15736
15032 15541 15524
14741 15844 15446
14649 15877 15646
14314 17049 14388
14023 12356 18387
13568 12425 18576
12927 16089 16563
12971 17467 14880
12250 17450 15055
15506 14930 15689
15373 14111 16473
15196 16291 14378
14821 13897 17059
14105 13796 17614
14034 13429 17791
14049 17339 14176
13032 17676 14457
16755 12101 15880
15456 16416 13542
15192 13797 16735
13827 12517 18468
13962 10173 18845
12063 17769 14774
15106 12784 17375
14871 17046 13294
14250 12736 18061
14153 16073 15820
12268 18293 13928
16046 14185 15719
15025 15659 15336
14855 14621 16520
14522 14055 17153
14272 15323 16417
13716 15990 16151
13483 11834 18877
12896 17692 14483
12772 13886 18097
17003 12488 14232
16188 14533 14849
14303 13123 17916
14033 13359 17905
13908 12157 18464
12153 18309 14075
15280 14815 15974
11978 17550 15048
16862 11425 15324
14828 13779 17247
14510 17583 12944
14326 12613 18191
12073 17792 14731
16985 13478 13308
16552 14008 14981
16055 13494 15983
16084 14759 15176
15343 15206 15441
14678 16995 13788
13877 11986 18574
13816 17600 14195
13726 10694 18950
13617 11530 18944
13570 16151 16122
13252 14111 17847
13019 13700 18135
12114 17456 15130
12164 18395 13848
15465 13361 16780
12953 16964 15447
12067 17695 14760
15606 13850 16454
15257 14966 15847
14541 16511 14848
13840 16681 15245
13152 13448 18274
15649 15854 13799
15676 13026 16688
15298 15076 15806
14682 13436 17400
14480 17217 13754
14456 13321 17685
16448 14607 12181
15561 15174 15418
14897 13100 17413
14413 11910 18218
14254 17291 13841
13655 16889 15121
12395 12158 18930
12035 18164 14310
16871 13856 12991
16340 14888 12344
16087 15204 13947
14772 15720 15468
14544 17180 13930
12982 14542 17617
12526 17297 15326
14690 17383 13216
14020 17608 13803
13821 15104 16968
13502 17151 14855
16844 13542 13083
16712 14042 12937
15791 15755 13489
15003 14034 16891
14557 17139 13762
13957 12634 18251
13753 18157 12799
13434 17241 14976
13480 18721 12428
12365 13223 18553
15846 13863 16090
15873 14072 15898
15853 15657 13456
14426 15460 16046
14035 13361 17861
11759 15917 17013
17031 13005 13469
15150 16013 14888
15011 16183 14628
14510 16047 15386
14285 15976 15717
13722 15529 16540
13515 12400 18625
13283 12864 18484
16286 11047 16557
15185 16205 14605
14910 16999 13389
14917 14903 16329
14728 16673 14468
13994 16276 15696
13509 17230 14756
13372 13795 17893
12854 15109 17312
12119 16939 15795
16525 13694 15073
14615 16826 14401
14341 13732 17470
13893 16062 15921
13527 12288 18619
13423 18175 13549
13141 18452 12828
15530 14402 16218
13759 14388 17415
13322 13850 18018
13271 17268 14969
13223 15916 16512
13050 14011 18035
15382 14289 16278
15084 12636 17526
14348 16222 15329
13780 16351 15713
12352 18295 13848
16886 12530 15164
16784 12989 15128
15079 13482 17127
14390 17177 14150
14118 12084 18414
12129 17733 14753
12021 19180 11912
16930 12845 14220
16207 13522 15830
15936 10659 17156
15220 13720 16891
14281 12674 18135
13981 17655 13708
13913 13615 17814
13591 11738 18770
11586 16642 16202
15884 11932 16916
14318 12920 17997
14262 10618 18594
13939 16327 15686
12216 16796 15923
12516 15613 16994
16514 12329 15908
15378 12452 17307
15151 11886 17630
14838 16034 15102
14261 16322 15377
14060 17757 13082
13590 13229 18177
12451 12758 18729
11961 17367 15304
15666 13842 16321
15431 15257 15419
15322 12838 17286
14493 16197 15307
14001 14239 17439
13768 17886 13476
13503 18176 13264
12680 17986 14178
16585 14203 13152
16410 14827 12070
16122 13633 15955
16069 14615 15207
15253 12138 17452
12852 17910 14257
12799 18551 13503
12602 14365 17943
11705 18092 14459
16277 11204 16660
15943 14105 15809
15736 13754 16302
15268 16357 14187
14546 12563 18010
13752 16798 15217
13597 17187 14758
13422 16784 15478
12935 12295 18887
17133 12291 13859
16458 14570 12585
15630 14621 15561
15401 13501 16732
13657 15712 16468
12964 12809 18631
16892 13406 13797
16522 12855 15749
16009 12577 16600
14883 17305 13051
13848 14401 17341
13548 16298 15919
11937 16304 16510
15913 15579 13574
15164 16400 14153
15048 14319 16539
14821 12398 17780
14679 17297 13443
14664 17586 12756
14558 15412 16088
14230 11339 18616
12518 17867 14399
15234 14159 16414
14930 16715 13861
14752 14331 17011
14183 15639 16214
13907 14337 17334
13362 12777 18477
15729 12744 16900
15693 16109 13392
15669 15570 14613
15534 14860 15510
14990 15688 15445
14556 17527 12838
14213 15247 16471
13548 17183 14851
13526 11226 18965
12787 14598 17792
12713 17937 14188
12669 15449 17093
12550 16640 16150
12530 18221 14042
17043 13039 13264
16802 13356 13930
16347 14066 15046
15791 13722 16276
14060 17425 13949
12707 13414 18358
12613 16858 15672
12591 18430 13619
12445 15944 16726
12250 16308 16346
16613 14324 12715
16721 14043 12552
16188 11804 16600
15018 13732 17121
14967 14478 16482
14884 16577 14306
14487 14615 16783
14274 14296 17150
13647 12338 18569
13567 13717 17860
13483 15608 16650
12990 18505 13000
11983 17204 15505
16179 15244 11778
15521 10765 17512
15389 13913 16544
15002 17082 13074
14832 16345 14978
14479 14895 16640
14597 14577 16881
14210 17377 13878
14068 12130 18398
14056 17878 12927
13842 14245 17586
12546 13363 18403
12305 17328 15261
16660 13617 14954
15925 13687 16021
15810 15498 14365
15449 15542 15141
14416 16076 15507
13999 18278 12153
13899 12310 18458
13838 12482 18393
13326 13798 17906
13175 18195 13600
13075 10237 19377
13129 15151 17267
11808 17063 15629
17128 11879 14675
16402 11967 16376
16040 13727 15959
15856 14736 15276
15636 11712 17220
15390 15067 15496
15243 10477 17824
14846 12232 17838
14761 15971 15288
14112 16213 15584
14048 13810 17650
13432 13499 18059
13001 16349 16093
12503 11121 19278
12558 13351 18466
16737 11647 16011
15053 16277 14519
14532 13876 17294
14651 14421 16809
14347 14137 17393
14265 17377 13614
14270 12709 18210
13909 17476 13879
12398 18327 13844
12141 18492 13766
11832 16406 16453
17150 11652 14503
15225 16714 13596
14987 12056 17714
14464 12867 17855
14133 17800 12935
14033 12458 18373
14032 13750 17657
13853 16016 16043
13508 11995 18825
12911 15077 17342
16885 12598 14941
15954 11113 17025
15503 15386 15069
14184 12048 18393
12956 13383 18366
12893 12442 18808
12072 14736 17742
11842 16062 16827
16683 13905 13381
16122 13821 15654
15654 15151 15205
15502 14973 15500
14806 15873 15365
14652 15663 15681
14366 17281 13716
14058 17577 13716
13876 13367 18008
13107 17463 14763
12209 16634 16216
15252 16408 13934
14647 13465 17509
14479 17794 12632
14449 15838 15809
14254 17051 14313
13871 13531 17945
13098 17640 14436
16860 11970 15556
16464 13485 15496
16058 15277 13988
15391 11806 17389
14745 17198 13117
14404 11998 18212
14184 12772 18082
14171 13760 17593
13952 16537 15566
12268 13366 18425
12150 12527 18800
11763 14756 17708
16207 12199 16442
15785 14375 15691
15647 12462 17018
15502 15930 14543
15249 11091 17758
14722 17194 13275
14384 11325 18456
13711 13665 17861
13381 12978 18434
13119 12563 18761
12714 11715 19083
16540 12933 15732
14563 17088 13744
14314 16167 15363
14215 15542 16146
14112 12979 18092
14021 15860 16065
12216 13353 18474
16831 13493 13486
16508 14635 12070
14506 17488 12970
14423 13756 17442
14120 16475 15200
13906 17018 14796
13845 16743 15194
13805 12068 18687
12734 13238 18511
12069 15143 17445
10871 17585 15084
15949 15485 13607
15074 12324 17667
14258 16964 14540
14062 14091 17464
13881 13186 18015
13462 18128 13644
13014 13707 18159
12607 17609 14732
12140 13905 18238
11425 15260 17390
11589 17819 14781
16820 12766 15432
15916 11545 16920
14658 11068 18264
14606 16920 13994
14147 16405 15301
13914 14365 17320
13759 12569 18400
13468 18230 13041
13183 17625 14527
12915 17574 14661
12630 17863 14374
11916 17599 14985
11705 17207 15527
11111 18055 14461
16732 14164 12470
16239 14136 15361
15776 15874 12099
14826 16683 14009
14809 17160 13239
14771 16826 14132
14631 16774 14326
13777 16396 15690
13208 12889 18460
12209 15855 16866
15468 15275 15158
14880 15579 15592
14848 15543 15704
14692 13257 17541
14484 13244 17841
14261 17498 13459
14145 18025 12620
13986 15060 16834
13761 12553 18489
13263 13863 17974
13069 13675 18133
11127 18026 14537
15782 15764 13657
15125 14208 16600
14647 15178 16155
14204 17898 12685
13587 14349 17544
13493 18534 12252
12677 16598 16006
11852 14440 17911
11385 17136 15660
15305 15767 15018
15025 16957 13544
14494 14643 16769
14262 15429 16231
14045 17792 13154
15660 14306 16066
15347 12941 17089
15053 15088 16054
13948 17429 13974
13905 14324 17342
13587 13563 18058
13164 18109 13827
12603 17947 14376
12261 15040 17586
16744 13318 15196
16095 13848 15680
15063 16737 13655
14811 16300 14998
13582 11826 18764
13442 13397 18240
11915 17480 15088
16402 13466 15655
15129 16208 14436
14614 13244 17616
14372 14036 17273
14250 17412 13686
13977 11858 18574
13902 13042 18163
13500 15519 16722
13164 16858 15417
13183 14574 17584
12735 16192 16422
12959 15805 16736
11615 16597 16218
11462 14927 17648
16171 13296 15916
14691 15616 15776
14367 16086 15482
14291 17864 12649
14286 13800 17531
14034 11930 18512
13721 13613 17878
13076 17384 14954
12713 13105 18596
11973 15275 17376
11638 17602 15007
11526 16803 15950
16490 14096 14800
14906 14610 16390
14810 15888 15173
14691 17280 13094
14420 12018 18161
14325 17825 12892
14005 17244 14494
13722 15635 16488
13507 15831 16392
13137 17593 14531
12640 13265 18508
12541 14868 17613
12369 18203 14130
11477 16710 16283
16455 13307 15691
16281 13417 15885
15317 15941 14460
15409 14603 16186
14276 13725 17563
13975 17440 13858
13975 13088 18120
13856 15971 16066
13428 15614 16697
12642 15627 16939
16225 12653 16311
16150 13259 15973
16166 15141 13704
15602 12671 16986
15186 15790 15192
14899 17167 12857
14761 17147 13370
14120 17515 13629
13569 11877 18750
13513 14394 17593
12857 16486 15957
12074 16034 16702
12318 16061 16619
16852 12184 15235
16677 14349 12569
16129 15285 13879
16011 15387 13574
15138 11474 17713
14314 17739 13119
13947 14556 17251
12967 16475 16003
11984 18595 13576
11714 16245 16642
16622 13215 15614
16115 15168 13907
16140 12588 16545
16004 15325 13874
15841 14776 15439
15360 15785 14802
15353 11913 17477
15230 13330 17057
15001 15794 15301
14711 17108 13502
14545 17441 13065
14325 17135 14161
12815 16495 16145
11688 18015 14479
11868 18322 13898
10767 17511 15143
16810 13082 14928
16123 13687 15767
15640 14333 15917
15439 11783 17408
15222 16386 13956
14892 14469 16619
14536 11936 18156
14117 15675 16235
13899 15499 16488
13656 17914 13530
13289 14300 17745
12603 15088 17314
12563 13658 18336
11535 17480 15093
11390 18558 13578
16820 13407 13713
16497 14549 12297
15738 13045 16632
15622 15802 14401
15548 15516 14704
14588 16908 14004
14095 17269 13912
13799 16233 15891
13110 17157 15193
11951 17856 14710
15756 15546 14251
15894 11881 17012
15503 15280 15121
15348 15632 14939
14848 17113 13334
13962 13117 17982
13965 15715 16160
13786 13784 17840
13693 17830 13590
12537 15710 16865
12422 15186 17394
12046 18098 14393
12114 14418 18016
11609 15549 17218
11458 18204 14292
11005 17727 15005
16347 14818 12209
14756 11886 17975
14818 16936 13946
14171 12859 18061
14065 15592 16325
13805 12969 18219
13509 16345 15824
12948 13773 18142
12950 17118 15327
12581 12850 18673
11720 15964 16918
16542 11703 16186
15989 13515 16034
15768 15804 13288
15699 12829 16852
15615 14028 16259
15209 15286 15655
15036 17043 13317
14884 16890 13638
14798 17074 13466
14598 13840 17273
14532 16689 14543
14538 13796 17380
14373 17845 11900
13629 13680 17921
13460 12521 18683
13613 15274 16916
13109 12942 18460
13054 16047 16419
12877 13406 18319
12531 13942 18163
12311 14771 17694
11771 18056 14438
14529 14089 17088
14453 12464 18022
13857 13666 17826
13686 15506 16579
13277 12293 18879
12257 16906 15882
16140 13027 16270
15950 14638 15381
15824 15324 14743
15646 11528 17228
15411 13379 16878
15171 16796 13573
14655 13011 17679
14213 16369 15280
14090 13355 17814
13825 12533 18379
13508 17111 14859
13437 13009 18366
13325 18252 13184
12269 17332 15233
12245 13834 18226
12165 13533 18435
11667 14888 17639
17162 12421 13679
16779 13088 14917
15921 15238 14811
15362 12000 17394
14627 16725 14446
14503 13987 17313
14365 11979 18238
13162 13968 17990
12843 11457 19151
12734 17761 14454
12607 18408 13538
11382 16468 16600
16487 12032 16142
15788 12951 16692
15479 13764 16475
15327 14321 16304
15270 14085 16522
15087 14941 16133
14693 15586 15691
14293 17244 13936
14292 10659 18536
13820 18118 12804
12936 10893 19351
11809 15648 17121
11501 14880 17743
11628 17719 15019
15832 15579 13619
15912 12335 16881
15408 12623 17239
15108 13966 16743
15133 16628 13868
14248 17977 12321
14232 12711 18086
13349 15101 17086
13282 18328 13372
13016 13369 18278
11833 18750 13320
11488 16796 16056
11091 16253 16628
17194 11779 14258
16448 11926 16224
15935 15286 14649
15846 11522 17060
15525 14832 15582
15284 15962 14566
14668 17465 12911
14787 15334 16127
14570 15257 16159
14375 12916 17906
14263 13526 17732
14195 13038 17939
13270 18103 13687
12317 17819 14648
12037 16387 16359
11827 14037 18117
11698 15233 17421
17010 13200 13017
15763 15608 13951
15780 15532 14519
15758 15914 12564
15637 13494 16593
15358 15907 14575
14750 17061 13597
14640 15689 15821
14400 12826 17993
14417 17691 12820
14014 17393 13953
13896 16764 15053
13378 14912 17226
13179 18468 12816
12853 15341 17121
12562 17131 15537
12275 16598 16195
12081 15274 17386
16963 13049 13764
16185 15134 12214
15875 15411 13869
15713 12684 16907
15259 14124 16406
15267 13451 16912
15063 14705 16232
15012 12542 17604
14938 17120 12952
14949 12144 17822
14736 15451 15942
14430 12860 17946
14364 14133 17222
14333 15931 15693
14044 16504 15366
13898 17450 14122
13487 16606 15606
13407 13001 18373
12712 12053 18964
12553 17308 15210
12444 13136 18546
11552 13995 18162
17212 11309 14307
16507 12519 16026
15472 15695 14590
15469 14162 16242
15188 15956 14921
14962 15841 15206
14909 13961 16973
14497 16076 15462
14518 17747 12727
14208 14332 17171
13943 11202 18768
13825 14352 17394
13732 14492 17487
13597 10714 19104
13563 18266 12944
13365 13598 18089
13284 14799 17449
13172 17539 14754
12841 17634 14654
12373 12769 18723
16527 11711 16194
14528 12109 18141
14072 13330 17839
13886 15794 16237
13882 17501 13869
13073 10575 19258
12679 17867 14281
12437 12011 19009
16274 14987 12670
15541 14432 15965
15376 14952 15638
15135 13883 16875
15023 10527 18005
14156 12494 18290
14021 17472 13854
13859 17497 14027
13480 15901 16291
12855 16876 15644
12762 17676 14635
12779 12009 19001
12400 17722 14634
11923 15544 17268
11561 16541 16265
15495 14456 15995
14935 16987 13410
14583 13907 17178
14542 15352 16095
14351 15483 16203
14148 12778 18075
13998 18017 13018
13933 15291 16795
13877 11238 18789
13849 16654 15239
13674 13553 18009
13616 15952 16180
13531 10750 19125
13300 16411 15968
13124 14011 17889
13007 14548 17611
12823 16615 15920
11554 18247 14203
15789 15420 14528
15657 13234 16695
15449 14666 15826
15255 12533 17298
15148 11290 17721
15103 14743 16204
14403 12396 18205
14142 18143 11954
14106 15744 16056
13991 15742 16073
13885 16560 15272
13815 15442 16586
13749 13093 18177
13643 17791 13722
13570 16509 15592
13367 14876 17241
13232 17315 14874
13003 17825 14255
12951 17639 14472
12787 15377 17142
12461 15139 17489
16072 13978 15805
15892 12372 16783
15056 14110 16754
14841 15626 15497
14681 13378 17474
14519 17359 13651
13823 18391 12108
13409 17421 14716
13378 17468 14463
12899 17084 15397
12050 18559 13555
11734 18047 14475
11278 17871 14793
16746 13254 14915
16438 11050 16409
16244 13161 16078
15831 15303 14817
15828 11585 17135
15414 13878 16536
14837 17027 13561
14758 13991 17009
14755 17187 13138
14463 13274 17652
13927 17181 14495
13773 15451 16774
13618 17199 14722
13177 13430 18253
12951 16388 16062
12938 14259 17923
12810 18637 13276
12515 15845 16803
12174 15060 17519
12350 14724 17789
11642 18313 14036
16851 13615 13019
16805 13678 13036
16079 15419 13477
14854 16187 14909
14928 16318 14605
14385 11942 18336
14214 17577 13447
13963 16986 14761
13946 17463 13991
13959 13114 18101
13520 12507 18595
12871 17764 14422
12783 14505 17793
12549 15331 17249
12306 12595 18799
17279 11636 13978
17145 12627 13786
16724 13445 14967
16419 13530 15387
15924 15665 13347
15692 14590 15628
15467 13404 16740
15268 14269 16358
15223 15644 15028
15045 16914 13324
14943 11530 17888
14873 16804 13865
14739 14944 16294
14525 10481 18358
14346 16879 14436
14286 17182 14066
13914 14142 17545
13778 13397 18013
13547 17064 14954
13503 16728 15385
13477 15946 16268
13422 16546 15659
13115 11620 19076
12776 18122 14037
12887 14827 17567
12449 15881 16824
11841 17392 15252
11808 14651 17791
16895 12769 14395
16514 14310 13353
16459 13769 15055
16212 15186 11612
16133 13403 16004
15839 15558 13693
15773 15623 13928
15414 15596 14918
15295 16273 14185
14593 14798 16679
14362 13904 17417
14106 16329 15414
13896 10209 18866
13666 13106 18307
13639 14183 17686
13594 16680 15544
13385 18479 12745
13341 18201 13437
13219 16315 16071
13152 11949 18995
13087 12936 18469
12643 16858 15651
12630 18837 13004
16787 12352 15726
16105 14392 15511
15810 13675 16154
15809 14905 15335
15378 15181 15556
14842 15779 15398
14881 15110 16079
14556 16837 14107
14372 15942 15681
14337 17808 12543
14097 17530 13811
13745 12983 18307
13213 16836 15464
12619 17777 14601
12174 15839 16869
12149 15213 17363
11851 15177 17467
17236 12296 13344
16704 13710 13833
16037 15199 14151
15695 10978 17221
15561 14745 15590
15411 12527 17162
15293 16693 12947
14639 17042 13693
14389 16711 14686
14275 17096 14293
14109 17429 13856
14003 14468 17244
13690 16835 15344
13621 17968 13307
13576 13297 18201
13087 15238 17041
13035 16445 15964
12877 11907 19040
12689 16562 15983
12584 13911 18074
12036 18800 13006
16211 11823 16552
15882 15390 13943
15540 15369 14966
15478 13706 16549
15453 12974 17035
15429 12981 17031
15381 15715 14834
15232 14151 16432
15174 13930 16722
14259 16401 15276
14320 11430 18531
14200 17040 14407
14183 16239 15512
14071 18170 11731
12675 14771 17569
12491 16838 15878
12377 14735 17673
11874 15171 17408
16915 13550 12974
15968 15228 14483
15288 14105 16488
15017 16076 14693
14954 15893 15123
14398 16921 14267
14370 14709 16786
14219 14461 17135
14157 18008 12271
13935 16717 15148
13768 13795 17780
13725 15459 16674
13475 14909 17201
13168 15964 16495
12892 15294 17216
12806 17426 15080
12556 13367 18377
11761 18758 13051
16361 13864 15157
16080 15031 14401
15915 10928 17040
15741 10715 17331
15380 12454 17263
14919 15701 15406
15010 12880 17485
14576 13098 17686
14431 11943 18217
14164 17062 14435
14041 13052 18099
14025 12018 18506
13950 16602 15261
13775 15393 16695
13514 16522 15604
13428 18167 13401
13501 14611 17489
12673 16683 15892
12812 11395 19235
12592 17261 15305
12461 15781 16844
11513 15681 17149
16596 13682 14999
16283 14131 15091
16210 11769 16654
16046 13418 16197
16123 14982 14613
14621 17699 12428
14451 13809 17394
14051 16518 15183
14013 14520 17230
13998 15220 16600
13828 17583 13846
13566 15483 16701
12505 14508 17815
12180 15558 17145
11990 16136 16571
16371 10968 16643
15751 14947 15297
15565 15892 14182
15457 12237 17277
15403 10693 17610
15266 12093 17453
15258 15398 15317
15119 13161 17179
14977 12466 17779
14725 15011 16289
14717 15547 15666
14454 16244 15212
14336 16323 15284
13856 14352 17340
13541 17460 14472
13487 17948 13904
13134 17379 14761
13042 15171 17200
12534 13877 18150
11536 15675 17090
11238 15639 17194
16020 14493 15284
16011 14297 15593
15895 13861 15959
15305 13597 16842
15096 15515 15335
15029 13576 17067
14734 12859 17710
14715 16781 14201
14649 13487 17326
14610 12391 18023
14520 15005 16599
14441 12880 17885
14348 14073 17229
14279 13012 18016
14053 13356 17872
14010 15020 16766
13984 17263 14185
13984 9837 18753
13975 11583 18603
13989 16555 15356
13396 16002 16361
13356 17800 14188
13229 17621 14444
13210 12888 18473
13098 13065 18433
13106 13503 18260
13080 13136 18465
11885 17007 15799
11866 17476 15181
16372 14689 12899
15867 15389 14284
15369 11704 17465
14869 13546 17310
14610 15924 15551
13612 17106 14943
13467 15105 17016
13343 13592 18098
13317 13722 18120
13176 17026 15286
13103 18672 12717
12854 13862 18106
12583 12299 18873
12341 17780 14623
11961 17718 14864
11764 15197 17400
11673 14830 17627
16592 14276 13088
15903 11594 16998
15531 14706 15768
15183 11127 17779
14663 16631 14479
14652 16545 14706
14303 15211 16478
14030 15695 16168
13996 13113 18043
13848 17411 14254
13682 17744 13817
13348 16916 15293
13226 14697 17535
12826 15330 17237
12730 12507 18833
12646 15573 16968
12219 18273 14054
12013 18550 13592
11961 18354 13860
11862 13908 18260
16708 13454 14348
16216 15007 14106
16190 14014 15438
16122 11533 16693
16086 11060 16836
15891 13664 16067
15211 12677 17305
14844 17018 13360
14790 14626 16409
14516 14127 17060
14431 15215 16448
14487 14591 16893
14372 16751 14751
14312 15892 15715
14308 16405 15183
14227 16015 15677
14008 11714 18573
13960 12204 18463
13806 16190 15801
13516 16686 15583
13389 13091 18385
12897 17497 14799
12308 12257 18918
11874 13924 18202
11836 16583 16220
17057 13087 13102
16238 14950 13313
15862 15394 14116
15747 15828 12791
15258 14497 16334
15229 13765 16775
15183 15389 15454
14841 13280 17367
14685 15819 15456
14664 15159 16264
14503 14856 16615
14255 17268 13885
14110 11557 18547
13970 15196 16716
13480 16893 15333
13372 16259 16117
13345 14498 17520
12984 15069 17286
12635 16695 15873
12558 18913 12457
12446 17754 14630
11943 16485 16254
11847 17933 14568
16270 14922 14037
16229 12277 16421
15986 15443 12130
15929 15005 15046
15687 10538 17354
15699 11937 17187
15362 12956 17063
15268 13347 16990
14906 15702 15488
14864 12686 17707
14850 12987 17659
14640 15583 15873
14485 15935 15691
14272 16428 15233
14207 15461 16257
13985 17416 14086
13806 17760 13431
13793 16787 15045
13628 13153 18190
13519 13799 17879
13518 12845 18476
13066 16011 16396
12541 17996 14313
12448 18600 13347
17179 10895 14601
16650 13956 13483
16171 11584 16669
16162 12252 16453
15945 12749 16587
15486 13388 16741
15385 13498 16744
15147 16946 12480
15093 15560 15312
14819 12320 17795
14605 14123 17051
14560 14384 16973
14353 12768 18057
14106 18106 12597
13839 15389 16690
13792 10658 18929
13554 18193 13244
12842 16506 16029
12870 11783 19082
11213 16754 16101
10903 16811 15936
16840 13529 13246
16833 10998 15584
16784 13700 13333
16762 13900 12185
16259 14076 15216
15878 15511 13788
15388 15715 14623
15330 15043 15644
14883 12180 17843
14841 15026 16199
14840 13166 17518
14716 14776 16540
14111 17243 14257
14039 12916 18133
14021 17193 14390
13935 17377 14218
13648 12652 18438
13600 16585 15513
13462 12245 18677
13461 16737 15573
13341 11741 19029
12835 18457 13536
12689 15971 16643
11936 17266 15367
17217 12236 13580
16702 14142 12492
16656 14211 13043
15960 11414 16914
15847 14344 15758
15845 13927 15991
15864 12818 16680
15816 15574 14140
15666 11491 17326
15544 12057 17301
15520 12631 17044
15494 14847 15747
15391 14149 16317
15086 12747 17473
15050 14615 16340
14845 15893 15136
14725 13319 17393
14645 15395 15997
14405 14630 16843
14305 16135 15419
14294 17921 12215
14218 14347 17162
14004 15153 16720
13749 15459 16641
13695 16827 15196
13577 12285 18615
13493 12935 18389
13391 13965 17884
12790 14533 17779
12606 17196 15519
12032 17536 15076
11890 15130 17562
11800 18011 14454
11588 17479 15203
16836 13886 12342
16661 13823 13505
16367 14940 11742
16184 13987 15548
15569 15350 15048
15154 13756 16912
15093 16413 14114
14961 15627 15495
14863 13978 16991
14560 17129 13826
14529 13238 17631
14468 15786 15707
14356 10554 18461
14145 17335 13889
14115 12364 18369
14105 14286 17369
14053 15099 16702
13935 16126 15808
13926 18306 12325
13823 12531 18423
13778 14493 17368
13374 18393 12972
13366 12619 18578
13354 13721 18062
13234 15847 16691
13175 15235 17085
13066 11699 19074
13062 12489 18783
13017 16352 16041
12793 13229 18456
12663 14217 17968
12537 16498 16167
16438 13793 15061
16175 12998 16161
16014 15215 14598
15337 16636 13476
15070 14329 16498
14997 15533 15528
14499 12303 18146
14326 17722 12770
14271 17453 13389
14246 14285 17288
14148 15254 16465
13999 13078 18041
13951 13568 17931
13561 11691 18848
13038 13015 18467
12942 17189 15176
12759 16721 15844
12896 13333 18400
12416 14688 17768
12389 14235 18028
11525 17969 14499
16872 13663 12646
16840 13292 14253
16785 13383 14252
16650 13245 15278
16029 13445 15996
15870 12740 16724
15561 13670 16471
15425 13536 16716
15370 15030 15594
14225 17663 13220
14193 13962 17547
13921 12019 18478
13880 13201 18108
13584 14715 17292
13195 15115 17246
13090 16394 15974
13063 16056 16373
13037 17431 14859
12936 16408 16134
12468 16928 15681
11558 16586 16242
10958 18312 14038
16885 12847 14245
16177 14784 14669
15536 15469 14964
15426 16087 14305
15365 13589 16709
15364 15040 15785
15271 15618 15061
14702 15891 15351
14559 13857 17242
14351 14465 17083
14336 9725 18516
14248 16315 15503
14000 14975 16892
14042 14301 17416
13676 13526 17976
13385 18280 13073
13275 17491 14455
13157 16806 15541
13112 16940 15420
12859 12847 18651
12725 17771 14461
12380 18289 13903
12229 16968 15756
12130 14580 17831
11809 16487 16325
15584 15110 15265
15410 16138 14052
15244 15922 14609
15109 13516 17080
15068 15272 15699
15004 16241 14535
14969 10350 18028
14671 15471 15934
14565 13426 17567
14421 14690 16836
14369 15503 16169
14095 15217 16575
13933 14247 17498
13763 14249 17558
13597 16630 15490
13461 15943 16320
13351 16432 15827
13330 14468 17554
13322 17839 13945
13238 17082 15181
12920 15073 17291
12569 16565 16046
12240 15803 16848
12046 18250 14083
11283 16544 16287
11120 16208 16644
10878 17926 14843
17246 11222 14272
16638 12751 15541
16525 12049 16075
16253 14232 14905
15897 13232 16386
15744 15865 13075
15672 13081 16653
15074 15455 15536
14998 16328 14509
14731 17371 12117
14714 13792 17180
14672 15656 15659
14123 16319 15440
14045 17863 12948
13967 11756 18588
13871 12032 18666
13788 15599 16467
13765 14302 17428
13638 16498 15626
13614 11716 18799
13482 16077 16163
13554 17994 13572
13415 15065 17065
13339 16999 15293
13134 14030 17864
13096 14737 17561
12564 16509 16051
12314 15753 16923
12213 16032 16633
11995 16006 16873
16779 12994 14960
16624 12685 15670
16366 13142 15985
15688 11155 17234
15512 12930 16917
14945 16681 13858
14924 13830 17016
14873 13580 17224
14822 13894 17041
14632 16717 14298
14596 16460 14858
14527 13177 17684
14474 14334 17033
14496 12824 17925
14329 13490 17711
13984 12601 18273
13904 12300 18482
13887 15068 16947
13849 13636 17837
13794 10613 18889
13413 15958 16376
13118 15241 17019
13034 12931 18482
12878 17843 14323
12701 15522 16978
12819 14314 17965
12614 16237 16417
12487 17634 14680
11889 17905 14647
10845 16166 16689
17045 11996 14723
16432 13766 15171
16329 14802 12571
15824 15502 13956
15818 15670 13690
15778 13349 16459
15716 15618 14279
15357 16101 14162
15337 15355 15314
15189 10300 17847
15192 15137 15777
14832 14196 16878
14721 14368 16890
14613 17316 13414
14609 15998 15342
13695 13644 17900
13505 11623 18938
13308 18292 13249
13296 10817 19181
13271 15500 16791
12809 17246 15205
12715 17260 15142
12521 15564 17079
12116 14799 17657
12002 18464 13819
16575 13718 14727
16492 11635 16369
16103 9802 16872
15851 11033 17115
15777 15351 14703
15750 15709 14166
15438 15271 15236
15081 15282 15685
14905 14491 16493
14866 16115 14899
14668 16494 14602
14666 16745 14217
14506 16518 14794
14483 17555 13010
14449 12397 18086
14343 14527 17007
14296 14694 16973
14091 11982 18485
13993 10576 18728
13976 12540 18294
13887 17364 14349
13514 14757 17285
13176 18000 13916
12798 12995 18626
12582 15577 16973
12507 16881 15776
12424 17893 14586
12422 14649 17734
12166 17974 14392
12077 17106 15610
11815 16206 16601
16837 13569 13261
16653 12118 15886
16604 12761 15745
16573 11817 16095
16022 15143 14414
16026 11378 16893
15698 15303 15100
15539 13464 16604
15537 15000 15451
15090 15963 14922
15049 16638 13892
14950 14124 16769
14883 16971 13455
14649 14710 16672
14647 16380 15033
14517 12757 18015
14451 12310 18115
14354 13993 17315
14339 16239 15243
14334 16160 15341
14266 15968 15772
14144 10546 18692
13997 15020 16869
13951 14334 17298
13949 13149 18007
13845 16143 15896
13707 18367 12630
13468 15090 17016
13049 13885 18085
13025 16177 16366
12600 17557 14856
12315 16384 16337
12279 16775 15962
12095 16689 16020
11907 18222 14136
16581 14190 13315
16024 15490 11648
15657 12342 17030
15509 15632 14821
15324 12634 17217
15281 14927 15822
15255 13691 16782
15121 14776 16192
14974 12883 17427
14961 13062 17436
14916 17244 12534
14515 13522 17581
14456 15675 15883
14448 14707 16802
14193 17192 14255
14124 13258 17886
14072 17290 14162
13875 16076 15842
13866 18256 12359
13817 12347 18477
13808 15111 16950
13561 15412 16830
13516 10767 19000
13497 12243 18698
13446 15410 16847
13411 16212 16212
13355 15063 17099
13319 17884 13922
12948 14207 17940
12555 15683 16949
12534 12378 18871
12434 17527 14997
12142 13125 18603
16141 11832 16541
15658 15917 13675
15648 15437 14698
15642 12757 16914
15608 15361 15036
15411 16222 13988
15386 11694 17409
14586 14969 16578
14557 14237 17019
14486 16945 13945
14414 14037 17208
14410 15885 15714
14119 13320 17851
14041 11547 18582
13551 15735 16572
13313 16457 15845
13167 13355 18285
12877 13840 18117
12548 15218 17303
12038 18370 13852
11951 16971 15778
11778 15303 17339
15858 10670 17150
15690 14928 15509
15518 15503 14828
15383 14194 16258
15197 14224 16428
15186 16899 12575
15092 16470 14142
15029 12675 17535
14867 11281 18020
14591 12970 17817
14314 16159 15407
14311 17726 13129
14270 16931 14620
14188 15833 15937
14168 17022 14476
14063 18219 12269
13980 14106 17524
13962 13152 17961
13842 13225 18026
13635 17362 14577
13537 14369 17610
13476 13836 17858
13319 16925 15320
12960 18694 12860
12881 16459 16124
12673 14165 17985
12657 14669 17648
12645 17034 15523
12265 18305 14050
11867 13083 18648
10986 17311 15455
16685 14348 12599
15838 11082 17193
15798 14063 16035
15710 15591 14389
15683 14562 15700
15596 15975 13407
15503 13346 16678
15381 13464 16830
15295 13729 16754
15095 12079 17689
15091 12869 17398
15061 16863 13577
15032 14164 16711
14968 15606 15569
14662 14417 16814
14638 17136 13674
14038 14208 17417
13974 17330 14313
13892 17490 13890
13467 15843 16387
13243 12803 18521
13186 18809 12575
13009 17476 14766
12728 15924 16738
12659 11189 19277
12511 13431 18389
12453 14994 17516
12042 15321 17291
11908 16026 16806
11797 13396 18455
10510 17338 15431
17061 11196 15105
17005 13600 12841
16658 13861 14266
16169 14220 15524
16107 11689 16744
16021 10548 17031
15862 13923 16083
15862 12707 16733
15858 14099 15824
15020 12502 17575
14999 12130 17687
14723 13937 17132
14711 17375 12290
14455 15791 15749
14223 12412 18217
14194 14612 17068
13890 14482 17273
13899 16916 15038
13775 13859 17758
13579 13232 18188
13489 16389 15833
13455 18560 12480
13385 12755 18506
13381 13545 18215
13126 12904 18520
13108 15914 16529
12823 16166 16421
12606 16417 16169
12307 13756 18257
12084 15690 17076
11630 16877 15891
11202 16668 16328
16906 13113 13947
16480 14295 13536
15943 11194 16983
15588 13071 16778
15445 16330 13769
14912 16670 13870
14871 14530 16670
14842 13798 17111
14799 15931 15272
14699 13598 17300
14591 11930 18109
14467 13869 17387
14314 10061 18608
14261 15541 16139
14131 17926 12857
14010 17107 14617
13993 15401 16593
13883 18419 11997
13865 17541 13934
13773 14423 17394
13542 12714 18533
13415 17121 15048
13411 14462 17499
13379 15795 16463
13310 13178 18392
13126 16529 15938
12975 16961 15527
12648 17702 14583
12512 17718 14609
12085 18505 13778
11962 16746 16049
11725 17119 15574
11694 17683 14998
17081 13048 13077
16691 14056 12719
16505 14548 12327
16388 12367 16168
15712 13503 16456
15623 10643 17429
15563 12565 17068
15332 12057 17432
15172 16381 14160
14953 11346 17896
14884 14528 16514
14879 16328 14580
14873 12696 17586
14783 15103 16211
14563 14039 17129
14551 15899 15670
14432 16576 14937
14094 15262 16588
13959 15032 16850
13947 12908 18151
13886 10594 18796
13775 13874 17699
13694 13117 18169
13638 13168 18181
13629 12181 18642
12981 17142 15271
12964 17906 14232
12939 15723 16749
12934 11231 19232
12634 16355 16295
12607 17960 14292
12514 18564 13326
11930 16485 16325
11899 18714 13299
11789 17925 14681
11627 16505 16244
11577 17393 15430
16845 13497 13077
16755 13357 14295
16659 13693 14569
16648 13672 14707
16236 14970 13467
15742 13290 16557
15609 11419 17388
15391 13956 16504
15242 14695 16263
15030 15633 15218
14964 14409 16488
14947 13978 16906
14891 15205 16072
14851 16245 14836
14798 12174 17858
14690 16419 14661
14543 13317 17623
14369 14069 17183
14347 12638 18114
14232 13196 17923
14086 13112 17956
14074 13352 17826
13905 15353 16669
13802 13771 17714
13841 16136 16024
13649 17835 13629
13601 13495 18034
13538 12069 18799
13528 12364 18613
13526 17208 14776
13474 18111 13295
13472 15572 16665
13314 14306 17739
13164 13400 18262
13129 16347 16069
13078 14971 17391
13063 17635 14447
12914 14556 17648
12729 16597 15978
12659 18792 13020
11491 18468 13780
11450 17077 15619
17165 12749 13319
16987 12915 13812
16944 12458 14849
16818 13010 14744
16143 13660 15916
15961 12208 16683
15473 16493 13219
15336 15483 15295
15244 12861 17179
15225 14083 16628
15196 13351 17069
14915 16105 14884
14901 12634 17712
14767 16626 14563
14753 14008 16960
14698 15048 16342
14687 13819 17206
14640 11981 18085
14592 16581 14703
14355 14137 17207
14334 16107 15471
14260 17367 13616
14189 15364 16424
14105 12880 18112
14060 13420 17850
13990 14555 17223
13961 13823 17664
13791 12820 18246
13718 11826 18708
13685 17741 13662
13670 12316 18598
13638 15907 16286
13595 12141 18737
13492 12279 18630
13480 12699 18546
13145 11628 19073
12930 17391 14993
12898 15013 17492
12747 16180 16388
12738 12945 18660
12689 17864 14277
11961 17512 15084
11839 14376 18061
11655 16443 16370
11157 18429 13960
10852 17984 14582
17288 11739 13358
16848 12384 15234
16331 14903 12385
16265 14927 13869
16175 15083 13203
15982 15054 14861
15796 13071 16571
15773 15787 12356
15697 10926 17211
15573 10208 17526
15538 13085 16913
15356 16146 14175
15261 10931 17693
15237 13671 16816
15173 11296 17715
15101 15279 15689
15085 13154 17270
14942 12954 17459
14860 16116 14843
14743 13773 17262
14684 17414 13164
14574 17174 13552
14253 13468 17766
14030 12358 18384
14018 13895 17602
14003 16409 15481
13957 13154 17968
13817 15225 16813
13815 15423 16620
13739 14469 17422
13683 16364 15747
13681 16687 15392
13655 15905 16275
13390 16385 15922
13281 16937 15301
13241 16538 15903
13033 16439 15982
12384 18750 13065
12274 17961 14447
12236 14291 17982
11976 11697 19107
11750 16685 16053
11429 15783 17018
11216 18426 13825
17241 12197 13555
16904 12795 14242
16894 12458 14980
16875 11429 15239
16227 14148 15209
16219 13108 16152
16125 14514 15044
16032 13438 15999
15937 13067 16395
15907 13724 16060
15723 15597 14353
15642 12350 17038
15558 15837 14236
15492 13863 16387
15426 15372 15191
15183 12989 17192
14925 13003 17534
14783 14755 16414
14763 13267 17442
14541 16832 14262
14539 14217 17053
14581 13486 17560
14181 12328 18348
14118 16540 15088
14113 10717 18684
14084 17816 13043
14035 12244 18381
13693 11629 18792
13437 12193 18732
13391 13064 18352
13294 18311 13023
13273 15738 16594
13248 14492 17545
13234 18634 12489
13132 16754 15725
13118 15196 17116
13001 11187 19269
12934 13587 18171
12864 17089 15490
12859 13193 18435
12603 16462 16146
12481 14818 17647
12399 13979 18108
12168 18408 13764
12157 17671 14879
12034 15959 16968
10708 17314 15477
16595 13845 14669
16131 14074 15594
15872 12519 16807
15702 13901 16223
15546 15649 14757
15511 14833 15539
15485 14051 16422
15399 15676 14739
15336 14762 15943
15077 13207 17156
14927 12916 17563
14878 11018 18083
14867 11689 18003
14826 15225 16064
14635 16413 14953
14598 14990 16450
14352 16923 14343
14312 14249 17267
14218 13808 17590
13544 16338 15843
13375 18238 13128
13087 17159 15225
13083 17463 14855
12802 17787 14453
12750 17591 14721
12740 15475 17073
11905 16521 16218
17037 12921 13322
16650 11746 15999
16598 13977 13777
16442 12007 16221
16278 13889 15653
16209 14338 15301
16162 15055 13992
16152 14575 15015
16087 11440 16809
15960 10073 17041
15915 15360 14305
15786 9860 17332
15775 15783 13362
15729 15852 13913
15499 14439 16097
15347 12072 17406
15176 13843 16751
15017 14201 16634
14881 13126 17394
14755 15596 15638
14692 12905 17687
14337 13036 17881
14241 13882 17444
13946 13165 18087
13813 11770 18748
13857 15502 16553
13587 13706 17863
13327 16458 15837
13276 13585 18163
13170 14825 17397
12778 17488 14954
12772 17515 14867
12708 16370 16268
12589 17047 15535
12560 15517 17174
12493 12784 18707
12445 18477 13509
12263 13213 18587
11737 18707 13409
11737 17117 15566
11689 19013 12556
11624 16550 16221
16188 14481 15048
16151 13573 15842
15937 15518 13787
15810 15225 14980
15793 15788 11702
15713 12942 16829
15609 14691 15619
15508 13364 16616
15402 12821 17129
15227 15329 15494
15139 16995 13018
15054 14527 16427
14921 15984 14935
14888 15250 16049
14848 14696 16373
14742 13230 17499
14654 17085 13570
14545 16471 14889
14499 15523 16009
14050 13818 17617
13994 13451 17924
13980 10627 18714
13651 13123 18182
13613 16717 15431
13470 13909 17843
13381 17620 14448
13141 14058 17850
12808 17421 14900
12684 17289 15218
12586 18081 14148
12760 11006 19306
12370 17242 15435
12236 13310 18548
11140 17149 15630
16892 13282 13961
16691 13012 15341
16285 13786 15537
16213 11215 16616
16123 13347 16101
16101 11120 16822
15973 15424 13820
15807 15584 13917
15655 15416 14772
15655 13572 16576
15415 16308 13791
15374 10731 17689
15153 15376 15486
15119 11659 17738
14901 13018 17543
14768 17070 13544
14761 14934 16238
14733 14475 16766
14438 13758 17409
14378 16192 15338
14372 16246 15233
14178 15328 16439
14024 12032 18476
13447 11361 19020
13446 10744 19140
13396 14432 17533
13195 18438 12856
12953 16364 16149
12806 12541 18796
12737 17996 14146
12622 17987 14181
12285 15475 17219
12112 17842 14668
16815 11046 15708
16767 13195 14600
16660 13510 15012
16656 13205 15410
16428 10559 16420
16413 12123 16232
16271 14822 14007
16240 11247 16614
15981 15603 11320
15872 11001 17045
15824 11890 17001
15752 12954 16634
15542 13413 16603
15505 11747 17387
15478 15469 14988
15392 13122 17010
15048 14009 16756
15004 16462 14361
14986 14374 16542
14955 17197 12629
14905 13108 17380
14818 12678 17735
14753 13292 17399
14268 14416 17131
14249 15430 16315
14225 13699 17625
14118 12835 18113
14071 17876 12891
14040 11877 18521
14033 11720 18567
13985 12210 18457
13680 11680 18778
13551 14301 17586
13549 11204 18994
13548 16041 16142
13485 15363 16942
13436 14990 17178
13394 14996 17169
13344 12620 18550
13282 16469 15810
13206 16842 15525
13162 14701 17540
13019 16928 15426
12953 12749 18756
12602 12866 18664
12462 15770 16903
12323 16870 15861
12307 15995 16637
11957 18657 13228
16826 13483 13488
16333 11221 16459
16293 14765 13214
15853 15057 15230
15824 15559 13674
15641 14049 16198
15630 15425 14708
15627 13892 16360
15565 15474 14708
15204 16392 14022
15108 13612 16947
15041 17035 13169
15022 16289 14484
14959 17195 12746
14817 16616 14301
14666 12345 18079
14497 14539 16910
14215 15901 15797
14047 15219 16683
13915 13600 17816
13864 10930 18888
13857 14151 17663
13736 16636 15402
13580 15605 16625
13523 13328 18207
13479 15922 16355
13471 17116 15049
13352 16410 15940
13288 16648 15717
13261 15858 16575
13129 16799 15702
13042 13680 18165
12953 15264 17222
12418 17112 15544
12403 15660 17045
12287 15632 17083
12190 17442 15163
16843 12643 14836
16467 12887 15775
16345 11427 16409
16221 14956 13605
16071 12425 16628
15664 15386 14951
15544 15054 15432
15398 13773 16583
15369 13041 17024
15092 16230 14614
15076 13102 17374
15028 13967 16819
14981 12556 17616
14897 16069 14921
14603 14461 16932
14574 13729 17373
14268 17839 12801
14158 15951 15809
14140 15487 16230
14125 15368 16429
13997 16805 14999
13971 16023 15882
13758 17182 14848
13732 16400 15731
13570 16845 15264
13532 11885 18853
13360 14869 17268
13231 10305 19376
13228 13932 17969
13165 18314 13392
13129 14403 17747
12876 14593 17603
12629 13622 18315
12538 13255 18542
12470 17925 14582
12270 15221 17325
11808 18026 14438
10845 17512 15137
17211 11999 14245
17052 12431 14439
15813 15671 13805
15763 15115 15166
15703 13340 16596
15683 15574 14423
15594 10681 17508
15574 14408 15899
15077 16812 13473
14888 16262 14772
14815 15880 15168
14665 16858 14011
14560 11956 18120
14409 14491 16986
14378 13648 17611
14337 15404 16230
14300 11936 18351
14256 12188 18245
14191 13978 17458
14161 17921 12498
14114 13774 17629
14029 15474 16399
14020 17353 13957
13940 15603 16465
13851 15846 16126
13580 14721 17264
13531 15944 16206
13479 14822 17428
12929 15218 17251
12492 14947 17611
12468 16722 15901
12278 17300 15327
12143 17070 15589
12128 15618 17090
12002 16776 15974
11962 15592 17167
11903 18268 14121
11734 17162 15543
11704 14555 17897
16772 13666 13538
16615 13974 13938
16612 11600 16069
16526 13668 15276
16400 14354 14638
16183 11427 16698
15747 10421 17235
15192 12038 17568
15066 15308 15798
15035 15616 15212
15009 11946 17695
14807 14146 16912
14741 13637 17296
14700 15082 16213
14693 14502 16741
14668 17488 11962
14451 11906 18315
14173 17270 13906
14098 16600 15053
14097 16209 15653
14014 12675 18247
13941 15788 16190
13806 13283 18088
13757 14319 17429
13755 15513 16534
13693 12849 18361
13659 17309 14681
13402 14151 17809
13377 12885 18435
13307 16840 15406
13189 13225 18362
13162 15480 16890
13115 13849 18064
13023 16014 16423
12984 13373 18280
12949 16999 15430
12934 16272 16168
12903 17148 15310
12848 17278 15140
12701 12020 18995
12641 16248 16301
12587 15189 17294
12473 16410 16246
12373 17542 15010
12097 17018 15657
11627 16524 16240
16757 13957 12393
16674 14262 12826
16436 14260 14671
16177 12987 16154
15918 14672 15350
15871 15389 14041
15865 15345 14519
15719 15351 14727
15675 12796 16899
15607 14396 15944
15152 15838 14995
15082 13052 17339
15039 15612 15346
14810 11617 18065
14801 12285 17849
14785 14711 16418
14591 17026 13860
14506 15237 16333
14479 17120 13983
14300 17873 12072
14274 17484 13369
14190 13222 17865
14146 12922 18046
14083 16514 15231
13746 14925 17018
13665 15561 16510
13621 10819 18974
13578 17382 14576
13243 18409 13349
13204 14780 17473
12998 17390 14993
12687 17655 14678
12654 15176 17296
12607 14832 17592
12500 17491 14976
12488 15150 17373
12290 18125 14310
12068 18428 13798
11931 16988 15798
11628 18226 14166
11459 17120 15588
11429 14513 17942
11237 17404 15386
16666 11685 16000
16549 13374 15371
16258 15072 12846
16216 10729 16670
16042 10516 16961
15840 13658 16192
15753 13060 16606
15291 16358 13986
15211 16334 14255
15146 13352 17079
15137 14853 16148
15124 16024 14774
15075 15518 15379
14853 12182 17802
14817 13085 17532
14780 11906 17939
14725 17184 13339
14536 15278 16171
14506 12964 17832
14495 15989 15501
14443 15706 15835
14366 14062 17289
14172 14629 17039
14045 14236 17403
13938 11950 18593
13829 12989 18183
13714 14664 17294
13699 14772 17247
13549 15572 16629
13317 15803 16576
12978 15676 16844
12914 13183 18407
12749 13440 18336
12435 17068 15559
12098 17500 15055
11993 15400 17289
11152 19101 11959
