60 3
19348
687 870 864 334
548 757 369 212
712 512 299 453
680 698 829 189
599 791 168 258
577 446 692 709
511 296 489 543
744 874 145 763
821 311 988 623
604 386 61 678
510 380 629 197
571 645 735 122
750 635 310 52
748 816 629 768
825 565 391 486
500 950 806 646
668 706 353 30
619 759 755 368
511 351 501 975
566 582 604 720
507 981 552 215
679 681 956 582
777 848 596 468
493 882 795 35
598 643 366 133
805 434 666 228
492 758 300 907
806 290 445 929
504 357 181 152
521 165 874 255
598 395 577 948
554 26 102 532
764 215 318 753
594 735 80 406
756 214 510 297
575 439 269 693
703 327 199 889
814 814 546 570
800 916 809 248
728 120 65 399
675 798 261 729
814 231 528 336
538 720 14 685
752 465 388 61
593 580 71 179
824 610 893 10
619 384 326 239
636 99 663 987
775 187 659 377
743 483 504 78
519 303 324 757
608 465 826 365
710 318 454 621
492 956 805 29
565 323 951 278
627 190 542 269
544 199 483 46
535 811 310 953
704 792 431 900
603 644 856 427
2750
22638 16044 15201
22609 17226 14536
22427 17339 15367
22382 16837 15843
22081 17896 16051
22041 17381 16746
21756 18881 14522
21879 18127 16283
21583 19160 14946
21741 18393 16593
21465 18101 16873
21405 18502 16680
21372 19164 15461
21342 16808 17941
21279 17698 17541
21321 18362 17026
21223 18283 17162
20767 20119 14600
20727 18647 17406
20552 19942 16450
20562 18541 17641
20335 17868 18305
20263 19969 16262
20245 18523 18021
20318 17217 18543
20340 19617 16814
20201 17604 18519
20139 20276 15800
20149 20155 16421
19998 19533 17125
20019 18807 17922
20246 19378 17265
19837 20059 16867
19979 19325 17543
19721 18422 18380
19726 20361 16417
19687 18372 18482
19311 16732 19544
19316 17229 19201
19440 19105 18189
18967 17210 19473
19435 20499 16803
19296 19881 17598
18849 16197 19754
19398 20144 17276
18733 21313 14810
18567 16935 19582
18525 15389 20157
18899 17603 19416
18363 16485 19999
18807 19074 18520
18449 17095 19653
18798 19329 18252
18023 15513 20310
18251 19383 18378
17971 15236 20385
18182 17682 19636
18210 21143 15864
17484 17697 19639
17648 21634 13821
17646 16564 20219
17768 18872 18942
17450 17647 19741
16431 14454 20910
22098 17059 16665
21804 18802 14698
21925 17664 16365
21744 18859 15208
21547 18855 16239
21471 19149 15618
21381 17961 17219
21115 19099 16590
21251 15981 18087
21209 18461 16819
20871 18384 17597
20976 17854 17639
20942 17804 17741
20779 19208 16677
20559 17049 18513
20355 16468 18760
20276 15703 19073
20296 16928 18737
20192 19510 17076
20035 16948 18872
19937 17096 18863
20272 19935 16937
19984 16160 19226
19953 19776 17248
19905 18342 18303
20000 17403 18714
19882 20610 15560
19799 20891 15312
19810 19178 17854
19911 19112 17763
19465 16949 19255
19455 19224 17902
19426 15812 19689
19396 18147 18665
19484 21134 14661
19508 19585 17469
19461 20048 17098
19401 16628 19407
19079 17512 19173
19014 16683 19561
18820 16495 19844
18809 20135 17484
18545 20591 16668
18981 21251 15356
18268 16085 20131
18305 15760 20139
18327 19267 18412
18604 20231 17164
18312 16664 19892
18329 16435 20101
18562 18057 19204
18103 16917 19949
18187 16560 20014
18187 16217 20129
18065 19011 18544
17093 14959 20696
17549 17404 19921
17306 16941 20071
16863 16943 20189
22571 17682 14273
21778 17644 16810
21339 17601 17577
21261 18532 16726
21129 19513 15518
21026 18510 17010
20874 17591 17961
20613 16733 18647
20730 17532 18004
20618 17836 18027
20407 19265 17018
20460 18278 17963
20026 17522 18606
19878 17604 18676
19644 20996 14716
19853 20344 16708
19868 18783 18006
19545 19072 17929
19342 19981 17393
19344 18682 18365
19489 17914 18761
19406 16801 19336
19001 20984 15685
18979 18026 18874
19215 16062 19674
19188 21289 14960
18866 16043 19946
18835 19684 17779
18837 21030 16057
18194 15651 20173
18781 19525 18225
18275 21521 14014
17939 17219 19786
18376 21479 14833
18344 18463 18986
16654 14235 20863
16687 16308 20481
16350 15653 20710
22809 16668 14518
22407 17481 14972
22308 17066 16117
22054 18298 15200
22019 16294 16978
21795 18644 15424
21732 16896 17287
21554 17356 17519
21444 17071 17619
21148 18083 17253
20976 19470 15903
20994 18425 17266
20760 17266 18116
20605 17224 18339
20540 18252 17835
20494 17216 18393
19970 19046 17684
19859 15734 19403
19671 15882 19448
20066 19469 17508
19945 16810 19122
19601 17762 18828
19549 17232 19025
19483 18291 18630
19485 18444 18413
18846 18497 18729
18820 16838 19729
18942 15299 20023
18705 17633 19353
17889 18573 19066
17665 17402 19683
17360 15650 20500
18295 20747 16535
17955 18900 18708
22018 18254 15646
21734 18450 15884
21841 16754 17210
21629 16222 17434
21467 18998 16155
21462 17642 17246
21411 18910 16303
21262 18722 16530
21077 16702 18016
20915 19921 14725
20792 17619 17910
20503 16961 18661
20239 16452 18856
20057 20441 16148
19713 17396 18918
19811 17767 18664
19742 18965 18074
19353 18961 18224
18910 18963 18342
18887 16586 19640
19177 19645 17650
18964 18307 18797
18961 19372 18095
18279 20062 17501
18427 14976 20228
18176 19857 17769
17065 16601 20265
21685 18305 16741
21346 18324 16831
21140 19565 15079
21048 19851 14806
21130 19165 16311
21232 17572 17675
21073 16441 18319
20931 16566 18232
20571 19840 16324
20634 20176 14733
20569 19027 17455
20424 18914 17502
20523 17388 18363
20294 20570 15027
20111 17756 18492
20313 18736 17801
20223 20416 15454
19399 18569 18477
19580 15255 19671
19338 17518 19007
19379 16339 19601
19331 19175 18161
18749 20436 16912
18842 16784 19650
18513 18784 18747
18634 15131 20149
18877 19747 17697
17933 18158 19177
17669 15857 20314
18548 18400 19076
18809 19534 17917
18354 21364 15163
16169 15948 20666
22423 16311 15931
21727 19154 14146
21599 17113 17396
21020 17024 18097
20998 19898 15230
20861 18845 16824
20775 19493 16884
20460 17775 18220
20048 18497 18100
19762 20536 15785
19691 17107 19112
19288 15712 19824
19716 20244 16795
19158 15243 19908
18974 17529 19217
18982 18653 18690
18545 18641 18748
18630 21403 14794
17929 17779 19489
17339 15431 20505
17409 18418 19076
17635 15807 20416
18870 21189 15441
17992 18709 18934
17396 16286 20355
16926 15829 20542
16739 15154 20817
22296 18073 14201
22081 18719 13105
21787 18413 16010
21393 19413 14603
21010 17331 17919
20317 17471 18431
20013 16659 19066
19750 16647 19135
19699 19170 17908
19470 19793 17366
19356 19480 17791
19184 18814 18535
19011 14871 20164
18746 18023 19050
18730 17150 19560
18650 15815 19980
18368 16982 19656
18029 16564 20070
17890 15368 20383
16575 16787 20213
22631 17128 14750
21956 18570 14743
21626 16999 17268
21319 19196 16030
21268 17146 17634
21205 17337 17791
21142 18227 17391
21032 19558 15755
20930 17679 17813
20657 17652 18149
20715 16996 18325
20779 18670 17324
20529 20000 15808
20438 17989 18157
19923 18670 18118
19859 16077 19288
19735 19796 17189
19634 16631 19231
19499 16999 19153
18930 18257 18899
19195 20713 16156
18844 19429 18047
18897 18419 18804
18734 21244 15505
18172 15415 20261
18238 21152 15556
17768 16205 20188
17764 17159 19863
18250 21523 14452
22392 17206 15771
21823 17401 16687
21721 18003 16595
21200 16933 17854
20910 18823 16965
20695 19068 17023
20616 16727 18432
20411 17247 18388
20001 16898 18974
20089 17970 18429
19703 18025 18506
19708 18915 18176
19917 18544 18244
19444 20244 17071
19283 20671 16281
19148 18363 18696
19407 19889 17544
18724 15825 19974
18877 21410 14645
18772 19780 17957
17808 18066 19362
22719 16840 14746
22466 16566 15473
22311 18021 14952
21971 18636 14464
21701 17376 17074
21563 17889 16868
21475 16591 17832
21004 18777 16889
21018 16840 18227
20702 19984 15269
20649 16394 18797
20504 20148 15660
19784 16446 19181
19966 17353 18816
19803 20009 16969
19319 21084 15204
19481 20791 15793
19345 20846 15857
18980 21320 14661
18083 17925 19456
22445 16824 15740
22011 17647 16634
21913 18643 15236
21712 19206 13395
21622 16611 17387
21131 17896 17416
20235 18905 17563
20343 20594 14458
19990 17238 18766
19908 20213 16440
19504 17424 19041
19669 17975 18608
19412 17761 18875
19001 17866 19094
18334 16932 19758
18422 21434 14495
17884 20654 16577
17439 14996 20626
17478 16239 20255
16761 15422 20683
17375 18368 19178
21639 19248 14798
21131 19107 16242
20652 17886 17925
20550 17623 18247
20206 17583 18453
20339 17760 18237
20227 18126 18147
20005 16703 18920
20245 18020 18278
19519 19523 17634
19347 18191 18764
19342 17088 19384
18960 16327 19660
17875 14566 20515
17583 17454 19819
21667 17326 17176
19395 19625 17709
18724 18838 18554
18066 17965 19255
17685 16394 20176
17193 21658 13671
20927 18472 17449
21149 17249 17939
21086 18139 17539
20782 20185 14321
20661 17312 18191
20491 20396 14583
20451 18533 17695
19942 20671 15462
19858 20531 15808
19794 15394 19512
19365 19225 18059
18364 15877 20108
17617 17011 19978
18241 21582 14675
22523 16799 15387
20338 19041 17431
19884 17799 18609
16900 16194 20406
21767 16849 16910
21668 18975 15174
20048 18630 17876
19479 20443 16231
19321 18642 18469
18746 16061 19886
18850 19364 18149
18443 20833 16146
17893 16631 20011
18818 19880 17752
22286 17551 15441
20706 16072 18716
20828 19461 16315
20581 20208 15302
20737 18120 17811
19699 18133 18574
19327 19412 17929
18812 16946 19537
18185 17806 19377
22138 18438 14854
20976 17281 18021
19232 15967 19857
18919 18708 18610
18097 15523 20304
22368 17699 14871
22107 17924 15512
21609 18599 16120
21515 15881 17787
19821 17229 18951
19714 16503 19243
19733 19220 17806
19535 21116 13870
19332 21257 14949
18865 21039 15749
16547 15027 20896
22738 17115 14449
21942 18370 15612
21370 15548 17990
21263 19345 15595
20851 19847 15837
19927 18128 18366
19516 15672 19555
19435 16427 19453
16754 16531 20358
21645 15494 17547
20908 17068 18241
20574 20373 15088
19801 18827 17863
19486 15370 19720
19035 17423 19253
18850 17757 19218
18184 17016 19810
20966 18911 16817
19832 18310 18358
19853 20788 15588
18749 17836 19137
18893 19159 18315
22366 16059 16053
21954 16724 16867
21233 18159 17094
21039 19393 15969
19612 16342 19425
17691 14932 20566
21302 19415 14954
20448 20060 15808
20447 16077 19000
20397 20047 15854
20388 19253 17352
19016 18703 18588
17099 15437 20609
22904 16334 13977
20856 18975 16764
20416 19501 16848
19979 16860 19020
19815 18494 18276
18827 20780 16343
17176 16710 20231
17424 18098 19446
22192 17748 15702
21520 16348 17709
21165 16188 18142
20406 20581 14355
20384 16967 18600
19781 17609 18698
17471 15356 20442
21124 19272 16028
20838 20273 14173
20615 19868 15827
20340 20061 15694
19475 16871 19275
17711 18185 19271
22118 17686 16186
21178 19658 14661
21086 15423 18455
20301 18108 18130
20090 19247 17398
21806 18425 15676
21609 17497 17121
21030 17758 17621
20174 18849 17699
18559 16625 19838
18383 15031 20302
17409 17077 19939
16973 17228 20089
21675 18810 15388
21408 19479 14324
20815 18003 17679
20238 20482 15175
19536 19327 17661
22668 16866 15032
21749 17040 16937
20751 16657 18475
20749 18936 17212
20516 17863 18072
19823 20398 16212
19442 21131 15025
18877 20613 16637
18260 18881 18600
22507 16451 15585
21170 19008 16257
19947 16909 19009
18938 16038 19854
18872 18046 19024
18952 19627 17827
18599 17651 19306
21483 17795 16981
19959 15084 19357
20134 20894 14553
19986 17849 18577
19040 20528 16640
18185 18188 19134
18120 19588 18134
22213 16304 16479
20971 16178 18641
20823 16376 18516
20251 20686 13759
20125 16293 19156
19747 16100 19313
19843 19491 17348
18415 16800 19760
18300 17375 19599
17077 16953 20051
22283 16322 16132
21412 17481 17432
21194 17006 17816
20612 19541 16643
19649 20691 16148
18253 17102 19780
17196 15083 20583
21222 19558 14870
19677 17503 18878
19682 20194 16897
18004 17160 19769
17933 15894 20200
22623 16364 15508
20347 18786 17699
20146 20768 14902
19760 20411 16315
17973 14979 20444
16135 15898 20768
20911 19180 16563
20479 15839 18941
20223 18234 18215
19594 19193 17905
18774 20562 16712
18266 17325 19701
20692 19516 16379
19088 17010 19395
18724 16168 19859
18209 16506 19935
18148 19247 18510
16844 15876 20642
16111 15223 20806
22002 17969 15805
21078 19895 13682
19443 18809 18251
18621 15635 20063
18003 20308 17146
18427 18699 18952
20897 16516 18334
19200 17213 19297
19136 15297 19987
22495 17249 14690
21316 19615 14085
19680 16704 19197
18842 15368 19984
18870 18184 18920
20955 19253 16315
20753 20458 13945
20653 18404 17538
20413 16267 18836
19755 18221 18426
18606 14833 20195
18638 17390 19525
16894 16463 20402
21777 18992 14034
20757 16808 18406
20201 17101 18776
20041 20156 16307
16079 14508 20974
22206 16803 16439
20056 17491 18566
19500 16139 19523
19335 18633 18409
19279 17978 18984
22127 16038 16752
20914 19758 15576
16600 16534 20399
22110 18446 13481
21751 18694 15422
20879 16464 18368
20304 18991 17533
20276 19112 17377
18341 20938 16108
20683 19695 16216
20025 18933 17796
19360 20976 15721
19435 21296 14811
18307 20888 16210
21988 16774 16765
20318 19328 17008
19893 15876 19334
22272 16356 16401
21099 19636 15022
20310 15502 19119
19197 18006 18933
22019 18557 14640
21398 18667 16466
20970 19964 14398
17007 17278 19987
20829 16303 18554
19554 17636 18962
18956 17281 19335
21603 18943 16091
20031 15633 19314
19101 20282 16810
18299 18787 18600
22259 17436 15819
21727 18615 15670
21007 17374 17852
20493 19197 17180
16055 13833 21012
21334 19262 15751
20325 18497 17893
19609 15011 19624
18348 17934 19265
18201 20416 17024
17698 14398 20564
17989 18950 18606
16982 17531 19801
22175 17196 16103
21975 17754 16121
21833 18930 13920
21435 19151 15358
20743 20090 14967
20370 20454 15061
18775 20350 16959
17304 14212 20698
22276 17888 15356
21151 19404 15297
20277 20383 15190
20326 19956 16159
19350 18114 18846
18972 19968 17468
18269 20629 16804
18185 19602 18037
22533 17008 15257
21871 18755 14515
20468 20201 15427
16762 14782 20838
20217 16163 19050
20144 19115 17587
20047 18065 18300
18661 20803 16275
21358 19503 14806
20110 16398 19001
19106 18551 18615
19096 14742 20005
18768 17988 19128
17657 18977 18600
17110 18262 19253
19840 16219 19270
19307 20587 16451
22125 17521 16400
21207 19786 13883
21149 18898 16636
20818 19109 16692
22403 18136 14071
22282 18294 14576
22128 17434 15980
21193 19724 14382
19375 17604 18971
18877 16516 19648
18414 20796 16424
18633 15739 20040
18280 14604 20484
21606 17540 17054
20185 15076 19296
20146 16836 18850
22752 16369 14591
21982 17741 16250
21671 19066 14294
21430 19272 14716
20403 18081 18085
19305 19626 17866
18310 19915 17598
21942 18909 14088
20420 14964 19026
20268 19394 17110
19890 20770 14594
19273 20537 16553
18985 18850 18491
16920 17822 19527
20145 18625 17854
20045 18926 17814
19628 18224 18563
16997 14647 20766
19945 20502 15861
19433 19438 17839
21886 16511 17087
19374 17858 18859
19431 17392 19096
18320 21314 15265
17572 16554 20225
22284 17559 15217
21464 19322 14614
19295 15178 19822
19332 20813 16069
19288 16055 19709
16191 16216 20532
20305 16202 18913
18221 16610 19912
17816 18074 19226
17037 15938 20508
21136 19690 14851
18646 17700 19269
18318 17502 19473
18249 21592 13757
22359 18060 14098
20166 15561 19163
18522 18072 19110
19707 20983 14613
19047 20363 16854
18299 14321 20337
22647 17214 14076
21168 19511 14901
20047 17073 18800
19270 18233 18716
22431 17686 14768
17242 14712 20764
22311 18422 13798
21851 18732 15276
19887 20887 14702
17657 16096 20222
20885 19891 15355
19478 20541 16337
16727 15393 20725
20158 19460 17178
19587 14721 19669
19072 18501 18717
22347 17546 15114
20345 17679 18278
19542 15115 19687
18629 21472 14099
20249 17912 18210
19834 14658 19534
19154 17552 19161
17745 18235 19169
18926 16394 19607
17897 15226 20391
20189 19958 16432
22596 16829 15147
20627 19607 16364
19798 20470 15906
19801 19433 17586
18251 20249 17318
15590 16293 20514
22527 17078 15106
21017 17817 17733
18793 20730 16445
18054 18005 19262
22764 16166 14994
21796 17892 16692
20891 18811 17299
20591 15567 18870
20023 17100 18794
19398 20941 15284
18839 17899 19052
22879 16917 13935
19298 20910 15726
17199 19052 18604
22291 17394 15431
19722 20586 15872
18963 20223 17200
18717 14942 20161
22452 16756 15409
21712 15959 17355
20749 19946 15419
19254 15913 19778
17666 18981 18574
20494 18644 17582
19740 17858 18653
19798 18550 18183
19568 18636 18233
21257 18700 16555
17651 17061 19876
17577 17051 19882
17144 16971 20014
21583 16094 17567
21228 16483 18096
19705 15681 19494
22267 18346 13825
19455 18570 18343
19424 20971 15222
19913 19943 16901
19784 17532 18780
19429 19675 17607
17609 20480 16960
16349 13762 21015
22269 18053 15142
19837 19808 17015
19111 20984 15520
17279 15803 20438
20872 17407 18091
20606 18278 17672
20419 20478 14492
19421 20730 15891
20828 19905 15195
17880 21387 14884
17581 17759 19618
17509 17444 19825
21347 17911 17321
20562 18038 17898
20018 20682 14946
19879 19893 17003
19352 19296 17952
21365 19338 15020
19933 19292 17724
19713 19507 17383
19494 15382 19600
19393 18443 18603
17897 18856 18713
22622 17797 14034
21811 18755 15324
21588 16561 17489
20148 15921 19177
18457 21150 15715
17647 21703 13126
21455 19141 15966
20983 19305 16117
19571 17521 18831
19484 14585 19801
18305 17722 19303
21131 18569 16889
20571 17174 18441
20528 18491 17743
19538 21049 14442
19353 17315 19165
22834 16085 14560
22552 17548 14617
20486 20374 14608
18283 15524 20227
18176 21093 15966
16823 17760 19548
22808 15858 14739
20930 19987 14446
20884 20073 14233
20767 20106 14814
19992 17472 18708
18896 20670 16553
21441 18441 16483
20986 18707 16999
20771 15382 18788
21250 18865 16341
21128 19708 14890
19499 16748 19301
19151 16120 19795
18664 18320 18882
17264 14980 20630
22679 17475 13953
20948 18689 17037
20482 20465 14389
20355 19683 16535
20237 20647 14184
19646 17147 19038
17692 15485 20335
21913 16973 16822
20992 18460 17112
17365 15917 20409
22239 16861 16151
21886 18821 14236
20389 18604 17641
17890 15711 20268
21042 18795 16851
20855 19092 16711
20352 17016 18589
19777 17717 18766
18808 20712 16428
21387 19230 15182
21166 19470 15018
19142 16622 19573
18980 20810 16207
20152 20249 16095
20089 16632 19006
19793 17370 18790
17059 15631 20584
19693 20944 15038
19525 17967 18735
19725 19989 17063
18274 21590 13319
17549 15057 20479
17475 14617 20611
17314 15192 20551
22313 16441 16084
21486 19437 14284
21456 19400 14500
19979 20999 13957
18125 21370 15068
17794 15122 20477
17415 14321 20664
21149 20049 13255
21011 18612 17103
20170 17248 18679
19128 21160 15509
20413 20416 14569
20305 19675 16813
19053 19063 18271
17809 16988 19946
17591 17462 19683
19902 18127 18424
18876 16583 19696
16464 16678 20247
21435 19595 14238
19896 18001 18550
19212 18823 18227
18355 20504 16740
21646 19083 15012
21394 19489 14540
21149 15718 18409
19998 18264 18228
18040 18113 19156
17897 15258 20345
21287 19349 15233
21187 17984 17268
20394 19212 17042
19964 18214 18330
19482 15900 19541
18435 18707 18816
18790 20425 16816
15795 16800 20246
22321 16048 16253
20816 19638 16083
19161 17661 19028
18241 20019 17545
21949 18205 15826
20782 19588 16185
20308 17633 18421
18139 19502 18242
21630 15126 17601
19434 18027 18649
19381 18241 18662
17733 21596 14479
20606 17711 18099
19384 17442 18981
18968 16306 19624
18922 16758 19522
17595 16743 20112
21518 19562 12965
20782 17877 17688
20693 19858 15567
20450 19300 16894
18091 15917 20180
22226 18206 14724
21226 19697 13807
17139 21717 12930
16934 18946 18679
22374 18008 14849
21182 18747 16794
20754 20133 14519
19316 17456 19052
17803 15594 20301
17543 17001 19984
16489 16425 20433
22595 17335 14299
21645 18538 15923
20324 19482 16962
18465 17044 19635
17504 16689 20132
17149 18239 19352
22568 17141 14853
20215 20160 15834
20205 20243 16273
20260 16492 18807
19522 17752 18856
19169 16857 19457
19291 21075 15512
18630 18270 18984
18202 17586 19435
17016 17088 19960
21183 19577 14622
20510 19278 16965
20112 20310 15880
19916 16553 19169
19410 14575 19807
18621 15978 19948
17534 14255 20611
18278 20374 17072
21963 18469 14788
21165 19417 15227
19069 20884 15993
17864 18072 19207
22209 17246 16001
21785 19009 13744
20405 17510 18294
19683 21085 13996
19462 17748 18936
18141 14766 20329
18111 19843 17866
20618 18126 17750
20339 17257 18494
20132 18299 18186
20059 20316 15702
19875 20775 15346
19837 15788 19482
19211 17473 19096
18336 20336 17007
17667 17346 19717
17643 20530 16858
22992 16102 13695
20843 20003 14634
19747 16443 19198
20830 20106 14497
20843 19971 14916
20356 20346 15535
19826 17208 18885
19601 21036 14339
19874 20163 16542
18509 16344 19858
17957 15591 20260
17986 14675 20481
22096 18667 13856
20759 17915 17827
18709 14373 20195
17613 21653 13228
22651 17925 13256
21943 18446 15549
19476 19728 17468
18967 20621 16315
21452 15586 17833
21173 18560 16901
20835 19296 16529
19831 21011 14251
18298 17680 19398
21733 18916 14061
17787 16309 20167
22065 17956 15702
20298 19688 16684
19442 17252 19175
19084 18916 18368
18523 15989 19983
17698 16879 19980
17711 20743 16638
22878 15777 14305
20078 20260 15982
19469 20056 16962
19051 17958 19023
22173 18433 13378
22052 18591 13883
21919 17933 16361
21093 18810 16784
20868 18832 16953
20182 15971 19075
17799 20655 16586
22144 18305 14156
20062 20628 15248
19659 16020 19358
20403 18371 17808
17041 16835 20146
22586 16626 15226
21968 17919 15907
20350 17490 18320
20027 20495 15652
19775 20902 14517
17796 21213 15624
22693 16283 15074
22497 16082 15657
21656 19000 14573
19774 18727 18015
18241 17544 19425
22340 18149 14174
21438 18038 17104
21093 19843 14433
20827 19040 16909
20669 20318 14291
19536 20910 15509
18924 20679 16245
22490 17326 15264
20695 19725 15911
20248 20255 15816
19694 20608 15615
18284 17945 19314
17388 15545 20430
16677 16413 20453
22385 17371 15557
21547 19289 13341
21379 19507 14386
21075 18481 17037
20266 18563 17972
19674 19580 17310
18347 20275 17281
17732 14197 20610
20687 19494 16404
20627 17262 18293
19998 19656 16943
19623 19726 17385
18812 18447 18831
18419 15376 20207
16991 16591 20271
19547 20428 16470
17801 14556 20521
19566 21021 15069
19391 15246 19732
18823 21469 13904
17868 15475 20356
17765 15285 20445
17561 15797 20422
20537 20018 15561
20111 18808 17732
19330 15142 19819
18824 18324 18853
18128 18842 18737
16390 16668 20253
19490 20511 16175
16131 16617 20339
21882 18309 15710
20713 17237 18258
20120 20328 15633
22526 17173 15043
22322 16624 15930
21032 19875 14358
20772 19912 14939
20607 19701 16151
19204 18699 18421
22730 16208 14617
22316 16138 16285
20411 20215 15267
20209 20755 14799
20184 19936 16457
19519 18261 18535
19016 15336 19867
18877 16173 19763
17183 18470 19138
16578 16656 20273
15530 16694 20321
22767 17243 13671
21962 16616 17059
21038 19451 16038
20365 19274 17006
20332 19738 16582
19620 19014 17946
18724 15793 20020
18526 16909 19726
18157 19943 17661
17676 14130 20698
21933 18094 15926
21487 17546 16993
17291 15564 20530
17173 15790 20488
21033 16959 17940
20843 19527 16036
18803 16933 19546
18463 14464 20290
17404 16229 20261
15754 16733 20251
21700 15981 17351
21183 18912 16524
20166 17758 18334
20057 16899 18840
16407 13779 20948
22167 17790 15464
20486 20153 15390
20368 18826 17650
19643 17453 18980
19550 19325 17623
19268 17426 19077
19254 16256 19663
18532 14823 20201
18530 16170 19895
18554 13882 20304
18098 15405 20267
20291 19853 16470
19447 16552 19381
19016 15309 20017
18244 17492 19479
17624 16869 19986
22447 17828 13816
20092 15737 19227
20756 18089 17676
20639 17023 18385
20312 20156 15803
20210 20430 15373
20091 17313 18574
19751 19538 17358
19192 15042 19954
18628 19123 18393
17775 21615 13478
17381 15484 20487
17150 17744 19632
22078 18197 15136
21229 18648 16753
20672 19780 15958
20111 15066 19302
19631 17895 18625
19473 20464 16366
18662 15324 20071
22933 16462 13199
22034 18623 14361
20282 20056 15950
18426 18962 18548
18162 18892 18635
16797 17912 19515
22252 17501 15543
21424 18216 16761
21131 19367 15329
19503 16640 19233
19006 18971 18282
18022 15831 20210
17830 18022 19309
16489 17807 19541
20621 19714 16081
20382 20683 13738
20271 16152 19015
18496 17515 19438
18783 20307 16980
18517 18044 19236
17358 17781 19458
17122 15073 20589
17180 15971 20400
21431 18051 16975
20069 18670 17827
19894 15158 19356
18042 14720 20398
17470 16639 20234
16870 15178 20743
22083 18172 15098
18908 16644 19566
18335 19275 18276
17830 15704 20289
21047 19624 15476
20921 19593 15790
20245 16326 18850
20069 20463 15462
19742 19793 17090
19732 17002 18977
18962 17391 19308
19000 16404 19601
15568 16025 20648
22269 17601 15469
20217 20265 15587
20004 18390 18102
17887 21655 12889
17861 16319 20161
17611 16041 20297
16662 16561 20295
22354 17381 15328
21339 18337 16702
19957 18720 18016
19914 17888 18516
18567 20322 17031
17372 15008 20568
16588 16551 20301
22329 16911 15817
21731 18962 15071
21314 19272 15143
20955 18524 17251
19936 18996 17786
19678 18627 18214
18550 20741 16360
17298 14998 20574
16137 14525 20907
16110 16151 20582
20413 19647 16574
18841 18515 18693
18743 16860 19567
18397 17437 19578
22628 17360 14192
20628 19549 16295
20523 20516 13522
20272 16654 18782
19522 20708 15857
19526 21175 14093
17583 16086 20228
16902 16063 20423
22748 16968 13968
22313 17745 14887
21979 18751 14256
21471 17533 17354
19938 20057 16750
19782 20526 15985
18726 18176 19047
18131 15573 20202
17670 21394 14918
17210 16760 20129
16846 14503 20781
21617 16144 17465
21593 18591 16468
20914 20157 14207
20333 16406 18805
20062 17642 18497
19915 15822 19255
19871 17016 18869
18921 15526 19880
18758 15570 19977
21272 19727 12860
21276 19510 15015
21024 19938 13675
20940 17620 17871
20634 19955 15515
20088 18112 18255
19991 19086 17635
19859 20174 16537
19542 15458 19572
18967 17816 19196
17820 17355 19655
17728 16512 20083
18232 21258 15534
22348 16418 15951
21216 18296 17033
20546 18131 17729
20240 20088 16140
20236 18778 17753
19742 18462 18331
18372 21377 14919
18365 14475 20325
17136 16750 20135
22853 16360 14263
21086 16608 18009
19093 17448 19248
18951 18800 18593
18228 21156 15620
17741 21606 13561
17039 17052 19970
21848 18996 13641
21807 18501 15613
20457 20544 13984
19659 20486 16016
18885 19418 17951
18599 15689 20142
18507 21274 15077
18409 17640 19356
18290 15867 20114
16852 15819 20548
16883 15122 20654
20822 20162 14273
19976 18478 18165
19887 20728 15008
19195 21124 15174
18423 21100 15817
18113 16207 20135
17782 18517 19067
16697 18886 18766
21627 15853 17445
21527 19309 14511
20429 19303 16972
20381 17513 18276
19020 21345 14140
18029 15046 20356
17299 14390 20683
16878 15926 20540
22320 17580 15101
21283 19670 13917
19964 19613 16962
19646 19571 17618
19365 18722 18316
19142 16279 19688
18135 17710 19413
17595 15847 20320
17883 18297 19103
22596 17240 14362
22395 17518 15317
21988 17651 16262
21785 17516 16728
21198 16749 17984
20253 19985 16277
19680 15215 19552
19506 15245 19677
19085 18008 18921
18565 18563 18702
17464 19088 18526
21844 18291 15748
21199 18109 17196
20587 19087 16961
20431 19567 16569
20193 16506 18936
19647 17739 18696
19653 14922 19623
19308 14852 19864
19115 20848 15730
18097 21361 15376
17608 20957 16086
17483 15117 20534
17152 21623 13967
16280 16057 20632
21018 19905 14310
20352 15545 19051
19789 18635 18160
19522 16997 19141
19234 14842 19870
19058 19367 18073
18460 17170 19533
17816 15358 20389
15510 15300 20788
21776 17275 16821
21863 17845 16509
21659 18699 15488
20926 20041 13891
20858 20069 14355
19533 16798 19199
18903 18077 18930
18752 21257 15261
18656 17140 19566
18269 20894 16177
18075 16112 20172
17842 18297 19148
16475 15886 20570
21896 17937 15989
21122 19971 13655
21006 19871 14480
20845 20172 14218
20228 19547 17010
20245 18843 17614
19760 14648 19540
19712 18677 18112
19425 16316 19469
17430 16336 20253
17338 14958 20670
16086 16385 20463
21869 18412 15573
21270 19773 13780
20818 16707 18300
20273 16251 18902
20116 16548 18888
19586 18412 18482
19425 16659 19354
18235 20844 16279
17811 18753 18748
17430 16679 20138
16889 20991 16071
22255 18334 13946
21676 17418 16836
21728 17838 16809
21338 18606 16564
20013 18305 18125
19756 15941 19420
19747 17195 18964
19609 20804 15384
19668 16430 19277
19556 17820 18832
18635 19944 17507
17941 21596 13630
17058 19885 17720
22882 16488 13485
22090 18007 15312
21551 19268 13403
21489 19434 13743
21246 19687 14415
21205 18444 16874
20713 17740 18001
19889 18823 17957
18490 21309 15099
18473 20436 16920
18287 17152 19678
18647 20173 17234
17550 20928 16162
17278 15294 20576
22577 17295 14510
21715 18787 15340
21600 17752 16853
21410 17021 17721
21156 16278 18205
20840 16563 18353
20214 19548 17030
17559 16107 20257
17471 17474 19718
22061 18133 15414
21255 18197 17048
20901 20260 14070
20830 20017 14553
20166 17255 18591
20001 19968 16489
19567 16534 19441
18566 14622 20247
18065 18853 18642
17485 16097 20263
15587 15179 20842
22418 17700 14594
21858 18769 14434
21880 18032 16346
21637 15686 17397
20908 19352 16356
20817 20120 14416
20786 17117 18113
19540 18804 18229
18886 20358 16905
17872 20513 16902
18130 20011 17599
16036 16141 20588
21693 15113 17498
20798 17745 17784
20721 17547 18002
20021 17238 18690
19673 16090 19319
19666 20961 14794
16634 16584 20297
17685 18636 18976
16652 16666 20267
20908 17390 18007
20556 18244 17715
20083 19990 16443
19516 19275 17725
19508 15316 19641
19424 19693 17571
18848 16748 19528
18733 21089 15528
18439 17988 19245
17495 19897 17662
17430 18190 19230
16908 17521 19807
22869 16091 14096
20771 18952 17057
19984 20097 16474
19728 16585 19180
19443 18306 18508
19310 16001 19630
17779 13921 20550
17903 18230 19194
16138 15231 20799
21983 18389 15189
21700 19194 13516
21698 15339 17381
21693 16952 17085
21590 18995 15160
21619 17740 16917
21377 19302 14703
21247 19438 15147
21068 18494 16908
21063 17462 17704
20717 20153 15238
19893 15533 19449
19396 18717 18262
19370 18598 18370
19322 16523 19486
18108 17672 19642
22399 17789 14670
22096 18785 12826
21986 18586 14470
21978 17086 16792
21738 18797 15285
21667 18554 15768
21197 17726 17490
21217 15931 18189
20998 17892 17593
20964 19440 16208
20381 17010 18533
20060 16963 18779
19964 19606 17045
19943 18663 18136
19527 16866 19182
19362 18590 18506
18590 18310 18888
18746 16485 19850
21819 18868 14419
21654 18657 15631
21511 19035 15392
21154 19850 14246
21045 18747 16925
20537 16760 18707
20347 18283 17956
20283 20002 15861
20122 20303 15599
20063 20271 15977
19948 18975 17748
18560 15121 20155
17855 17769 19495
17645 14364 20577
17122 17786 19518
21775 19098 13696
21428 19249 14759
21115 19543 15470
20974 17670 17769
20906 19990 14531
20534 15322 18875
19931 19487 17442
18774 21359 14720
18441 19531 18012
18216 20676 16546
15400 16206 20586
22693 16613 14925
22209 17446 15572
22158 17698 15804
21365 19641 12683
20772 20062 14905
20643 18597 17412
20643 18141 17657
20404 17394 18302
20123 18572 17893
18882 18899 18384
18874 15434 19930
18606 18834 18587
18509 16001 19973
18568 21483 13823
18069 15225 20350
17479 21759 12306
17328 17856 19471
16866 16165 20448
16623 18876 18772
21952 18557 14810
21756 19282 13368
20340 19969 16089
20238 16706 18744
19575 17789 18697
19553 18657 18193
18973 20975 15993
19126 21369 13989
18435 15991 19979
17995 15215 20356
18148 20198 17393
17767 21605 14396
17254 17846 19477
20930 19390 16310
20848 19257 16497
20583 18581 17592
20391 17453 18414
19910 20089 16627
19505 16577 19376
19446 17202 19048
19054 17652 19081
17668 20860 16342
21857 18950 12115
21400 19312 14648
20571 17362 18171
20373 17559 18283
19049 20273 16908
18888 16708 19624
18539 18655 18808
21850 16147 17289
21222 19852 13604
21136 19348 15732
20894 18993 16726
20819 19185 16629
20667 17463 18122
20639 19874 15476
20584 18076 17852
20437 18131 17983
20430 18623 17585
20018 20555 15496
19510 19778 17366
19468 15621 19581
19485 19473 17736
19323 17650 18938
17691 15895 20268
17374 13632 20729
17186 18976 18636
16928 16513 20300
21343 15728 17910
21186 19253 16163
20607 20257 14545
20495 19950 15910
20537 18406 17766
20348 17306 18450
20010 17112 18694
19933 16166 19235
19543 15859 19479
19386 19346 17850
19161 18466 18559
19094 18287 18780
18349 21291 15238
18125 15716 20226
16628 17004 20136
21662 17628 16906
20758 19648 15977
20756 19543 16224
20256 20273 15569
19317 15236 19738
18877 21024 15655
18599 15742 20036
17296 18933 18695
22170 16878 16183
21787 17037 16889
21782 18933 13910
21710 17139 16922
21469 19297 14637
21308 19598 14375
21250 17094 17668
20848 17707 17762
20783 19466 16134
20743 19646 16087
20639 18669 17444
20276 18374 17945
19609 17606 18819
19710 18511 18320
19444 17351 19062
19387 18760 18270
19042 20901 15749
18640 14632 20241
18525 15732 20042
18265 16696 19835
18178 16740 19847
17830 16047 20174
17720 20488 16906
17264 14948 20676
16956 19622 18042
21704 19189 13685
21669 16601 17333
21462 19474 13113
21310 19349 14886
21161 18065 17340
21143 19525 15065
20742 18090 17696
20556 19108 16919
19957 18217 18273
19322 19430 17893
18104 16730 19853
17274 21660 13153
17071 15988 20406
16262 17020 20171
22132 17141 16132
21372 19260 14846
20793 16642 18404
20572 18688 17401
20390 19041 17241
20362 19557 16618
20345 19699 16550
19823 17362 18737
19787 18830 17878
19619 16912 19154
19489 19023 17948
19400 17977 18751
18537 21427 14376
18345 15366 20213
18002 13472 20591
17493 15049 20518
17371 16882 20054
16997 15978 20412
15534 15975 20750
22605 16571 15078
22279 17695 14989
22245 16771 16163
22031 17906 15804
21928 18636 14495
21561 18027 16764
21513 17964 16905
21450 15217 17844
20001 17138 18708
19685 16009 19377
19358 20991 15371
18936 20279 16917
18884 19414 18047
18879 21362 14138
16644 21637 13771
22560 16069 15554
22229 16301 16430
21748 18904 14250
21664 18672 15579
21525 16266 17535
21442 19430 14452
20928 16992 18200
20691 19752 15861
20681 18171 17602
20530 20053 15599
20586 20435 14185
20528 17988 18000
20316 19627 16682
20242 15895 19062
19936 17568 18597
19865 18148 18453
19497 17137 19049
19417 19260 17956
19421 18520 18445
19214 20770 16072
18488 18047 19210
18357 18876 18578
18330 19945 17485
17710 17231 19766
17140 14432 20784
22075 18103 15462
21445 18709 16349
20678 19855 15724
20539 19237 16904
19957 19036 17737
19708 17737 18687
19588 17077 19135
19175 19069 18267
18840 16922 19546
17521 16733 20118
22024 18084 15475
21464 17698 17140
20592 19987 15705
20366 18222 17972
20255 20090 16030
20323 17390 18472
18702 15503 20065
18521 20864 16105
18523 16280 19933
18160 14643 20364
17961 18134 19186
17819 16658 19962
17794 15465 20362
17768 18287 19154
17102 16700 20237
17099 15780 20494
21850 16678 16868
21406 17554 17394
21215 19355 15319
20906 16699 18252
20849 16730 18256
20541 18334 17734
20541 17878 17979
20519 18746 17475
20418 19645 16470
20257 17189 18628
19614 19981 17117
19375 20855 15603
19106 18048 18872
19068 16269 19694
18820 19184 18179
18628 15493 20071
18604 16180 19889
18137 15074 20294
18126 18957 18555
18093 17898 19332
18086 14633 20370
17745 16648 19968
17912 14665 20487
16934 16014 20392
16597 15614 20656
21604 17031 17222
21306 18953 16193
20708 17471 18034
20606 18505 17523
20388 20600 12802
19999 17287 18722
19043 14284 20054
18997 18139 18784
18896 15348 19897
18052 18947 18561
17916 15818 20260
17796 19190 18525
17547 16807 20039
16940 18378 19160
22329 17506 15325
21442 16702 17630
20633 20013 15584
20522 18365 17869
20481 18318 17914
20381 19296 16973
20350 16917 18702
19928 14957 19402
19789 17501 18890
18756 20375 16918
18368 21493 13754
17842 15808 20266
17264 21663 13378
17264 20351 17149
16544 15972 20540
16501 16777 20219
20953 19033 16652
20780 17693 17818
20544 20066 15529
20508 19054 17156
20473 17723 18074
20352 19534 16764
20299 16275 18875
20278 20459 15127
20166 19131 17432
20013 19124 17589
19780 18890 17892
19597 15177 19656
19342 14651 19910
18934 16256 19726
18553 18312 18936
17690 17149 19869
22834 16415 14411
21254 19542 14695
21184 15018 18254
21101 18835 16777
21083 16150 18299
20944 20010 14095
20928 17495 17943
20648 17907 17881
20249 19587 16961
19894 20722 14916
19986 17346 18834
19756 18902 17870
19493 20433 16230
19433 18010 18650
19408 19515 17688
19331 18672 18418
19221 17387 19260
18917 21307 14718
18689 17223 19441
18116 14906 20321
18179 17092 19786
18031 21191 15719
17925 21600 13469
17350 18215 19201
17526 18361 19124
17084 18713 18958
22127 17916 15468
21751 17466 16830
21241 19645 14558
21153 16807 17988
21064 16696 18051
20688 18006 17816
20597 18422 17586
20597 17966 17831
20300 20634 14081
20251 19392 17243
20175 20297 15777
19535 17892 18644
19013 17155 19387
18537 16335 19883
18463 15982 20004
16768 16176 20483
16303 15685 20653
22436 18170 13314
22354 18038 14216
22283 17108 15879
22242 17838 15458
22135 16901 16316
22064 15743 16798
21271 15523 18019
21190 19626 14571
20863 17662 17823
20579 16973 18472
20542 19189 16978
20544 19077 17011
19608 17607 18795
19229 17734 18994
18883 19179 18178
18593 21095 15651
18463 16325 19889
18029 16907 19955
17870 13975 20530
17291 15907 20415
21873 18197 16132
21300 18588 16602
21267 19052 16178
21035 19110 16399
21030 17255 17878
20596 18340 17687
20605 18619 17546
20233 18045 18188
20227 20671 13821
20191 17730 18364
20016 19188 17528
18648 21313 14937
18836 20875 16080
18312 14017 20374
17220 21719 12412
15606 16578 20355
22191 17421 15877
22104 18388 14956
21748 18864 14812
21120 17938 17585
20562 17429 18173
20408 19622 16616
20313 18233 18058
20138 20512 15282
20095 19547 17055
20068 17616 18494
20149 19129 17565
19674 18296 18514
19608 19017 18009
19188 18261 18665
18953 19631 17731
18483 21486 13635
18362 20300 17182
18149 16122 20166
17790 15414 20388
22922 15853 14278
22168 17361 15889
22010 18676 13127
21673 17661 16854
21313 18788 16407
21190 18804 16439
20962 20022 13483
20678 16043 18719
20314 20366 15209
20294 16291 18853
20250 20158 15600
19947 19802 17018
19874 16018 19316
19847 17359 18755
19752 17942 18593
18616 17100 19570
18117 20801 16282
17732 14218 20550
17617 15885 20274
16984 19281 18418
22342 17524 15139
22156 16626 16560
22040 18579 14004
21839 16385 17221
21352 18234 16843
20381 18585 17745
20077 17326 18542
19925 18266 18262
19875 18748 17965
18859 19109 18417
18542 17090 19576
18431 16698 19779
17829 18220 19200
17593 17336 19723
18167 20366 17126
17511 14962 20516
17396 16629 20240
22265 16521 16187
22188 18381 14129
22177 17451 15829
21334 15818 17973
21277 16144 17998
21262 17219 17596
21208 18874 16329
21175 19338 15905
21054 19459 15690
21052 19354 15937
20482 17915 18034
20371 17460 18396
20326 18123 18037
20273 20651 13837
19602 15615 19509
19596 16491 19247
19493 19357 17670
18934 20544 16478
18643 14932 20167
18621 18544 18784
18318 16672 19891
17917 19430 18371
17806 16068 20203
17732 15715 20324
21698 19006 14264
21450 19217 15079
21200 19156 16062
21091 19198 16251
21039 19457 15800
20902 18944 16733
20625 17148 18298
20588 18677 17318
20493 17716 18092
20359 17224 18470
20094 18864 17639
19502 16812 19240
19496 18548 18239
19369 20721 15989
18793 15534 19974
18664 16850 19595
18456 21259 15201
18452 16936 19677
18244 16662 19897
17735 16978 19952
17732 16058 20209
17618 19971 17603
17852 21378 15192
17516 20878 16264
17306 19007 18583
16873 14369 20789
16869 16716 20216
16380 15564 20707
16153 16608 20340
21756 18812 14870
21266 16962 17764
21195 19572 14654
21140 17858 17402
21069 18351 17067
21023 19282 16069
20640 16649 18529
20467 20496 13669
20373 17056 18540
20298 19989 15899
20222 20652 14936
20128 15421 19179
20099 19209 17384
20059 17993 18285
20050 19479 17116
19970 17976 18368
19761 16379 19273
19487 18535 18248
19490 19726 17430
19479 18556 18284
19453 18003 18668
19413 16995 19222
19390 18824 18209
19327 17766 18870
19167 18097 18848
18378 16926 19683
18312 21038 15902
18210 17935 19320
18309 15021 20308
17890 15389 20323
17721 20900 16113
17642 16679 19992
17355 18911 18667
17037 18271 19254
17002 15085 20619
22691 17290 14049
22435 17770 14262
21805 18143 16249
21217 18153 17192
21171 19084 16194
20827 17465 18095
20764 19494 16231
20606 19799 15845
20565 17938 17876
20532 19552 16452
19859 20821 14953
19477 18608 18297
19333 17343 19116
19117 21196 15292
18655 15434 20109
17475 17394 19927
16963 18261 19260
16948 17481 19903
22518 17196 14922
22398 17612 14991
22061 18465 14119
21795 18250 15988
21781 18483 15859
21307 18423 16816
21056 18483 16952
21042 18945 16613
20874 19302 16458
20834 16494 18361
20606 17208 18356
20605 20346 14109
20594 17295 18201
20367 18710 17658
20125 20615 15145
19749 20503 15997
19715 20600 15654
19644 16307 19330
19592 19989 17108
18996 17190 19354
18976 17376 19305
18737 20307 17003
18598 20822 16153
18487 16108 19946
18413 15755 20067
18382 20837 16204
18222 15627 20182
17743 17249 19753
17718 16070 20199
17470 15421 20497
17056 19054 18582
17019 16567 20280
16995 21669 13597
16148 14249 20928
22785 17304 12726
22240 16766 16214
22058 18212 15140
21340 16439 17952
21190 18747 16738
21108 19442 15789
20972 18343 17298
20947 19743 15527
20938 17052 18046
20608 20172 15134
20366 17719 18229
20208 16323 18867
19935 18431 18210
19691 19939 17165
19688 19227 17726
19680 16555 19205
19489 20716 15629
19416 14978 19744
19249 18384 18646
18718 21473 13406
18559 15134 20160
18413 16098 19952
18323 17427 19584
18260 19994 17586
18148 15617 20188
17669 17239 19759
17292 15299 20524
22473 16401 15687
21095 19545 15652
20983 19974 13933
20849 16227 18513
20450 18660 17505
20088 17609 18512
19858 16331 19176
19842 17287 18877
19671 16542 19214
19342 14968 19750
19327 15923 19615
19195 17414 19129
19205 14716 19996
19085 17758 18992
18994 16126 19706
18888 17051 19509
18194 16075 20137
18081 18180 19151
17861 19644 17977
17656 21606 13688
17259 21619 14200
17075 17491 19767
17070 16388 20387
16874 17471 19909
16819 16129 20456
22121 17986 15317
21749 17917 16434
21746 17997 16350
21665 17543 16855
20813 16896 18258
20784 16657 18402
20393 20206 15357
20365 20559 14536
20322 18651 17824
19968 16949 18960
19950 20047 16576
19789 20348 16314
19637 16074 19437
19565 17869 18788
19105 17001 19389
18575 16886 19624
18405 17709 19300
18240 17776 19406
18158 20647 16622
17890 13838 20501
17745 13871 20652
17449 17972 19381
17115 21398 14901
22449 16868 15603
22235 18003 15244
22183 17897 15277
22170 16093 16723
22005 18357 15509
21215 18709 16543
21104 16693 17993
20962 16433 18373
20883 17553 17947
20869 18015 17608
20812 18046 17612
20697 19598 16115
20588 19640 16304
20290 20775 13039
20091 16483 18992
20042 20986 13854
19923 17492 18629
19881 20294 16252
19496 21058 14224
19352 14028 19827
19295 20193 17169
19075 16787 19474
18882 19221 18150
18861 18171 18929
18843 20710 16294
18566 16873 19633
17109 18460 19144
21858 15671 17130
21640 18471 15937
21454 17924 16979
21207 18991 16276
21154 15636 18235
21046 19292 16014
21008 15777 18376
20826 16583 18276
20559 20404 14368
20438 20577 13164
20287 17088 18554
20026 16913 18881
19759 17320 18892
19684 20712 15634
19556 18435 18338
19473 19969 17140
19376 20556 16203
19026 20897 15831
19064 16976 19494
18857 16191 19792
18824 18208 18923
18759 20570 16640
18556 18260 18990
18305 18219 19081
17228 18297 19182
22600 17810 13495
22178 15617 16564
22044 16157 16790
21857 18555 15384
21251 19349 15389
21098 19762 14394
20971 19685 15345
20962 19152 16360
20955 19995 13678
20707 20206 14493
20674 17924 17879
20668 19526 16247
20494 18077 18009
20285 16328 18824
19977 18104 18309
19914 18925 17850
19630 16737 19126
19573 15883 19443
19554 20821 15553
19331 21069 15110
19268 14641 19916
18941 16837 19496
18895 16421 19645
18773 17846 19133
18719 17221 19422
18590 18285 18890
18602 17443 19442
18319 20873 16116
18289 21489 13830
17972 20458 16834
17808 15811 20262
16521 21692 13318
22908 17045 13157
21741 19048 13798
21753 16987 16991
21494 19353 13704
21493 19259 14613
21260 16836 17890
21246 19564 14519
21187 19532 14897
20688 17503 18073
20625 20245 14539
20497 15844 18807
20460 20034 15751
20312 16688 18727
20254 18588 17882
20145 20347 15496
19576 21008 14387
19481 18541 18269
19352 16627 19409
18937 14861 20170
18687 16574 19757
18590 15869 19975
18589 21077 15885
18585 18755 18603
18375 19897 17526
17849 14701 20467
17828 14867 20480
17445 19590 18089
17387 16809 20073
17145 15067 20623
22687 17000 14688
22526 17180 14749
22389 16261 16033
21899 16321 17105
21649 18485 15894
21445 19194 15221
21379 19241 14919
21358 16096 17856
21229 19295 15697
21102 19640 14953
20982 19600 15603
20855 19945 14859
20771 17084 18177
20609 18547 17514
20605 19884 15842
20444 20185 15580
20410 17393 18356
20408 16789 18678
20147 16228 18959
20144 17469 18528
20132 20450 15359
20024 17037 18812
19530 14530 19715
19520 17291 18995
19438 18318 18547
19040 20891 15852
18888 19397 17959
18613 16564 19763
18453 18547 18855
18474 14449 20316
18394 19236 18261
17880 15473 20355
17590 20312 17227
17445 21709 12408
17395 15060 20553
22642 16498 15164
22558 15700 15565
21633 18636 15723
21498 17489 17175
21363 19233 15267
21250 17971 17165
21115 19277 16003
21084 15054 18466
20954 19578 15741
20596 17837 17944
20235 16491 18865
20212 19328 17367
20147 16571 18844
20116 19138 17380
20081 20431 15372
20001 20590 15713
19773 18485 18287
19353 17336 19105
19131 14706 20002
19080 17542 19167
18478 15696 20050
18297 16762 19781
17806 15463 20361
17409 15107 20540
17405 20827 16400
16554 16994 20142
15946 15104 20878
22163 16258 16509
21759 18824 14577
21664 18635 15700
21467 19447 13204
21423 17741 17231
21318 19313 15085
21191 17799 17452
21102 19380 15866
21071 16072 18330
21031 19137 16349
20764 20012 15140
20612 17710 18153
20549 18531 17694
20494 20527 13486
20364 17093 18511
20269 15783 19026
20245 17276 18473
20035 19490 17111
19989 15061 19315
19815 17408 18744
19703 19700 17257
19545 20850 15437
19443 16987 19169
19297 17128 19310
19114 17567 19067
19020 17602 19183
18766 16912 19552
18223 16752 19787
18106 21646 12499
17886 18814 18738
17634 20810 16444
17098 21682 13226
16320 17792 19601
16109 16349 20473
15575 17534 19785
22128 17821 15531
22075 17999 15565
22062 17226 16446
21401 19545 14340
21018 19240 16212
20528 15272 18916
20523 16885 18620
20468 17651 18196
20382 15413 19057
20379 17540 18259
20369 18321 17910
20348 16697 18725
20244 16625 18785
20200 16219 18957
20017 17700 18501
19485 15543 19566
19067 14959 20016
18544 13987 20276
18531 16714 19743
18308 20849 16150
18275 16957 19707
18007 15872 20240
17694 16195 20194
17691 15275 20451
17573 15946 20334
17426 19676 17981
16076 16490 20435
15679 16134 20614
22223 17268 15915
22046 16756 16713
21787 15852 17335
21667 16232 17344
21410 15927 17889
20855 19603 15740
20530 20485 13863
20483 17416 18252
20411 19081 17192
20365 19374 16895
20056 18880 17627
20048 17560 18560
20022 17441 18668
19990 20673 15254
19895 15667 19287
19805 18075 18474
19698 17543 18829
19654 20464 16041
19367 20811 15935
19289 17600 19040
19117 16762 19481
19037 18885 18388
18993 14949 20022
18671 21320 14858
18546 18665 18637
18501 15990 19978
17933 15862 20246
17911 15593 20263
17759 21619 13317
17588 15839 20359
17564 14496 20608
17363 17414 19826
17232 15767 20446
17152 18926 18738
17077 15544 20582
22372 17639 14860
21921 17815 16071
21542 16343 17522
21522 16198 17551
20977 19605 15628
20778 17351 18100
20725 17865 17929
20665 18179 17611
20717 16607 18577
20501 20219 15111
20425 17434 18253
20364 19492 16946
20326 20512 14553
20314 17256 18552
20226 17336 18531
20214 20205 15918
20018 15727 19233
19991 18519 18062
19810 18675 18111
19674 16411 19253
19585 20695 15754
19474 18546 18362
19463 19474 17653
19065 16368 19603
18613 18854 18528
18508 15313 20217
18438 17279 19549
18425 16701 19793
18376 17527 19468
18209 15514 20233
18206 14594 20490
18087 19613 18072
17963 20713 16566
17911 15572 20291
17514 15829 20365
17258 19960 17627
17417 19931 17713
16885 15013 20676
16846 17812 19533
15508 16426 20455
22351 17321 15659
22253 18146 14694
21857 18693 14862
21298 19442 14904
20976 17603 17787
20965 19942 14423
20952 20020 13584
20942 19151 16402
20931 17875 17603
20578 19091 16899
20500 17241 18383
20492 17032 18523
20469 16012 18803
20265 18447 17980
20145 16720 18858
19763 19086 17865
19698 16952 19079
19530 17961 18716
19497 19234 17828
19341 15123 19736
19091 20540 16609
18973 18127 18785
18935 16348 19607
18704 20232 17123
18650 14552 20174
18436 15872 20016
18434 15303 20223
18351 16691 19799
18302 17517 19474
17980 18514 18963
17718 16828 19973
17346 15143 20520
17233 16812 20114
16809 21687 13228
22400 16278 15939
22020 18248 15302
21989 18182 15778
21788 18318 16073
21680 16131 17362
21348 19611 12894
21113 19744 14548
21091 18367 16912
21027 19853 14383
21018 17634 17651
20948 19533 15760
20668 17798 18005
20627 17751 18050
20279 16984 18644
20054 18883 17600
20279 18322 18067
19935 20058 16571
19759 19788 17109
19645 18558 18228
19609 17135 19061
19480 21059 15074
19410 17301 19164
19076 17690 19035
18659 20630 16572
18400 14439 20322
18110 17006 19816
17682 19085 18527
17677 21662 12923
17623 20786 16478
17507 17749 19624
17462 21609 13883
17456 15971 20389
17165 16322 20260
16933 14999 20649
16763 18161 19355
22723 17551 13926
21866 16617 17022
21845 16768 16900
21652 18437 15968
21243 17334 17743
20994 18297 17290
20934 17494 17997
20686 16877 18355
20612 19719 16056
20513 20110 15305
20451 20020 15794
20445 15708 19011
20348 18397 17827
19982 18101 18296
19923 18167 18375
19867 16979 18884
19764 18740 18019
19578 20873 15425
19401 17288 19173
19077 19336 17938
18836 18201 18908
18456 20472 16809
18378 14149 20367
18377 21493 12638
18110 18909 18571
18082 18250 19096
17962 18717 18774
17382 15961 20395
17156 16309 20269
17150 17161 19936
15374 12775 21031
22524 16080 15561
22464 17898 13484
22443 16938 15452
22276 17436 15683
22276 16291 16376
22142 17394 16007
21888 17989 15947
21563 17280 17177
21482 19064 15876
21391 17785 17112
21365 18162 16780
20599 19822 15919
20418 20590 13820
20339 17484 18345
20311 19649 16652
20256 20381 15191
20171 16845 18799
19379 16998 19218
19367 16820 19396
19181 18893 18261
18943 18161 18891
18587 16078 19904
18504 17466 19480
18431 17745 19277
18336 14692 20336
18008 18240 19102
18005 18911 18569
17813 13720 20596
17625 18118 19304
17594 17275 19770
17384 17018 20002
17360 15671 20440
17076 17151 19942
16963 15928 20514
16895 15180 20610
16880 17860 19488
16254 17569 19750
22347 16605 15925
22279 16391 16186
22211 16721 16265
22192 17296 16029
22062 15374 16809
21987 18071 15898
21943 18259 15576
21792 18764 15021
21351 17555 17253
21269 15154 18030
20836 18043 17630
20805 17200 18096
20532 14953 18886
20306 15562 19068
20299 19701 16583
20259 20616 14437
20224 19089 17459
20020 17327 18673
19798 19512 17312
19782 16922 18967
19747 20944 14435
19734 19669 17284
19198 18751 18331
19074 17693 19008
19057 20755 16084
18430 17456 19486
18296 17234 19607
18262 14682 20342
17867 18283 19111
17853 21605 12991
17770 15723 20298
17551 18108 19310
16806 17850 19494
16795 15242 20669
16463 17959 19508
16180 17559 19756
