60 3
20762
556 101 310 468
762 283 915 339
683 451 387 657
840 193 220 401
709 699 655 317
845 256 934 594
561 667 179 99
638 266 41 707
771 355 324 638
813 165 48 745
588 782 147 248
844 735 997 410
526 326 523 126
790 394 672 383
755 995 471 648
692 540 919 833
559 673 297 949
719 9 627 948
853 791 646 149
591 171 494 475
871 820 77 104
683 390 606 97
531 859 904 938
652 867 148 812
568 581 975 594
545 973 46 86
700 526 206 646
647 375 872 519
529 535 775 50
771 867 505 896
684 322 836 675
596 572 869 523
720 855 658 161
778 587 295 708
851 421 534 286
658 85 545 398
614 576 579 212
862 238 400 826
792 679 866 134
749 592 411 673
750 103 182 678
720 84 927 838
638 444 625 904
860 602 730 141
680 796 31 175
663 334 657 229
632 208 663 698
728 471 998 643
593 38 562 125
568 394 583 760
820 988 447 539
513 382 609 703
773 423 691 907
639 833 831 801
849 658 495 911
848 155 966 157
593 628 819 191
658 708 669 374
511 958 59 236
592 993 776 848
4092
19472 20018 19256
19465 18013 20404
19383 21719 16093
19409 19890 19557
19540 18313 20294
19311 21427 17894
19386 18985 20237
19318 21584 17601
19311 18685 20347
19494 20929 18697
19185 21433 18363
18850 18285 20925
18665 17939 20975
18519 22291 17178
18396 18227 21218
18298 20346 20125
18699 20498 19956
18431 20135 20503
18151 20242 20321
18366 21465 18957
18222 19883 20579
18258 19686 20832
18381 20969 19788
17891 21792 19170
17964 22641 16900
18063 18430 21363
18087 19804 20824
17821 22384 18308
17952 20072 20687
17583 20481 20680
17421 23044 16963
17603 21437 19861
17763 22434 18173
17318 22855 17554
17092 19708 21305
17415 19342 21441
17017 22487 18694
17149 20016 21098
16901 21341 20301
16659 19008 21656
17305 21612 19805
16484 22996 18111
16889 21872 19827
17064 21504 20055
16572 22056 19784
16733 19980 21320
16580 22355 19316
16298 19428 21734
16410 21307 20487
16457 23118 17933
16733 22431 19112
16021 23402 16952
16558 22778 18707
16733 21869 19983
16632 20607 20958
15799 23520 17271
15898 22908 18543
14924 17801 22475
15273 18874 22152
22120 18097 15964
21705 17557 17633
21656 19094 16795
21426 19342 16969
21406 17102 18303
21385 18574 17879
21184 18679 17989
21109 18860 18000
21085 18567 18291
20914 17450 18929
20983 20243 16475
20784 20255 16974
20578 17875 19216
20616 18232 18961
20666 20395 17546
20545 19316 18451
20402 20782 16791
20326 18082 19452
20458 20547 17561
20259 20312 18085
20240 18208 19491
20084 18205 19647
20083 20967 16989
20134 20120 18530
20116 18472 19631
19851 17638 19975
19807 21151 17110
19523 21187 17962
19469 18477 20168
19294 17729 20474
19257 19881 19816
19064 19258 20079
19369 20737 19142
19277 20166 19716
19266 20450 19220
19071 20997 19157
19025 19409 20383
19128 22005 15905
19252 21007 18714
19024 18207 20753
18948 19714 20201
18952 18898 20470
18910 21696 18224
18684 19060 20589
18783 21872 18046
18678 19507 20701
18773 19421 20483
18250 22381 17463
18334 18179 21384
18190 21673 18930
18124 21580 19211
17977 20698 20284
18037 21125 19750
18072 21473 19454
17912 22163 18393
17912 20933 20195
17618 22845 17353
17699 20622 20558
17728 21629 19416
17779 19623 21016
17735 22575 17781
17452 18777 21590
17600 22271 18419
17223 20133 21011
17180 22650 18448
17285 21823 19622
16859 22576 18683
17297 21377 20167
16789 20981 20692
16822 20566 20834
16094 19192 21876
16463 22625 18888
16229 23460 16710
16748 19291 21587
16010 21332 20579
16417 20503 21153
16147 23020 18374
16200 22378 19400
16154 22507 19203
15483 18842 22105
15644 23491 17620
22356 16680 15885
22348 17763 15395
22134 18889 15551
21994 18313 16579
21887 17334 17248
21902 17742 17153
21731 19163 16315
21638 18765 17158
21621 17870 17683
21660 19694 16051
21023 17507 18690
21012 19484 18142
20617 19203 18500
20763 19884 17751
20637 19488 18400
20493 18291 19273
20578 18953 18724
20458 20300 17586
20175 19924 18692
20255 20974 16745
19910 19289 19292
19715 21051 17475
19704 19721 19256
19793 18260 19966
19916 19144 19445
19798 18929 19683
19847 19161 19593
19794 18465 19919
19609 18640 19997
19561 21308 17560
19509 20268 19193
19270 18441 20418
19103 18232 20597
19151 21827 17288
18953 18371 20627
18961 19977 19965
18865 20157 19777
18793 21454 18530
18911 21145 18972
18785 22093 17018
18669 21223 18989
18692 22079 17573
18927 20977 19433
18525 21416 19116
18509 21584 18655
18052 20517 20273
18053 22580 17073
18468 21424 19249
18317 21018 19932
18153 22557 16908
18151 22336 17936
17855 20625 20402
17422 21904 19362
17288 22893 17725
17207 21401 19995
17201 21876 19544
16996 22116 19471
16981 20248 20980
17024 23070 17197
16545 17595 22095
16591 20803 20796
16313 19814 21427
16115 23125 17785
16365 21044 20750
16418 23376 16718
16150 23629 16147
15639 23525 17022
16045 19978 21605
15132 23132 18301
15690 23251 17865
22244 17887 15822
21864 19064 16022
21821 18078 17224
21646 18794 16932
21554 18223 17506
21537 18910 16926
21475 18988 17088
21412 18336 17663
21289 17937 18262
21156 19767 16971
21276 19946 16076
21076 17844 18628
21172 19599 17432
20932 17907 18803
20884 18860 18598
20770 20490 16058
20267 20199 18127
20193 20410 18004
20175 18748 19325
20207 19089 19126
20157 18716 19560
19950 20816 17751
19949 18263 19810
20270 20028 18581
19891 20396 18571
19807 20008 19178
19759 20917 17913
19715 19437 19752
19468 20464 19031
19524 19538 19914
19444 21578 17132
19693 21164 18173
18898 20548 19486
18816 18618 20619
18523 20706 19929
18390 19343 20723
18553 21897 18253
18225 20966 19944
18109 18613 21240
18199 20164 20433
18386 22140 17940
17967 20985 20011
17953 18610 21396
17975 21851 18991
18129 21465 19321
17700 19160 21267
17680 21885 19295
17820 20881 20207
17809 21226 19966
17526 20173 20887
17609 18279 21717
17489 22231 18853
17269 20136 20956
16900 17812 22041
16764 18772 21735
16775 22565 18711
16214 22513 19057
15974 22716 18824
15494 22637 19039
15240 23220 18116
14833 16915 22626
22102 17705 16313
21655 18399 17408
21187 18441 18353
21019 20059 16978
21005 18806 18456
20717 18651 18777
20408 17420 19475
20325 20739 17573
19971 18897 19453
20090 20631 18047
19799 21062 17447
19722 17427 20163
19645 20082 19230
19608 21451 16785
19428 21157 18322
19287 18157 20363
19257 21725 16562
19067 20414 19470
18637 21224 19197
18696 18957 20868
18648 20898 19484
18584 21836 18296
18246 21291 19449
18067 19854 20928
17890 22055 18459
17800 22788 16752
17947 21196 19828
17855 18116 21568
17586 21005 20100
17810 21698 19237
17326 22068 19099
17151 22145 19122
16897 22779 18206
16622 23201 17217
16659 21419 20318
16189 18739 22108
16871 21924 19916
16119 21759 20064
15425 23683 16549
22095 17202 16739
21878 18714 16324
22001 18738 16313
21539 19364 16367
21483 18247 17653
21271 19368 17586
21335 19806 16205
20877 17903 18848
20768 20292 17106
20749 19268 18415
20657 20535 17062
20462 17331 19397
20466 16798 19484
20579 19940 18085
20381 19492 18728
20083 18872 19365
19914 20719 18059
19954 21247 16332
19916 21210 16676
19781 21249 17105
19711 20188 18990
19402 19228 20025
19391 21001 18399
19382 20569 19088
18909 21866 17577
18788 19528 20294
18511 18611 20918
18618 22336 16705
18642 20783 19682
18531 21026 19638
18542 19227 20850
18398 21868 18602
18214 21210 19595
17916 21470 19610
17463 22816 17702
17605 19613 21035
17482 21697 19650
17297 22380 18876
17293 22815 18072
16975 22353 19095
17211 19956 21132
16888 21898 19634
16298 20947 20878
15571 20123 21404
15534 23248 18021
15536 23036 18447
22298 16124 16286
22244 18179 14237
21876 19135 15107
21788 17596 17406
21532 18085 17871
21436 19661 16437
21009 19052 18153
20484 18828 18912
20465 19880 18121
20564 17991 19289
20431 20319 17841
19919 18807 19723
19913 21074 17301
19869 18765 19809
19816 20591 18362
19641 19593 19557
19587 17485 20326
19195 19086 20399
18998 20087 19767
19158 21452 18618
18794 17490 20957
18762 21501 18823
18658 21680 18491
18552 21397 18861
18245 18893 21091
18137 22136 18098
18179 21632 19027
17763 21892 19049
17582 22211 18765
17433 20870 20379
17222 20793 20518
17221 19097 21451
16754 22240 19206
17190 21133 20523
16479 20443 21187
16470 18592 21880
16485 21601 20323
16037 22777 18775
15723 23661 16524
16039 22565 19201
15743 22749 18870
22440 17068 15278
22300 17944 15007
21167 19483 17467
21181 19204 17908
20781 18573 18676
20795 19946 17528
20617 18027 19133
20585 18862 18699
20394 19764 18441
20414 19113 18857
20311 18044 19617
19932 20200 18733
19640 19137 19862
19453 16558 20450
19431 17482 20482
19040 20285 19627
18873 19414 20311
19009 21521 18375
18741 17454 21113
18586 22071 17656
18312 21421 19405
18305 21803 18619
18350 20257 20258
18346 21676 18774
18127 20755 20134
17856 21677 19322
17470 20000 21002
17404 21141 20229
16884 19193 21605
16371 19202 21836
16150 17765 22328
16570 22268 19358
16399 19396 21705
16535 22130 19693
16294 22955 18179
15960 23096 18134
15395 23379 17789
22054 17398 16577
22011 18105 16426
21847 18501 16625
21492 17317 18164
21428 18547 17653
21001 18025 18639
20570 17129 19319
20299 16589 19663
20255 17249 19649
20041 18172 19741
20042 19549 19104
20249 19287 18986
19961 17472 19950
19737 20653 18656
19719 19445 19524
19620 20923 18228
19528 16858 20340
19478 19556 19663
19227 18104 20567
19142 21672 17613
18101 19312 21098
18130 21965 18713
17667 20160 20779
17514 18732 21485
17633 20854 20246
17708 20521 20598
17511 21385 19873
17440 21937 19344
17305 22305 18723
16869 23041 17546
16699 23040 17916
16283 23561 16497
15909 18961 21943
16317 22795 18690
21909 18167 16887
21789 19245 16033
21738 18138 17352
21605 19381 16203
21659 18999 16664
21351 18045 18154
21264 18943 17852
21152 20210 16216
21094 20000 16519
20508 17196 19321
20601 20770 16292
20525 18632 19074
19998 17835 19890
19715 18956 19851
19696 18316 20138
18949 21966 16671
18420 20419 20007
18505 19058 21030
18453 21920 18418
18209 22506 16776
18262 22093 17980
18526 21916 18508
17212 20265 20878
16902 19727 21373
15595 23197 18111
15994 21567 20509
15951 22266 19569
22143 17509 16475
21762 17142 17693
21534 18768 17381
21520 19118 17079
21400 18919 17568
21038 17186 18789
20869 18898 18405
20413 18657 19162
19273 19677 20043
19296 21190 18407
19202 19866 19826
18973 20786 19347
18815 20121 20107
18824 20690 19511
18829 20481 19665
18590 18120 20986
18039 19325 21055
17662 20044 20814
17511 17465 21814
17701 21648 19671
16312 23531 16458
15927 23486 17023
15656 17314 22420
15666 19670 21636
15809 18066 22336
15718 17180 22487
22028 17526 16538
21247 16943 18450
21202 17732 18332
21244 16755 18518
20856 18392 18665
20966 20031 17396
20671 19828 18169
20664 20115 17597
20453 20184 17621
19899 20283 18613
19984 20025 18854
19295 20893 18947
19107 17699 20684
18873 21258 18867
18567 19853 20447
18374 20165 20158
18617 20353 20087
18232 21158 19506
18488 21213 19432
17522 19586 21085
17416 22299 18571
17303 19879 21204
17467 20651 20488
16906 23306 16614
16876 22408 18983
16099 20284 21246
15776 23170 18004
15164 23785 16447
21698 18372 17182
21621 19223 16842
21373 19306 17125
21402 19940 15607
20943 20424 16206
20641 19136 18639
20512 17751 19310
20210 20771 17424
20214 18621 19412
19869 21291 16208
19846 18296 19810
19700 20497 18733
19598 17691 20303
19542 18988 20081
19443 18890 20089
19023 18734 20596
19098 20978 18902
18454 17840 21135
18263 19148 20901
18202 20574 20123
17476 19583 21140
17037 21249 20352
17147 18390 21798
16808 19799 21309
16785 23364 16971
16939 21038 20542
16703 23108 17733
15466 17038 22527
15439 23194 18267
21661 17636 17853
21475 18738 17557
20895 19754 17714
20435 19568 18603
20289 18921 19302
20252 17417 19631
20202 17213 19805
20056 20986 17244
19960 18469 19787
19137 19769 19992
18963 21968 16600
18803 19699 20256
17284 21934 19500
17152 17954 22001
16641 18474 21888
16746 18238 21967
16548 23454 15662
16371 23300 17012
15483 22682 19010
22236 17394 16029
22113 18360 15780
21033 19855 17365
20599 18666 18847
20506 19684 18283
20393 18868 18979
18254 18329 21201
17983 20450 20452
17432 20736 20425
17395 21242 20189
15770 19471 21736
15171 23658 17107
20679 17960 19131
19200 19166 20130
19018 21676 18050
19048 20605 19336
18445 17498 21231
18200 21288 19504
17920 22429 17835
17734 21929 18847
17274 20252 20921
16455 22326 19356
16095 23336 17602
16157 20338 21214
15929 22294 19545
15810 23728 15984
21380 17537 18149
21096 16564 18798
21152 17359 18766
20891 18103 18641
20827 19138 18192
20731 18200 19110
20046 19197 19343
19923 20835 18006
19743 21297 16677
18873 20294 19689
18694 20781 19468
18587 20138 20347
17236 22599 18316
17465 21382 19928
17291 17971 21791
17155 19177 21502
16098 19919 21443
14824 23884 16284
19608 19926 19307
19364 21020 18654
19043 21847 17462
18029 21893 18821
17765 22619 17538
17954 17506 21612
17183 19371 21371
17131 23160 16518
15619 17790 22443
15213 18166 22377
22376 17291 15871
21970 16516 17043
21630 17738 17644
21457 18266 17882
21347 18883 17724
21108 19674 17354
20832 20489 16171
20785 17239 19117
20775 19683 17962
20732 17203 19273
20262 21006 16223
20068 20413 18247
19892 19454 19428
19702 16879 20282
19596 21489 16631
18908 17663 20934
18676 21628 18402
18169 19928 20620
17894 19405 21257
17219 20475 20728
17150 22276 19072
16609 20215 21137
16459 20158 21287
15965 20817 21066
15962 19561 21703
15925 19470 21772
14853 23007 18634
21916 16765 17203
21292 19739 16809
20270 20444 17751
20202 21080 15692
19360 19658 19647
18027 19891 20676
17925 22351 18182
17607 21889 19205
16426 21072 20557
16043 18063 22273
21979 17905 16674
20675 17405 19142
20598 20115 17882
20250 19548 18784
18015 20395 20525
17419 22048 19011
17059 21721 19842
16442 22862 18512
15557 17924 22376
20819 18525 18839
20761 20322 16655
20364 18740 19291
19582 20900 18237
19032 17399 20794
17137 18643 21734
16175 21063 20818
22026 18540 15859
21825 17240 17654
20318 20771 16993
20142 17583 19656
18495 21947 18118
17954 22535 17546
16987 20839 20662
16380 23279 17234
22040 16890 17028
20451 20733 17104
19998 21050 16948
18887 18454 20745
18667 20726 19653
17325 18403 21672
16680 22511 18957
16488 19126 21648
16346 18814 21915
15304 23598 16934
21368 17151 18208
20746 19647 18158
20138 19768 18769
19729 21515 15640
19501 20461 18983
17739 20484 20524
16743 19727 21384
14791 17919 22414
22198 16717 16478
21696 17689 17672
21494 17427 18032
21404 19519 16824
20189 20400 18201
19971 19832 18901
19637 21399 17403
18652 21942 17780
18508 22135 17907
22517 17483 15161
21785 18827 16643
18306 22330 17331
16841 23313 16839
16742 22750 18555
15511 23559 17270
22166 17767 15943
21745 18563 17086
21205 17395 18610
20833 20223 17408
20673 19720 18073
20384 17460 19461
19227 21791 17128
17511 20781 20364
15853 20061 21473
15834 19027 21937
15252 22715 19056
21725 17181 17667
20044 19980 18748
19513 19822 19418
18244 16857 21529
17405 22623 18153
21865 18762 16597
20007 17641 19819
19588 20137 19124
17305 22174 18934
16858 20512 20943
22296 17675 15822
22234 17328 16199
21363 17766 18182
18835 20406 20007
18411 19850 20603
21985 17682 17025
21871 17170 17262
20983 19683 17424
17595 22399 18554
17399 18311 21764
15524 18243 22211
21527 19543 16813
21269 19789 16369
20233 20168 18147
19026 21596 18005
17919 18817 21222
17652 18288 21524
17496 18285 21680
17552 21837 19389
16884 20528 20924
16342 19575 21553
16306 18663 21920
16139 19231 21766
16216 23271 17361
16417 22264 19469
15441 19615 21750
15219 22849 18893
20953 16810 18837
19889 17004 20078
19751 21386 16340
17517 22877 16916
17129 21820 19778
16838 19998 21170
16356 22381 19244
22123 16898 16489
21421 19226 17004
21121 18832 18168
20985 17943 18647
19958 19560 19188
19172 21717 17354
17256 21053 20472
16055 23249 17953
16314 20712 20948
22284 17701 15765
21497 16702 18190
20828 17576 18968
19409 19570 19765
18592 19600 20416
18222 21445 19233
16101 21811 20153
15293 18913 22048
14054 23771 16521
21306 17552 18285
20770 17560 19018
19078 21189 18719
17799 21513 19693
16843 19411 21499
16851 20968 20735
21134 18357 18438
20916 20125 16937
18758 22112 17273
18238 20512 20178
17791 21193 19984
17461 22308 18567
14734 17525 22582
21138 18603 18135
19900 20097 18846
17634 19240 21318
17182 20329 20849
16435 23200 17263
21250 18383 18150
20505 19228 18588
20063 20403 18327
19089 20844 18960
16703 20266 21033
15703 21998 19909
22572 16691 15164
21641 18678 16967
21502 18857 17107
20563 18728 18792
19649 19730 19469
19156 18268 20441
19045 20195 19646
18121 21145 19612
17880 22164 18601
17226 17432 21875
16288 18129 22152
16051 21136 20741
21942 16542 17251
21788 18260 17098
20711 18411 18927
20329 18989 18915
19851 19650 19266
19021 19689 20143
18363 21021 19877
17055 21455 20184
16764 22889 18293
15556 18616 22207
22186 17021 16463
19966 20648 18212
19775 20749 18374
19603 21521 16109
19741 20301 18895
18038 17289 21493
18107 17938 21453
15813 20007 21535
20488 18476 19151
20117 19368 19093
19402 20358 19271
19356 17182 20592
22299 18136 15198
20819 20441 16371
20185 20963 17005
20143 16586 19819
19464 19881 19344
17699 21941 19193
16428 17671 22283
15304 18474 22247
22480 16120 15738
22102 15956 16878
21159 19849 16896
20863 20103 17098
19555 20919 18492
19073 18776 20510
16730 18757 21819
16501 20009 21250
14912 23809 15830
21929 17532 17108
20131 17513 19789
19695 20381 18768
19237 19322 20053
18869 19406 20539
17243 18835 21551
22277 17964 15581
21595 18027 17668
20826 20255 16828
20152 20680 17574
20083 19353 19266
20026 19408 19160
19512 17185 20436
19203 21049 18560
18606 17635 21013
18231 22455 16655
17986 22800 16595
17403 19445 21162
15108 23860 15492
20896 19027 18338
19779 20036 18962
19429 21341 17645
16907 20576 20763
16061 18418 22110
15523 20189 21399
20785 17899 18947
20440 18255 19429
19100 19228 20372
18772 19802 20213
18609 22181 17030
14874 23378 17857
21559 17762 17791
21080 19028 18006
20670 18862 18655
20235 21025 16478
20068 21279 15709
18020 22406 17670
17927 20325 20718
16108 20183 21286
16251 18694 22003
16559 22592 18940
15377 22907 18611
22284 16720 16445
22042 18318 16125
21865 16657 17432
21452 18150 17917
19840 19629 19307
18008 21522 19598
17864 22664 17065
17203 18563 21683
20622 17369 19298
20637 19887 17877
17695 22376 18389
16738 19611 21419
21878 18977 15542
19046 19423 20215
19084 20543 19391
16669 20424 21119
18880 20600 19575
17042 20431 20821
15698 21751 20178
20351 20303 17917
21963 17798 16690
19811 21024 17601
19295 21762 16218
16171 19693 21545
20963 20294 16208
20366 19976 18135
19291 21603 17856
17232 23128 16955
21378 19499 16883
20712 19307 18389
19367 21376 17762
17835 19883 20858
22243 16916 16283
20822 19664 18044
19811 17710 20094
17748 18296 21507
17749 22000 18639
16287 20526 21055
20371 20092 18100
18841 22042 16886
17861 21333 19723
15677 23796 15634
21589 16693 18022
21261 17044 18349
19600 19789 19395
19292 19567 19844
19087 17151 20803
18740 20302 20118
16694 19074 21648
16276 19655 21604
15738 19079 21935
19679 17394 20257
18470 17612 21153
18397 22155 17648
17896 18908 21348
19484 17518 20326
18969 20297 19674
17323 20316 20741
16056 23063 18186
14986 17667 22542
19943 20221 18692
19692 20360 18821
17284 19420 21289
16302 23049 18025
21433 17874 18087
21368 19190 17160
21354 19595 16884
20841 19839 17841
20299 19660 18552
18525 21101 19296
15697 22849 18646
20306 19192 18838
20218 20495 17929
15952 22110 19740
16287 21862 20033
21673 19213 16180
19722 21483 16162
19196 17982 20615
18967 22036 16417
18762 18472 20789
18034 20569 20362
15651 22978 18449
15297 23717 16797
15790 22453 19370
21209 18579 17988
20003 20176 18586
19117 19980 19809
18328 21728 18863
17301 22357 18569
17412 21056 20316
16925 18268 21867
16990 22609 18516
22117 18140 15746
19961 20532 18247
19090 20658 19193
18335 22500 16307
17547 22096 18917
17635 22882 15890
17493 22653 17798
16654 21636 20105
14605 22739 18974
21534 17209 17959
20751 20573 15732
18955 20054 19861
17367 18896 21534
22083 17994 16072
21151 19929 16941
18760 18575 20727
19718 17960 20076
19553 21388 17605
17767 22840 16510
15808 18968 21981
21445 16462 18211
21301 19150 17414
20836 20122 17353
17551 21245 20033
17500 21709 19455
16995 20549 20728
16184 23565 16706
18334 22238 17192
16551 19517 21592
16279 22699 18758
21526 18848 17426
19269 21687 16716
18682 21904 17609
18283 20758 19978
16610 18134 22011
15788 22665 18944
15665 19305 21833
20289 19375 18849
20241 19753 18819
18754 21181 19114
16715 20864 20779
21437 19058 17465
19052 19477 20066
17521 20494 20637
17274 20985 20346
16921 19740 21258
16487 19627 21464
22435 16952 15313
21810 18398 16733
19804 20674 18242
19907 20524 18521
19421 21756 15749
18587 20537 19824
17270 21006 20366
16899 18504 21872
15966 19355 21775
15326 23687 16758
22195 16609 16547
21244 19650 17070
18431 20534 19980
16446 18205 22051
22451 16784 15774
21410 18286 17681
19500 21527 17000
18316 18284 21096
21546 19521 16074
20164 20592 17782
19754 17694 20147
18023 22387 17754
15817 20115 21364
19599 18893 19933
19165 20205 19584
18949 17907 20863
18876 21972 16701
18922 21186 18875
16994 23267 15511
16420 18441 22056
16355 20516 21110
20066 21058 16737
18439 21461 19047
15889 18489 22199
21790 18943 16608
20395 19968 18237
19878 17430 20007
18408 17657 21258
16596 22329 19195
15660 19741 21630
17369 19799 21153
17468 21775 19559
17069 22965 17201
20683 19032 18627
18225 19360 20863
17616 20041 20869
17072 18104 21818
16522 23117 17483
15386 18042 22368
14227 23796 16298
21229 18504 18116
20962 17671 18651
20430 20803 15625
20238 20284 18112
19812 20277 18748
19693 20917 18198
19179 18737 20440
17763 17607 21774
17431 22553 17861
17453 21380 20011
17186 18995 21531
16098 17853 22259
21218 20047 16479
21130 19635 17197
18825 22230 16811
21709 19285 15902
20002 18299 19654
22093 17136 16909
20524 20727 17074
19642 18445 19938
16146 21240 20630
16565 20508 21002
19717 18745 19828
18943 21511 18380
21186 19700 16935
19075 21960 16202
18064 22108 18267
16888 18833 21718
16820 22838 18161
19792 21420 14856
19224 20224 19453
20056 20100 18690
20070 20995 16856
19242 20172 19364
17087 20029 21055
17034 22133 19388
16595 19111 21721
15275 18379 22280
15630 22607 19226
21942 17802 16782
21277 19394 17120
20311 20957 16536
20100 16553 19913
19942 21285 16178
19831 21293 16635
19356 20104 19422
19277 20565 19193
18946 19870 20154
18394 20515 20022
21931 18364 16328
21485 18105 17670
20961 19915 17431
20033 21164 15861
19226 20566 19244
18339 20150 20287
18083 21128 19695
17392 22067 19266
17350 23120 16603
21357 19128 17660
19882 19827 19167
18829 21075 19174
17167 20741 20702
16590 21257 20408
20661 17367 19147
20400 20376 17592
19897 18023 19831
19015 16588 20852
17911 17060 21674
17007 20971 20579
17167 21977 19583
16461 19909 21419
16034 22318 19470
21864 19314 15553
18162 19768 20710
15756 20565 21142
15513 22877 18798
22330 17371 15744
22057 18387 16052
20408 19581 18681
19138 21941 15548
18335 20217 20381
17983 21044 19961
17679 21070 20083
14933 23449 17756
22448 17730 14776
17166 19045 21635
16676 23420 15414
16810 20411 21011
15389 19660 21676
19703 21152 17143
18255 18640 21155
20046 20969 17320
19505 19685 19506
15074 23196 18179
15947 21863 20009
20770 18687 18621
20638 19692 18196
18607 21960 18058
17674 22794 17221
15939 23333 17758
21797 18128 17059
15795 17548 22382
22079 17312 16482
21293 17720 18339
20369 17422 19626
19754 18901 19751
19574 20365 19027
18278 21041 19490
15842 21839 20084
15482 19176 21994
15292 23751 16199
20565 18447 18984
20391 20384 17583
20267 20648 17723
20127 18046 19702
19874 17963 19920
18520 21625 18558
18140 20587 20080
17853 22649 17357
17223 21460 19945
16246 23284 17255
15548 18803 22042
15205 23863 15433
20479 17615 19337
19467 18688 20191
18688 19549 20262
18356 20343 20191
18054 21440 19472
17300 17407 21901
16892 22663 18241
15803 20393 21234
14691 23952 15934
20771 19143 18316
19182 16797 20673
18655 21257 19179
18411 17066 21350
18103 20893 20062
21115 17498 18522
19885 18169 19897
19714 21086 17800
20160 20404 18079
19679 18601 19861
18541 21950 18063
21288 17947 18193
21213 18422 18124
19448 20675 18848
18798 21859 17896
20511 16502 19333
17308 19514 21186
16681 19740 21341
19659 21286 16879
18353 17688 21341
19750 18227 20060
17638 22160 18633
17031 21609 19968
22425 16912 15735
22132 18071 16021
18311 21975 18270
16170 22132 19605
15430 18936 22015
21837 16961 17682
20336 20765 16955
17683 17757 21591
16919 23241 16489
20073 18135 19780
18741 19466 20404
15799 16835 22382
16790 19519 21401
21202 19575 17131
20881 19654 17751
19372 21392 17552
18646 21123 19237
18183 20266 20320
15889 20958 20913
21825 17377 17210
20289 18440 19401
20071 21107 16385
19478 19873 19409
19060 21241 18808
18964 22132 16252
18072 19489 20910
17888 22089 18448
16922 19874 21248
15214 22981 18609
15785 22206 19639
17159 21657 19874
16755 22008 19721
21503 19795 15839
20909 17635 18807
20692 20713 15603
20527 16246 19337
20481 20008 18071
20376 19376 18763
20097 19579 18910
19944 18584 19798
19446 19601 19584
19352 19985 19705
19207 21807 16105
18528 16990 21162
18085 18902 21134
16285 23225 17480
21731 18913 16784
20934 19690 17595
19774 20904 17763
19276 21312 18046
18891 20622 19443
18780 21348 18626
18125 18385 21258
21971 15973 17206
20934 18991 18224
20293 18929 19074
20197 18531 19470
15656 21321 20732
15487 19292 21959
21832 19018 16547
21082 19308 17955
21020 18232 18532
20493 19272 18743
20250 18567 19314
19616 18466 19955
19615 21483 16263
19135 21060 18797
18535 16802 21210
18587 18126 21056
18707 21364 18936
17092 22870 17800
22008 17336 16629
21251 17986 18167
20174 18953 19153
19926 19469 19255
17882 19508 20978
17709 19059 21307
17115 20833 20551
17117 20061 21019
16766 20589 20871
16406 21368 20445
16542 21472 20401
16332 17723 22281
15387 22393 19395
21710 16902 17714
20019 20872 17586
19520 20289 19152
19409 21463 17284
19104 19717 20045
17512 22946 15465
16754 22194 19488
15543 20228 21295
20967 17013 18816
19203 20322 19521
22189 18097 15554
21911 18361 16497
21817 16350 17696
21237 20025 15740
20568 20463 17532
19150 19240 20125
18345 20487 20109
17558 22137 18820
17606 21961 19281
16973 18714 21774
20008 19053 19376
19160 20436 19288
18724 22262 16374
17561 22629 17597
17191 19671 21232
16720 19264 21645
20639 17247 19155
20634 18565 18820
20475 20199 17589
20203 19865 18603
18273 19087 20960
17582 19000 21339
17180 21420 20250
21917 17811 17080
20899 17412 19094
20466 19663 18382
20122 20823 17507
19939 19732 19019
19504 21248 18165
18968 21069 18859
18523 20586 19968
17769 20762 20297
16177 22982 18203
15119 23914 15356
22512 17367 15196
20367 20906 16404
19750 21119 17257
19255 21662 17124
18612 21677 18546
18648 20778 19523
18499 21254 19335
18168 17342 21391
18199 19444 20885
18220 20850 19979
18026 22144 18381
17291 22407 18492
22230 18383 14813
22056 17946 16316
20501 19568 18318
20506 19544 18456
19450 19930 19263
19249 21052 18505
19033 20325 19615
16763 21706 20079
20333 20355 18006
18149 22413 17026
22070 17724 16398
18167 22180 17855
17187 22925 17288
16911 22011 19565
15373 23064 18311
15016 22497 19307
22339 15928 16448
21054 19830 16972
19812 20472 18645
19477 21705 15617
18967 21176 18825
18926 20484 19468
17527 19702 21050
17530 22894 16262
17294 21856 19456
15647 18771 22065
22124 16633 16694
21016 19472 17687
20840 19548 17935
17613 20417 20709
17579 22462 18325
16051 16977 22342
21284 18398 17977
20403 19227 18802
20006 19753 18962
19455 21671 16032
18944 19225 20528
18165 21995 18490
17714 22204 18558
16104 23640 15673
22264 16109 16459
22175 16324 16647
20789 19083 18325
19893 21388 15293
19720 19901 19219
19640 17521 20170
19291 19097 20049
16308 20226 21285
21552 19345 16359
21191 16719 18674
21125 19982 16496
20961 17908 18767
20360 20206 18045
18812 22042 17022
17508 19639 21119
16317 22108 19828
22335 17487 15709
20986 16946 18810
20589 18896 18660
20502 19438 18586
19755 21259 16831
19667 20699 18507
18282 21725 18918
17798 21727 19187
21360 17913 18115
20617 20636 15795
20280 19836 18436
20180 20193 18262
18934 16885 20898
18679 20709 19773
17595 19883 20941
19790 19256 19741
18662 19957 20336
18432 22324 16862
18052 22146 18113
17931 21991 18562
17366 17790 21780
17131 22356 18939
16066 19457 21664
21842 18385 16660
20910 20266 16626
20419 16994 19546
20310 16795 19640
19705 16616 20221
19606 20709 18712
18982 22023 16267
18429 22420 16697
18257 19315 20942
17073 22406 18804
16561 20084 21146
16359 19935 21354
15832 15680 22359
14825 23084 18348
21185 17606 18427
20845 18506 18610
19910 18904 19595
19778 19281 19451
19600 18366 20090
19463 20348 19066
19404 21693 16137
19088 19253 20082
18064 21153 19745
17972 20582 20319
17861 20685 20369
15046 19631 21711
21214 18542 17923
19997 20297 18567
19804 20140 18836
19732 20936 18168
19119 21850 16230
16639 18536 21912
16175 18221 22154
21894 16088 17387
21044 16324 18819
20214 19556 18860
20083 20817 17590
18333 21552 18879
18082 22646 15874
16765 21180 20385
16761 17468 22138
16398 23047 18034
20805 17905 18923
19353 18659 20268
18719 19542 20396
16476 17385 22162
15773 19594 21679
15972 22591 19074
22312 17918 15064
22040 17500 16595
19637 17689 20152
19467 19568 19569
19316 19630 19715
19284 21674 16566
17662 19434 21187
16446 19021 21825
15957 18768 22038
16130 20152 21321
21060 20154 16634
20526 20619 16978
19538 21616 15802
19444 20556 19131
19051 17992 20618
17612 21486 19732
16726 22271 19202
22377 16605 15999
21156 18543 18144
19318 20369 19355
19009 20202 19740
17265 20157 20976
17344 21123 20279
16540 22945 17979
16421 21763 19993
22047 18313 16301
20311 19041 19004
20234 21044 15266
20091 19009 19277
18799 18641 20609
18753 21367 18881
18586 21504 18764
17531 19635 20956
17602 22311 18406
20693 20447 16840
20547 16857 19323
19792 21248 16990
18027 21227 19654
16710 20748 20814
16814 20390 20991
20333 19872 18280
19676 21171 17398
19507 18503 20101
17465 19715 21007
16909 22223 19139
16598 22865 18356
16350 21923 19984
15976 20842 20905
22161 17502 15976
21536 18158 17537
20959 18679 18587
20489 20788 15983
20158 19172 19255
20083 20255 18461
19835 17753 19986
19808 21230 16850
19297 21213 18378
19131 21909 16070
18644 17534 20981
17459 20224 20792
17335 21449 19901
16928 22817 17984
21675 19398 15545
21153 17155 18631
20843 16617 19126
19523 21495 16661
19291 21299 17896
17722 22019 18894
17563 22914 15974
16478 18615 21859
16506 21926 19828
22018 17317 16920
21336 19203 17233
21024 17604 18649
20745 19162 18545
19320 19278 19954
19012 16851 20913
17401 19937 21064
17578 20365 20715
17335 20989 20337
17080 23019 17065
16037 19592 21619
16243 21679 20340
22431 16499 15874
20719 20367 16788
20581 17869 19146
20254 19170 18926
19858 16882 20126
19432 20134 19280
19378 17096 20484
17820 21884 18916
17099 20302 20899
15755 22799 18781
19218 21362 17911
18823 20729 19497
18626 19602 20346
18050 22368 17499
16351 19474 21593
20122 18231 19580
20103 19819 18760
19925 21056 16978
19755 16915 20126
19674 18712 19922
19472 19633 19559
19424 21450 17134
19334 18745 20258
19118 17273 20755
18830 20615 19449
18643 20782 19519
18350 22479 15735
16849 20331 20959
16885 20057 21087
16413 23410 16120
15568 22320 19570
14401 23545 17344
22095 17968 16129
21932 19084 14975
21377 19801 16308
19964 17304 19968
19623 20704 18399
19489 20813 18732
19124 17419 20664
19077 21852 16106
18278 20642 20013
18102 20354 20269
16536 23252 17140
22415 17433 15263
20349 21012 15415
18714 20485 19806
18735 21233 18984
18406 19734 20638
18387 18120 21222
17714 22140 18664
17670 20936 20141
21843 18943 16330
20427 18541 19089
20466 20882 15491
20215 19446 18941
19929 20788 17778
19497 21623 16835
19237 18115 20449
16172 22455 19114
15983 23435 16891
22282 17064 16008
20339 20430 17688
20218 19204 19099
19826 21011 17451
19652 21472 16422
18994 21950 16577
18962 21911 17280
17648 17639 21625
17391 20585 20594
17104 20418 20864
16580 21148 20555
16487 23504 15406
16327 19987 21406
15436 22978 18510
21458 19889 15475
20676 16408 19305
19988 21162 16615
19905 16677 19982
19493 20033 19235
19218 18201 20439
18803 20634 19704
18169 20316 20230
17997 21990 18729
17907 21336 19668
17506 20999 20233
17486 20664 20470
17180 21647 19739
15821 22155 19723
22073 16525 16923
19576 21540 16364
19509 20916 18547
18759 18801 20567
17937 21710 19044
17679 20337 20658
17597 22474 18130
17392 20924 20399
22509 16846 15232
21656 17520 17888
21291 16283 18464
20410 20871 16454
19949 21107 16758
19753 21074 17466
17787 21971 18838
19570 20444 18835
19271 17444 20581
19180 18210 20597
18506 19954 20492
18346 21740 18668
17644 19510 21046
17596 22171 18650
17063 21690 19822
16777 19491 21550
16621 17926 22007
16303 21138 20595
14969 19494 21783
20846 20111 17049
19852 17843 19928
19734 21157 17140
19600 20731 18426
19081 18112 20605
18517 22368 16268
18271 22562 15882
17547 19652 20946
17644 18987 21382
17219 21663 19728
16142 17863 22191
15465 18308 22337
15218 19778 21668
22256 18153 14294
20601 18535 18952
20456 19311 18717
19927 18143 19818
19264 21881 15389
18847 21013 18999
17904 21895 18888
17108 20351 20770
16139 21412 20426
15460 23601 16778
22093 17907 16342
21501 18187 17662
21213 19403 17594
21008 18755 18237
20468 18760 19013
20064 18232 19652
19140 17187 20647
18986 20618 19293
18492 21656 18554
18282 19062 20911
18319 21493 19006
18139 21047 19805
17939 17902 21502
17648 20692 20318
16955 18180 22006
16611 22072 19520
21507 17358 17920
21351 20198 15717
20838 17935 18791
20728 20122 17559
20388 18015 19450
20445 20575 17428
20043 21014 17111
19205 16282 20698
18357 20188 20148
17901 18370 21417
15448 23299 17944
22159 17509 16210
21609 18587 17370
20105 19473 18968
20019 16850 19959
19327 21172 18384
19288 19103 20119
19120 18786 20509
17191 22128 19050
17123 23184 15398
16748 19864 21267
16067 19822 21467
15030 23381 17701
21440 19226 16896
20842 19119 18169
20564 20470 17079
20014 17508 19794
19848 21197 16858
19966 18817 19722
19726 21034 17616
19277 18154 20425
18199 18360 21284
18044 22092 18292
17800 21092 20024
17758 18043 21571
16593 22618 18625
16269 19801 21451
15533 22910 18455
21413 19370 16836
21325 18202 18139
20656 17688 19135
20441 18051 19294
20292 19151 18896
19715 19836 19229
19254 17360 20624
19145 17725 20617
19125 21979 15948
19027 21704 17464
18520 21579 18840
18037 22159 18263
18090 17529 21472
16910 22167 19394
22004 17370 16738
21974 17789 16709
21556 18503 17455
21395 18803 17603
20471 19735 18274
20061 16680 19826
19940 18936 19559
19644 21267 17288
19257 20776 19010
18941 20372 19493
18893 21332 18630
18708 21891 17648
18108 20075 20531
17867 21718 19225
17364 20120 20903
16688 20678 20886
15295 17156 22519
15072 23931 15083
14966 19636 21708
22392 17965 14006
20473 20088 18116
20135 20443 17981
20124 21044 16479
19927 20084 18768
19862 20884 17939
19725 21311 16838
19677 21280 16841
19621 18016 20248
18355 20167 20277
17834 20031 20756
17212 18462 21723
17016 22959 17226
16651 22195 19325
16338 22479 19051
16212 20099 21403
15998 19244 21874
15165 22260 19595
21907 17177 17119
21360 17227 18257
20450 19715 18280
20356 18942 18888
20175 20077 18297
19909 20999 17595
19826 21068 17436
19822 21138 16960
17909 21852 18824
16864 20800 20681
16881 21552 20118
16892 22295 19139
19943 20894 17564
19908 20332 18484
19821 21096 17094
19593 21226 17628
19335 21092 18339
19267 21785 15554
19200 21420 18213
19098 18553 20585
19025 19808 19860
18922 21066 18914
18026 21678 18952
17417 22900 17081
16919 21709 19923
15855 23469 17139
15223 19366 21810
21334 17355 18218
21287 19623 16844
20891 20349 16300
20555 18408 19083
20237 18681 19323
20187 19300 18943
20124 21228 15577
19785 21464 15508
19416 19569 19620
19376 19662 19559
19236 19121 20094
19078 20529 19443
18910 21184 18958
18320 18712 21080
17074 22398 18622
16727 20711 20847
16657 18983 21717
16132 20249 21220
22419 17134 15281
22144 18199 15662
21208 17008 18505
20652 20613 16509
20128 20938 17183
19939 21022 17175
19850 19872 19088
19811 20016 18950
19192 21820 16255
17527 20840 20314
17085 18403 21755
16705 18845 21649
15746 19102 21914
14636 22492 19334
22114 18278 15565
21296 19885 15869
20428 18997 18784
19055 22011 15935
18964 21953 16521
18718 20725 19509
18029 20574 20186
18003 21720 19039
17351 21508 19851
16596 21358 20367
16533 18922 21734
16357 18684 21882
15798 20277 21269
15079 19116 22019
22263 16759 16154
20913 20107 17050
20022 19760 18921
19819 20911 17729
19790 20794 18093
19691 19464 19359
19623 16504 20283
19523 17391 20413
19333 21571 17451
18852 16773 20960
18563 18436 21039
18390 19090 20881
17765 21832 19100
20718 20255 17259
19664 19837 19280
18996 20697 19267
18345 22427 15847
17601 22039 18934
17537 18870 21418
17218 20602 20700
16977 19546 21362
16902 23094 17399
21266 19252 17621
21042 20242 15541
20699 20338 16933
20170 17511 19638
19941 19576 19066
19869 18284 19908
19670 21269 16846
19601 20593 18747
18799 21716 17965
18438 20840 19866
18048 18733 21314
17731 21485 19767
17785 18574 21445
17495 19747 20971
17430 20255 20765
16359 22804 18556
15741 20598 21236
22583 16738 15082
20177 21129 15008
19938 20105 18727
19865 21087 17406
19618 20864 18283
19389 19605 19657
18859 16585 21008
18607 21561 18581
18406 22428 15603
18265 22368 17313
18142 20742 19984
18074 22469 17475
16903 19206 21490
16889 22544 18568
16481 17733 22152
15410 17940 22372
15161 17926 22398
15366 18340 22314
22261 17308 15934
21825 19393 15217
20539 20206 17551
20418 18972 18853
19991 18963 19434
19641 18484 19924
19424 19997 19368
19411 20057 19383
19312 19141 20042
18959 19702 20100
18723 21946 17515
18652 22126 16878
18426 20418 20015
18277 22330 17467
17949 17942 21409
17994 21597 19098
18026 18995 21214
17584 18367 21547
17604 18715 21514
17258 22519 18349
16931 22538 18617
16424 19143 21674
15802 18888 22003
15841 23063 18247
22325 16497 16025
21944 17138 17145
20978 19567 17459
19383 18107 20411
19272 20449 19228
19073 21073 18754
18968 17416 20820
18896 19474 20222
18818 20613 19532
18673 21667 18341
16322 18057 22105
16025 23470 16769
15938 17069 22344
15973 22405 19307
15536 23273 17783
20983 18129 18640
20321 19719 18534
20215 18094 19569
19795 17938 20076
19444 18363 20246
19351 19089 20243
19211 21340 17957
18788 18462 20641
18503 21200 19282
18485 22185 17467
18232 21038 19545
18164 22400 16876
18047 20401 20308
17916 20866 20101
16938 21629 20056
16557 21010 20622
16382 23304 16996
15446 16490 22646
21757 18362 16889
19887 21129 16794
19912 19920 18922
19706 20072 19025
19547 18653 19954
19276 21843 15543
19160 21673 17590
18914 20098 19851
18895 20270 19682
18667 21929 17630
18449 18263 21062
17910 21535 19268
17815 20765 20242
17470 21061 20178
17574 20386 20735
17453 19744 21009
17259 20287 20754
17227 20651 20571
16895 22456 18697
16405 21191 20522
15951 22828 18698
16156 22532 18965
16077 22826 18562
21890 18951 15599
21034 20103 16813
19799 16255 20140
18679 21891 17784
18661 20796 19455
18610 21041 19429
18492 21992 17909
18076 22355 17538
18122 20639 20169
17757 17732 21617
17748 22039 18625
17336 22116 19012
17220 21507 19899
17095 20323 20919
16782 19219 21540
22127 17955 16056
21988 17712 16595
21846 15781 17651
21713 17777 17417
20753 18916 18654
20437 20272 17613
20170 20207 18204
20058 18873 19304
18989 17722 20773
18968 20670 19382
18563 19539 20552
18536 20538 19875
17861 22569 17312
17621 21385 19772
16493 22462 18984
15778 23149 18048
15499 16526 22490
21584 18226 17435
21100 17119 18787
20974 19860 17142
20965 17395 18766
20585 19248 18421
19891 19816 18977
19427 19005 20100
19047 20625 19287
18185 20577 20030
18069 19357 21019
17532 22877 16092
17370 21564 19749
16868 22173 19345
16523 19641 21392
16500 23170 17220
16264 22750 18802
16172 20590 20986
16212 23066 18030
15605 17272 22489
22171 17483 16267
20062 20492 18085
19976 18712 19575
19911 16918 19970
19202 19426 20059
19026 16794 20829
18800 22080 16868
18754 20528 19762
18703 21556 18229
18380 20415 20070
18217 18894 21052
18150 20281 20307
17442 17305 21918
16798 19813 21265
16870 18299 21950
16715 22595 18784
15907 19023 21967
21990 17127 17029
21765 16110 17717
21278 18580 17766
20525 19534 18269
20134 21057 16041
19657 18382 20037
19504 20800 18582
19383 21411 17394
19226 20446 19283
19153 21928 15398
19009 21937 16427
18894 21553 18226
18814 21703 17815
18740 19436 20470
18617 22358 15429
18193 18653 21112
18130 19813 20631
17408 21074 20135
17294 20202 20817
17230 18996 21491
17172 22932 17132
16139 19804 21446
14578 21902 19987
22294 18020 15233
21351 17098 18348
21239 18582 17917
21197 19459 17166
20520 19568 18210
20002 18984 19393
19814 18933 19595
19814 17447 20033
19807 20161 18783
19594 21565 15670
19043 17716 20710
19030 19873 19850
19017 20041 19904
18837 22051 16365
18273 19673 20682
17477 22993 16831
15497 20970 20925
22528 16864 14700
22527 16973 14312
22152 17316 16396
21753 18470 16653
21483 19146 16866
21486 18679 17642
20754 20508 16198
20312 18500 19312
20269 19132 19119
19481 21298 17759
19310 21749 16068
18433 20845 19690
18165 22027 18051
18211 21998 18435
17084 22146 19116
17109 17508 22063
16904 19340 21480
16846 20852 20770
16806 21343 20353
16721 20231 21064
16560 21420 20312
16227 19796 21452
15534 23745 16516
21940 18829 15691
21879 19048 15131
21857 18820 16093
21600 19265 16238
19879 21096 17018
19798 20643 18451
19732 20537 18691
19252 19765 19851
19102 21687 17848
19121 17682 20725
18615 20793 19510
18453 17635 21143
18206 19446 20853
18071 20431 20283
17396 20701 20559
16808 22477 18709
16218 20267 21195
16206 22214 19525
15382 23636 16626
21098 18919 17915
20454 18918 18755
20426 20203 17876
20078 20732 17715
19803 21302 16094
19759 20956 17641
19104 20496 19365
19105 17910 20707
19058 21861 16734
18754 18335 20877
18636 21408 18833
18452 17310 21279
17742 19979 20768
17649 19626 21011
17462 22535 17838
17434 19731 21027
17276 22524 18210
15675 20103 21384
21824 17780 17388
20745 20334 16638
20448 19032 18770
20443 18916 18805
20279 19380 18741
20113 19129 19275
19610 21491 16560
19434 19968 19303
19294 20437 19252
18892 18985 20549
18446 21653 18609
18365 22466 15585
18126 22385 17229
17539 22634 17784
17473 22849 16949
17260 20421 20708
17035 21852 19607
16888 22730 18335
15306 19796 21650
15461 22076 19926
21902 15430 17390
21279 19275 17153
21252 19396 16964
20726 20294 16778
20488 18909 18803
20424 19356 18638
20389 19161 18883
19754 20907 17993
19702 21534 15895
19516 20460 18755
19051 20273 19526
18989 19734 20064
18889 18388 20653
18611 22164 16860
18008 20789 20173
17723 21243 19776
17542 18728 21471
15668 22476 19211
15455 19337 21880
15220 17664 22479
14684 23337 17925
14563 17643 22574
22417 17068 15451
20418 20127 17886
19623 21438 16635
19228 21666 17222
18623 22126 17014
18170 22594 15445
18020 22590 16768
17959 22501 17326
17022 23216 14961
16554 20262 21176
16190 19706 21527
15952 22797 18602
15265 22609 19138
21365 17876 18050
20560 18318 19102
20211 20883 16953
19688 20801 18233
19660 20069 19080
19277 19685 19815
19269 20428 19281
19259 18445 20368
19150 21849 16012
18917 21070 18910
18706 18765 20723
18299 18307 21086
18297 22208 17828
18060 19947 20542
18024 22657 15394
17761 21929 18845
17344 21522 19756
16838 23097 17082
16310 22510 19047
15832 16323 22345
21582 18869 16854
21349 19479 16919
21127 17590 18477
21064 19474 17480
20839 19035 18471
20532 18826 18855
20478 18869 18866
20105 18476 19581
19710 19720 19264
19623 17950 20156
19552 18796 19936
19486 19876 19372
19299 20043 19442
18330 22375 17170
18253 21483 19011
18190 21553 18969
18094 21169 19598
17996 22307 18285
17995 20110 20625
17510 21372 19878
16736 23109 17196
16538 21493 20421
16317 23218 17283
16359 23538 15654
15877 21837 20081
22287 17180 15973
21552 16805 18041
20637 20586 16795
20471 18917 18754
19760 17453 20096
19747 20923 18018
19533 21567 16154
18988 20773 19197
18916 21456 18392
18893 20432 19521
18887 21746 17610
18535 17886 21077
18170 22310 17501
18109 22529 16941
17909 22414 17953
17400 18537 21611
17166 22450 18610
15602 23837 15199
15573 21887 20063
14575 23772 16453
21961 17732 16860
21314 19872 16208
20610 19923 17825
20400 18839 18996
20245 19432 18819
19966 16464 19961
19535 20396 18963
19292 20153 19566
18924 21853 17427
18793 19438 20313
18768 22014 17055
18321 22317 17181
18122 21645 19004
18114 19144 21044
17951 21176 19673
17982 22656 16713
17284 20411 20743
16880 19969 21107
15754 22371 19450
15915 23724 15665
15592 23747 15869
15154 23000 18516
22584 16665 15221
21871 19076 15306
20874 20142 16791
20544 18202 19106
20250 19743 18681
19985 19834 18830
19983 20387 18403
19970 18936 19439
19834 21415 15821
19760 21141 17111
19622 18472 19943
19453 21450 17060
19311 21611 16992
19311 21177 18257
19199 19205 20116
18948 20385 19482
18589 21727 18106
18587 17724 21095
18379 19895 20524
18333 22279 17335
18277 21148 19456
18216 21920 18782
17764 17230 21719
17735 20776 20301
17519 21300 19960
17204 17459 21899
16499 19277 21613
16280 18894 21966
15980 20128 21333
15411 19433 21806
15102 22199 19644
22138 16221 16755
21560 19442 16282
20953 18857 18156
20705 19919 17759
20409 20759 16925
19772 21103 17265
19698 18515 19871
19563 19002 19913
19460 21323 17622
19268 21781 16473
19225 19926 19737
18927 18784 20548
18581 20807 19514
17952 17666 21478
17678 20028 20912
17327 18624 21666
17030 20460 20823
16083 23339 17011
16040 20636 21055
15772 23457 17372
15636 22505 19226
15338 23534 17493
22492 16094 15795
21746 18473 16655
20956 20262 16730
19952 21062 16967
19894 21314 14807
19884 20914 17670
19773 18815 19761
19485 19896 19323
19445 19989 19262
19318 21017 18709
19130 21065 18621
18706 21736 18053
18609 17638 20987
18644 18717 20889
18515 22147 17296
18376 20853 19823
18229 22010 18240
17907 21216 19707
17306 22279 18916
17242 20297 20842
16995 23218 15646
16460 20975 20726
16423 23165 17467
16275 22986 18126
15673 22723 18942
15479 20245 21321
15342 20693 21090
22225 18267 14848
21672 19515 15605
20866 20222 16836
20324 18873 18950
19899 20732 18209
19886 17172 20060
19810 17976 19911
19681 17328 20165
19455 21008 18361
19471 21775 15495
19326 21414 17744
19035 20169 19662
18671 21512 18437
17460 21266 19963
17012 22186 19125
16885 20230 21000
16731 23016 17594
16547 21330 20454
14456 18992 22043
22378 17256 15564
21882 18497 16442
21618 16124 17977
21387 19190 17052
20597 17479 19252
20365 17955 19539
20217 19332 18907
20051 18531 19564
19875 21159 16899
19740 21298 16688
19681 18425 19929
19664 19717 19319
19594 18224 20216
19550 19904 19313
19417 18430 20205
19079 20427 19426
18568 16290 21173
18397 18023 21083
17988 20566 20417
17634 22689 17272
17614 21755 19339
17410 21229 20039
17408 22137 18920
17027 23206 15356
16926 22694 18221
16861 20136 21103
16607 18090 22044
15667 21346 20571
15353 23666 16665
15099 21931 19976
22143 16369 16568
22051 17830 16351
22015 18648 15680
21360 19334 16992
21191 17846 18277
21088 18230 18569
20810 20273 16968
20792 19241 18199
20748 19539 18062
19698 21142 17223
19716 21338 16495
19455 19312 19940
19447 19920 19337
18834 20597 19630
18797 20994 19320
18523 22149 17179
18268 18472 21101
18233 20396 20213
17920 22613 16933
17839 22430 17574
17627 22436 17959
17766 21646 19333
17509 20503 20601
17180 22113 19168
16357 23426 16462
16179 23013 18177
15676 18531 22111
22248 17368 16086
21801 18212 16825
21740 18447 17121
21716 16409 17842
21272 19278 17155
21067 19950 16751
20619 20719 15633
20610 20047 17609
20248 21044 14978
20240 20420 18003
20086 21094 16235
19958 20881 17414
19844 18507 19833
19762 21340 16076
19778 21432 16030
19708 21421 16290
19588 21502 16518
19503 20976 18311
19424 19877 19407
19304 21624 16573
19288 21079 18436
19189 20946 18763
19090 21947 16052
18791 19508 20318
18717 18867 20609
18362 22161 17478
18338 21441 19136
18227 21042 19541
18140 20255 20366
17774 20441 20547
17339 20031 20909
17305 17897 21778
17262 22084 19153
17288 17977 21861
17171 20674 20608
16274 22398 19189
16160 17981 22156
15635 22610 19048
22225 17090 16217
22137 17521 15976
21558 18965 16855
21548 16749 18133
21042 19546 17534
20954 19552 17543
20775 20132 17558
20172 20512 17737
20170 19808 18727
19678 21392 16370
19459 21565 16982
19415 18448 20212
19290 21625 16580
19066 20881 19192
18856 22029 16736
18676 19783 20214
18327 21942 18357
18261 20239 20302
17838 20955 20116
17518 19607 21105
17546 21129 20068
17521 21970 19066
17432 22887 16931
17353 22403 18328
17219 22386 18584
16647 18362 21912
15995 23282 17626
14594 20240 21341
14583 23162 18365
21037 19829 17046
20712 20527 16336
20505 18648 18994
20446 19589 18562
19675 19858 19239
19522 19814 19427
19490 18748 20102
19324 20740 18796
19274 17276 20599
18978 21955 16450
18868 21991 16890
18696 21644 18377
18471 22421 15378
18412 22142 17498
18312 21301 19444
18190 20572 20206
18103 22050 18170
18063 21339 19512
17935 22416 17685
17603 20704 20436
17444 22849 17085
17240 22119 19022
17196 22412 18439
17190 18059 21840
16545 19520 21480
16498 22811 18380
15962 18905 21921
15673 19328 21812
15170 21827 20088
15253 21261 20757
13766 23810 16520
22273 17282 15991
21758 19275 15679
21137 19710 17158
21049 19714 17007
20986 19679 17370
20705 19934 17616
20229 21045 14762
19978 21101 16681
19946 18920 19454
19944 16550 20069
19732 19708 19288
19406 19941 19418
19159 20362 19380
19012 19925 19939
18941 19754 20189
18953 21756 17605
18817 19166 20560
18737 21201 19032
18602 20125 20197
18549 16686 21137
17947 22378 17839
17708 21840 19233
17618 20744 20313
17536 23013 15120
17515 18384 21604
17344 22842 17593
16123 20545 21040
15257 20126 21413
22477 17760 14485
21904 16805 17157
21773 18191 17171
21242 17214 18342
20929 19574 17630
20834 19040 18295
20790 16581 19282
20381 20411 17568
20058 20287 18362
20017 21065 16908
19991 21236 16491
19857 17986 19910
19820 19840 19124
19752 20640 18506
19710 20816 18201
19086 18255 20587
19010 20699 19196
18733 18715 20704
18668 21722 18114
18598 20525 19918
18555 20366 20044
18263 22116 17951
18258 20357 20113
18146 22584 16299
17936 18056 21445
17557 18039 21738
17119 21135 20283
17011 20447 20841
16894 20637 20777
16551 23404 15657
16353 20086 21295
14767 17013 22545
13868 23798 16406
21876 18754 15786
21492 18266 17468
21231 17733 18296
20580 18746 18734
20497 19322 18621
20268 19635 18619
20055 20001 18707
19843 21255 16789
19802 20291 18690
19704 21376 16341
19403 20160 19247
18729 21503 18674
18762 21535 18284
18535 19898 20368
18370 22453 14941
18214 21090 19634
17622 19249 21282
17687 18656 21424
17046 22409 18613
16892 17494 22101
16744 20070 21195
16629 22048 19651
16405 19130 21789
15318 23576 16787
15041 18903 22082
14967 22521 19305
14970 22737 19062
22532 16968 14488
21982 16925 17036
21455 15572 18212
21189 17565 18441
20451 19195 18752
20326 19063 18922
20135 19304 18944
20113 20092 18557
20056 17213 19899
19999 21188 15997
19876 21268 16342
19738 19016 19762
19285 17482 20576
19086 20984 19007
18985 21003 18947
18628 20989 19340
18574 21862 18061
18562 17836 21058
18327 22511 15750
18068 22567 16923
17642 21680 19339
17621 21947 18901
17304 22655 17716
17279 20572 20654
16948 23211 16450
16756 22219 19250
16540 18481 21926
16280 23171 17612
16174 23617 14940
16294 23330 17157
15500 22012 19888
22182 17088 16220
22066 17373 16482
21999 16346 17148
21449 18849 17150
21191 19614 17226
20978 18415 18461
20784 20294 16702
20368 18884 18917
20366 20953 15345
20233 20854 16778
20043 21152 16245
19967 17713 19938
19891 16938 19986
19736 20185 18930
19234 17485 20478
18917 21708 17613
18777 21488 18673
18446 20122 20353
18345 20141 20293
18255 22210 17500
18248 21064 19465
18197 22259 17505
18162 22040 18281
18083 21256 19516
18080 22529 17077
18067 20253 20405
18046 22058 18303
18024 21706 18943
17968 21652 19122
17929 22020 18441
17538 22774 17391
16963 22135 19148
16944 19612 21348
17074 19174 21537
17029 19493 21404
16351 22134 19513
16096 22557 19068
15655 18794 22044
14997 20300 21316
15264 22765 18967
22443 17614 14811
22173 17041 16266
21945 18973 15543
20657 18725 18749
20655 19455 18223
20537 20170 17741
20416 18710 19030
20401 19744 18208
20316 19603 18569
20295 18311 19342
20291 20790 17248
20077 20405 18256
20042 17175 19904
20002 17962 19807
19660 19483 19358
19653 21265 16906
19432 19619 19560
19270 21649 16974
19147 20512 19295
18961 19857 20004
18732 21936 17487
18665 21677 18268
18262 19321 20771
18163 21490 19162
18016 20035 20594
17616 21269 19807
17319 21964 19277
16917 22403 18960
16772 22587 18651
16917 20113 21066
16465 19549 21532
16382 17736 22066
16230 22215 19496
16157 20529 21050
16041 23685 14590
15785 21315 20585
14975 23928 15142
14388 22224 19674
22175 18134 15437
22111 16271 16774
22098 16439 16828
21592 16587 17968
21455 19199 16905
21098 20068 16336
20999 20373 16074
20757 18538 18796
20636 17253 19225
20576 18819 18744
20117 17475 19794
19995 20787 17945
19986 18807 19473
19971 19612 18979
19797 21372 15972
19657 19573 19351
19392 16407 20494
19342 21668 16316
19364 20621 19177
18964 19957 19989
18801 21873 17352
18621 16676 21171
18144 20569 20261
18017 21336 19567
17782 18728 21388
17193 21252 20196
17010 20175 20923
16925 22990 17414
17076 22933 17571
16889 22434 18956
16505 20000 21280
16307 17811 22111
15679 20136 21346
15761 23221 18048
15118 20474 21260
22065 17608 16433
21703 18367 17358
21363 20019 15271
20382 18305 19228
20100 20526 17915
19806 21119 17169
19588 18897 19883
18742 18939 20561
18707 22013 17299
18492 17125 21189
18344 22149 17673
17882 21658 19228
17417 18845 21532
17094 22945 17376
16896 23121 17015
16755 22990 17595
16751 22443 18917
16552 21546 20152
16165 23283 17256
16147 19254 21745
16265 22285 19424
15756 23627 16197
15731 20166 21287
21946 18895 15295
21788 18550 16646
21253 17954 18169
20858 20085 17106
20772 20535 15323
20740 20545 15944
20049 19422 19004
20048 18794 19516
20036 19590 19058
20012 20284 18417
19902 17885 19842
19718 21122 17146
19663 19197 19773
19625 20692 18524
19553 21603 15652
19498 20512 18844
19327 21786 14605
19050 21859 16851
18738 18761 20683
18454 19714 20513
18370 21213 19439
18352 21030 19446
18277 22008 18430
18179 22209 17541
18074 22200 17943
17883 22611 17186
17485 19697 21051
17418 22087 18997
16991 20162 20941
16934 19074 21565
16758 18836 21713
16737 22634 18590
16273 22584 18956
15847 22445 19237
15791 22613 18892
15714 23120 18100
15393 18899 22038
15089 23422 17662
21529 18652 17416
21471 19778 16043
21147 17728 18377
21095 20023 16490
21032 19003 18054
20607 19399 18405
20593 19999 17917
20545 19262 18512
20398 19788 18226
20349 19803 18329
20320 18823 19072
20315 19645 18618
20177 20035 18449
20144 20439 17998
20053 17381 19881
19977 18185 19732
19964 20161 18594
19756 20288 18745
19577 21570 15956
19518 19949 19234
19443 19825 19537
19300 19745 19726
19254 18556 20429
19171 20998 18852
19016 19573 20178
18913 20357 19517
18878 21978 16615
18829 21795 17615
18769 21168 18964
18638 22275 15401
18606 21704 18162
18526 20910 19673
18107 19941 20577
17987 20752 20184
17965 22363 17821
17772 18981 21271
17307 19812 21110
17174 22148 18968
17014 20857 20531
16863 20912 20585
16560 23151 17313
16217 22649 18854
16197 23237 17442
16151 23285 17470
15935 23453 16875
15696 18158 22338
15655 19625 21665
22530 17113 13881
22316 17776 15468
22120 17116 16644
22096 16539 16767
21678 19394 15491
21595 19313 16235
21231 19490 17146
20844 20249 16790
20764 17688 19073
20337 20003 18245
20244 19171 19021
20128 17681 19771
20118 17548 19776
19931 20924 17669
19888 17847 19847
19759 20388 18730
19439 21413 17138
19218 20309 19371
18962 21060 18860
18310 19256 20780
18287 19593 20715
18138 22595 15742
18047 21173 19663
17879 22651 16915
17426 21009 20210
17320 18373 21692
17305 20019 20942
17322 19048 21479
17169 22431 18480
17030 20508 20704
16785 20567 20803
16632 18546 21870
16602 23140 17296
16332 20124 21289
15985 23701 14932
15494 23537 17337
15044 21009 20833
15380 20369 21266
14637 22336 19505
13922 23813 16364
22170 16208 16682
21856 18131 17043
21726 16750 17809
21358 18055 18098
21233 16905 18455
21224 16207 18637
21202 17844 18300
20778 19928 17586
20756 19721 17909
20491 20802 15617
20419 20626 17225
20102 18923 19298
19869 21257 16347
19621 20696 18562
19595 20108 19141
19568 20725 18643
19516 20448 18833
19340 21746 16124
19083 21152 18728
18716 19023 20583
18655 21923 17864
18376 21485 18873
18278 17289 21410
17922 21649 19177
17915 21457 19615
17891 22613 17069
17480 22097 18911
17438 23081 15500
17380 21277 20022
17349 22858 17383
17288 23077 16823
17072 18090 21826
16970 20343 20895
16736 19098 21613
16635 19383 21589
16014 23088 18024
15971 20726 20940
15505 22259 19619
14791 22284 19649
22455 16494 15463
22184 17981 15589
22021 17789 16354
21564 16403 18024
21314 19355 17146
21284 16715 18359
20797 20323 16413
20676 18354 18941
20586 20216 17550
20306 20127 18286
20102 20874 17240
19993 21128 16395
19774 20759 18127
19750 21489 15684
19477 20610 18912
19436 21743 15599
19242 18258 20431
18696 18555 20907
18619 19729 20349
18185 21557 18965
18162 22401 16910
18108 20766 20008
18102 18208 21314
18079 22186 17963
18039 21475 19305
17917 18164 21402
17880 21161 19892
17777 18698 21408
17763 20474 20559
17730 22625 17368
17681 20088 20790
17650 22869 15740
17588 21314 19869
17582 21674 19485
17150 19995 21033
16399 21652 20246
16282 22307 19357
15852 23769 14582
15828 23406 17240
15811 18092 22203
15613 23547 17156
15287 22924 18616
21503 18257 17487
21272 19647 16914
21253 19818 16473
20678 19691 18039
20597 19219 18420
20235 16606 19689
20005 21090 16549
19807 20356 18680
19678 21321 16807
19476 20154 19217
19412 20677 18739
19320 21271 17896
19231 21356 17932
19229 18779 20354
18705 20423 19894
18531 22019 17840
18518 20590 19964
18428 21705 18698
18367 21924 18138
17478 20739 20370
17428 20754 20414
17372 22199 18865
17289 20239 20771
16785 22051 19495
16772 21605 20119
16597 23393 16131
16185 23240 17467
15993 20600 21090
15657 18518 22129
14630 21137 20781
22059 16627 16941
21728 19464 15473
21383 19625 16593
21370 19644 16601
21256 19023 17897
21094 18912 17933
20773 20331 16482
20476 19892 18106
20218 19788 18602
20151 20056 18443
20064 21075 16907
20038 18829 19385
19929 21296 15625
19899 18053 19824
19871 18218 19816
19828 21149 16900
19800 19064 19596
19533 21690 15227
19504 20152 19228
19441 17485 20420
19382 21363 17612
19183 21847 15912
19121 19242 20204
19095 21838 16563
19032 20028 19754
18792 18686 20598
18544 17457 21109
18541 22134 17335
18298 22146 17728
18289 21029 19584
18155 22233 17665
18041 22371 17478
17558 21036 20096
17471 22514 18060
17431 21803 19402
17218 22921 17060
17436 21694 19705
16902 21877 19623
16833 20434 20967
16810 21639 19949
16638 19998 21203
16585 21141 20443
16472 23155 17244
16423 21331 20478
16132 17781 22212
15050 19622 21741
15009 23010 18478
14880 23833 16152
22399 16544 15795
22277 16799 16041
22124 17798 16234
22021 18424 15894
21244 17111 18432
20939 17071 18841
20926 19611 17721
20750 17012 19137
20745 18084 19037
20710 20620 15591
20508 18078 19123
20503 20797 15595
20271 20818 16664
20055 20742 17773
19998 18495 19720
19943 21041 17022
19923 18676 19731
19641 21473 16537
19312 17934 20438
19101 20773 19166
19057 21484 18181
18911 20320 19622
18730 17507 20983
18647 20937 19470
18565 21700 18433
18554 20552 19811
18189 22550 16819
17828 22527 17627
17600 20104 20780
17500 19073 21337
17481 18406 21516
17186 19555 21267
17183 20624 20594
16700 19637 21418
16617 22785 18489
16448 22237 19361
16374 20881 20783
16238 21811 20056
15518 20073 21434
15469 23062 18320
14896 22308 19574
14749 23186 18302
22020 17711 16412
22007 17879 16466
22003 17910 16472
21028 19905 16952
20921 18021 18748
20580 18467 18983
20572 18713 18874
20521 19408 18551
20347 18755 19081
20313 17715 19560
20200 21022 16501
20024 18195 19731
19922 20442 18262
19894 21083 16868
19758 21299 16665
19750 19677 19228
19495 20731 18673
19364 21472 17597
19145 19124 20160
18601 17956 21001
18253 20499 20028
18025 22175 17966
17783 20424 20455
17648 18627 21462
16811 21957 19589
16707 19492 21451
16654 17716 22046
16230 22902 18358
16047 22263 19559
15760 21869 19987
15700 18510 22113
15447 21069 20808
15133 18592 22239
15040 22396 19480
15137 23722 16548
14988 23247 18102
14747 23901 15802
22355 15928 16183
21687 18598 17094
21405 19798 16152
20589 19893 18047
19556 18556 20082
19490 21014 18185
19453 21422 17134
19450 19196 19975
19322 21056 18419
19146 21896 15920
19072 21840 16231
19036 19796 19954
18916 21057 18915
18777 16679 21015
18562 19737 20482
18286 22549 15732
18140 17426 21416
18137 20626 20019
18020 22171 17997
17774 21760 19182
17187 21612 19812
17031 18094 21829
16865 23140 16702
16691 22929 17945
16048 18923 21896
16025 18079 22157
15752 22340 19476
15475 23255 17887
15420 22768 18811
14832 18651 22158
15246 23287 18020
22158 17944 15908
20909 18859 18284
20506 19104 18689
20466 20636 17224
20255 20407 17853
20125 19296 19015
20058 19591 18875
19768 20909 17922
19576 21295 17410
19515 21514 16850
19447 15953 20485
19408 20970 18422
19388 20084 19410
19273 21628 16586
19020 21897 17022
18973 19169 20404
18836 21267 18736
18819 18464 20637
18736 18797 20687
18673 22307 15297
18538 20693 19779
18518 20470 20003
18490 21120 19393
17945 19430 20942
17942 22326 17951
17566 17833 21779
17330 22884 17352
17249 23165 15492
17166 17553 21875
17043 22651 18098
16911 22993 17439
16907 22446 18761
16762 20150 21012
16571 21014 20613
16568 22491 18980
16547 21059 20709
16368 23480 16326
16321 23286 17100
16252 19657 21495
15671 19168 21908
15500 22704 18943
14786 20157 21473
14700 22892 18793
22068 17909 16323
21547 19229 16394
21534 19248 16402
21313 18230 17971
21293 16171 18366
20979 19611 17443
20961 20109 16843
20955 17061 18833
20749 19296 18175
20747 19364 18154
20566 19476 18429
20499 16286 19447
20408 20174 17995
20395 18723 19031
20293 15984 19698
20268 20968 15865
20130 19820 18696
20058 17147 19807
20013 20495 18054
19869 17088 20103
19865 19534 19193
19805 20697 18213
19762 21031 17465
19753 20996 17751
19733 20164 18983
19478 19979 19236
19384 20724 18992
19190 21635 17419
19008 21001 18829
18804 21322 18663
18780 21117 19020
18777 19832 20193
18610 19717 20357
18597 19885 20411
18589 17658 21003
18527 22370 15246
17835 21073 19927
17801 20786 20296
17762 22700 16936
17541 22709 17360
17414 22522 18193
17362 22848 17265
17092 20441 20730
16981 20881 20599
16884 21756 19862
16728 21753 20018
16678 23120 17327
16505 20573 20960
16434 18222 22023
16404 19533 21588
16046 23651 15188
15657 20987 20843
14852 18355 22312
14806 23683 16983
14703 23053 18351
14501 23041 18427
14471 21658 20343
22239 17771 15857
22136 18061 15710
21939 18358 16341
21525 19150 16851
21406 17354 18126
21399 17365 18119
21164 18169 18357
20981 17477 18758
20849 19109 18222
20768 20514 15662
20518 15666 19371
20441 16908 19438
20401 18882 18911
20354 18750 19066
20209 17384 19725
19824 21092 17040
19659 21254 17138
19604 18524 20032
19599 19828 19381
19379 21007 18504
19276 18789 20353
18783 19412 20329
18647 20817 19509
18576 18179 20926
18272 21032 19491
18235 22523 16472
18185 22581 15295
17865 22377 18019
17637 19522 21017
17475 21967 19121
17432 22872 17238
17199 19965 21096
17181 22649 18081
17182 19576 21287
17050 20795 20586
16808 19832 21260
16805 23351 15503
16689 22616 18634
16128 19493 21624
16091 23255 17604
16026 20510 21144
15543 19331 21807
15301 19680 21685
22075 18167 16056
21873 18598 16359
21866 16392 17637
21841 16671 17371
21730 18218 17397
21706 17470 17426
21670 17850 17426
21416 19824 15534
21227 18111 18154
21211 18859 17937
20862 20177 16887
20583 19515 18289
20411 19700 18354
20349 18840 19047
20288 19724 18593
20226 20870 16803
20159 18387 19503
19727 19592 19323
19623 21165 17423
19344 20336 19277
19316 21196 18190
19233 18151 20435
18889 19514 20210
18788 16885 20992
18636 22314 16803
18443 19596 20559
18430 19764 20613
18144 21452 19171
18102 21084 19685
18065 17239 21474
18011 18190 21384
17954 21082 19780
17907 20817 20230
17662 22104 18694
17558 20070 20809
17478 22494 17888
17401 22235 18669
17356 18829 21588
17223 21089 20292
16902 21847 19685
16698 21475 20245
16591 21242 20402
16500 18388 21989
16480 18949 21778
16329 21241 20497
16208 23006 18102
16089 20695 20954
15666 22634 18947
15590 23510 17286
15456 22208 19642
15064 19268 21991
14786 23235 18178
14673 23751 16633
14441 19144 22015
22028 15777 17103
21851 18202 16895
21575 19436 16089
21227 15915 18538
21115 20236 15511
20730 19274 18212
20668 19390 18170
20612 19989 17730
20363 20861 16455
20314 18861 18993
20234 18687 19393
20121 19449 18984
20039 19864 18783
19934 19616 19054
19802 19892 19213
19566 20765 18405
19367 19972 19555
19342 21159 18234
19336 21766 15764
19313 20901 18744
19034 18015 20608
19027 22037 15468
18974 22034 15710
18800 21113 18993
18446 19536 20631
18389 20399 20057
18122 22432 17281
18075 22477 17189
18096 19196 21133
17712 22613 17563
17678 21256 19850
17674 20944 20118
17644 20969 20219
17639 22611 17619
17578 22857 16068
17554 20101 20835
17459 22998 15472
17435 20545 20560
17406 17553 21792
17228 19579 21232
17168 22157 19088
16976 22306 19111
16958 20489 20778
16877 18766 21772
16874 21463 20123
16607 20518 20964
16447 19015 21764
16315 21088 20639
16081 21168 20705
15555 17321 22458
15240 23781 15662
14922 23546 17276
21710 18654 16804
21667 19399 15640
21351 19638 16666
21234 19668 16885
21156 19856 16594
20832 18357 18785
20535 20753 16456
20407 20216 18044
20114 21156 16146
19923 20874 17734
19680 21201 17189
19543 19653 19497
19531 21584 16324
19515 20173 19187
19164 21096 18601
19039 19776 19978
18774 16847 20997
18768 21354 18731
18625 21961 18035
18078 21346 19411
18051 22345 17713
18036 21164 19736
17889 22042 18464
17885 22845 15484
17738 21677 19329
17656 21712 19299
17589 22175 18598
17547 22673 17431
17106 21428 19957
16852 19310 21539
16640 22322 19125
15749 22816 18774
15669 22880 18642
15469 23905 14849
15122 19031 22040
15035 20269 21304
15028 19502 21775
14949 23004 18624
22050 17962 16318
21964 18356 16360
21785 16721 17703
21457 17324 18140
21389 19174 17135
21324 19765 16464
21010 20399 15456
20925 18170 18619
20882 18467 18636
20500 18871 18776
20300 20788 16866
20156 17772 19642
20145 20866 17117
20058 19388 19148
19799 20024 18871
19663 18716 19872
19515 19928 19287
19485 18383 20109
19444 21011 18240
19385 18041 20319
19312 21200 18228
19287 19657 19825
19253 17630 20476
19181 18190 20447
18921 21852 17495
18861 20426 19738
18799 16801 20977
18705 21543 18417
18674 20593 19808
18512 21259 19131
18735 20186 20153
18246 22442 16505
18136 22478 16945
18097 22633 15724
17998 22528 17257
17856 21217 19758
17834 22433 17555
17566 21232 19883
17416 20532 20578
17359 20004 20938
17359 19444 21202
17092 23199 15131
17015 23184 15483
16912 19474 21437
16797 22859 17911
16617 18849 21821
16502 23013 17937
16451 22453 19118
16437 20453 21049
16380 19925 21409
16373 19247 21723
16337 19982 21342
16278 20662 20978
15189 20217 21448
15182 19539 21762
15064 18622 22228
14720 21770 20174
14665 23368 17872
14298 23714 16932
22262 16779 16108
22177 18347 14969
21921 18411 16336
21863 18369 16635
21733 18022 17387
21692 18527 17242
21650 18065 17446
21633 18822 16799
21529 18833 17010
21452 17610 17961
21399 19403 16859
21328 17773 18158
21314 19879 15831
20907 16623 18946
20299 19080 18958
20179 21036 15753
20111 19409 19047
20105 18850 19328
20087 21239 15156
20027 18221 19660
19967 19273 19417
19853 19032 19534
19469 20290 19203
19326 21598 16842
19295 21658 16317
18702 21248 18971
18546 21013 19488
18407 22167 17470
18250 18524 21190
18064 21665 19011
18005 21688 19087
17985 22606 16708
17914 19532 20977
17728 22550 17792
17718 20073 20794
17571 21665 19558
17509 22478 17946
17441 23031 15495
17379 21463 19789
17297 22484 18331
17278 20728 20483
17093 19428 21304
16967 23307 16370
16921 18474 21795
16427 20203 21208
16069 21386 20498
15997 23066 18091
15946 22150 19604
15197 22993 18511
14917 23902 15432
14874 21718 20318
21604 18471 17405
21400 17114 18276
21279 18635 17742
21222 17547 18366
21215 19798 16764
20766 20493 15818
20511 19083 18741
20188 18948 19264
20011 20460 18146
19923 19796 18965
19518 19644 19526
19334 18167 20362
19328 21764 15881
19091 20581 19234
18967 18354 20668
18849 20272 19788
18471 21621 18686
18271 21467 19009
17940 22338 18032
17866 21012 19973
17784 22877 15047
17784 21527 19349
17899 17630 21634
17730 20389 20579
17715 19412 21039
17515 20898 20273
17500 21126 20123
17338 21792 19446
17230 18472 21696
16820 22982 17559
16773 22788 18333
16596 19995 21241
16522 18536 21963
16354 18592 21886
16370 20902 20803
15857 23735 15180
15237 20197 21323
15227 22547 19251
22323 16374 16029
21625 19124 16441
21553 18849 16890
21440 17077 18185
21419 19968 15139
21306 19623 16736
21037 19430 17569
20749 20368 16624
20723 20006 17594
20653 18772 18713
20533 19555 18210
20446 19615 18511
20439 18937 18825
20297 20743 17020
20281 20795 16902
20102 16487 19821
20034 20859 17436
20033 19379 19177
19988 20878 17470
19940 19026 19420
19906 19680 19072
19869 19182 19432
19833 21462 14762
19698 17987 20081
19409 18467 20252
18831 21981 17014
18757 19445 20407
18712 21043 19186
18486 19551 20508
18472 20338 20142
18221 19182 20985
18174 22567 15747
18163 20358 20260
18046 22607 16464
17996 22665 15287
17905 21752 19055
17684 20657 20391
17638 22940 14996
17482 21577 19689
17381 20763 20410
17275 18384 21687
17251 20326 20763
17151 21500 19954
16751 18409 21880
16544 21497 20163
16483 23420 15993
16386 22905 18202
16117 19932 21425
16049 22185 19531
15856 19489 21711
15723 20064 21468
15503 19811 21607
15182 17248 22521
14964 17795 22405
14569 23395 17923
14567 23890 15978
22104 17009 16660
21544 18721 17343
21479 18001 17956
21356 17710 18207
21288 19178 17281
21186 19483 17359
21107 17966 18443
21033 19459 17749
21024 19487 17586
21019 17286 18776
20976 17567 18739
20870 19765 17517
20608 19855 18100
20171 20850 17088
20134 19540 18936
20096 18824 19399
20078 20139 18496
20024 21117 16354
19892 18973 19527
19849 20433 18671
19753 20303 18833
19707 21105 17267
19603 19476 19620
19601 21566 15458
19596 20723 18654
19470 20995 18211
19441 21406 17296
19285 21798 15361
19258 21658 17070
19009 20389 19473
18792 21277 18832
18783 20166 20028
18698 18489 20815
18563 21380 19002
18245 21056 19477
18208 21480 19112
17990 21276 19604
17967 22584 16793
17947 21741 19038
17917 22004 18463
17886 21054 19854
17639 18871 21417
17265 20890 20401
17144 19900 21133
16792 19877 21243
16577 19982 21259
16568 23441 14194
16500 20436 21077
16496 23425 15694
16460 20172 21195
16441 19624 21519
16330 18498 21989
15835 19527 21705
15724 23803 14830
15700 23440 17488
15413 23921 15191
15313 19325 21900
15158 23068 18333
15072 22924 18677
14358 22949 18707
14352 19712 21682
22504 16730 15267
22163 18320 15506
21849 17597 17154
21770 18169 17207
21755 16181 17764
21614 17881 17464
21259 18827 17887
21159 19627 17299
20803 19232 18218
20346 19543 18719
20281 19299 18859
20245 19627 18716
19933 21145 16641
19851 20908 17745
19813 18385 19881
19735 16367 20172
19712 21144 17152
19603 15956 20329
19449 19238 20024
19186 21235 18339
19179 17060 20734
19143 19694 19930
19042 18654 20558
18956 19861 20000
18757 19547 20293
18694 20696 19623
18444 22232 17326
18130 22111 18109
18090 21089 19651
17952 18783 21266
17886 22561 17181
17802 22170 18309
17761 21530 19368
17756 19907 20779
17714 20609 20408
17666 20957 20161
17636 22070 18817
17529 21459 19782
17523 22697 17555
17409 22835 17368
17343 21309 20046
17315 20704 20437
17051 22331 18960
16938 20486 20788
16593 18890 21727
16368 22395 19162
16356 23150 17496
16334 22379 19282
16203 22969 18242
16138 18786 22005
16057 23274 17715
15557 20641 21126
15532 22976 18519
15515 22902 18560
15438 20329 21279
15270 20290 21294
15038 23726 16757
14979 21742 20243
14434 23958 15628
22426 16383 15909
21922 16041 17376
21885 18835 15634
21639 19165 16280
21593 15834 17979
21546 18028 17552
21515 16702 18149
21498 17093 18135
21314 18401 17906
21280 19480 16923
21263 16555 18382
20792 19954 17416
20768 19258 18228
20578 20726 16666
20457 18133 19286
20447 18000 19291
20440 19780 18171
20214 17150 19651
20183 20810 17422
20025 17091 19947
19987 21269 16084
19902 20807 18033
19877 20871 17789
19795 20040 18874
19747 20524 18541
19732 21494 14325
19621 21172 17439
19543 20716 18672
19511 21620 15900
19469 20170 19242
19364 20140 19276
19356 20883 18742
19298 17341 20492
19190 20969 18734
18718 21717 18102
18657 22144 16836
18535 22346 16366
18527 17610 21169
18425 21948 18071
18229 22407 16733
18219 19954 20517
18146 19792 20634
17933 22164 18323
17774 22479 17676
17763 21560 19335
17630 19479 21108
17529 19278 21259
17527 22933 15315
17431 21977 19217
17284 20522 20649
17207 21404 19977
17180 22410 18495
16957 21631 19889
16703 19513 21471
16673 18837 21660
16660 20076 21135
16560 22803 18469
16318 21498 20329
16225 21145 20572
16032 22601 18939
15756 21890 20007
15669 22850 18704
15746 21082 20756
15280 23989 14841
15123 21830 20149
22460 16331 15555
22437 16886 15792
21776 18331 16740
21527 17969 17906
21386 17151 18167
21369 17542 18153
21336 16746 18350
20958 19522 17552
20908 20290 16230
20868 19071 18275
20854 19671 17787
20543 18579 19002
20494 17294 19436
20310 19775 18525
20283 20995 15579
20166 19453 18929
20104 21095 16212
20066 17308 19797
20050 19885 18742
20030 20934 17354
19957 20810 17759
19936 20903 17445
19768 21327 16270
19680 19887 19220
19551 20733 18594
19439 20440 19166
19402 20972 18517
19364 21266 17771
19278 18359 20378
19143 18846 20420
19065 19985 19730
19045 19475 20098
19038 21875 17120
18855 21708 17754
18841 20141 19838
18725 18679 20733
18707 20716 19582
18659 22067 17746
18543 18123 21066
18507 18628 21055
18296 20258 20210
18181 21624 19059
18161 20149 20440
18130 22141 17967
18038 22605 16581
17951 20843 20146
17690 19987 20830
17624 18266 21567
17597 21827 19339
17494 23030 15368
17164 19395 21403
17151 19416 21292
17050 19215 21443
16788 20610 20802
16339 23510 16365
16252 22530 18974
16153 20577 21004
15964 22292 19542
15586 21391 20569
15518 18229 22218
15422 19854 21629
15411 20122 21450
15350 22467 19304
14477 20661 21139
14052 18729 22196
22346 15690 16201
22263 17767 15768
21957 17931 16626
21619 18830 16880
21207 17195 18368
20951 19703 17582
20564 19000 18646
20505 18843 18891
20358 19619 18442
20321 18947 18957
20234 19075 19133
20108 19976 18592
19783 20140 18929
19696 21159 17393
19544 18659 20024
19492 21692 15467
19363 19738 19594
19336 20004 19468
19294 18131 20396
19290 20777 18982
19081 20868 19042
19075 21228 18658
18838 19585 20251
18788 18769 20596
18722 20756 19459
18677 19944 20186
18632 22345 15279
18515 16254 21329
18394 21486 18850
18392 20837 19921
18344 17987 21239
18333 21287 19348
18312 19435 20705
18144 19176 21008
18076 19819 20633
18066 20315 20318
18047 16860 21525
17893 21880 19006
17649 20205 20724
17492 21290 19962
17419 21128 20079
17419 20942 20268
17381 22161 18906
17313 22862 17419
17025 19759 21210
16758 20171 21032
16681 19624 21436
16672 21385 20265
16291 19648 21453
16213 21085 20726
15936 22874 18453
15888 23347 17209
15816 20417 21225
15751 20449 21177
15556 19749 21610
15100 18911 22074
