100 2
36892
843 758 411
666 276 308
760 766 786
721 977 846
663 523 495
689 667 584
780 143 114
847 649 818
618 589 443
630 322 87
731 966 884
782 272 75
728 914 412
838 194 588
766 379 232
662 402 635
674 929 935
785 108 253
777 602 224
784 936 991
715 735 609
731 95 129
700 969 951
838 204 108
640 704 420
686 175 136
698 874 114
857 948 994
664 910 862
802 627 98
744 253 308
710 491 812
780 290 67
745 124 247
769 670 939
686 320 575
823 454 888
772 818 972
737 438 429
822 253 17
616 389 104
763 253 465
720 226 509
832 213 692
707 446 715
713 512 93
707 387 426
796 994 760
634 321 689
685 523 607
691 381 584
630 749 554
789 627 87
745 724 946
844 333 60
721 859 793
845 225 29
853 103 71
618 773 173
736 790 272
729 412 725
839 599 763
753 129 239
810 52 121
829 126 712
630 396 734
671 368 479
713 359 111
762 363 146
766 716 654
630 199 568
842 708 93
748 341 646
649 318 285
840 356 433
678 153 437
849 746 156
820 818 851
739 556 903
638 817 900
823 988 989
644 308 661
840 978 971
792 706 286
822 61 127
641 110 120
699 909 894
698 393 433
685 584 218
798 311 220
711 13 126
662 652 637
719 646 955
676 727 841
745 665 398
677 361 5
764 683 895
785 347 201
697 405 214
662 109 267
106
36919 31639
36913 31738
36879 31748
36845 31975
36839 32074
36819 32271
36813 32370
36765 32402
36746 32429
36740 32539
36706 32549
36666 32875
36665 33034
36640 33171
36544 33174
36519 33311
36483 33451
36458 33588
36415 33708
36354 33719
36334 33762
36294 33793
36273 33797
36269 33919
36237 33948
36212 34074
36172 34136
36152 34179
36091 34190
36088 34199
36076 34245
36062 34390
36050 34541
35936 34551
35935 34667
35922 34719
35910 34858
35885 34984
35837 35080
35818 35091
35770 35122
35758 35273
35718 35356
35687 35454
35645 35498
35611 35508
35580 35586
35568 35737
35494 35745
35469 35791
35424 35795
35423 35811
35421 35887
35377 35952
35372 36008
35324 36104
35205 36148
35181 36223
35108 36365
34939 36454
34855 36468
34818 36469
34756 36522
34711 36526
34694 36535
34649 36558
34627 36684
34534 36760
34503 36769
34458 36773
34433 36819
34349 36833
34305 36865
34218 36885
34182 36917
34137 36921
34106 36930
34082 36965
34081 36976
34053 37079
33981 37113
33894 37133
33717 37134
33701 37236
33629 37270
33584 37274
33542 37290
33508 37360
33421 37380
33349 37414
33341 37436
33254 37456
33224 37540
32997 37571
32952 37575
32944 37597
32902 37613
32857 37617
32785 37651
32532 37664
32497 37687
32455 37710
32330 37763
31809 37784
31805 37853
31644 37936
