200 2
69359
673 173 223
575 688 447
602 738 992
623 127 157
762 587 356
666 504 597
623 762 738
576 452 369
775 957 981
691 420 476
693 534 762
598 864 781
710 179 570
598 291 77
667 952 960
596 10 20
775 680 887
607 670 356
794 906 732
713 461 823
748 970 983
598 87 178
790 961 899
748 899 993
787 494 511
769 7 15
738 686 666
759 201 384
595 808 739
721 340 833
596 589 882
657 817 385
602 888 799
790 397 390
699 416 103
685 404 188
657 71 35
714 157 239
693 288 308
648 478 340
577 367 349
668 4 163
585 124 329
709 950 977
709 639 797
667 981 958
627 374 398
776 432 500
578 488 375
743 159 101
638 171 260
683 982 968
667 316 278
605 906 869
799 105 230
671 22 43
645 415 345
804 837 790
744 784 917
702 950 939
694 18 99
693 976 972
668 284 222
628 769 333
765 752 612
741 362 114
740 7 95
686 276 377
788 468 596
592 201 194
798 482 44
792 629 619
767 446 447
591 785 516
714 450 511
624 88 355
647 895 891
630 663 853
576 870 811
648 87 94
600 629 942
710 35 79
617 185 454
689 133 67
800 6 46
593 890 988
583 164 396
700 393 394
612 222 513
609 655 634
758 970 881
698 923 963
791 125 136
607 111 87
736 30 163
694 139 97
591 959 977
612 742 264
674 351 112
706 359 218
642 869 823
744 635 561
626 285 489
640 446 99
714 149 276
781 957 986
618 799 831
779 949 986
601 218 492
794 450 294
588 129 206
706 462 352
583 727 617
806 972 756
713 762 642
730 614 719
802 789 939
743 855 871
687 530 552
762 247 210
698 909 849
759 421 680
720 912 972
706 302 383
685 140 183
751 637 750
777 176 367
691 511 884
803 18 119
704 59 40
577 644 829
653 634 614
799 813 780
785 17 45
671 800 930
635 892 853
794 774 889
654 775 772
781 940 994
756 65 107
703 272 308
680 608 695
621 354 123
801 505 561
606 689 824
745 293 243
643 766 702
600 589 796
597 154 304
807 144 203
714 687 916
741 358 517
765 789 718
794 101 371
667 694 974
761 44 198
629 846 671
804 575 757
794 513 685
702 726 750
755 462 804
625 149 432
794 443 358
590 690 576
599 251 34
794 311 118
809 983 967
794 10 51
782 140 101
658 824 831
777 863 838
752 541 933
696 618 425
680 474 754
786 198 192
602 338 206
777 432 373
700 49 454
756 769 797
792 38 94
645 198 134
754 165 77
657 630 662
766 196 98
687 547 822
653 946 739
615 504 516
656 692 686
693 146 425
792 590 769
628 103 124
739 315 632
620 50 181
680 302 506
703 858 842
582 714 780
759 452 235
678 137 343
585 188 228
606 161 334
74
75269 76392
75238 76638
75197 76691
75196 76762
75185 76850
75149 76970
75096 77006
75075 77172
75019 77174
75012 77177
75010 77259
74986 77328
74949 77363
74909 77496
74846 77501
74844 77583
74820 77587
74757 77611
74726 77613
74716 77645
74653 77669
74611 77676
74593 77699
74577 77756
74564 77760
74497 77763
74496 77791
74419 77792
74415 77795
74406 77803
74396 77846
74350 77876
74330 77883
74281 77889
74261 77967
74194 77970
74113 78050
73931 78069
73915 78101
73842 78109
73824 78114
73797 78131
73761 78138
73737 78195
73665 78207
73566 78230
73467 78258
73412 78264
73394 78266
73368 78281
73349 78288
73295 78289
73277 78294
73250 78311
73196 78317
73181 78363
73127 78375
72983 78414
72916 78417
72910 78422
72865 78444
72798 78447
72738 78487
72675 78511
72430 78515
72401 78538
72328 78546
72322 78562
72193 78573
72149 78582
72143 78615
72051 78621
71640 78622
71610 78630
