200 2
73942
692 227 876
681 516 165
761 753 729
640 946 833
672 737 275
692 761 437
816 94 266
846 330 938
605 954 54
847 576 41
648 940 846
734 111 298
876 753 614
800 121 735
663 270 392
727 752 276
682 974 725
779 119 329
619 331 503
833 939 959
694 748 542
868 148 149
861 976 848
651 32 535
651 848 229
827 288 120
852 619 361
759 653 1000
720 962 621
746 184 528
797 297 322
797 749 525
748 115 291
621 196 238
856 795 808
710 610 304
624 448 858
853 881 891
794 472 415
805 25 335
609 915 4
817 329 422
825 434 324
837 183 744
876 686 453
812 351 235
771 518 327
725 865 947
806 842 164
670 723 379
777 632 339
637 930 217
840 216 460
619 861 787
830 26 596
781 863 699
747 12 507
600 6 585
635 942 42
706 576 490
733 626 500
659 346 889
731 182 254
744 33 292
624 160 691
863 893 175
732 638 247
750 301 204
711 228 325
810 644 676
845 774 92
799 96 741
793 495 493
693 602 126
623 119 764
852 468 176
622 100 838
692 626 910
739 779 679
794 975 461
770 925 993
605 781 198
703 822 992
878 368 626
703 27 358
615 385 40
794 941 740
884 547 311
692 561 263
624 155 476
693 90 60
781 839 360
652 880 721
650 901 532
866 547 511
619 195 51
843 773 766
822 194 427
630 435 237
716 391 96
807 165 337
866 539 518
800 818 210
854 112 400
680 695 269
704 586 293
694 584 337
703 867 378
752 365 417
739 438 114
661 765 48
854 621 58
707 42 254
804 730 850
718 676 136
856 567 768
623 663 361
758 470 829
628 335 134
681 787 669
740 551 256
720 256 826
661 614 274
641 374 383
700 314 265
847 620 291
760 3 226
687 412 938
687 338 517
735 39 249
659 272 805
747 476 925
646 623 41
693 515 751
825 555 938
655 424 883
670 541 973
859 516 931
832 661 328
829 35 344
688 53 557
705 673 666
683 828 591
839 919 717
637 526 842
646 287 69
736 777 272
748 87 95
790 740 790
688 747 367
701 677 627
663 458 242
649 63 154
836 731 821
787 90 358
718 58 882
716 532 35
779 618 270
885 49 184
801 176 115
692 959 313
596 691 582
686 380 829
704 483 772
724 912 891
845 997 87
818 723 438
859 595 62
798 124 538
700 464 432
752 262 986
835 172 30
674 893 479
803 410 535
639 290 806
634 875 566
695 33 246
856 664 413
752 535 953
695 666 558
868 522 500
687 958 370
631 780 172
788 190 214
740 818 389
715 520 511
683 91 887
819 940 81
718 171 292
795 369 467
692 971 419
812 178 807
851 927 704
652 667 567
774 684 66
781 340 2
611 365 936
608 80 771
726 130 616
882 643 713
941
63377 68910
64657 68176
71943 61637
66556 67005
72620 60753
67261 66528
72452 61007
64412 68317
60832 70064
66875 66758
75324 54762
70677 63147
75207 55117
71720 61921
63788 68657
62082 69539
58889 70652
60560 70148
71919 61712
71333 62387
73284 59695
69698 64260
67451 66383
66099 67296
65291 67778
75473 54198
72911 60272
68807 65220
75502 54005
68500 65496
66251 67164
69709 64256
63923 68594
65596 67587
55338 71238
60712 70110
73828 58650
75021 55785
60160 70308
62263 69452
71830 61764
69910 64044
69811 64160
73575 59214
66568 66965
64293 68392
63065 69084
63597 68774
71663 61992
55913 71191
54984 71267
76012 50265
66906 66731
68448 65579
66289 67150
70810 62988
72067 61447
66246 67179
64490 68268
58329 70795
64575 68226
74612 57010
63984 68545
57505 70933
71308 62447
75118 55430
75886 51775
71288 62478
69055 64954
66635 66920
70114 63806
71171 62567
66173 67231
64943 67984
72035 61500
72082 61432
74429 57419
66726 66867
66112 67233
62321 69434
61051 69971
72394 61051
73144 59908
72287 61172
74654 56899
70440 63436
64505 68252
61790 69654
66611 66922
75148 55412
60640 70113
69733 64226
62402 69400
75859 51869
61335 69851
72300 61156
71020 62793
73215 59833
68154 65832
64729 68118
64510 68241
61743 69682
60268 70268
63778 68682
65739 67532
72568 60799
71845 61762
68373 65638
64127 68467
74390 57566
74275 57765
66444 67055
75006 55858
64049 68529
62001 69568
75386 54440
75714 53064
61594 69738
74981 55941
75122 55413
60413 70213
65413 67703
60187 70297
71867 61758
71773 61840
71172 62563
62005 69565
58015 70864
69157 64834
67009 66680
61951 69594
74987 55862
70321 63578
62036 69552
61063 69958
69681 64282
62339 69410
65197 67837
64122 68473
70078 63829
73187 59864
66505 67006
72535 60841
67013 66677
72330 61146
69395 64580
73613 59087
67098 66635
73521 59251
65112 67887
63489 68822
60533 70152
74542 57183
68604 65408
69725 64235
63875 68610
59704 70441
55219 71258
74041 58231
72895 60286
54880 71276
72270 61217
64319 68376
74554 57175
64404 68334
69606 64409
57272 70977
73993 58419
64772 68092
64946 67976
74227 57939
60379 70215
67082 66650
70903 62891
76046 49624
64376 68348
62424 69373
59626 70472
63148 69040
74456 57362
54531 71280
65196 67867
64150 68459
65111 67899
74864 56308
62983 69107
60578 70146
63840 68638
75416 54398
69382 64623
71821 61776
61935 69604
69581 64451
74557 57068
62020 69562
70877 62901
69840 64144
72294 61160
71091 62681
70184 63697
74934 55999
71479 62259
70936 62825
67353 66474
75376 54465
75514 53950
73006 60090
64868 68060
75621 53240
71804 61835
60501 70181
71418 62294
72033 61515
68951 65079
61858 69630
66861 66780
57523 70913
71422 62264
73688 58982
75939 51298
62670 69267
63605 68767
63747 68689
75237 55065
63704 68718
59686 70462
69078 64899
74930 56104
73478 59383
71969 61624
68594 65451
67125 66584
66652 66889
66899 66757
61831 69636
70769 63061
67635 66286
69476 64527
65939 67389
64172 68441
66782 66855
74067 58187
71267 62520
56423 71125
71514 62150
63709 68707
70981 62800
74174 57950
70272 63661
58050 70834
68852 65184
65985 67352
68677 65341
63464 68848
63035 69089
72902 60274
58482 70747
62497 69343
72018 61530
75964 50712
69284 64716
75097 55575
73896 58588
68927 65125
66462 67035
75834 52161
62844 69176
74015 58316
61903 69614
56956 71053
63943 68577
74043 58225
70073 63838
70927 62837
72869 60316
64751 68103
62643 69280
56777 71096
76029 49767
75663 53227
72471 60968
63975 68565
71591 62090
58023 70857
71095 62677
57502 70942
68010 65916
68458 65536
72016 61574
62962 69118
70111 63824
58558 70719
72976 60173
62939 69134
71087 62687
59502 70542
75420 54390
59793 70435
66724 66877
72762 60487
70492 63390
65506 67641
64662 68170
63982 68563
69871 64107
66217 67198
76032 49642
74525 57186
65885 67399
73616 59077
73385 59550
74365 57633
70418 63440
74081 58112
57224 70984
72821 60429
75986 50694
67808 66176
60927 70000
75228 55109
69636 64344
65079 67927
67488 66351
60604 70142
75871 51814
75811 52428
71228 62527
62938 69137
66793 66850
71121 62648
70056 63892
62830 69213
70544 63310
73692 58937
63345 68923
66659 66886
75056 55631
60865 70048
70069 63849
64933 67994
63869 68618
73340 59565
68781 65253
67958 66003
64836 68061
63772 68685
62577 69316
64104 68502
58556 70744
73948 58490
67962 65973
69507 64490
57644 70909
65250 67795
65961 67380
63687 68744
64882 68024
75161 55298
69656 64326
75818 52291
74447 57364
64550 68233
55480 71214
60058 70314
72063 61495
66228 67189
68331 65677
75303 54847
69174 64825
70394 63473
70557 63271
64058 68521
72956 60199
74959 55949
69906 64073
75715 52994
66433 67078
64619 68198
64329 68368
58638 70701
63101 69060
55926 71184
75031 55745
62218 69476
61732 69722
63707 68708
66264 67156
61243 69939
63731 68702
58873 70698
67236 66534
69989 63963
69935 63992
67661 66241
68656 65356
61888 69615
56017 71176
69122 64872
74268 57802
73523 59244
74890 56217
68730 65323
75962 51015
68141 65850
68606 65364
67826 66085
66418 67088
65222 67831
63174 69031
72724 60598
59939 70367
63522 68811
63951 68570
72153 61420
67375 66405
62179 69516
69783 64208
75517 53880
65051 67939
70004 63938
58376 70767
71146 62596
70949 62805
66608 66934
63456 68865
61317 69875
61402 69833
65485 67679
60049 70354
75569 53667
60840 70057
64526 68239
69455 64546
64140 68460
71949 61635
63957 68567
57120 71006
64971 67970
76061 49528
74050 58213
68809 65194
71393 62338
72623 60743
70555 63286
70142 63782
67915 66009
56161 71175
68000 65967
67188 66565
72943 60232
66259 67157
75745 52809
75909 51492
75432 54335
64166 68444
72389 61088
61882 69624
74767 56663
74091 58097
65368 67727
69958 63975
67544 66339
75182 55184
62621 69307
61456 69799
70129 63802
72860 60337
73003 60129
75835 52091
72745 60508
68409 65600
75523 53820
61585 69787
62190 69489
76095 48887
75760 52591
67911 66043
62898 69166
59026 70637
70724 63086
69992 63945
75669 53083
70945 62816
63293 68941
69177 64815
65774 67479
65086 67905
72683 60672
66111 67268
64644 68194
62410 69393
71748 61864
74833 56459
73426 59413
69357 64629
63224 68972
63786 68675
60318 70236
64301 68385
74773 56584
66591 66956
75946 51145
71664 61977
63185 68989
65562 67628
63369 68917
66669 66884
64993 67956
64498 68261
64262 68402
66053 67326
65125 67883
63034 69094
74496 57233
62747 69257
73591 59094
73812 58770
61059 69964
64687 68151
70246 63694
71113 62651
62090 69527
59604 70474
75390 54413
67443 66390
73309 59628
71806 61791
71982 61608
65171 67873
60617 70122
60916 70028
69788 64173
72272 61190
72950 60220
74670 56832
64165 68456
65241 67797
65890 67398
63431 68869
71196 62541
63389 68881
70146 63746
71329 62405
68534 65495
65859 67437
63156 69033
68287 65722
74349 57703
66479 67020
73093 59972
62329 69422
67680 66194
62247 69469
74474 57316
68484 65503
60421 70206
73241 59739
75341 54686
57168 70999
60284 70237
75794 52435
61959 69587
74786 56517
69611 64365
62313 69441
66297 67128
56172 71138
68163 65780
68020 65908
67206 66539
75902 51559
75375 54535
61943 69597
68929 65081
75887 51705
66836 66786
66567 66979
61428 69807
61782 69661
63627 68757
71061 62720
62393 69406
56447 71113
72098 61423
63014 69097
69678 64292
60632 70120
70944 62818
61805 69650
63543 68809
73396 59483
72501 60882
71745 61897
62255 69459
62879 69174
75893 51622
61735 69689
72337 61134
62921 69149
73730 58870
64384 68341
69622 64351
62432 69366
70596 63254
74415 57499
75617 53380
66699 66883
64950 67971
75525 53791
72512 60860
71694 61954
75819 52221
70655 63178
65577 67593
69262 64718
66958 66725
75539 53744
67133 66577
57859 70902
74839 56380
67370 66422
60769 70093
62470 69361
75963 50782
62028 69555
65018 67952
75746 52739
75365 54625
70416 63444
75046 55653
72853 60389
75179 55261
62505 69336
63009 69098
69941 63983
61862 69626
64764 68099
73256 59696
73816 58654
64712 68147
64233 68432
68146 65839
69755 64210
63484 68839
70895 62898
69260 64762
61823 69643
64604 68223
75987 50461
66869 66773
74252 57872
58971 70640
66074 67302
69857 64114
58368 70774
70145 63754
73225 59753
63983 68558
62755 69250
63832 68645
66192 67204
75044 55697
72155 61376
71500 62217
73950 58464
56422 71131
64180 68434
65764 67526
72392 61078
63396 68874
74583 57046
71359 62354
72275 61176
61084 69955
75849 52036
73494 59263
70639 63196
75245 55057
64237 68406
65540 67637
64798 68083
64670 68163
74034 58282
72240 61303
71941 61681
73633 59039
60984 69980
61911 69607
66486 67012
71765 61842
63573 68798
62662 69274
75910 51422
72805 60443
61422 69824
60612 70135
63696 68725
66334 67121
65429 67680
62975 69114
64988 67965
60189 70285
72416 61021
71197 62534
73096 59962
70520 63356
59967 70366
62585 69309
69248 64777
73577 59121
62947 69127
55637 71206
70045 63895
72499 60911
68186 65776
59510 70535
73155 59904
59801 70428
75996 50374
68271 65734
76024 49789
68077 65878
74165 58086
75565 53723
67016 66656
62428 69367
60493 70188
60923 70001
71046 62760
63073 69077
61991 69576
64106 68484
70392 63566
59296 70557
55728 71198
73701 58881
71761 61848
75110 55479
70206 63695
63847 68629
60989 69973
65799 67473
57434 70962
67473 66379
69480 64494
74093 58093
69354 64656
67496 66344
75911 51363
70614 63251
57060 71031
64066 68514
70474 63393
67815 66106
73853 58633
62838 69206
65393 67721
60777 70086
66644 66914
59237 70601
66774 66862
75664 53157
70533 63317
69912 64025
64941 67987
69406 64577
67327 66507
66271 67153
67124 66602
63027 69096
62107 69517
73659 59032
60666 70111
65258 67788
63695 68737
63807 68649
62504 69338
68763 65257
64743 68114
67550 66328
73760 58800
71162 62575
75636 53234
62187 69509
67554 66298
64724 68128
65228 67801
63206 68981
63754 68688
70013 63905
69947 63978
67381 66403
70458 63398
69936 63987
75283 55010
69153 64871
68080 65864
64182 68433
68234 65760
68040 65904
62954 69125
60979 69999
64828 68068
72574 60778
68125 65862
66831 66847
64096 68509
62946 69130
71638 61996
71519 62143
66900 66736
61251 69932
75461 54253
60358 70218
73423 59439
74000 58368
73058 60073
65227 67804
63915 68601
62926 69142
65365 67774
75202 55161
60531 70164
69204 64814
64917 68020
72514 60848
69231 64786
65682 67557
62681 69258
70913 62863
61764 69672
71142 62606
69288 64682
69934 64021
74475 57312
70422 63439
71630 62033
69671 64294
68417 65593
73124 59910
71634 62003
64823 68079
73322 59584
63285 68963
72268 61246
63309 68930
70182 63741
75995 50408
63656 68754
70849 62981
75618 53310
69053 65040
71566 62142
72181 61363
70795 63028
65647 67586
66363 67100
74516 57205
57575 70910
65884 67431
66352 67109
63548 68802
61641 69731
69118 64895
74723 56780
68008 65960
71952 61625
67403 66393
70921 62862
64465 68272
57471 70947
74323 57740
68867 65169
63232 68965
60260 70275
65415 67702
74088 58102
66322 67122
65914 67395
68472 65533
68048 65889
62629 69300
62098 69521
60326 70229
61464 69792
59896 70416
63514 68818
61999 69569
74078 58183
69741 64213
69333 64675
64440 68300
64011 68541
61363 69844
67831 66058
62783 69233
61309 69882
67669 66234
60050 70321
75535 53765
61841 69635
61394 69840
68323 65684
75082 55616
58311 70815
74505 57209
65486 67645
70862 62942
69072 64932
59245 70594
68622 65360
62210 69483
70701 63101
67639 66256
55678 71200
70732 63079
61593 69780
70678 63126
62449 69365
67180 66572
75611 53634
69882 64077
62044 69545
69408 64566
74915 56145
74418 57423
74629 56969
64652 68187
71601 62072
66983 66719
71337 62380
75850 51966
63301 68934
55769 71192
75767 52587
72561 60811
65283 67779
62549 69335
63193 68982
65043 67946
64948 67974
