200 2
68918
867 519 58
805 345 475
755 325 807
708 534 28
650 668 452
792 194 820
866 861 172
759 476 967
852 477 31
856 958 614
633 354 210
645 367 73
628 139 480
741 691 462
646 374 714
605 553 268
858 168 292
605 53 722
643 536 969
607 464 659
783 281 369
695 39 609
721 665 228
664 43 179
693 481 236
555 20 816
554 866 770
720 810 769
859 259 703
571 104 294
669 927 493
604 806 689
806 631 795
862 947 330
573 562 238
759 763 658
685 950 665
646 724 298
731 148 306
639 797 667
699 786 677
765 153 704
820 878 938
554 80 557
806 363 818
593 14 82
542 525 375
515 732 882
801 257 472
869 13 797
685 817 600
533 71 575
754 551 618
575 184 32
824 12 510
563 244 491
689 618 26
721 922 773
870 772 762
703 755 27
765 268 938
754 606 884
632 691 464
603 715 497
866 768 872
774 583 166
641 497 257
783 765 788
859 139 169
820 287 805
792 396 586
691 675 614
562 852 720
685 287 839
864 729 405
561 599 826
821 783 876
609 569 669
518 90 412
556 661 254
671 917 916
856 437 346
806 972 209
792 753 897
814 362 948
629 765 233
857 202 882
615 204 282
543 311 884
660 428 111
858 137 398
515 333 128
693 460 176
862 729 858
640 134 688
806 403 554
541 476 251
562 371 884
571 823 711
678 255 629
518 896 392
554 217 557
693 908 637
710 761 598
710 950 491
718 49 996
606 817 284
730 53 83
634 275 314
556 821 440
708 300 418
570 267 571
665 214 555
572 996 471
701 491 132
520 398 323
812 521 489
736 684 446
787 434 680
862 476 493
644 264 41
702 397 802
613 731 582
751 330 372
617 225 967
830 235 314
776 815 390
674 362 242
721 71 103
617 945 596
695 958 267
664 656 432
539 806 935
726 231 32
578 377 698
673 3 163
650 849 898
687 42 631
654 114 193
639 364 149
574 204 154
825 2 476
801 76 447
712 372 535
687 723 805
819 612 643
748 121 213
567 77 658
706 877 972
852 607 649
659 668 7
724 981 984
669 573 723
570 661 827
567 770 840
798 545 598
800 898 124
755 45 553
556 105 205
558 955 987
524 160 476
752 683 835
597 976 332
858 974 731
648 792 983
519 233 968
609 899 746
629 128 260
755 240 962
604 861 802
713 259 846
542 493 260
742 735 403
829 371 293
735 440 261
567 663 924
691 986 892
819 216 27
827 64 155
728 18 674
634 702 494
836 485 86
653 738 497
560 686 458
726 338 396
783 349 316
547 203 103
537 964 241
640 986 897
757 736 99
587 184 105
536 456 171
621 733 660
606 773 684
594 942 997
665 340 39
741 673 361
591 647 246
627 179 140
833 239 367
618
76354 58674
70223 70278
69166 71188
67333 72542
67292 72550
67206 72608
64481 74204
61461 75217
56149 75920
76447 57455
76020 60985
76008 61020
66990 72751
70307 70222
71684 68737
63724 74508
64345 74325
63723 74552
69132 71194
74953 63872
66856 72872
74427 64836
70848 69678
72391 67933
68124 72020
73091 67023
67551 72387
70613 69897
73034 67154
62913 74804
60402 75466
64612 74130
74972 63845
71250 69285
69877 70633
67500 72430
67481 72435
74426 64849
69120 71197
67178 72635
67534 72410
67907 72125
75575 62444
70750 69758
68586 71650
72148 68305
71763 68732
66910 72820
74461 64815
60343 75510
74895 64024
71710 68735
64434 74226
72852 67374
71642 68856
73222 66764
69104 71221
67034 72739
70765 69742
69865 70645
67477 72442
76263 59314
76059 60948
75216 63279
70023 70453
72509 67776
62728 74866
71529 68969
73883 65746
69807 70676
66443 73111
75527 62664
71666 68803
70542 69989
60072 75545
75606 62301
66392 73154
76179 60195
67127 72678
70084 70422
76131 60563
68951 71379
62140 75091
65717 73595
65193 73827
74334 64985
67856 72204
71906 68506
74130 65316
75787 61796
66616 72998
75529 62565
76248 59521
72909 67243
72418 67899
68003 72079
67437 72494
67247 72590
64926 74022
71068 69505
74158 65298
72032 68385
71647 68812
61279 75297
75759 61818
65943 73426
70568 69959
70952 69585
69671 70778
57896 75849
67611 72340
73587 66204
73530 66335
76306 59210
73838 65804
61942 75106
59520 75669
70474 70055
67278 72554
73758 65969
73909 65711
73250 66740
67236 72593
71347 69189
74922 63986
75253 63173
72204 68181
67196 72633
73652 66091
75171 63387
62708 74882
66186 73264
74050 65481
72584 67693
65819 73498
67223 72595
60598 75451
76437 57559
73531 66322
75546 62464
61022 75351
74055 65433
74111 65432
74626 64486
71481 69013
59187 75743
67003 72749
74654 64404
70572 69937
64690 74127
62864 74864
73966 65580
70368 70134
67645 72328
73554 66300
69974 70509
63767 74488
63658 74581
75155 63495
59937 75556
58806 75763
60824 75385
72703 67500
61355 75277
74587 64489
66343 73192
76313 58817
60900 75352
67145 72657
66764 72947
72350 67974
72426 67865
61907 75115
67220 72607
73635 66113
73525 66381
71865 68597
70595 69930
70673 69858
64010 74399
69188 71172
67885 72188
65899 73452
68278 71881
65172 73856
62183 75018
71437 69076
58085 75845
69889 70581
72605 67683
73213 66779
68227 71924
73156 66910
73936 65673
63586 74592
74586 64497
58451 75822
66962 72814
72683 67611
58474 75805
59604 75630
69951 70510
67385 72517
62312 75015
76099 60703
65465 73726
74385 64888
66967 72776
73627 66122
75697 62200
65509 73671
76133 60296
57012 75885
65092 73904
67733 72287
61979 75098
76260 59344
71480 69024
65323 73736
73854 65751
71558 68952
76233 59592
73696 66077
73035 67024
69069 71322
71609 68872
59527 75643
72775 67460
59941 75548
71677 68765
66262 73220
68829 71462
75120 63504
67343 72524
73559 66211
61698 75214
65242 73807
70511 70033
75718 62165
74814 64099
69900 70553
66642 72988
73916 65676
68354 71857
74517 64635
72739 67487
59897 75599
73705 66050
73824 65849
66982 72764
67547 72393
70427 70075
73182 66781
66401 73136
73697 66064
71495 68985
70016 70459
64928 73988
69642 70797
66285 73208
62176 75081
68096 72064
74352 64930
64009 74401
75791 61727
69701 70730
71204 69321
63442 74668
74511 64694
74454 64825
66903 72839
65845 73457
65211 73823
58093 75825
71835 68644
74551 64614
60077 75534
69766 70715
65048 73963
72570 67710
69455 70948
65828 73480
69782 70696
68097 72028
66227 73244
68479 71712
74248 65097
67653 72307
71298 69244
75548 62453
74633 64450
70254 70273
65747 73537
61458 75223
71376 69172
76308 58961
69524 70903
68438 71777
75312 63008
68948 71381
67679 72301
61280 75283
70677 69826
69754 70727
69451 70964
69073 71259
67272 72584
69400 71007
70372 70120
75044 63742
71282 69249
66409 73130
69685 70749
58663 75801
70882 69642
64563 74145
72699 67535
65541 73665
64104 74354
62866 74862
65402 73735
76237 59579
69614 70828
75645 62264
74294 65082
68494 71700
66211 73263
65137 73864
76063 60711
71668 68795
72937 67219
60478 75459
76245 59537
69096 71256
69269 71147
71022 69541
65774 73508
70648 69879
67341 72529
75650 62207
70004 70460
74008 65520
68263 71897
67063 72697
67593 72359
76231 59723
64077 74359
69321 71068
65318 73755
63980 74426
70316 70192
68474 71717
67736 72264
68210 71936
65673 73601
63766 74493
68690 71588
75254 63160
74002 65570
63258 74697
61873 75149
66289 73195
64026 74398
72005 68402
73350 66556
73724 65989
63896 74468
62512 75001
74476 64708
69554 70902
67829 72207
63887 74486
73329 66618
75084 63624
76257 59371
69570 70837
73385 66537
70863 69664
75199 63363
71903 68512
69115 71214
63903 74448
64141 74347
74329 65048
63266 74687
72279 68112
75587 62416
74015 65513
69270 71111
74790 64219
72866 67261
76410 58120
69687 70743
67093 72682
65908 73434
68524 71699
67787 72214
59552 75642
70127 70377
63273 74685
69602 70830
60568 75454
73955 65601
62985 74803
63446 74631
73798 65901
68573 71667
72529 67724
62727 74871
67903 72129
72083 68330
75361 63002
73644 66099
69496 70933
64061 74364
69150 71190
70156 70314
63003 74802
69457 70941
60844 75357
70209 70307
74262 65083
65276 73756
63281 74675
69286 71086
66523 73055
71409 69162
70365 70191
65267 73774
74997 63749
71901 68550
68004 72072
75109 63572
67085 72696
61130 75328
73663 66089
66647 72977
58799 75768
69936 70526
74196 65277
66712 72972
65761 73536
71606 68903
74758 64253
66173 73319
66359 73180
69436 70980
65992 73414
70815 69712
68207 71982
66122 73362
76062 60932
73241 66755
70544 69981
66449 73110
74498 64707
76420 58016
76285 59292
72370 67950
70799 69731
66550 73049
64549 74172
69880 70611
65718 73561
64484 74173
73626 66202
65858 73455
67893 72154
71779 68713
75242 63260
72070 68377
65216 73817
68642 71631
70674 69830
75303 63154
69296 71081
71133 69459
74244 65186
72219 68167
66715 72959
74719 64256
60632 75442
61192 75303
75631 62290
60686 75431
72923 67236
69409 71003
65705 73599
71976 68454
64425 74244
72556 67717
73459 66420
72499 67848
70732 69794
62618 74958
71960 68473
68801 71506
57873 75866
71985 68404
74712 64374
67049 72723
64224 74330
63966 74434
70150 70322
66600 73013
67580 72377
75423 62921
74569 64559
60230 75533
66212 73254
73348 66557
66591 73031
62677 74914
69912 70535
69236 71155
71794 68674
73119 66999
70736 69768
57507 75884
71471 69054
70415 70118
68999 71355
66506 73108
70737 69760
73300 66692
71142 69409
74201 65187
73781 65922
69424 70991
67614 72338
70431 70071
72860 67305
63229 74730
71597 68933
67691 72297
68254 71907
67955 72105
68420 71796
64806 74029
63452 74594
70974 69582
69284 71092
76208 59947
75976 61272
67777 72229
73497 66405
71932 68495
70641 69894
73440 66536
69380 71065
70905 69604
67746 72250
63185 74789
68470 71774
65180 73839
73829 65831
61385 75246
75962 61477
68538 71670
61718 75163
72814 67418
68419 71817
61937 75112
65794 73500
76344 58778
76218 59843
72400 67903
75841 61708
73181 66820
64389 74266
66250 73230
70723 69824
74121 65343
74322 65058
70047 70444
72610 67614
75854 61516
65057 73907
56955 75900
56701 75904
75449 62788
68924 71445
76389 58394
74641 64411
65136 73898
66010 73370
65629 73660
66181 73270
71252 69252
69618 70806
75483 62758
74036 65496
69576 70836
71173 69354
69907 70545
76379 58498
67353 72520
73837 65817
59362 75689
68784 71546
61722 75160
72252 68157
72168 68194
70141 70348
72436 67856
61438 75239
72330 68085
64762 74088
75425 62910
67924 72112
75065 63696
66815 72904
73315 66625
67457 72469
74379 64927
72942 67175
75748 61888
71223 69314
