200 2
64216
767 228 402
799 190 880
579 52 619
583 929 857
594 951 130
604 16 807
595 493 786
602 602 820
782 680 674
569 291 527
584 904 865
719 522 715
770 402 231
572 178 5
577 616 933
711 169 813
760 570 421
609 935 496
501 604 852
792 692 672
781 963 374
559 733 734
642 671 374
496 85 37
710 884 417
790 128 854
496 531 373
567 424 17
577 309 398
563 569 689
483 954 685
706 953 34
497 758 468
647 349 620
730 146 130
630 394 349
752 257 512
646 750 222
563 582 939
716 729 727
594 288 618
796 204 666
640 662 755
741 836 464
684 105 564
476 744 38
506 733 484
585 779 676
684 505 425
478 532 907
752 593 656
579 232 406
558 623 591
502 228 148
498 763 941
642 810 989
710 879 40
484 120 316
530 589 752
713 561 358
577 909 994
807 582 395
770 765 647
717 309 707
657 51 676
686 495 624
577 120 46
711 971 671
785 627 469
755 990 876
552 704 588
498 211 373
630 843 487
704 10 808
785 138 184
509 325 821
698 851 41
682 327 675
770 805 230
653 153 537
610 244 418
523 556 362
577 552 960
617 217 51
809 796 548
810 809 366
617 895 670
534 208 631
484 513 712
706 345 795
532 424 253
807 768 883
539 781 858
658 923 378
811 572 991
521 642 701
700 70 292
529 151 550
702 174 158
555 425 288
666 151 521
611 749 274
523 28 683
650 641 458
762 64 687
787 686 990
503 699 733
609 648 858
767 824 376
516 873 938
478 128 552
548 335 380
527 922 806
663 454 181
599 444 427
686 169 633
596 516 292
700 442 384
595 881 347
772 330 564
565 116 653
677 563 976
551 253 628
680 840 101
643 355 585
493 614 801
632 563 393
770 447 530
732 494 144
673 252 562
518 598 440
772 687 78
655 741 579
602 21 354
790 673 517
570 48 220
693 208 632
780 337 339
724 381 233
611 610 357
611 25 143
688 944 614
721 71 121
658 424 294
781 689 12
648 603 74
555 865 987
711 552 460
483 66 297
704 8 439
704 296 895
623 335 655
527 315 492
609 268 197
791 17 413
570 112 312
478 935 533
746 346 279
594 527 12
573 946 914
516 973 108
650 162 729
719 891 676
570 833 671
579 349 277
756 917 984
623 270 584
642 70 216
576 593 322
748 840 254
523 981 945
744 467 600
736 806 446
590 493 459
747 672 165
757 492 487
706 708 760
799 959 941
484 821 764
516 456 979
513 75 304
662 543 928
788 770 350
796 103 144
702 387 868
750 464 437
625 994 448
711 207 346
700 793 67
567 405 110
612 173 747
629 479 756
785 107 533
524 682 802
484 187 153
744 394 82
548 570 983
604 203 218
746 777 458
562 204 589
838
75418 58255
75409 58357
75390 58640
75384 58899
75338 58962
75337 59105
75335 59171
75317 59358
75307 59557
75275 59562
75272 59584
75262 59669
75255 59815
75245 59817
75236 59919
75232 59924
75216 59938
75214 59943
75211 59958
75209 60024
75202 60060
75200 60126
75183 60133
75179 60197
75171 60280
75170 60381
75153 60511
75146 60547
75144 60613
75121 60652
75114 60868
75082 61009
75040 61086
75027 61168
75025 61173
74997 61211
74987 61246
74980 61285
74972 61333
74953 61376
74952 61389
74943 61452
74942 61588
74935 61589
74896 61647
74880 61698
74878 61753
74872 61835
74840 61844
74822 61883
74806 61888
74799 61935
74779 62069
74735 62100
74733 62132
74724 62234
74707 62243
74691 62257
74689 62262
74673 62285
74670 62308
74645 62320
74635 62378
74629 62473
74616 62478
74615 62575
74606 62677
74552 62751
74463 62796
74450 62870
74415 62878
74406 62901
74399 63012
74350 63112
74272 63140
74259 63144
74258 63153
74254 63171
74243 63203
74234 63241
74223 63274
74194 63303
74171 63338
74136 63348
74122 63438
74089 63440
74087 63448
74067 63465
74065 63475
74056 63480
74054 63505
74047 63506
74041 63541
74027 63576
74003 63579
74002 63596
73998 63606
73992 63641
73978 63676
73953 63698
73931 63714
73909 63729
73902 63840
73846 63841
73844 63866
73816 63867
73813 63898
73800 63915
73799 63933
73786 63969
73763 63973
73761 63981
73746 64031
73737 64069
73714 64073
73703 64083
73679 64095
73674 64166
73639 64176
73620 64198
73608 64208
73607 64212
73606 64233
73592 64268
73568 64303
73559 64308
73550 64334
73544 64369
73530 64404
73485 64407
73472 64430
73468 64433
73455 64438
73440 64454
73428 64472
73414 64507
73387 64523
73383 64573
73352 64643
73307 64652
73294 64669
73293 64687
73265 64688
73255 64735
73231 64823
73208 64827
73180 64828
73169 64838
73148 64841
73147 64847
73145 64850
73135 64856
73134 64883
73115 64926
73088 64942
73073 64967
73063 64973
73056 64993
73041 65021
73025 65063
73008 65065
72988 65070
72978 65074
72967 65089
72948 65102
72937 65106
72928 65155
72910 65158
72906 65209
72885 65212
72881 65247
72849 65260
72838 65276
72828 65277
72804 65282
72801 65317
72782 65377
72776 65412
72731 65415
72714 65441
72684 65458
72678 65464
72665 65468
72663 65476
72661 65490
72657 65498
72645 65508
72642 65522
72625 65524
72616 65543
72607 65555
72601 65590
72594 65598
72587 65625
72559 65626
72558 65632
72531 65660
72524 65667
72511 65681
72501 65697
72488 65725
72482 65760
72459 65767
72456 65784
72434 65807
72431 65816
72416 65817
72414 65848
72398 65856
72386 65896
72373 65916
72359 65951
72331 65952
72303 65986
72278 65998
72273 66018
72267 66053
72254 66086
72231 66093
72225 66128
72206 66133
72170 66182
72137 66192
72129 66204
72111 66205
72104 66236
72089 66237
72088 66271
72060 66272
72052 66303
72046 66336
72032 66371
71995 66388
71979 66394
71978 66395
71965 66421
71946 66438
71940 66473
71917 66500
71904 66513
71890 66529
71874 66553
71868 66588
71826 66594
71818 66598
71809 66612
71800 66625
71794 66647
71768 66654
71762 66689
71761 66691
71718 66744
71712 66779
71687 66786
71652 66812
71646 66847
71608 66857
71606 66880
71583 66907
71519 66945
71503 66966
71473 66979
71471 67002
71456 67030
71452 67048
71410 67064
71404 67074
71391 67087
71377 67103
71369 67134
71341 67159
71328 67172
71311 67205
71281 67221
71254 67255
71248 67265
71211 67271
71209 67295
71205 67306
71191 67315
71185 67350
71174 67360
71139 67386
71133 67421
71062 67425
71061 67427
71055 67456
71050 67472
71014 67478
71005 67512
70990 67540
70977 67542
70962 67553
70944 67573
70940 67585
70903 67586
70897 67638
70890 67651
70847 67663
70830 67671
70826 67689
70823 67697
70812 67703
70808 67721
70790 67741
70784 67776
70741 67829
70716 67836
70680 67844
70649 67870
70642 67887
70613 67904
70604 67910
70587 67942
70574 67947
70565 67956
70559 67991
70541 68023
70495 68052
70468 68065
70448 68088
70410 68096
70406 68114
70401 68129
70400 68132
70389 68139
70378 68149
70352 68171
70351 68183
70331 68194
70304 68219
70287 68221
70264 68240
70247 68250
70243 68255
70242 68263
70231 68284
70226 68285
70218 68294
70209 68301
70188 68313
70169 68325
70164 68354
70147 68365
70146 68386
70099 68425
70089 68440
70070 68452
70034 68464
70025 68474
70022 68496
70002 68502
69998 68522
69992 68557
69951 68569
69938 68570
69934 68603
69904 68636
69886 68647
69853 68654
69846 68667
69830 68682
69817 68683
69816 68700
69811 68702
69799 68709
69797 68711
69787 68727
69759 68729
69751 68741
69741 68747
69737 68754
69730 68787
69699 68801
69694 68803
69692 68805
69680 68808
69661 68862
69643 68894
69618 68899
69597 68922
69574 68924
69561 68993
69503 69000
69487 69019
69474 69055
69428 69060
69416 69065
69414 69073
69410 69091
69398 69121
69386 69142
69375 69146
69335 69150
69322 69155
69310 69185
69303 69187
69292 69226
69241 69236
69235 69252
69223 69262
69215 69274
69204 69290
69169 69302
69167 69338
69122 69339
69103 69362
69098 69369
69080 69370
69075 69380
69069 69382
69068 69398
69055 69401
69048 69408
69046 69435
69027 69444
69003 69484
68980 69509
68924 69520
68915 69548
68892 69573
68840 69615
68810 69628
68805 69635
68798 69649
68787 69653
68783 69660
68761 69674
68752 69679
68717 69696
68716 69712
68699 69717
68674 69723
68673 69761
68643 69766
68627 69781
68620 69788
68591 69816
68586 69823
68561 69832
68556 69839
68541 69862
68533 69867
68529 69883
68498 69887
68480 69894
68464 69906
68458 69942
68439 69951
68404 69971
68389 69989
68387 69998
68351 70015
68336 70027
68313 70032
68299 70062
68270 70076
68264 70077
68245 70094
68229 70098
68215 70107
68212 70124
68196 70133
68193 70160
68158 70180
68145 70188
68138 70190
68128 70219
68105 70224
68071 70245
68051 70252
68041 70256
68040 70259
68019 70268
68018 70286
68005 70294
67995 70298
67988 70325
67937 70343
67925 70376
67899 70383
67858 70396
67848 70420
67842 70456
67785 70482
67754 70496
67750 70502
67724 70509
67710 70515
67697 70546
67666 70560
67649 70562
67637 70564
67636 70585
67611 70596
67610 70608
67599 70621
67590 70631
67577 70674
67542 70694
67502 70695
67485 70730
67454 70734
67450 70737
67418 70739
67415 70757
67402 70800
67362 70801
67342 70805
67336 70808
67327 70819
67312 70822
67302 70845
67292 70874
67240 70899
67215 70909
67208 70927
67204 70938
67168 70941
67150 70975
67120 70991
67100 71005
67066 71010
67063 71023
67056 71028
67047 71043
67033 71053
67008 71061
66999 71065
66990 71079
66976 71085
66975 71087
66967 71100
66957 71119
66923 71129
66918 71136
66907 71149
66882 71150
66880 71168
66857 71202
66819 71206
66814 71228
66782 71271
66727 71290
66684 71299
66677 71300
66670 71310
66667 71338
66639 71354
66617 71368
66614 71377
66607 71397
66550 71416
66526 71441
66475 71460
66456 71469
66451 71476
66439 71503
66396 71512
66387 71524
66380 71529
66378 71531
66371 71537
66339 71548
66337 71559
66301 71563
66300 71586
66290 71595
66271 71596
66256 71618
66250 71621
66223 71623
66213 71628
66211 71638
66203 71657
66164 71674
66151 71678
66149 71681
66137 71708
66131 71740
66081 71756
66043 71804
65992 71823
65956 71866
65904 71887
65833 71892
65826 71893
65823 71901
65817 71949
65746 71954
65738 71957
65727 71963
65722 71970
65685 71984
65672 71987
65663 71988
65658 72018
65654 72071
65555 72076
65546 72090
65530 72092
65521 72106
65515 72154
65454 72156
65449 72163
65411 72174
65406 72181
65383 72189
65369 72195
65364 72214
65361 72218
65349 72224
65315 72239
65310 72246
65296 72263
65267 72264
65253 72281
65228 72297
65218 72301
65214 72303
65205 72317
65175 72381
65110 72382
65079 72384
65073 72388
65067 72400
65035 72404
65011 72439
65008 72451
64934 72471
64920 72486
64912 72508
64865 72523
64834 72527
64833 72548
64819 72551
64817 72573
64746 72578
64718 72594
64695 72610
64694 72631
64680 72634
64673 72638
64647 72667
64572 72676
64571 72681
64560 72697
64534 72721
64515 72726
64494 72765
64404 72774
64395 72781
64379 72783
64375 72801
64358 72820
64338 72834
64312 72848
64291 72870
64242 72872
64232 72880
64215 72888
64204 72908
64193 72925
64173 72931
64107 72952
64086 72967
64077 72988
64054 73008
64030 73024
63998 73028
63982 73053
63953 73062
63903 73068
63888 73078
63859 73111
63781 73123
63772 73141
63764 73151
63734 73159
63726 73197
63714 73235
63659 73245
63619 73251
63560 73261
63540 73281
63537 73291
63459 73303
63454 73312
63447 73331
63441 73350
63407 73352
63404 73377
63358 73405
63277 73408
63239 73413
63232 73438
63219 73488
63131 73492
63118 73542
63053 73558
63019 73559
62979 73578
62950 73583
62909 73631
62885 73646
62847 73666
62767 73681
62756 73684
62743 73700
62714 73712
62670 73722
62661 73750
62599 73773
62558 73775
62549 73797
62511 73811
62471 73815
62467 73817
62451 73836
62438 73875
62410 73880
62351 73892
62322 73904
62273 73911
62248 73917
62244 73950
62215 73962
62196 73963
62170 73981
62128 74017
62099 74029
62010 74035
62005 74042
61981 74047
61969 74051
61963 74053
61945 74067
61910 74090
61905 74104
61886 74105
61852 74142
61823 74154
61745 74183
61666 74196
61637 74202
61633 74234
61624 74252
61534 74255
61513 74296
61435 74325
61433 74330
61349 74342
61327 74344
61298 74356
61266 74369
61264 74370
61255 74388
61232 74444
61203 74456
61064 74466
60989 74470
60975 74478
60960 74482
60957 74491
60953 74493
60923 74514
60893 74598
60674 74616
60645 74628
60634 74630
60595 74631
60561 74641
60556 74659
60533 74679
60471 74683
60432 74684
60422 74696
60418 74699
60383 74723
60335 74770
60222 74782
60217 74813
60178 74814
60164 74815
60084 74834
59981 74856
59903 74885
59828 74917
59793 74941
59715 74970
59550 74982
59546 74997
59511 75021
59463 75068
59309 75085
59286 75098
59153 75106
59122 75125
59026 75148
58922 75152
58921 75197
58735 75221
58667 75225
58634 75239
58568 75260
58457 75269
58433 75276
58415 75296
58346 75302
58342 75311
58329 75315
58262 75317
58189 75336
58182 75338
58175 75349
58151 75356
58150 75375
57978 75376
57926 75402
57818 75418
57756 75428
57662 75454
57559 75474
57499 75476
57438 75481
57419 75495
57371 75522
57188 75538
57164 75546
57156 75561
56883 75601
56700 75617
56662 75619
56322 75620
56321 75635
56275 75678
55695 75685
54994 75710
