300 2
108188
538 981 42
635 79 729
831 382 949
702 542 783
579 958 761
619 636 752
887 230 123
864 411 465
605 940 898
755 873 934
836 735 586
824 280 729
812 510 707
694 932 60
540 654 367
881 462 636
839 898 680
687 792 191
668 280 669
665 220 638
671 851 895
844 282 795
818 921 704
749 946 624
868 718 621
687 251 601
637 946 605
538 911 503
725 328 176
805 585 949
652 272 799
805 482 947
773 129 505
575 289 50
868 813 654
869 148 673
669 404 463
788 840 655
751 733 95
824 415 233
589 727 919
758 489 618
774 984 418
632 98 113
730 547 91
535 285 239
614 410 647
831 156 675
558 473 874
882 252 23
761 495 166
732 228 429
718 364 592
636 606 649
700 864 967
733 467 211
879 311 373
664 439 883
584 203 727
813 904 759
756 76 440
904 574 919
773 440 36
897 959 910
717 886 157
824 422 442
718 859 49
788 722 769
543 573 726
709 618 290
846 307 771
774 430 294
650 62 548
892 801 283
890 234 965
779 694 146
794 459 677
561 730 55
618 239 318
584 524 447
692 267 995
763 166 744
779 243 438
592 65 253
817 432 87
878 464 33
822 229 308
534 545 37
566 900 233
743 716 193
745 149 197
623 222 339
588 249 821
605 944 251
720 638 750
818 764 216
612 990 878
687 420 256
645 777 752
783 459 379
813 904 389
651 348 587
844 458 336
609 267 679
815 700 325
688 574 3
721 687 967
742 420 913
547 92 382
666 10 413
635 533 710
645 819 578
779 798 675
777 604 576
883 450 484
718 759 472
817 280 274
625 146 563
568 947 825
650 250 350
881 615 313
863 529 60
836 900 935
745 368 436
715 812 714
545 868 639
760 235 251
898 939 155
740 336 324
906 14 93
648 467 955
723 52 996
821 704 25
629 286 9
751 25 866
635 709 814
576 433 840
608 383 571
883 316 23
868 760 865
861 887 610
802 399 908
589 50 653
814 572 772
904 58 694
614 78 776
905 158 220
649 698 526
825 682 108
810 738 764
651 921 458
778 287 259
870 949 744
864 620 960
604 89 736
652 983 100
816 465 118
759 231 378
620 182 14
812 859 712
597 610 591
666 436 814
666 164 343
751 67 267
584 890 589
557 124 127
781 663 348
748 65 643
882 600 277
590 649 216
785 984 705
903 274 457
727 511 182
534 82 25
568 717 974
649 410 632
716 113 713
759 408 878
690 438 152
872 608 26
781 599 39
722 438 604
714 940 163
674 212 54
629 951 881
845 558 114
592 720 494
617 401 819
909 556 597
584 623 282
765 330 280
568 376 625
877 837 445
585 119 271
637 570 246
733 193 462
588 275 236
568 888 837
649 281 116
604 955 820
642 978 422
842 274 45
558 816 89
742 688 855
575 368 211
777 879 864
781 54 24
702 528 776
732 955 480
706 156 897
852 567 308
759 514 355
644 599 266
794 913 958
757 991 510
892 328 136
586 534 462
568 236 104
659 177 875
535 123 498
694 328 508
649 910 365
855 338 586
904 339 774
597 884 680
642 116 174
642 582 770
828 324 389
824 892 670
697 294 654
822 236 177
558 539 811
863 208 774
700 978 142
776 107 442
893 228 587
725 461 513
745 88 799
895 538 266
706 725 497
699 540 60
699 482 506
753 254 257
669 848 381
735 137 445
894 681 899
617 533 504
743 364 721
548 423 815
576 975 126
770 813 383
761 134 399
642 67 692
828 330 8
644 44 971
693 831 823
869 257 165
649 823 393
563 561 778
763 611 400
870 45 445
896 584 169
598 727 913
813 485 889
588 844 388
687 923 983
828 735 148
635 519 599
642 655 790
814 544 387
763 908 568
778 843 407
671 50 905
555 362 543
568 22 49
756 613 119
909 726 291
773 933 629
538 533 131
892 23 410
543 302 574
717 371 625
714 114 161
642 114 62
737 462 123
872 387 985
565 61 325
751 404 767
676 585 486
595 512 826
883 565 803
877 973 966
585 301 835
802 173 483
712 811 217
572 304 106
572 208 576
843 745 39
540 539 389
753 303 160
1408
112155 80301
112136 80935
112131 80969
112128 81337
112126 81343
112123 81371
112119 81751
112109 81893
112104 82005
112095 82139
112090 82185
112088 82295
112077 82510
112069 82836
112042 83036
112034 83287
112011 83378
112010 83434
112006 83527
112001 83549
111993 83569
111992 83716
111976 83731
111975 83789
111972 83847
111960 83924
111954 83927
111951 83936
111949 83938
111948 83994
111947 84029
111946 84040
111942 84051
111941 84056
111939 84109
111932 84178
111926 84193
111924 84209
111921 84344
111911 84464
111898 84484
111896 84607
111886 84727
111877 84784
111863 84818
111854 84875
111852 85047
111846 85097
111829 85138
111827 85229
111804 85320
111782 85411
111779 85469
111773 85519
111754 85651
111731 85659
111727 85673
111725 85796
111721 85845
111705 85866
111702 85887
111696 85918
111685 85936
111682 85942
111681 85971
111673 86092
111672 86161
111650 86183
111647 86235
111636 86252
111635 86267
111633 86340
111615 86367
111611 86424
111604 86462
111588 86473
111587 86529
111586 86583
111574 86624
111564 86667
111563 86674
111554 86793
111531 86884
111509 86968
111498 86985
111482 86996
111481 87031
111478 87042
111473 87059
111468 87147
111455 87180
111449 87210
111448 87316
111425 87407
111387 87501
111375 87554
111363 87632
111342 87650
111340 87723
111327 87732
111322 87750
111309 87762
111308 87773
111306 87780
111300 87805
111294 87833
111290 87870
111287 87881
111281 88007
111253 88044
111230 88135
111228 88165
111200 88194
111194 88328
111171 88419
111152 88441
111133 88445
111122 88470
111120 88513
111110 88536
111101 88629
111078 88645
111073 88670
111062 88675
111060 88683
111057 88717
111055 88736
111041 88860
111009 88992
110961 89009
110960 89032
110958 89075
110956 89150
110939 89191
110922 89313
110899 89404
110864 89411
110845 89433
110839 89435
110835 89498
110832 89508
110826 89511
110823 89549
110800 89640
110781 89657
110766 89662
110764 89667
110762 89675
110761 89683
110751 89800
110730 89839
110719 89902
110707 89921
110697 89985
110680 89993
110678 90008
110675 90023
110670 90070
110644 90094
110643 90114
110622 90154
110621 90197
110599 90245
110584 90325
110565 90357
110542 90448
110520 90531
110510 90550
110508 90592
110491 90618
110488 90633
110474 90649
110464 90655
110448 90699
110440 90717
110435 90742
110434 90762
110426 90782
110424 90783
110417 90808
110412 90845
110391 90894
110380 90916
110375 90973
110349 90975
110346 90990
110341 91020
110338 91052
110337 91086
110310 91151
110299 91185
110277 91317
110239 91326
110237 91331
110236 91365
110225 91375
110217 91409
110205 91433
110201 91529
110163 91538
110162 91572
110157 91592
110143 91596
110141 91621
110139 91663
110128 91734
110100 91739
110086 91753
110083 91827
110068 91965
110042 91967
110013 91994
110008 92019
110005 92034
109992 92177
109952 92179
109944 92207
109934 92209
109929 92246
109921 92269
109902 92289
109900 92324
109881 92330
109858 92421
109838 92479
109822 92483
109821 92520
109803 92541
109784 92569
109784 92569
109782 92603
109765 92644
109761 92751
109722 92787
109706 92815
109705 92875
109679 92877
109669 92908
109646 92999
109629 93087
109593 93110
109560 93114
109558 93179
109539 93199
109537 93234
109507 93237
109504 93238
109501 93245
109494 93259
109485 93280
109484 93290
109470 93406
109459 93431
109434 93440
109422 93445
109421 93479
109408 93486
109394 93618
109358 93652
109345 93691
109311 93694
109306 93734
109290 93781
109283 93825
109262 93832
109260 93840
109224 93924
109209 93942
109193 93989
109172 93996
109168 93998
109165 94023
109163 94048
109138 94058
109131 94100
109113 94136
109108 94163
109090 94184
109065 94203
109057 94217
109055 94312
109041 94335
109016 94363
108989 94405
108981 94429
108958 94520
108933 94529
108912 94536
108894 94580
108882 94623
108871 94641
108859 94646
108833 94653
108822 94654
108819 94711
108812 94740
108801 94743
108786 94744
108781 94805
108763 94835
108748 94858
108736 94952
108696 94958
108682 94998
108672 95000
108664 95028
108646 95064
108625 95079
108611 95090
108599 95166
108575 95208
108560 95215
108533 95222
108529 95230
108525 95246
108510 95311
108499 95341
108487 95435
108420 95456
108410 95459
108406 95527
108397 95547
108372 95578
108340 95617
108328 95629
108319 95646
108307 95680
108277 95690
108266 95734
108254 95740
108249 95744
108233 95758
108227 95759
108226 95835
108185 95868
108168 95902
108152 95911
108149 95943
108125 95965
108110 95982
108100 95996
108090 96013
108083 96027
108076 96123
108034 96137
108019 96144
108014 96156
108008 96174
107989 96207
107986 96235
107971 96243
107965 96250
107958 96280
107944 96283
107937 96345
107918 96354
107890 96362
107883 96366
107880 96448
107837 96462
107833 96463
107828 96489
107806 96557
107794 96560
107794 96560
107781 96654
107730 96669
107714 96675
107695 96676
107691 96766
107643 96789
107639 96800
107619 96817
107606 96819
107599 96853
107578 96883
107575 96909
107551 96958
107534 96975
107514 96992
107495 97023
107482 97117
107429 97182
107404 97197
107392 97229
107349 97237
107346 97241
107339 97294
107292 97309
107291 97310
107281 97319
107273 97355
107255 97379
107247 97381
107222 97403
107220 97424
107213 97434
107205 97460
107189 97469
107182 97538
107149 97561
107145 97566
107128 97582
107123 97632
107082 97650
107059 97741
107012 97753
107004 97788
106967 97810
106964 97812
106956 97836
106950 97840
106948 97862
106921 97869
106914 97898
106903 97907
106897 97909
106888 97959
106859 97969
106849 97973
106836 97974
106829 97982
106827 97996
106824 98068
106801 98076
106787 98091
106779 98095
106763 98140
106742 98147
106736 98160
106725 98179
106713 98234
106699 98249
106678 98256
106672 98269
106663 98319
106609 98340
106606 98363
106604 98364
106598 98372
106582 98381
106572 98400
106547 98431
106545 98437
106542 98472
106516 98475
106508 98484
106507 98497
106472 98512
106462 98536
106461 98544
106458 98554
106452 98584
106438 98604
106397 98653
106384 98688
106359 98703
106351 98707
106323 98719
106320 98797
106294 98800
106275 98801
106263 98815
106261 98816
106253 98818
106251 98841
106237 98856
106230 98909
106182 98925
106162 98991
106137 99044
106083 99065
106073 99132
106026 99153
105999 99175
105993 99177
105986 99201
105976 99211
105946 99237
105936 99261
105916 99275
105911 99280
105900 99291
105881 99310
105872 99349
105863 99361
105844 99373
105836 99400
105813 99408
105801 99422
105799 99423
105791 99480
105754 99485
105749 99488
105746 99507
105728 99527
105721 99533
105705 99556
105695 99570
105681 99585
105678 99590
105672 99595
105664 99615
105657 99621
105632 99643
105631 99645
105600 99673
105597 99708
105583 99728
105571 99776
105537 99782
105524 99808
105491 99827
105477 99833
105474 99868
105445 99872
105439 99879
105433 99904
105420 99907
105417 99915
105413 99942
105390 99950
105382 99963
105376 99965
105349 99980
105346 99996
105341 100012
105335 100023
105327 100027
105324 100032
105306 100034
105298 100035
105296 100039
105294 100044
105287 100058
105283 100061
105278 100079
105273 100096
105271 100132
105246 100165
105225 100186
105223 100213
105179 100231
105170 100250
105141 100268
105127 100283
105126 100292
105108 100293
105094 100313
105087 100314
105079 100324
105073 100329
105065 100351
105043 100355
105041 100359
105040 100368
105034 100400
105011 100408
105004 100425
105003 100427
104981 100433
104979 100464
104961 100500
104933 100511
104925 100533
104919 100538
104901 100548
104879 100578
104873 100585
104866 100586
104855 100595
104851 100621
104837 100648
104814 100696
104780 100702
104767 100728
104761 100733
104734 100747
104728 100756
104725 100766
104709 100776
104696 100784
104682 100799
104670 100807
104667 100815
104660 100835
104647 100850
104637 100864
104621 100865
104615 100868
104612 100888
104607 100942
104570 100947
104553 100959
104541 100975
104531 100978
104520 100996
104513 101012
104510 101021
104492 101031
104477 101061
104469 101070
104450 101072
104440 101083
104427 101113
104413 101170
104378 101175
104363 101197
104340 101210
104321 101219
104319 101239
104316 101249
104283 101306
104261 101310
104246 101311
104242 101313
104238 101333
104229 101352
104197 101382
104186 101385
104172 101411
104149 101421
104146 101431
104145 101434
104142 101458
104119 101466
104115 101476
104112 101485
104094 101495
104063 101501
104062 101505
104059 101533
104056 101543
104042 101547
104030 101555
104017 101557
104012 101565
104010 101567
104002 101612
103986 101641
103951 101644
103946 101661
103932 101674
103918 101713
103906 101720
103902 101752
103878 101760
103852 101761
103848 101775
103842 101776
103839 101786
103833 101796
103828 101826
103805 101831
103788 101849
103766 101853
103756 101877
103745 101882
103735 101893
103734 101922
103702 101925
103691 101938
103671 101956
103665 101961
103661 101967
103660 101983
103659 101989
103658 102007
103648 102054
103630 102064
103591 102065
103587 102067
103578 102116
103556 102120
103542 102127
103533 102143
103506 102144
103504 102158
103497 102203
103455 102221
103453 102225
103437 102235
103430 102245
103424 102278
103410 102286
103407 102295
103389 102305
103371 102313
103350 102332
103338 102339
103337 102357
103333 102369
103327 102381
103292 102384
103286 102392
103270 102421
103263 102431
103256 102444
103217 102457
103214 102474
103203 102514
103180 102522
103166 102537
103143 102556
103136 102558
103135 102607
103108 102608
103086 102622
103083 102659
103061 102663
103047 102670
103022 102696
103018 102702
103002 102746
102984 102756
102942 102778
102932 102808
102913 102823
102874 102838
102872 102840
102866 102844
102852 102874
102832 102924
102775 102964
102762 102986
102737 103005
102704 103031
102689 103034
102668 103049
102662 103054
102657 103056
102654 103061
102653 103074
102648 103099
102643 103101
102618 103125
102582 103135
102578 103161
102562 103169
102561 103180
102512 103197
102501 103237
102471 103251
102449 103255
102439 103256
102438 103270
102435 103273
102428 103297
102416 103307
102409 103308
102391 103312
102388 103340
102383 103358
102363 103364
102341 103407
102300 103430
102299 103443
102275 103454
102271 103469
102232 103510
102202 103522
102184 103524
102178 103533
102175 103548
102163 103556
102157 103582
102135 103589
102118 103607
102092 103638
102087 103644
102066 103651
102041 103673
102040 103690
102016 103697
101995 103702
101979 103731
101971 103735
101946 103759
101934 103766
101921 103850
101827 103919
101778 103951
101755 103974
101753 103975
101730 103998
101710 104031
101663 104040
101656 104054
101638 104064
101616 104070
101613 104110
101586 104116
101567 104131
101543 104136
101532 104158
101519 104176
101495 104186
101493 104208
101480 104210
101452 104234
101411 104255
101403 104267
101396 104287
101378 104291
101349 104304
101340 104309
101335 104316
101332 104358
101307 104382
101263 104406
101236 104412
101235 104437
101210 104461
101188 104471
101183 104493
101158 104517
101140 104545
101115 104569
101048 104602
101043 104624
101018 104648
100961 104656
100949 104693
100935 104706
100910 104730
100893 104737
100868 104761
100823 104773
100810 104793
100794 104797
100785 104817
100769 104821
100754 104835
100745 104847
100737 104848
100717 104858
100713 104861
100695 104889
100670 104913
100642 104918
100638 104930
100620 104940
100618 104980
100593 105004
100570 105010
100569 105025
100529 105035
100519 105044
100495 105047
100479 105054
100477 105058
100475 105059
100471 105071
100457 105090
100446 105095
100432 105114
100429 105156
100376 105162
100362 105165
100353 105187
100326 105192
100323 105250
100298 105274
100223 105282
100208 105287
100195 105293
100192 105337
100167 105361
100121 105367
100114 105378
100107 105386
100096 105391
100082 105410
100052 105414
100047 105460
100024 105462
100012 105463
100007 105470
100004 105512
99982 105531
99927 105541
99910 105546
99907 105591
99857 105603
99836 105610
99820 105616
99807 105618
99804 105627
99795 105640
99782 105660
99757 105684
99751 105697
99726 105721
99691 105724
99657 105752
99632 105755
99622 105777
99616 105784
99594 105803
99568 105810
99563 105820
99555 105821
99547 105837
99530 105845
99519 105863
99507 105899
99463 105922
99441 105941
99432 105959
99410 105978
99389 105985
99366 106001
99353 106007
99335 106038
99314 106045
99290 106074
99221 106084
99209 106087
99200 106091
99196 106108
99181 106113
99177 106115
99169 106159
99134 106185
99094 106191
99069 106193
99062 106203
99059 106245
99012 106258
98988 106261
98987 106282
98985 106334
98909 106337
98893 106349
98871 106380
98856 106388
98846 106404
98827 106411
98811 106415
98790 106422
98787 106424
98767 106438
98752 106439
98751 106448
98749 106452
98737 106475
98734 106488
98712 106499
98674 106511
98663 106523
98649 106535
98644 106542
98619 106566
98585 106578
98571 106590
98570 106596
98569 106602
98547 106621
98535 106622
98522 106645
98493 106662
98483 106674
98460 106682
98446 106692
98436 106696
98412 106705
98401 106715
98397 106749
98386 106771
98330 106790
98305 106814
98257 106825
98226 106840
98219 106846
98208 106862
98193 106898
98138 106912
98113 106936
98110 106938
98085 106962
98068 106971
98050 106972
98045 106979
98043 106995
98020 107003
98013 107057
97948 107058
97923 107082
97917 107091
97894 107099
97884 107111
97860 107125
97837 107133
97826 107136
97822 107146
97805 107154
97797 107178
97748 107191
97737 107194
97733 107195
97727 107198
97719 107219
97692 107240
97668 107247
97637 107252
97633 107279
97631 107288
97606 107312
97581 107318
97559 107321
97532 107341
97521 107342
97511 107345
97507 107365
97480 107371
97473 107380
97469 107408
97444 107432
97402 107440
97381 107461
97372 107462
97358 107483
97347 107486
97324 107495
97320 107504
97318 107528
97269 107541
97261 107562
97223 107583
97172 107589
97171 107605
97140 107607
97138 107631
97134 107632
97109 107656
97079 107676
97034 107716
97007 107731
96982 107755
96923 107776
96910 107780
96897 107795
96885 107797
96879 107805
96864 107818
96842 107821
96841 107826
96815 107836
96807 107866
96786 107873
96778 107883
96761 107891
96726 107897
96710 107911
96696 107930
96683 107946
96645 107967
96634 107987
96572 107994
96560 108024
96541 108044
96503 108105
96425 108109
96406 108119
96396 108133
96393 108151
96345 108154
96333 108159
96328 108188
96310 108202
96284 108231
96265 108255
96207 108266
96187 108310
96108 108311
96090 108316
96076 108330
96069 108361
96051 108376
96004 108394
95993 108395
95973 108431
95935 108452
95905 108472
95862 108475
95847 108483
95833 108490
95828 108525
95801 108540
95776 108564
95738 108568
95720 108582
95680 108586
95676 108615
95651 108620
95625 108636
95613 108641
95608 108673
95550 108684
95531 108685
95528 108687
95527 108692
95524 108696
95506 108709
95494 108719
95480 108725
95473 108726
95458 108734
95453 108745
95447 108757
95428 108769
95396 108777
95394 108794
95356 108815
95331 108824
95324 108835
95266 108846
95261 108850
95258 108856
95249 108880
95246 108890
95201 108904
95178 108931
95142 108939
95135 108946
95116 108954
95108 109007
95026 109025
95006 109040
94997 109046
94996 109048
94977 109055
94960 109068
94951 109121
94893 109132
94859 109141
94828 109143
94827 109149
94788 109154
94778 109163
94769 109171
94762 109220
94731 109222
94700 109242
94667 109253
94644 109258
94637 109263
94622 109266
94605 109270
94597 109290
94594 109293
94591 109298
94569 109310
94511 109341
94493 109361
94461 109368
94446 109379
94446 109379
94417 109411
94415 109416
94374 109437
94349 109461
94289 109463
94271 109465
94262 109483
94246 109493
94243 109498
94237 109507
94199 109518
94166 109532
94164 109537
94145 109561
94115 109581
94114 109584
94093 109591
94082 109612
94067 109616
94046 109623
94007 109656
93976 109696
93902 109708
93882 109726
93831 109733
93808 109735
93799 109740
93796 109745
93770 109772
93768 109777
93745 109791
93734 109812
93702 109822
93651 109829
93638 109863
93590 109868
93579 109884
93554 109908
93505 109911
93491 109921
93490 109924
93451 109940
93420 109977
93399 109984
93388 110016
93348 110022
93289 110037
93256 110040
93252 110059
93229 110080
93195 110095
93193 110112
93121 110131
93118 110152
93060 110153
93050 110158
93027 110161
93024 110182
92983 110200
92962 110207
92942 110233
92913 110234
92911 110245
92887 110247
92876 110275
92845 110312
92780 110314
92746 110315
92732 110321
92712 110353
92670 110355
92660 110366
92647 110368
92632 110380
92614 110407
92607 110415
92605 110420
92559 110427
92493 110468
92426 110498
92381 110501
92360 110509
92349 110515
92337 110551
92325 110560
92302 110571
92287 110585
92263 110587
92251 110592
92203 110604
92190 110610
92169 110617
92154 110637
92114 110655
92070 110667
92051 110689
92036 110706
91964 110713
91961 110731
91935 110738
91926 110740
91904 110760
91867 110761
91842 110762
91841 110777
91820 110784
91809 110788
91797 110827
91712 110867
91678 110911
91587 110915
91566 110922
91526 110963
91454 110967
91445 110983
91405 110991
91382 111012
91320 111026
91310 111032
91297 111069
91275 111084
91163 111085
91144 111092
91129 111108
91083 111110
91076 111128
91066 111164
91006 111181
90963 111184
90945 111199
90911 111214
90860 111221
90855 111273
90775 111276
90758 111352
90634 111358
90558 111365
90507 111378
90497 111388
90460 111393
90409 111401
90379 111406
90376 111458
90342 111461
90276 111473
90268 111476
90249 111478
90235 111479
90228 111485
90209 111493
90195 111499
90191 111529
90119 111544
90048 111555
90042 111599
89981 111617
89960 111624
89813 111626
89781 111668
89682 111672
89677 111686
89652 111698
89631 111705
89599 111723
89550 111731
89520 111736
89494 111755
89478 111785
89347 111788
89313 111797
89305 111801
89298 111802
89250 111867
89136 111870
89079 111880
89069 111890
89059 111935
88983 111980
88816 111985
88717 112020
88663 112065
88509 112067
88444 112070
88418 112071
88375 112110
88321 112150
88167 112152
88140 112160
88135 112163
88098 112187
88064 112205
87902 112220
87877 112232
87815 112248
87756 112272
87645 112275
87620 112287
87558 112303
87458 112313
87379 112315
87372 112336
87350 112344
87312 112354
87303 112360
87278 112372
87216 112388
87138 112398
87005 112422
86906 112426
86866 112435
86859 112442
86797 112458
86772 112470
86637 112477
86516 112485
86422 112517
86375 112528
86288 112556
86193 112559
85957 112563
85944 112564
85937 112574
85882 112580
85857 112592
85736 112621
85601 112624
85580 112631
85568 112638
85459 112643
85438 112662
85369 112664
85336 112672
85311 112696
85290 112703
85196 112718
85175 112725
85013 112737
84907 112754
84898 112759
84792 112776
84667 112801
84424 112810
84327 112832
84173 112834
84031 112846
83670 112850
83620 112868
83223 112871
83058 112883
82744 112889
