300 2
90391
579 193 374
720 690 443
663 82 424
655 950 920
595 425 794
509 107 375
487 670 688
584 702 810
732 806 594
637 349 424
621 869 961
642 634 656
573 326 233
498 29 11
738 861 856
567 356 612
580 553 436
479 826 806
580 881 651
581 661 764
578 683 899
479 614 886
729 430 626
730 93 7
669 672 770
509 424 535
675 484 399
594 74 89
580 425 237
715 576 728
498 919 884
557 649 282
534 685 602
615 320 643
490 114 79
540 268 432
677 254 466
655 477 479
513 876 827
660 813 714
470 352 528
576 534 286
670 722 771
539 732 671
612 515 89
486 404 135
685 527 735
478 786 750
577 363 556
579 604 922
617 472 797
532 215 354
729 583 671
495 155 129
631 812 968
467 956 981
615 504 240
663 172 149
507 871 483
674 473 426
637 999 933
696 331 643
526 803 679
518 563 459
482 256 224
575 498 644
501 28 66
666 890 942
619 626 489
734 994 951
505 717 631
711 224 278
550 798 630
494 193 182
668 202 61
492 611 609
513 323 351
536 519 483
633 549 509
519 136 491
703 220 379
504 320 584
629 920 800
634 67 81
508 585 821
563 631 618
537 952 642
697 347 427
722 825 410
511 693 503
696 179 456
597 833 910
474 780 925
531 717 777
648 939 931
624 793 599
470 45 233
667 288 298
675 172 84
582 238 427
541 180 397
732 296 733
609 248 147
610 607 513
510 310 227
493 964 942
486 787 716
559 831 782
715 471 790
726 966 918
723 314 235
715 262 406
578 847 957
505 351 197
578 484 363
470 297 416
580 270 503
726 426 366
622 818 514
702 245 638
660 179 483
528 933 856
728 427 412
604 643 240
519 394 532
616 574 880
489 667 285
688 581 393
662 326 200
575 460 303
558 752 287
696 238 342
509 835 516
525 76 74
650 545 682
571 81 64
694 289 495
594 311 305
712 337 207
659 401 557
472 46 26
494 719 952
717 58 56
675 242 429
525 131 159
498 581 52
694 992 942
530 559 456
730 98 125
729 199 12
490 554 765
528 567 420
503 471 298
675 341 87
503 166 32
475 149 158
732 788 867
700 520 109
690 156 53
534 947 975
608 707 606
668 188 668
497 735 918
593 747 848
633 278 279
723 979 986
670 490 324
716 61 123
628 278 624
507 447 702
566 993 975
483 725 347
691 681 657
719 418 525
608 233 538
518 645 332
700 739 806
618 972 980
564 731 911
701 877 874
539 144 100
702 901 722
528 644 521
655 100 66
688 413 888
497 185 725
643 926 911
605 341 148
673 577 156
536 150 235
604 566 308
717 377 861
633 335 167
680 776 796
593 11 506
519 255 91
603 900 929
506 265 96
468 613 691
709 462 265
508 643 661
477 956 936
693 970 875
613 376 378
556 7 31
584 971 998
561 855 586
696 723 670
676 357 634
481 796 558
647 731 177
673 754 546
673 466 250
471 94 99
580 857 794
730 916 936
684 435 337
484 96 141
482 766 692
658 343 626
602 78 31
696 466 537
644 371 193
623 349 397
637 139 133
621 988 886
502 394 360
737 30 122
493 492 654
609 582 616
558 283 97
730 1 9
701 264 280
547 753 658
633 289 672
707 557 372
735 671 735
648 65 231
508 806 891
517 536 461
732 789 708
473 810 863
739 523 645
590 200 203
555 760 935
637 30 28
696 381 232
643 342 469
476 697 204
641 803 863
652 492 611
668 676 626
513 609 342
471 455 361
572 575 872
515 907 807
540 58 2
517 617 787
566 695 581
581 402 288
677 900 704
698 359 353
533 314 478
572 841 738
640 966 927
717 470 724
610 373 317
484 140 119
638 451 307
605 122 268
729 523 292
643 547 738
550 146 287
554 997 992
555 456 659
625 781 916
639 10 23
690 535 908
649 257 32
567 891 699
519 788 484
670 331 369
598 782 960
634 119 439
705 242 344
729 111 247
524 277 249
723 776 852
525 618 702
633 883 766
637 390 323
579 656 625
717 424 745
549 149 47
663 991 853
610 458 642
518 837 685
706 852 782
474 373 591
556 477 301
310
113447 104890
113431 105003
113429 105070
113425 105426
113424 105519
113415 105651
113394 105882
113393 105983
113392 106076
113383 106208
113381 106227
113362 106439
113351 106590
113335 106629
113326 106761
113305 106992
113293 107085
113272 107144
113264 107145
113261 107148
113256 107192
113252 107360
113246 107423
113228 107445
113220 107447
113214 107538
113208 107540
113197 107623
113195 107697
113174 107787
113168 107940
113129 107986
113112 107988
113100 108011
113097 108042
113084 108112
113082 108155
113062 108174
113057 108288
113020 108361
113007 108365
113000 108435
112987 108460
112980 108517
112957 108536
112941 108587
112930 108594
112916 108607
112915 108707
112889 108783
112839 108860
112822 108868
112806 108919
112804 108982
112773 109082
112743 109085
112723 109159
112696 109165
112685 109183
112665 109212
112660 109259
112639 109331
112622 109368
112611 109441
112572 109445
112565 109462
112537 109493
112534 109509
112529 109577
112518 109642
112462 109691
112460 109727
112414 109748
112385 109759
112383 109795
112378 109863
112367 109864
112341 109884
112334 109940
112331 109950
112276 109971
112274 109973
112270 109979
112257 110008
112254 110018
112243 110019
112238 110025
112229 110038
112226 110041
112222 110076
112215 110114
112188 110169
112151 110171
112148 110220
112144 110227
112122 110315
112064 110400
112037 110455
111991 110476
111977 110490
111971 110537
111944 110592
111905 110597
111902 110600
111899 110610
111877 110700
111831 110723
111824 110779
111778 110800
111774 110803
111751 110818
111747 110841
111738 110860
111731 110916
111689 110920
111684 110926
111666 110957
111663 110966
111657 110981
111628 111010
111627 111011
111623 111017
111619 111024
111598 111071
111591 111127
111559 111136
111554 111143
111545 111150
111538 111206
111512 111252
111466 111273
111461 111280
111452 111287
111445 111343
111378 111352
111371 111408
111325 111429
111288 111445
111285 111489
111278 111545
111241 111561
111232 111568
111225 111624
111179 111645
111090 111657
111088 111665
111078 111674
111070 111705
111039 111715
111035 111744
110996 111758
110992 111831
110946 111852
110939 111898
110893 111919
110845 111938
110824 111959
110780 111972
110748 111994
110732 111996
110710 112032
110679 112061
110637 112133
110591 112166
110538 112233
110408 112267
110380 112288
110377 112296
110331 112329
110309 112367
110292 112381
110278 112396
110201 112416
110152 112423
110138 112445
110125 112451
110114 112461
110102 112501
110057 112511
110006 112523
109996 112525
109991 112526
109983 112539
109972 112550
109944 112556
109935 112571
109909 112579
109892 112593
109878 112608
109867 112631
109797 112674
109776 112685
109723 112702
109702 112713
109675 112734
109607 112794
109534 112826
109498 112836
109467 112843
109449 112849
109436 112872
109397 112886
109323 112888
109321 112890
109320 112906
109300 112930
109264 112954
109225 112961
109220 112966
109213 112975
109207 113006
109153 113010
109130 113026
109106 113032
109099 113056
109072 113067
109036 113077
108992 113101
108965 113124
108960 113129
108929 113134
108893 113173
108882 113187
108846 113197
108771 113226
108723 113235
108714 113252
108670 113263
108665 113265
108655 113275
108624 113280
108619 113285
108556 113307
108552 113329
108541 113330
108508 113353
108472 113363
108428 113390
108350 113408
108339 113409
108314 113418
108306 113435
108270 113445
108237 113468
108206 113473
108201 113478
108157 113486
108121 113496
108112 113497
108079 113523
108048 113528
108043 113533
107968 113562
107888 113575
107826 113581
107800 113589
107799 113596
107728 113627
107611 113635
107602 113636
107584 113638
107570 113682
107478 113683
107475 113685
107451 113731
107317 113740
107275 113746
107209 113753
107198 113789
107085 113805
107054 113819
107000 113830
106910 113839
106887 113844
106873 113862
106854 113886
106688 113893
106683 113901
106620 113920
106601 113944
106430 113959
106397 113966
106365 113967
106227 113969
106225 113976
106203 113986
106175 113987
106152 113988
106126 113993
106067 113995
106030 114005
106008 114018
106000 114054
105747 114056
105662 114057
105636 114061
105626 114079
105624 114086
105439 114098
105379 114108
105250 114111
105217 114115
105194 114120
105065 114123
105041 114124
105005 114133
104847 114137
104843 114140
104820 114145
104758 114175
