300 2
92202
589 163 458
744 750 362
681 45 595
671 943 886
606 300 865
512 73 512
488 650 680
593 643 822
756 843 500
653 336 458
634 790 967
658 615 652
583 376 223
501 55 13
763 841 833
575 287 687
589 589 401
479 812 778
590 912 532
591 609 777
589 563 926
479 479 922
753 369 680
754 208 5
687 620 782
512 393 570
695 516 379
606 87 116
590 504 201
738 513 758
500 911 847
564 753 195
539 698 563
629 237 734
491 151 87
546 236 500
696 210 549
673 479 481
516 872 784
678 823 658
469 307 588
585 619 229
688 687 767
544 735 635
624 696 44
487 531 96
705 448 779
477 778 718
586 312 617
589 437 955
630 354 858
538 194 421
753 545 686
497 187 141
646 683 979
466 924 979
629 602 186
681 203 163
510 925 328
693 492 416
653 1000 794
718 249 730
530 820 614
522 594 426
482 287 233
584 446 680
504 29 108
684 841 941
633 661 442
759 995 890
507 728 589
734 226 315
557 826 551
496 218 199
687 303 48
493 602 599
517 327 374
542 529 472
648 558 494
523 84 638
725 193 452
507 254 666
643 931 717
649 80 107
511 481 861
570 625 604
544 976 453
718 333 462
746 896 270
514 736 435
717 131 571
607 774 913
474 683 940
536 678 777
665 925 908
638 827 513
469 30 371
686 302 317
695 238 79
593 202 505
547 143 495
756 186 834
622 310 138
623 630 479
513 358 220
494 958 913
487 790 672
567 826 742
738 355 852
749 965 870
747 359 229
738 235 468
588 757 965
508 426 173
587 528 334
469 275 467
590 219 588
750 453 358
637 872 393
724 161 754
678 126 605
532 936 795
752 439 414
616 761 154
523 357 577
630 433 922
490 771 193
709 637 339
680 391 182
584 521 269
566 854 173
718 224 395
512 888 387
530 96 91
667 491 712
581 108 76
715 242 570
606 328 319
734 402 188
677 357 606
471 73 31
496 562 971
740 75 73
694 206 506
530 142 192
500 795 17
715 994 875
535 589 424
754 109 158
754 391 5
491 469 807
533 611 378
505 537 259
693 482 58
505 281 23
475 168 182
756 733 869
722 688 59
711 239 45
539 914 971
620 724 559
686 102 804
498 622 938
603 685 857
649 294 296
747 963 981
688 550 285
740 61 176
643 197 727
510 363 763
572 993 947
483 813 242
712 675 635
743 389 560
620 170 646
522 732 249
722 694 807
631 955 973
572 622 931
722 857 851
545 185 107
723 923 616
532 673 476
673 136 73
710 242 947
499 91 857
658 913 884
617 439 120
692 724 90
542 145 290
616 649 246
740 221 930
649 420 142
700 749 782
601 2 794
523 357 73
614 866 921
509 367 77
467 575 702
731 539 224
510 626 654
477 948 908
714 976 789
627 385 389
565 7 67
593 919 999
569 896 463
717 724 637
695 281 712
481 840 460
663 865 84
692 796 463
691 551 206
470 112 121
589 856 747
755 887 925
704 476 317
485 102 182
482 771 648
676 267 708
614 126 31
717 444 558
661 455 163
637 345 423
654 163 152
635 992 772
504 414 360
763 24 207
495 436 694
621 564 618
566 393 75
755 1 27
722 276 302
554 764 609
648 196 775
729 616 322
760 633 739
664 49 344
510 746 895
521 559 439
756 795 660
472 767 859
764 478 673
601 220 225
563 643 952
654 44 38
718 449 207
659 314 517
476 826 111
656 757 861
669 451 642
686 680 597
517 688 272
469 492 342
581 439 915
518 914 737
546 172 1
520 540 816
575 717 532
592 453 268
697 923 592
720 372 364
538 277 539
581 850 677
655 964 885
740 381 781
623 403 313
485 170 133
654 508 276
617 104 354
753 604 238
659 471 777
557 128 365
559 995 982
563 390 710
639 692 930
655 12 44
711 364 950
665 428 18
575 916 591
524 847 372
688 331 393
610 647 974
649 76 585
728 228 396
753 97 330
529 305 257
747 724 854
530 577 714
648 895 693
653 423 315
589 654 604
740 319 816
556 232 40
682 996 696
623 398 690
522 858 605
728 853 732
473 313 656
564 544 261
746
103183 111762
108413 107917
103238 111716
108315 108010
108990 107291
113758 95251
109793 106330
113423 98653
112769 100920
102866 111938
101525 112613
95359 114415
107693 108624
112135 102458
111738 103298
103728 111463
99508 113490
109852 106208
106001 109963
99401 113522
109254 106933
112575 101408
108626 107611
95973 114341
104725 110843
102754 112007
110144 105845
112103 102501
111543 103750
107331 108905
111283 104205
112027 102655
113041 100035
99423 113509
98720 113766
111901 102942
100170 113205
106238 109794
95981 114313
109558 106525
106458 109635
104458 111001
99035 113661
112736 100957
106058 109948
98193 113903
112038 102641
105724 110179
103844 111363
113557 97960
93028 114543
110869 104807
104450 111029
112559 101436
110053 105950
109206 107008
107457 108850
99338 113563
112503 101541
106878 109332
105190 110528
113031 100101
109179 107018
112910 100476
111192 104310
108828 107434
110552 105257
107334 108900
110822 104852
106929 109269
102672 112049
113536 98170
112227 102261
108038 108226
113103 99838
113317 99142
110085 105907
105306 110460
97530 114075
112167 102386
108621 107652
109741 106362
97917 113944
109653 106487
106652 109509
108834 107387
110683 105065
99277 113575
108514 107800
113639 97328
104457 111004
94200 114489
98069 113934
113677 97183
102706 112037
108718 107544
101507 112634
112110 102485
111780 103284
111898 102992
113594 97459
103772 111440
111586 103638
104237 111131
99825 113384
108466 107871
106590 109520
112933 100468
113355 98858
103882 111348
110461 105362
102710 112030
111697 103371
110932 104709
103831 111373
101114 112842
111847 103068
109269 106910
105384 110388
113051 100023
100572 113053
102807 111980
107836 108463
105159 110535
110632 105118
100314 113166
107137 109127
112391 101810
110360 105562
112808 100805
108829 107397
112267 102198
100394 113122
105530 110307
113027 100116
111439 103852
109950 106099
107750 108572
102837 111953
113094 99886
99903 113326
105383 110410
109532 106596
113232 99420
103227 111739
101896 112446
95571 114376
93271 114538
111587 103625
102119 112347
100633 113031
109433 106730
112295 102152
105107 110582
106839 109334
109181 107012
96753 114229
106837 109373
105193 110514
98111 113921
112624 101281
103962 111317
109681 106422
101642 112565
109670 106431
106363 109746
107301 108955
109828 106230
106301 109780
105282 110466
100947 112930
109261 106924
102012 112378
97071 114129
110793 104904
111440 103839
107555 108736
113421 98793
105665 110212
112361 101931
105848 110077
110188 105840
103918 111340
110345 105567
112993 100301
109555 106589
112363 101891
100558 113099
107898 108428
106663 109499
107199 109092
112746 100945
102016 112371
111714 103306
105153 110558
106138 109879
113227 99439
108773 107483
105262 110483
105098 110640
101341 112717
110622 105170
106562 109550
99003 113679
104054 111251
97935 113942
100736 112979
113746 95839
108878 107383
110265 105664
100159 113223
109091 107118
105363 110412
111467 103806
99959 113296
95078 114433
103111 111801
110076 105932
108329 107963
101852 112496
112078 102638
107328 108909
107570 108725
104677 110862
97341 114087
102246 112270
103543 111570
112828 100777
106158 109861
106755 109433
106170 109844
103579 111529
100275 113183
98604 113794
91236 114583
105944 110026
112452 101774
111347 104019
97272 114127
113177 99716
113748 95605
102193 112290
109859 106158
96267 114302
97705 114014
111658 103508
113640 97249
109601 106518
99643 113436
98960 113681
105514 110325
113017 100248
94620 114480
104061 111235
104460 110990
98611 113783
102648 112052
109692 106413
100125 113225
98557 113830
113292 99168
111490 103798
113276 99312
113605 97422
109514 106653
100978 112893
96351 114264
113714 96682
111151 104350
112721 101054
111854 103037
107578 108705
104734 110838
113592 97577
109407 106801
102968 111873
112196 102346
111799 103186
111862 103004
111234 104240
110545 105308
102852 111945
111699 103364
101770 112542
113773 94884
109039 107173
103811 111384
113291 99180
113473 98424
108032 108260
111437 103876
113794 94049
104417 111041
98941 113689
101462 112681
110692 105061
105157 110540
111155 104315
111455 103808
112703 101117
109432 106731
108511 107803
106880 109292
110791 104969
105436 110360
113219 99443
110459 105371
112012 102660
104963 110683
113731 96046
103861 111362
103033 111857
113266 99393
112656 101270
109078 107160
107014 109228
113678 97104
106429 109639
112201 102294
113587 97767
111505 103759
111366 103991
105261 110489
100993 112854
110597 105206
110419 105465
107533 108773
112520 101530
112726 100970
110454 105413
104796 110803
102002 112379
106094 109928
112501 101544
112504 101540
103163 111773
98821 113731
112590 101320
105807 110118
105342 110436
102527 112129
106200 109802
110922 104736
103133 111777
109113 107112
108684 107591
102068 112356
108885 107352
112595 101300
109953 106033
111401 103934
113721 96270
111816 103139
103083 111803
111564 103650
108732 107533
102299 112252
102000 112441
105199 110505
111599 103546
110728 105001
102620 112078
103117 111792
113320 99089
111396 103959
110065 105941
95938 114354
98606 113792
109853 106207
109458 106697
112500 101650
107076 109193
111340 104045
112907 100613
113524 98357
113336 99051
111126 104372
102473 112153
112659 101185
112000 102770
106991 109234
110485 105355
112657 101261
104566 110951
113715 96603
113445 98576
104675 110876
104191 111181
102298 112255
104300 111106
102182 112300
102483 112148
113564 97895
106714 109474
104474 110980
108093 108206
99511 113485
112526 101527
99939 113297
96988 114163
94753 114454
100751 112961
99555 113438
102896 111922
92343 114582
103789 111407
103661 111487
105974 109974
103367 111696
104818 110771
108883 107381
99123 113637
113352 99017
99369 113540
113753 95407
104602 110914
97979 113941
108354 107949
113095 99855
99420 113514
105911 110057
113373 98807
105460 110359
110219 105760
105612 110255
113083 99917
102195 112279
103788 111410
107951 108382
101306 112782
107319 108910
109242 106964
103660 111517
108638 107600
112343 101958
110033 106020
112840 100689
105120 110570
112793 100855
105592 110272
110575 105238
105065 110652
103836 111370
100404 113104
112532 101494
112879 100635
112863 100681
102954 111903
111696 103455
105682 110202
99753 113399
96350 114275
98869 113715
106725 109464
97840 113979
105697 110181
96644 114236
100992 112883
111051 104547
99124 113605
101604 112596
104272 111119
111860 103014
107271 108981
113619 97393
106532 109563
105675 110208
104392 111044
101145 112805
99245 113593
94973 114438
110583 105232
92888 114552
99856 113347
113218 99529
112331 101970
106425 109711
104233 111154
111597 103570
99365 113551
112543 101480
107848 108458
109329 106829
111312 104071
112472 101685
112354 101949
110340 105632
113192 99549
106679 109483
104570 110933
110511 105343
106563 109537
105414 110373
99542 113448
109827 106278
97906 113946
113730 96191
100215 113186
100098 113266
102455 112174
110373 105512
108208 108113
109714 106373
112143 102399
112327 102080
103681 111468
102885 111934
105324 110457
111400 103941
112662 101148
107410 108874
99154 113600
109473 106670
104605 110895
99303 113570
112122 102470
109851 106222
108778 107444
110249 105737
104194 111162
108735 107491
109610 106513
107395 108885
109375 106805
98617 113782
99095 113644
101337 112745
97614 114016
111556 103653
95536 114389
103077 111834
103186 111759
100006 113281
111827 103082
107910 108423
103127 111780
102362 112224
101375 112704
113757 95330
109249 106939
104279 111107
98466 113832
110677 105109
110131 105866
112605 101292
109876 106152
97590 114027
109429 106744
113699 96822
113284 99222
102590 112105
112311 102090
102517 112130
97018 114148
104608 110891
110705 105054
104975 110666
104252 111125
111951 102857
110392 105497
109591 106522
110697 105059
111931 102897
111994 102809
104309 111098
104719 110853
99737 113408
108686 107575
96788 114216
112001 102723
107297 108978
97870 113964
112154 102398
103792 111393
112006 102676
107640 108670
100363 113159
109331 106814
110816 104899
110040 105971
113141 99815
113782 94609
113801 93814
106935 109259
112386 101877
94032 114493
113775 94844
110586 105214
103262 111711
104028 111259
99526 113457
104349 111076
113038 100072
109326 106865
101821 112533
107095 109131
111600 103533
106461 109631
104015 111307
96158 114309
104124 111232
111123 104511
99541 113454
96284 114286
112965 100362
98624 113770
93176 114540
110590 105207
96932 114169
102427 112208
106228 109801
107240 108987
99690 113421
103002 111869
107230 109022
106491 109604
107996 108314
108749 107487
106199 109841
95113 114420
110092 105869
107363 108886
102465 112167
103745 111442
106775 109408
102628 112072
104653 110888
103411 111673
101641 112589
112674 101121
112036 102652
105559 110303
102157 112316
112941 100391
103520 111598
97903 113960
99048 113657
108114 108180
95394 114402
101163 112784
107839 108460
100213 113201
95974 114330
95688 114363
112619 101288
103701 111465
103571 111535
110729 104987
104511 110952
106523 109597
105269 110469
111032 104616
107461 108806
100678 113016
108231 108050
97582 114031
98113 113908
112672 101137
92711 114556
108573 107768
99867 113331
95829 114361
105617 110248
111805 103147
104881 110765
112088 102523
101540 112608
93205 114539
102817 111957
109038 107220
105427 110371
110628 105160
93448 114534
111302 104103
100697 112998
96818 114183
93715 114506
109921 106112
104378 111074
109999 106031
112002 102721
113493 98387
104459 110995
109302 106884
105226 110493
104773 110813
109912 106148
108253 108045
102219 112272
98247 113894
101493 112644
97570 114042
113066 99976
105776 110160
103589 111520
105780 110121
104927 110718
111447 103824
101002 112848
108155 108171
99051 113652
102717 112014
113304 99157
112969 100308
98422 113858
111969 102844
106782 109406
104691 110855
103450 111617
104509 110973
104769 110820
110502 105353
101524 112618
96386 114251
112587 101401
109145 107072
106939 109236
107791 108531
94377 114485
98909 113707
103558 111537
100604 113035
111900 102951
109704 106379
101705 112558
104502 110978
93585 114512
113362 98828
105973 110022
104168 111209
110960 104702
98369 113869
99017 113663
112398 101781
112008 102669
113280 99280
110839 104848
109297 106903
108598 107698
110851 104822
103959 111328
108085 108214
100846 112949
107995 108320
108942 107349
103643 111518
