300 2
92195
726 552 650
654 279 271
532 889 669
503 923 969
659 611 408
756 701 570
530 136 83
506 848 648
702 505 530
744 225 108
686 986 865
578 245 61
567 648 807
617 328 400
512 415 178
581 470 572
576 965 927
752 102 210
665 453 333
723 986 979
513 750 624
545 45 165
616 984 957
651 128 131
561 585 560
532 180 96
484 307 668
530 968 996
523 890 924
737 217 389
532 166 381
633 551 792
676 257 56
599 125 195
491 778 920
691 321 565
720 574 845
561 887 970
602 505 352
612 32 114
663 107 330
653 342 339
530 406 287
473 511 364
487 508 674
661 309 179
666 521 284
523 958 960
575 491 521
632 659 480
532 492 468
476 718 620
565 247 326
613 872 899
710 95 193
597 657 952
693 153 30
515 99 44
742 390 526
754 567 518
523 762 382
751 724 678
743 98 235
695 44 88
528 385 364
644 870 232
717 483 351
474 323 102
570 146 315
519 708 695
695 156 608
535 417 262
530 609 377
696 261 310
606 268 511
688 336 192
535 325 529
660 887 821
595 666 875
479 896 871
652 994 994
677 664 303
697 995 959
626 487 503
700 115 41
481 96 94
707 797 977
646 667 180
583 344 414
529 227 263
695 84 10
550 498 792
503 909 821
731 825 793
747 708 359
515 153 15
637 698 915
536 122 428
675 187 405
672 145 166
662 223 153
506 613 458
688 493 559
634 242 118
721 553 395
621 465 369
735 384 510
750 563 806
590 579 182
694 119 286
548 346 206
505 229 190
595 17 174
503 819 885
659 437 254
643 729 706
683 560 473
592 697 727
621 295 77
679 668 874
549 408 328
534 404 727
730 245 614
535 463 242
702 325 166
580 358 520
483 5 28
653 775 824
729 407 402
549 61 56
481 517 609
747 761 854
659 192 170
500 821 499
558 736 936
639 768 706
632 951 826
756 705 921
679 442 542
512 62 96
606 338 71
612 643 776
673 701 836
519 836 939
666 542 897
733 70 125
693 519 560
595 41 46
755 774 866
698 659 502
648 662 721
562 420 203
538 28 88
560 913 728
709 93 196
654 347 456
606 142 126
736 695 181
598 97 25
664 101 73
681 790 784
532 747 594
701 687 632
589 694 653
695 980 896
491 664 904
552 622 597
561 212 195
633 287 211
514 348 522
651 749 904
687 26 48
589 736 814
486 527 403
526 724 420
721 696 880
728 111 22
510 590 514
615 864 876
687 577 705
504 458 570
577 927 631
543 469 442
630 48 316
511 710 596
491 712 323
588 391 545
493 249 811
587 212 132
493 560 246
495 901 808
566 440 530
733 931 858
531 732 559
516 129 423
556 49 4
758 651 868
519 263 412
693 442 179
580 761 684
732 889 932
643 116 404
684 416 544
602 213 454
742 243 146
580 307 234
724 736 640
523 933 908
665 10 10
482 92 77
540 447 266
755 553 803
589 450 334
756 856 934
693 628 562
607 92 314
509 285 90
714 680 720
550 766 464
676 607 503
748 354 335
538 521 483
589 335 182
701 957 854
724 133 80
564 222 457
696 331 309
742 981 965
589 192 114
495 779 731
534 611 428
615 319 347
496 782 560
720 585 496
569 400 627
586 367 216
527 846 756
632 344 684
734 353 569
591 811 904
549 4 2
664 598 542
674 471 369
598 776 929
717 448 234
645 540 280
583 367 360
528 665 618
756 58 108
564 310 218
736 325 268
496 88 32
602 797 558
581 294 551
508 933 948
632 368 316
644 960 938
615 971 980
756 1 69
612 399 480
710 456 366
564 977 622
687 624 514
641 842 800
685 851 862
554 31 112
579 166 309
676 278 563
566 534 629
751 572 477
542 65 75
712 881 947
729 564 434
501 123 202
516 952 851
632 381 183
508 965 924
730 628 871
544 393 438
595 88 59
555 588 886
694 152 100
670 920 755
513 658 703
506 866 870
510 167 133
676 314 207
699 253 419
645 326 253
520 710 791
634 483 399
708 124 223
493 205 496
515 269 136
514 452 498
702 276 304
483 676 314
568 847 480
642 370 326
751 73 498
320
109626 102671
109625 102926
109617 103000
109616 103255
109595 103332
109592 103377
109587 103446
109577 103487
109575 103493
109574 103591
109572 103626
109567 103667
109565 103721
109558 103813
109554 103855
109553 103952
109550 104047
109533 104049
109529 104074
109523 104097
109520 104128
109518 104138
109516 104149
109514 104184
109511 104194
109509 104225
109507 104279
109499 104335
109492 104346
109483 104391
109474 104426
109469 104467
109462 104469
109461 104537
109456 104578
109445 104640
109430 104750
109424 104760
109413 104785
109403 104829
109395 104898
109387 104918
109378 104984
109363 105094
109328 105136
109318 105179
109313 105220
109297 105256
109296 105283
109292 105297
109283 105308
109268 105321
109264 105383
109249 105395
109247 105398
109242 105455
109229 105627
109188 105648
109179 105696
109172 105746
109151 105767
109147 105770
109137 105779
109134 105791
109133 105809
109122 105815
109121 105826
109118 105918
109102 105942
109092 105949
109083 105960
109082 105963
109076 105973
109067 105984
109061 105992
109052 106011
109045 106016
109044 106052
109037 106073
109028 106076
109023 106104
109013 106156
108987 106171
108982 106181
108980 106205
108972 106225
108963 106227
108958 106237
108945 106247
108944 106250
108943 106275
108930 106281
108927 106305
108922 106346
108910 106372
108898 106401
108882 106425
108876 106448
108863 106483
108848 106496
108838 106540
108805 106562
108802 106566
108798 106570
108793 106582
108790 106595
108787 106659
108773 106662
108760 106688
108743 106694
108738 106735
108725 106770
108709 106781
108684 106830
108666 106838
108659 106855
108654 106867
108649 106946
108606 106948
108604 106979
108599 107020
108585 107025
108561 107060
108534 107077
108522 107106
108517 107116
108498 107130
108496 107193
108463 107202
108451 107206
108445 107224
108441 107249
108428 107284
108395 107288
108390 107329
108378 107358
108346 107368
108341 107409
108322 107412
108321 107430
108305 107454
108269 107461
108264 107475
108257 107490
108248 107511
108243 107552
108238 107564
108212 107566
108194 107577
108161 107587
108156 107597
108150 107636
108145 107646
108132 107692
108098 107717
108097 107723
108091 107732
108073 107754
108057 107757
108040 107763
108035 107804
107996 107810
107972 107816
107971 107835
107956 107844
107955 107850
107951 107885
107950 107891
107924 107893
107913 107903
107899 107922
107860 107924
107849 107964
107843 107973
107815 108003
107806 108005
107789 108010
107782 108019
107775 108029
107751 108034
107742 108036
107728 108040
107718 108050
107711 108060
107710 108074
107707 108091
107702 108132
107646 108137
107644 108160
107638 108163
107624 108181
107583 108205
107572 108212
107567 108226
107560 108241
107525 108245
107520 108258
107506 108279
107505 108298
107458 108322
107424 108351
107419 108373
107393 108375
107365 108377
107347 108382
107343 108385
107340 108391
107323 108400
107311 108409
107306 108420
107293 108425
107275 108444
107268 108457
107205 108469
107200 108470
107179 108471
107175 108494
107167 108504
107154 108534
107074 108568
107052 108585
107026 108587
107010 108605
106971 108613
106952 108616
106935 108621
106930 108639
106929 108649
106908 108656
106907 108675
106827 108709
106815 108744
106726 108758
106696 108783
106693 108792
106671 108815
106574 108831
106549 108863
106494 108864
106454 108884
106444 108898
106405 108907
106393 108913
106339 108916
106335 108923
106328 108927
106313 108929
106293 108932
106291 108943
106274 108954
106271 108961
106246 108972
106209 108981
106176 108982
106173 108983
106166 108999
106147 109014
106146 109023
106093 109027
106066 109032
106032 109053
105995 109082
105883 109086
105867 109096
105864 109113
105811 109117
105769 109134
105739 109141
105684 109144
105680 109148
105651 109174
105601 109177
105558 109193
105487 109195
105486 109217
105433 109221
105383 109224
105358 109231
105355 109233
105348 109236
105322 109238
105302 109252
105252 109255
105238 109259
105193 109274
105157 109277
105148 109280
105107 109290
105098 109295
105095 109296
105010 109299
105009 109309
104980 109317
104955 109329
104952 109330
104864 109334
104855 109337
104826 109345
104780 109353
104769 109355
104717 109356
104712 109359
104680 109369
104658 109379
104642 109380
104561 109385
104560 109399
104445 109410
104444 109437
104241 109450
104179 109459
104098 109472
103964 109483
103944 109500
103810 109511
103597 109532
103311 109541
103170 109557
102771 109573
102359 109584
