300 2
100896
563 146 390
694 226 252
706 149 788
589 521 297
715 901 301
581 251 82
697 557 974
739 382 607
777 779 115
523 449 308
790 635 971
754 690 95
727 846 186
670 537 290
524 817 990
715 343 146
605 247 709
603 4 29
704 667 868
591 349 200
614 932 943
661 307 795
813 311 513
772 774 807
593 206 351
636 966 998
753 123 940
761 476 121
764 560 718
617 512 731
732 250 180
539 400 384
770 787 850
722 622 493
713 611 412
745 275 123
575 568 690
765 271 208
635 483 751
555 130 903
745 276 209
682 35 45
745 463 117
657 770 472
592 826 982
818 287 584
542 138 259
556 112 145
720 379 77
583 369 259
539 798 987
750 465 194
731 116 383
601 655 378
598 548 320
661 233 117
657 399 751
660 754 492
809 980 967
518 726 933
703 508 682
762 104 203
763 448 828
521 744 484
814 524 139
545 334 146
534 436 395
519 873 939
720 751 609
721 916 912
756 439 723
660 62 31
751 158 343
606 427 248
559 742 454
736 56 863
533 926 864
801 747 805
783 177 233
712 473 506
531 520 560
803 174 186
715 547 562
573 716 956
753 263 84
577 485 661
556 805 708
587 125 452
659 289 12
570 452 944
706 416 345
681 430 143
683 85 396
718 812 652
620 208 522
818 202 657
785 423 165
737 794 719
640 128 73
715 340 886
630 934 542
660 592 218
683 586 826
662 123 207
778 846 529
552 526 80
809 601 446
579 51 102
782 578 43
560 722 499
703 731 366
550 465 653
646 884 410
627 235 723
665 772 802
568 102 21
769 84 240
561 195 489
719 718 664
596 293 806
818 512 981
646 413 419
617 558 447
773 877 839
632 362 443
737 219 328
731 953 636
743 782 902
763 528 682
706 893 844
644 849 520
652 64 25
671 899 683
680 484 574
709 41 73
725 62 109
715 116 293
569 694 504
572 158 803
542 825 593
539 929 710
705 780 764
541 13 16
684 311 284
612 60 126
757 854 597
805 527 644
736 47 759
530 466 843
823 201 33
778 361 232
706 354 124
667 449 345
604 480 420
560 461 810
770 859 742
607 668 515
772 614 402
651 228 592
786 225 598
650 963 561
621 242 311
740 211 194
680 403 687
758 777 932
736 827 472
710 332 617
557 25 57
691 966 909
571 314 405
591 240 38
608 422 354
667 218 146
705 116 27
531 120 217
538 947 85
787 391 450
577 405 307
644 517 726
813 9 9
786 94 140
685 417 838
743 376 573
681 814 740
655 492 624
760 840 898
685 45 307
720 228 398
636 616 684
683 792 626
530 185 271
758 935 836
553 32 91
774 722 698
792 911 391
793 378 771
756 29 600
647 654 481
810 735 969
542 324 153
727 987 901
798 97 819
518 39 483
530 344 540
539 416 150
790 147 83
719 376 612
778 331 505
668 61 111
794 799 699
613 540 494
723 384 271
616 397 749
820 502 853
749 837 883
659 328 387
669 234 381
805 847 960
719 593 852
764 494 778
553 240 845
576 264 878
518 410 433
560 868 941
541 118 749
621 739 116
744 679 118
665 434 835
553 420 64
690 70 480
722 429 980
644 48 15
764 778 687
753 864 123
694 894 907
547 877 815
684 185 402
618 284 616
635 11 23
530 550 254
612 967 272
527 256 440
722 104 264
824 798 479
705 428 320
610 565 890
766 297 108
814 22 28
756 526 178
655 526 220
764 348 422
743 782 416
555 871 131
668 679 973
783 127 161
819 407 382
762 500 580
778 800 943
797 608 347
635 886 863
793 95 73
678 404 432
743 749 136
580 734 913
672 683 763
732 407 321
805 179 19
571 174 279
756 122 867
722 315 387
531 727 924
599 164 90
551 187 415
759 591 732
615 803 850
552 557 715
613 109 282
736 942 896
726 364 576
682 9 34
743 757 308
662 611 739
554 888 498
659 330 412
665 692 620
621 796 523
530 915 659
568 293 837
665 853 844
649 880 775
537 913 384
783 84 536
614 916 967
715 919 719
696 221 85
764 828 890
758 940 847
536 64 830
560 648 147
560 360 40
876
108614 92576
108613 92887
108611 93206
108607 93596
108596 93696
108591 93802
108587 93825
108582 93931
108571 94011
108570 94018
108561 94064
108560 94255
108548 94311
108546 94401
108545 94408
108542 94416
108541 94507
108530 94572
108524 94614
108523 94706
108514 94819
108500 94879
108494 95077
108473 95112
108469 95258
108458 95267
108454 95336
108453 95440
108447 95463
108444 95484
108429 95552
108420 95633
108415 95675
108413 95736
108410 95781
108408 95842
108395 95859
108393 95910
108376 95933
108375 95998
108373 96030
108365 96038
108358 96165
108345 96182
108343 96243
108339 96244
108332 96318
108331 96327
108327 96413
108322 96485
108307 96527
108302 96622
108297 96694
108288 96709
108285 96806
108272 96818
108257 96850
108250 96875
108244 96917
108242 97029
108238 97115
108219 97126
108213 97324
108167 97374
108148 97456
108139 97522
108113 97614
108101 97615
108092 97674
108088 97738
108069 97739
108067 97753
108062 97810
108049 97863
108040 97922
108036 97986
108011 97995
108009 98003
108007 98035
107991 98039
107989 98145
107982 98244
107955 98283
107937 98393
107930 98492
107877 98500
107875 98508
107861 98535
107857 98597
107856 98690
107827 98731
107803 98790
107783 98795
107777 98854
107776 98894
107753 98902
107749 98964
107747 98966
107724 98974
107723 98994
107715 99055
107706 99093
107693 99120
107684 99156
107683 99182
107661 99191
107656 99231
107645 99236
107644 99257
107643 99271
107642 99291
107638 99341
107617 99416
107591 99417
107587 99427
107578 99448
107577 99484
107565 99508
107561 99572
107545 99604
107543 99614
107534 99627
107516 99676
107505 99699
107496 99781
107483 99813
107457 99877
107444 99891
107427 99969
107413 100007
107409 100011
107400 100024
107383 100075
107371 100096
107356 100137
107353 100167
107331 100181
107315 100196
107311 100207
107308 100232
107304 100243
107301 100273
107297 100290
107293 100298
107279 100326
107275 100337
107270 100426
107244 100432
107237 100454
107227 100471
107224 100476
107219 100496
107211 100557
107197 100578
107176 100597
107174 100629
107163 100652
107162 100669
107141 100734
107123 100776
107115 100829
107104 100852
107085 100861
107067 100932
107050 100979
107028 101066
106998 101082
106976 101108
106961 101140
106952 101151
106951 101219
106948 101241
106943 101244
106933 101261
106918 101291
106906 101323
106901 101339
106890 101362
106888 101394
106877 101417
106864 101457
106845 101466
106827 101537
106816 101560
106799 101590
106782 101667
106764 101732
106720 101754
106704 101767
106701 101836
106668 101840
106664 101848
106659 101868
106650 101910
106646 101952
106637 102022
106594 102029
106589 102053
106565 102055
106563 102063
106557 102066
106554 102100
106552 102172
106538 102185
106534 102237
106497 102244
106492 102268
106479 102309
106477 102328
106464 102372
106429 102377
106428 102404
106426 102432
106414 102434
106409 102444
106397 102464
106386 102490
106377 102527
106365 102541
106359 102558
106327 102564
106324 102592
106322 102599
106309 102606
106305 102654
106299 102659
106282 102691
106268 102724
106259 102726
106253 102762
106244 102794
106240 102806
106224 102824
106211 102845
106192 102905
106179 102949
106156 102995
106141 103009
106131 103044
106107 103087
106075 103093
106067 103114
106058 103155
106050 103157
106039 103169
106038 103229
106018 103257
105991 103282
105983 103301
105981 103350
105936 103354
105934 103357
105926 103422
105894 103425
105893 103442
105892 103453
105887 103477
105873 103516
105855 103523
105853 103544
105846 103582
105837 103586
105831 103596
105816 103637
105807 103668
105795 103669
105773 103732
105736 103742
105732 103794
105702 103815
105698 103837
105681 103869
105672 103873
105671 103937
105641 103958
105640 103973
105608 104019
105586 104030
105585 104045
105577 104064
105567 104081
105527 104103
105514 104150
105506 104224
105460 104234
105453 104249
105451 104296
105433 104340
105420 104360
105404 104362
105399 104377
105392 104402
105391 104417
105366 104441
105337 104474
105331 104500
105330 104560
105275 104632
105204 104633
105197 104637
105192 104654
105189 104691
105184 104784
105123 104828
105111 104864
105062 104971
104994 105006
104988 105041
104985 105051
104973 105065
104951 105073
104939 105078
104924 105099
104912 105113
104911 105126
104907 105148
104902 105149
104877 105173
104874 105219
104848 105230
104830 105233
104815 105238
104808 105300
104793 105326
104780 105336
104754 105381
104744 105402
104726 105417
104699 105477
104657 105487
104654 105492
104649 105497
104642 105506
104637 105511
104621 105520
104609 105522
104600 105573
104592 105584
104588 105587
104575 105589
104572 105627
104543 105660
104538 105665
104521 105670
104507 105689
104499 105699
104489 105741
104472 105746
104462 105767
104453 105770
104435 105773
104429 105775
104424 105780
104422 105781
104419 105784
104417 105842
104408 105848
104380 105849
104375 105856
104368 105918
104363 105923
104335 105934
104318 105938
104314 105999
104254 106002
104239 106035
104236 106073
104207 106106
104171 106135
104168 106140
104163 106145
104151 106159
104118 106195
104114 106221
104081 106257
104069 106271
104053 106299
104032 106364
104004 106375
103999 106380
103964 106384
103954 106395
103952 106398
103950 106456
103926 106464
103883 106491
103882 106494
103859 106499
103855 106502
103850 106548
103836 106560
103832 106586
103791 106605
103768 106611
103762 106617
103755 106620
103748 106640
103745 106647
103737 106668
103735 106676
103722 106693
103717 106714
103684 106790
103668 106821
103610 106828
103600 106841
103577 106864
103567 106875
103544 106880
103538 106894
103530 106915
103519 106948
103495 106956
103469 106982
103460 106991
103450 107002
103449 107016
103441 107025
103420 107058
103404 107068
103398 107076
103377 107086
103347 107173
103328 107193
103271 107226
103228 107227
103227 107247
103224 107254
103213 107321
103156 107354
103145 107372
103112 107375
103101 107394
103096 107448
103031 107449
103014 107482
102999 107488
102995 107502
102981 107510
102978 107521
102965 107558
102949 107568
102943 107576
102914 107578
102910 107598
102897 107609
102892 107673
102861 107674
102836 107681
102823 107702
102816 107726
102783 107748
102754 107767
102742 107803
102719 107808
102710 107816
102686 107848
102665 107870
102657 107873
102646 107894
102633 107905
102608 107922
102597 107970
102526 108010
102504 108028
102484 108034
102470 108069
102430 108080
102428 108094
102422 108099
102406 108108
102398 108131
102377 108137
102373 108175
102357 108184
102331 108190
102328 108213
102291 108236
102269 108254
102262 108265
102258 108305
102242 108312
102220 108330
102174 108363
102165 108371
102121 108376
102120 108399
102104 108406
102093 108439
102040 108449
102034 108454
102028 108467
102021 108491
102012 108526
101999 108537
101978 108559
101907 108563
101906 108566
101899 108578
101889 108623
101885 108625
101858 108639
101836 108701
101788 108731
101764 108763
101712 108784
101695 108812
101650 108825
101638 108861
101597 108863
101594 108866
101574 108878
101571 108895
101561 108907
101539 108922
101535 108958
101529 108963
101512 108983
101458 108998
101423 109001
101411 109037
101386 109050
101374 109077
101339 109078
101336 109095
101326 109107
101302 109139
101277 109183
101233 109188
101209 109214
101176 109237
101157 109245
101151 109250
101123 109265
101109 109271
101056 109283
101045 109298
101044 109301
101022 109319
101016 109346
101006 109358
100996 109374
100964 109377
100958 109382
100947 109385
100924 109426
100895 109428
100863 109431
100857 109436
100838 109447
100831 109501
100802 109513
100754 109517
100731 109558
100702 109560
100688 109577
100670 109607
100638 109633
100627 109636
100584 109637
100575 109667
100569 109672
100540 109674
100537 109687
100508 109699
100457 109701
100456 109715
100451 109732
100439 109739
100432 109752
100400 109753
100394 109758
100382 109799
100376 109804
100333 109822
100317 109823
100305 109842
100303 109859
100259 109864
100253 109869
100249 109923
100165 109928
100160 109944
100124 109955
100112 109974
100105 109979
100079 109988
100078 110002
100074 110009
100056 110055
99994 110066
99983 110110
99977 110115
99933 110120
99885 110134
99860 110148
99857 110161
99853 110177
99784 110188
99740 110193
99737 110229
99724 110234
99719 110255
99675 110260
99670 110263
99667 110280
99621 110282
99586 110287
99584 110293
99578 110366
99506 110368
99487 110371
99486 110385
99461 110399
99450 110400
99430 110420
99424 110436
99418 110441
99361 110450
99342 110487
99277 110494
99254 110503
99248 110508
99236 110526
99206 110533
99187 110538
99178 110557
99160 110581
99157 110609
99113 110614
99107 110619
99089 110625
99083 110630
99051 110651
99031 110665
99007 110676
98963 110681
98949 110682
98937 110684
98927 110696
98918 110704
98902 110724
98877 110735
98871 110740
98843 110744
98841 110749
98822 110761
98792 110766
98777 110786
98764 110794
98755 110802
98729 110814
98695 110829
98690 110830
98666 110845
98658 110871
98613 110880
98589 110904
98588 110925
98536 110929
98520 110941
98519 110955
98466 110964
98444 110981
98438 110992
98380 110995
98371 111003
98368 111027
98332 111031
98331 111034
98316 111060
98253 111077
98229 111088
98217 111093
98208 111102
98199 111112
98155 111117
98154 111122
98143 111129
98127 111136
98121 111146
98111 111170
98043 111189
98017 111198
98013 111213
97988 111218
97973 111240
97972 111254
97897 111280
97873 111291
97831 111297
97828 111310
97821 111321
97795 111350
97769 111359
97706 111369
97700 111374
97683 111375
97682 111387
97656 111389
97652 111392
97637 111406
97630 111409
97625 111415
97624 111420
97580 111435
97574 111445
97544 111459
97508 111467
97505 111475
97460 111488
97446 111491
97442 111498
97439 111505
97420 111540
97395 111541
97369 111550
97367 111555
97316 111575
97291 111585
97284 111596
97239 111597
97225 111611
97205 111615
97196 111620
97185 111632
97165 111645
97159 111668
97153 111673
97113 111684
97083 111708
97059 111719
97020 111731
97014 111738
96988 111747
96949 111748
96913 111787
96844 111803
96830 111805
96824 111820
96823 111835
96769 111843
96753 111864
96724 111871
96685 111883
96679 111890
96653 111899
96609 111920
96588 111927
96586 111943
96556 111968
96548 111969
96460 111973
96456 111980
96444 111983
96434 111995
96424 112011
96423 112025
96395 112039
96355 112042
96348 112051
96324 112062
96284 112070
96279 112081
96253 112090
96251 112095
96213 112121
96178 112130
96168 112136
96109 112146
96095 112148
96072 112171
96036 112189
96024 112192
96020 112194
95995 112230
95933 112233
95883 112245
95851 112286
95762 112293
95742 112356
95610 112369
95569 112376
95567 112398
95525 112399
95438 112408
95426 112411
95392 112431
95364 112434
95357 112441
95352 112452
95311 112459
95294 112464
95282 112467
95255 112504
95126 112514
95114 112517
95092 112536
95050 112544
95038 112547
94982 112570
94970 112573
94917 112578
94907 112587
94898 112588
94890 112591
94868 112597
94859 112599
94851 112619
94766 112649
94724 112653
94679 112658
94667 112661
94617 112662
94612 112672
94591 112691
94586 112694
94549 112695
94535 112714
94523 112717
94445 112718
94421 112741
94318 112757
94306 112760
94277 112797
94172 112804
94126 112805
94072 112818
94060 112840
93934 112842
93906 112847
93880 112885
93802 112888
93679 112895
93675 112906
93618 112911
93596 112914
93584 112917
93526 112919
93524 112931
93483 112943
93375 112944
93333 112946
93299 112956
93284 112959
93277 112962
93262 112968
93202 112969
93178 112972
93158 112986
93133 113018
93031 113034
92884 113038
92882 113047
92807 113055
92703 113057
92685 113065
92676 113067
92668 113077
92656 113080
92512 113087
92510 113089
92496 113112
92186 113124
92064 113134
92034 113151
91797 113154
91717 113161
91679 113183
91404 113201
91190 113211
91074 113220
90916 113223
90567 113232
90206 113234
90090 113243
