50 2
16436
743 114 374
618 603 235
788 518 644
743 557 25
785 845 242
748 618 401
699 758 288
502 524 957
577 64 341
745 932 702
608 174 405
626 73 367
613 235 340
810 495 661
583 277 799
613 520 296
663 308 156
694 137 527
705 961 575
668 519 608
512 330 317
708 151 322
739 217 678
600 69 123
751 300 404
572 149 447
734 573 952
600 716 851
505 707 256
788 210 160
761 368 962
699 814 679
809 564 841
510 437 909
686 223 581
490 714 712
809 816 879
565 716 306
525 149 305
571 879 537
546 874 543
497 639 199
565 960 830
642 102 504
778 697 516
707 40 33
534 561 342
605 716 891
818 177 582
715 279 201
49
17993 14864
17814 14992
17751 15055
17750 15367
17744 15467
17650 15610
17567 15671
17500 15928
17417 15989
17321 16056
17298 16073
17273 16087
17238 16117
17215 16134
17190 16148
17173 16330
17150 16347
17090 16391
17067 16408
16971 16475
16941 16482
16888 16536
16801 16595
16714 16641
16579 16655
16556 16672
16555 16684
16549 16781
16400 16872
16313 16918
16179 16934
16173 17031
15976 17077
15854 17080
15820 17104
15778 17211
15615 17222
15591 17251
15401 17272
15391 17274
15366 17316
15319 17373
15220 17402
15199 17432
14942 17434
14787 17470
14752 17514
14375 17575
14046 17611
