50 2
16584
744 659 502
632 373 240
639 809 796
661 669 759
694 831 985
525 800 683
790 147 83
743 339 504
569 969 961
529 900 983
726 807 585
745 379 634
762 779 486
693 251 722
645 498 530
717 592 536
590 891 839
585 377 591
803 399 526
571 414 374
675 923 936
556 621 504
809 938 830
648 880 901
775 635 784
759 438 352
578 870 898
725 858 747
571 261 130
514 885 879
776 403 706
757 858 826
546 294 186
514 168 32
608 872 694
757 506 217
722 516 319
672 892 707
519 290 371
773 293 252
785 953 814
748 662 472
586 882 900
701 37 78
563 161 284
583 210 202
543 269 790
695 429 297
613 654 838
734 52 37
17
20497 19309
20430 19343
20427 19373
20304 19399
20266 19401
20241 19513
20238 19543
20171 19577
20145 19595
20107 19597
20106 19622
20104 19627
20099 19836
19979 19852
19962 19920
19955 20134
19584 20323
