50 2
18092
633 594 566
758 219 437
731 852 598
620 670 984
728 784 228
709 326 842
736 520 23
783 946 308
696 544 483
652 197 241
645 874 924
661 107 307
599 884 412
827 790 89
700 414 251
793 462 571
718 923 869
802 419 78
632 628 225
793 899 978
689 741 550
774 229 90
687 935 932
710 315 100
651 637 474
737 340 93
589 543 436
797 842 994
691 686 944
602 106 663
758 13 894
811 656 630
645 9 731
795 219 213
822 971 425
799 790 149
834 301 928
808 916 849
738 530 359
612 240 47
640 742 25
797 273 485
810 135 684
837 230 688
799 548 598
611 717 47
754 194 677
592 967 812
820 659 350
758 804 284
94
19907 13646
19861 13678
19827 14019
19738 14197
19713 14219
19653 14408
19628 14430
19539 14608
19467 14613
19456 14629
19455 14866
19391 14999
19321 15001
19293 15002
19278 15060
19258 15087
19233 15110
19207 15147
19190 15208
19187 15482
19090 15550
18991 15619
18931 15796
18807 15808
18794 15840
18769 15926
18744 15949
18718 15986
18701 15987
18676 16009
18663 16041
18639 16058
18638 16127
18633 16197
18551 16285
18508 16319
18502 16398
18390 16408
18311 16540
18305 16619
18180 16741
18051 16750
17971 16809
17955 16813
17912 16847
17862 16863
17856 16942
17774 17030
17751 17079
17570 17134
17542 17147
17534 17285
17389 17351
17302 17402
17184 17479
17097 17512
17000 17580
16960 17689
16747 17706
16739 17732
16692 17795
16522 17869
16487 17905
16428 17912
16425 17937
16390 17973
16255 18022
16208 18058
16070 18076
16063 18086
16023 18112
15988 18164
15895 18173
15771 18285
15673 18306
15614 18313
15586 18339
15579 18349
15444 18398
15346 18419
15318 18445
15259 18452
15236 18533
15177 18540
15143 18542
14935 18544
14909 18646
14816 18655
14568 18670
14482 18704
14400 18792
14307 18801
14059 18816
13966 18825
