50 2
18218
885 41 727
710 406 166
848 681 249
569 406 432
824 677 576
633 443 53
699 766 853
527 395 596
596 47 905
804 142 703
716 777 873
779 676 125
825 399 643
734 333 516
833 962 836
523 479 117
558 543 412
700 2 180
801 616 848
783 58 699
872 873 930
681 927 120
745 635 230
888 847 639
712 236 378
566 986 965
895 209 874
904 134 524
772 829 372
899 617 601
866 225 274
516 681 174
861 751 812
744 229 841
519 788 227
543 186 273
567 400 795
811 453 136
710 912 208
843 312 736
904 358 202
898 154 24
509 532 120
613 420 781
519 943 840
863 507 376
809 386 117
674 66 332
846 601 42
539 235 454
73
18343 12250
18337 12613
18320 12978
18314 13341
18220 13675
18123 13778
18112 13942
18039 14257
17869 14455
17784 14489
17737 14543
17720 14841
17633 14868
17592 14973
17507 15007
17505 15066
17420 15100
17418 15127
17377 15232
17314 15452
17273 15557
17102 15634
17015 15727
16971 15843
16864 15933
16759 16025
16732 16105
16672 16118
16635 16135
16615 16168
16562 16219
16532 16273
16445 16366
16338 16469
16318 16502
16235 16607
16148 16700
15943 16717
15932 16801
15857 16826
15747 16856
15746 16911
15718 16971
15641 17003
15569 17008
15554 17096
15465 17102
15366 17186
15294 17191
15160 17237
15145 17325
14974 17360
14867 17427
14694 17429
14649 17469
14589 17494
14566 17633
14374 17652
14225 17689
14002 17709
13992 17789
13975 17817
13804 17839
13795 17960
13479 17961
13439 18016
13422 18044
13204 18144
13033 18166
12926 18188
12585 18244
12367 18286
12307 18311
