20 3
6790
564 333 322 805
650 81 914 669
597 693 958 762
755 145 747 954
826 137 795 362
834 295 449 435
804 648 832 894
647 363 773 649
781 862 946 784
563 502 450 749
759 19 544 353
548 277 380 238
576 803 159 746
684 284 20 703
543 68 363 604
831 143 485 821
543 825 865 502
653 137 668 860
577 188 440 175
846 212 386 525
55
5601 6134 6564
5059 7312 7569
4589 7602 7130
5255 6966 7514
5311 6720 7705
5217 7093 7144
4589 7475 7628
5029 6861 7725
5469 6501 7280
4567 6769 7872
5562 6488 6908
5115 7193 7262
4324 7516 7427
5458 6072 7548
5232 5967 7759
5091 6432 7877
5349 6726 6428
5405 6668 6995
5247 7014 6922
5311 6847 7207
4651 7046 7780
4890 7184 7625
4770 5875 7906
5322 6605 7085
5608 5774 7029
5525 5711 7119
4533 7660 6563
4629 6340 8024
5059 7439 7071
5413 6559 6713
5317 6537 7666
5386 6438 7370
5238 5784 7720
4324 7643 6929
4275 7697 7176
4369 7187 7800
4645 7356 7321
5461 6549 6688
4595 7292 7589
4363 7497 7341
3894 6544 7882
3612 6685 7902
4444 7720 6500
5065 7129 7530
4896 7001 7586
4833 7334 7282
5121 6883 7721
4952 6755 7777
5273 6847 7335
4839 7024 7741
4106 7569 7232
4670 6896 7797
4347 6481 8044
5134 7030 7234
4573 6586 7833
