20 3
7177
802 852 247 422
744 295 453 174
577 495 617 727
616 644 698 566
702 811 61 233
616 216 965 208
677 239 832 530
863 987 401 551
789 992 934 969
582 119 944 767
591 951 206 734
837 712 377 212
822 72 476 767
681 589 882 855
748 824 119 548
807 802 486 770
561 380 222 36
805 357 801 517
872 150 516 25
662 697 297 683
106
5404 7365 6643
5885 6697 7118
7100 5584 7170
5150 7456 6592
7220 5472 6933
7833 4887 6825
6492 6430 6830
5119 7040 6893
6880 5976 6767
6647 6380 6569
5679 7398 6592
6124 7083 6845
6633 6266 7139
6152 6934 6664
6175 6801 6986
6515 6297 7152
6642 6119 7017
7457 5214 6865
7197 5605 6611
5600 6372 7368
7128 5712 7044
6753 6154 6902
6236 6645 6633
6760 6088 7004
4865 7131 6842
7255 5534 6909
5440 7560 6460
6348 5941 7389
6648 6346 6668
5237 7009 6880
5890 6476 7236
4748 7612 6083
7338 5441 6920
6272 6822 6427
6205 6533 6781
5718 6341 7355
5260 6876 7202
4832 7143 6844
4983 7100 6829
6509 6564 6359
4603 7675 5934
6988 5842 6834
6393 6471 6518
4525 7635 6676
6695 5718 7134
6225 6562 6638
6670 6247 6891
6354 6614 6620
5155 7235 6710
7352 5555 6350
5313 6475 7319
5896 7149 6467
7308 5133 7026
6849 6060 6525
7225 5733 6485
6730 6287 6580
7947 4651 6375
6844 5799 6973
5006 6967 7151
4578 7234 6793
6767 6268 6332
6530 6377 6681
6391 6595 6372
7693 5017 6615
6723 5846 7008
5636 6567 7185
6228 6400 7103
7085 5863 6275
5943 6075 7353
6872 5927 6847
6627 6398 6122
6416 6338 6840
5921 6892 6935
6475 5763 7254
7248 5600 6807
6377 6481 6942
7554 5235 6306
4788 7590 5715
6976 5882 6390
6092 6156 7192
6857 6109 6445
6481 6436 6485
7108 5730 6597
6969 5948 6288
7375 5422 6672
6813 5687 7121
6474 6502 6383
6788 6216 6878
6360 6483 6520
6528 5362 7371
6008 6445 7223
8055 4066 6203
6962 5768 6960
7143 5792 6573
6885 6237 6319
6174 6844 6497
6999 5749 6712
5273 7204 6697
5161 6917 6890
6841 5815 6995
6504 6303 6807
6677 5443 7210
7401 5307 5781
5913 7105 6142
6383 6350 6842
6556 5490 7245
