25 3
8116
631 991 176 663
765 675 695 843
742 293 696 647
570 649 491 623
658 371 283 444
672 542 929 902
565 175 224 121
677 707 275 540
762 915 565 175
558 817 621 369
684 114 339 74
738 459 546 869
585 466 672 299
537 694 504 551
741 41 61 127
625 495 872 818
587 239 896 360
570 996 996 861
733 377 178 185
615 972 338 584
637 89 100 55
591 74 653 733
738 271 834 613
543 95 436 226
709 702 817 596
92
9155 7279 7525
7376 9169 8178
8069 8389 8475
8096 8511 8228
6212 9046 8234
8564 7890 8408
7416 8920 7765
7613 9101 7645
7956 7292 8583
8312 8660 8202
7785 8488 8352
9185 8152 7341
8525 8408 7781
8333 8443 7695
7409 8794 8335
7520 7851 8656
7428 8632 8414
8945 8282 8009
7210 9319 7956
8729 8133 8035
8337 8114 8469
6945 8488 8458
7908 8799 7972
8609 8290 7913
7542 7713 8690
7555 7484 8679
7087 8105 8499
6822 8371 8640
8028 8759 8079
6667 8654 8425
7739 7894 8570
8552 8530 7534
8553 8263 8443
7119 8043 8752
9119 6953 7576
7236 7950 8533
6412 8776 8377
6089 8929 8416
7635 8963 7679
8201 7776 8559
8965 7334 7771
7398 9031 8212
7578 7635 8573
8797 7204 8025
7600 7497 8607
6841 8209 8719
6431 8614 8456
6964 8326 8537
6367 8763 8449
7164 8056 8680
7124 7501 8696
6709 8448 8489
6386 8601 8528
7287 8173 8498
8573 8313 7027
6880 8155 8557
7903 8539 8253
7928 7993 8520
6333 9417 7598
7624 8898 7849
7692 8767 7983
7881 8677 8219
6715 9416 7794
8041 8683 7233
7853 8971 6977
7636 8570 8274
7448 8858 8018
7906 8131 8486
7177 7827 8669
8541 8421 7779
7801 8813 7901
7875 8833 7011
8149 8402 8213
8217 8271 8347
8257 8832 7207
7632 8939 7724
7597 8776 8096
8166 7532 8582
7655 8408 8353
7467 8696 8097
7693 8889 7540
9020 7909 7714
7489 8582 8230
7865 8813 7641
8780 8039 8382
8685 8296 7475
7417 8869 8291
6978 8811 8352
7395 9007 8257
7000 8673 8386
8276 8670 7286
8246 7320 8477
