30 3
9022
703 13 86 101
522 913 693 758
641 717 550 785
603 595 458 774
655 655 741 850
527 611 579 939
677 567 89 339
484 245 410 880
540 418 205 761
566 91 19 107
632 727 173 338
642 8 130 13
574 34 125 29
494 125 776 384
613 53 415 14
483 270 731 160
666 944 760 353
669 737 637 372
657 530 503 473
592 480 7 671
542 217 238 383
627 306 308 310
647 251 141 149
639 986 736 560
507 346 249 51
699 582 456 313
492 51 589 423
675 422 364 237
666 793 958 329
611 332 562 808
94
7819 7807 9802
8339 8206 9791
9052 8831 9112
8395 8527 9748
8602 8661 9647
7612 7684 9821
8797 9112 9225
8185 9251 9237
9401 8740 8430
9621 8141 9003
9473 8696 9140
9697 7659 8894
9722 7980 8174
9226 8530 9473
8871 9299 9186
9266 8910 8716
8392 9385 9136
8652 9157 9449
9423 8200 9338
9035 9550 8738
8504 9683 8848
8821 8803 9384
8670 9332 8808
8747 8616 9423
9106 9080 8802
9734 7245 8760
9106 8896 8977
9501 8507 8507
9673 8094 8843
8132 8758 9460
8614 8669 9485
9574 8535 8311
9007 8388 9736
9779 7697 7420
9068 8969 9051
8188 8404 9767
9775 7538 7944
8431 7668 9790
8505 7855 9751
8961 9363 8777
9278 8245 9562
8923 9252 9026
8754 9577 8353
8487 7989 9747
8907 8876 9336
9837 7340 7854
9232 9220 8603
8556 9636 8688
9328 8741 9364
9180 9267 8763
8933 9101 9096
8963 8761 9185
9130 8771 8961
9353 9062 8644
9415 8794 8294
8704 9110 9289
8744 8619 9448
8818 8806 9409
8714 8959 9359
9204 8058 9601
9081 8575 9697
8941 7603 9745
9015 7790 9706
8312 9688 7982
9419 8702 7727
8985 9054 8936
8565 9581 8278
9499 7718 9229
8961 9125 9026
9281 9106 7934
8781 7519 9746
9254 8554 9403
9173 8037 9696
9107 7252 9705
9118 8161 9563
9476 8186 9227
9370 7707 9561
9020 9183 8764
9658 7727 8869
9038 9399 8146
8833 8689 9375
9013 9078 8866
8681 9637 8205
8656 9316 8925
9279 8875 8683
9513 7772 9093
9158 8849 8817
9133 8528 9537
9127 8774 8986
9270 9069 8192
9134 8920 8907
9510 8282 9006
9759 7566 8040
9549 8214 9031
