30 3
10059
655 463 757 851
608 641 923 485
576 799 292 507
783 624 471 638
630 387 515 249
671 555 958 753
593 281 203 129
786 287 263 892
535 667 389 649
756 628 235 881
789 70 219 318
651 140 988 441
773 285 759 389
559 677 640 403
759 461 18 42
602 676 801 690
704 260 316 902
534 829 964 998
574 92 617 195
747 543 765 753
699 492 27 37
717 304 759 282
765 340 655 722
672 266 72 546
798 639 898 445
519 4 50 83
551 505 233 598
634 780 793 470
762 898 462 20
716 719 117 431
231
9366 8654 10009
8681 10817 9330
10138 9465 8974
9121 9857 10147
8462 10553 10081
9166 10107 9562
8769 9222 10594
9029 8669 10328
8338 11341 8838
9850 9885 8815
9559 10336 8984
9001 10529 9686
9068 9465 10317
9745 9236 9552
9275 10520 9068
9679 9664 9445
9286 9435 10023
8662 10817 9437
10004 8800 9127
9366 9774 9843
8506 10996 9461
8697 11292 8769
8409 10161 10251
9500 9319 9856
8951 11044 8469
9580 9658 9676
9924 9581 9141
7926 11564 8580
9271 10756 8825
8622 9947 10143
8451 11100 9128
8167 11284 9212
8921 10190 9866
8760 10809 9054
8232 9570 10632
8677 11053 9087
9195 10181 9248
9148 8684 10303
8637 10374 9950
9759 10003 9265
8965 10633 9246
9052 10989 8036
7763 11569 8384
9216 10860 8492
8776 11223 8600
9201 9076 10133
8490 9590 10492
8934 8800 10470
8780 10987 8843
9330 9878 9403
8627 10131 9957
8142 10841 9725
9393 8601 9999
9165 10300 9527
8949 9450 10342
9435 10527 8666
8896 11148 8136
8475 9163 10685
8946 10633 9353
8597 8815 10789
9318 10616 8352
8784 9649 10401
8827 9798 10238
9759 8883 9431
7799 11365 9233
9723 10107 8825
8979 10904 8103
9839 9222 9251
9092 10411 9236
8658 11053 9194
9085 9961 9707
8633 10610 9707
8110 9918 10528
9146 10300 9634
8822 10824 9035
9265 10277 9075
8125 10345 10335
9311 9878 9510
8285 9739 10397
10180 8941 8721
9650 10218 8534
8584 10205 10185
8290 10146 10276
8707 10470 9777
9313 9382 10013
8437 11511 8351
9235 10860 8385
8368 10758 9528
9012 7994 10416
9897 9745 8342
9482 10387 8193
9380 9991 9395
8633 8532 10707
8138 11077 9482
7631 11666 8526
8721 11327 8267
8163 11520 8969
9587 8476 9626
8977 10697 8916
9260 10093 9261
8896 9058 10512
9248 10056 9494
9774 9310 9238
8652 10574 9444
8976 8277 10498
9216 9503 9940
8649 9894 10133
9391 10084 9286
9064 10803 8759
8829 10122 9881
9463 10387 8300
9328 8912 10051
8932 11044 8576
8654 10078 9947
9222 10128 9238
8569 11414 8209
8664 10321 9940
9163 9111 10110
9380 9421 9722
8948 10137 9856
9814 9989 8375
8210 11380 8496
9256 10182 9077
9465 9944 9356
8660 10557 9697
9395 9848 9529
7938 9511 10723
8772 9902 9905
9327 9029 9892
7909 11599 7424
9614 8423 9616
8247 9997 10439
8782 10145 9898
9854 9649 9058
7351 11792 8126
9056 8616 10318
8612 9242 10596
8774 9406 10408
9786 8830 9421
7957 9010 10760
9228 9023 10123
9966 9058 9169
9408 9251 9871
9066 9961 9814
8486 9826 10249
8334 9268 10660
7635 11608 8042
9801 9257 9228
9243 9450 9930
8804 11083 8234
8246 11276 8936
8083 8094 10865
9525 9762 9343
9110 10404 9194
9057 10862 7923
8096 8880 10745
9355 8859 10041
9795 9989 8482
9380 10631 8333
8426 10657 9641
9237 10182 9184
8780 9885 10158
8268 9287 10550
9527 9266 9846
9112 9908 9697
8531 9813 10355
7801 10869 9736
9410 10048 9023
8721 10655 9286
8852 10241 9725
8222 7964 10850
9407 9368 9712
9420 10291 9016
8991 10882 8425
9587 9596 9460
8274 10744 9583
8260 10729 9586
8736 10544 9463
8854 9745 10228
8378 11179 8794
9422 9795 9519
8974 9893 9829
8064 8595 10828
8123 10841 9832
7224 11593 8779
9704 10107 8932
7953 9938 10530
9979 9467 8405
9020 10360 9379
8809 10092 9888
8976 9397 10332
9416 10527 8773
7226 11097 9282
9706 9611 9435
8732 10780 9220
9148 9804 10137
8407 10657 9748
8902 10639 8947
9418 10031 9276
8675 8009 10735
8237 9754 10446
9093 9908 9804
8169 10788 9715
8119 11077 9589
7424 8790 10799
7782 10869 9843
8847 8416 10540
8682 10865 8962
8653 10849 9389
9858 9591 8574
9043 10006 9714
8628 10648 9565
8121 10581 10092
8255 10744 9690
8912 10890 8701
7826 11312 9223
8241 10729 9693
8898 10875 8704
9112 10650 8918
8594 10456 9939
8165 11024 9472
8299 11187 9070
8257 10248 10193
8864 10683 9078
8285 11172 9073
8243 10233 10196
8761 10987 8950
7862 11739 7897
9960 9467 8512
8638 10899 9319
8301 10691 9573
