35 3
10154
617 388 803 272
631 326 458 843
464 504 983 881
673 606 748 695
659 117 544 647
458 735 177 262
688 493 917 939
527 425 781 616
579 853 783 982
658 745 796 194
526 276 198 114
633 260 227 336
639 675 652 395
645 258 357 88
628 436 166 259
509 452 569 396
618 839 838 628
557 957 276 260
458 259 21 681
605 397 245 417
496 700 500 820
640 915 989 947
490 773 590 743
581 981 983 820
492 921 805 783
690 209 841 763
642 345 782 900
452 811 889 501
500 605 454 539
520 878 346 439
515 933 772 987
615 695 359 517
600 73 302 361
620 652 322 356
682 652 967 865
156
11348 13971 13142
11286 13626 13713
13851 12376 12608
13280 13014 13167
12969 13304 13347
12538 13949 12914
14083 12548 11741
13920 12280 12308
13330 13451 12844
13541 12980 12962
12762 13027 13506
11929 13969 13105
13730 12752 12468
13680 13028 12461
13191 13403 13345
12214 13152 14070
13970 12717 11985
13901 12813 12285
13581 12798 12707
12493 13148 13766
12417 13416 13751
13369 13318 12641
13790 13044 12062
12825 13744 12980
11916 13863 13462
12649 13196 13750
13793 12859 12217
13671 12703 12685
12265 14057 13014
12479 13761 13180
13651 12996 12563
12686 13696 13481
13590 12410 12813
13016 13566 12976
12691 13834 13057
12289 13789 13549
13321 13126 13068
12335 14201 12813
12765 13626 13302
14173 12453 11719
13521 13273 12840
12020 13509 13819
14103 12255 11863
12786 13317 13425
12326 13876 13037
13165 13640 12596
12911 13113 13493
14033 12111 12064
11941 13260 14170
12665 14071 12308
13721 13140 12362
13501 12799 12991
13375 12220 13027
13239 12882 13248
11393 14267 12516
13660 13321 12339
11707 13949 13266
12879 13775 12474
12096 13241 13834
13831 12669 12486
13990 12424 12107
12763 12726 13667
13438 13532 12496
13260 13307 13045
13610 12884 12662
12816 13419 13204
13507 13436 12196
13025 12643 13410
13817 12832 11842
13086 13710 12775
12010 13164 13870
13903 12875 11818
13591 13417 12639
12056 13699 13616
12394 12825 13993
12483 12436 13815
13800 12940 11875
14219 12027 11380
11788 13375 14027
13568 12768 12742
12834 13530 13002
12290 13454 13722
13748 12928 12142
13773 13152 12095
13220 13587 12073
13234 13544 12296
12904 13674 12801
14080 11979 11881
13107 13422 12902
13218 13191 13125
12310 13161 13844
13569 12752 12743
13095 13496 12797
14320 11498 11038
12874 13809 12612
13967 12148 12125
13177 13566 12701
12496 13311 13607
12943 13713 12312
13618 13205 12419
12743 13019 13545
13221 13571 12074
12550 13755 13344
13311 12414 13117
12870 12981 13574
12905 13658 12802
12790 13828 12169
13368 13388 12697
12368 13719 13370
14060 12622 11963
13038 13518 13202
14181 11450 11539
13219 13175 13126
12690 13308 13651
12752 13773 12659
12241 12940 13850
13866 12897 11474
12082 13854 13248
11606 13698 13667
12778 13902 12064
13950 12256 12158
12794 13496 13413
12752 13653 13080
12342 13640 13505
12448 14032 12569
12766 13610 13303
12264 13531 13608
12726 13890 12331
13898 12244 12425
11453 13813 13524
13178 13550 12702
13318 12812 13069
13204 13679 12107
12788 13766 12636
13619 13189 12420
12613 13725 13160
12203 13712 13585
11544 13353 14238
14251 11594 11338
13294 12522 13150
13837 12425 12402
13289 13319 12925
12642 13757 13058
13194 13510 12707
13152 13667 12374
13572 12380 12912
13166 13624 12597
13051 13794 11964
12715 13759 12686
12484 13385 13502
13888 12082 12667
12369 13703 13371
11893 13547 13790
12177 13829 13257
11867 13624 13676
11391 13468 14095
