35 3
11632
659 322 448 479
663 687 547 820
701 426 49 404
650 41 99 131
615 245 824 385
632 179 585 431
619 792 904 851
593 434 379 97
726 627 536 302
645 940 768 598
705 375 193 2
675 798 867 816
704 882 61 114
610 616 613 621
714 408 628 912
651 226 480 750
685 316 55 22
659 712 891 803
647 683 299 774
624 7 134 45
662 148 132 820
585 802 980 687
718 63 259 4
657 916 853 669
593 473 415 432
685 565 778 971
720 760 394 366
613 5 101 36
699 27 430 107
727 424 733 822
707 553 652 863
731 338 398 307
723 754 932 747
672 537 904 876
596 221 107 235
69
10905 12588 12647
11040 12365 12882
11894 11591 11830
11878 11486 11920
11696 11946 12246
10611 12758 12646
10448 12769 12623
11574 12279 12498
11364 12395 12156
10886 12244 13012
10658 12653 12965
11420 12158 12628
11192 12567 12581
10561 11961 13400
12097 11394 11310
11059 12709 12517
11623 11961 12108
10808 11896 13082
11395 12370 12061
10154 12939 12622
11173 12223 12946
11295 11890 12694
11829 11804 12310
10735 12277 13059
10250 12907 12351
11287 12300 12564
11773 12041 11838
10849 12825 12175
10754 12621 12694
12032 11607 11790
10580 12305 13035
10297 12802 12670
10123 12486 13011
10592 12414 13011
9866 12017 13187
10688 12382 12740
11201 12591 11629
10514 12066 13081
11639 12066 12018
10190 12172 13164
10688 12853 12238
10657 11929 13129
11869 11803 11263
10200 12110 13105
10555 12995 12174
11838 11828 11358
11136 12804 12109
10735 12748 12557
10602 12890 12493
11411 12475 11971
10831 12716 12286
11126 12328 12627
10698 12858 12222
11266 12451 12020
11217 11542 12764
10802 12434 12710
11269 12191 12675
11095 11875 13016
10812 12372 12651
11136 12333 12611
10962 12017 12952
11594 12132 11401
11610 12237 11311
10705 11742 13145
12048 11712 11700
11903 11688 11749
11203 12490 12262
11213 12428 12203
11840 11727 11991
