35 3
11822
669 381 541 355
673 814 692 483
718 698 121 116
660 86 213 64
619 126 770 640
639 189 679 358
622 736 887 832
595 206 146 619
746 440 318 702
652 822 461 923
722 40 6 732
686 742 834 818
720 793 7 599
613 608 605 599
732 712 904 282
659 470 794 196
700 187 12 317
668 641 874 798
654 863 485 332
632 9 234 54
673 653 669 27
585 472 900 964
737 6 55 435
665 779 629 926
594 478 409 454
697 838 963 396
737 662 221 669
619 8 191 42
715 17 474 216
746 565 879 449
724 734 837 435
752 306 372 415
741 580 869 885
682 575 950 669
598 337 169 148
209
9514 9578 12312
11752 12185 10844
11583 12308 11162
11621 12399 10914
11085 12948 10885
10305 11481 11850
11248 12075 11216
10840 11226 11792
10402 10823 12070
11849 11527 11064
11275 11985 11283
10692 13257 10749
10323 12368 11546
10087 11225 11925
9455 10408 12148
11612 12847 10272
11664 11411 11479
11077 13333 10627
9815 10962 12090
11260 13208 10458
11199 12282 11367
10586 13402 10484
10884 12684 11222
10174 11695 11920
11429 12972 10441
11391 12881 10689
11225 11302 11670
10841 10932 11879
10846 12593 11470
11101 12473 11203
10927 11696 11787
9918 11267 11939
12117 11766 10122
10867 13517 10322
11350 11863 11417
10340 11835 11807
11182 11576 11520
10654 13166 10997
10595 12954 11126
10796 13218 10789
10568 10963 11957
11841 12111 10576
10895 12386 11319
10403 13527 10653
10997 12174 11520
11702 11502 11231
9874 10132 12254
9286 10450 12162
11400 12546 11030
11269 12760 11100
10965 11787 11539
10512 11915 11720
11562 11623 11278
11128 11960 11450
11007 11072 11766
10295 10879 12010
11577 10941 11484
10952 11218 11723
10876 13069 10964
9899 9654 12190
12024 11787 10637
10673 12784 11327
9770 10006 12293
11927 12445 10417
11744 12570 10586
10825 11908 11586
10482 10199 12049
10593 10485 11893
11936 11997 11059
10146 10395 12089
11497 11888 11250
9542 10878 12143
11323 13117 10176
11613 12784 10656
10042 10269 12128
10448 13591 10081
10671 11268 11806
11074 11721 11620
10319 11150 11923
10426 13597 9754
11524 12531 10815
12162 11218 10211
10314 13274 10812
9646 11004 12104
10612 12098 11642
11122 13397 10055
9962 13607 10085
10234 13735 9757
10129 10739 12123
10373 13051 11159
10988 13080 10786
10595 13389 10650
11305 10678 11649
11140 13242 10345
10908 13541 9731
11047 12857 11133
10658 13407 10386
11768 11710 11162
10399 11005 11971
11832 12559 9934
11604 13232 10014
10930 13426 10040
10611 9847 11946
10971 13450 9449
11796 12659 10487
10489 13615 9490
11714 12094 11092
11332 13104 10342
11408 10983 11498
9873 10311 12142
9601 10048 12307
10567 11142 11845
9794 10277 12206
9814 11141 11978
9897 12321 11617
11515 12979 10173
10531 10471 11967
10976 11489 11636
10507 9721 11985
10527 11384 11817
11163 13312 9446
11328 11930 11264
11203 11369 11517
9625 10319 12220
11185 13306 9773
9566 11149 12056
11056 11344 11684
10427 10345 12006
11304 10857 11537
11811 11436 11312
11072 10871 11754
12250 11008 9789
10977 12379 11400
12069 11239 10726
11332 12669 10818
11649 12684 10103
10565 12913 11156
9521 10193 12259
11137 12774 10996
10515 12230 11543
10754 10462 11884
12009 11797 10201
11655 12317 10745
11551 11921 11181
12114 11303 10154
10199 11217 11856
11131 12949 10697
11329 12018 11214
10585 10504 11898
11279 11335 11601
11302 12628 10848
9772 11236 11940
10446 12281 11500
10224 12378 11533
12054 11249 10290
10233 10865 12084
11694 12748 9531
10209 10115 12102
12075 10748 10216
11972 11897 10506
9727 10280 12143
10905 11763 11634
11139 10538 11762
11658 12848 10084
10909 12502 11188
10970 10580 11776
11642 11478 11326
10153 11010 12036
10866 10454 11815
12017 11961 9934
11798 12186 10656
11981 12061 10487
12235 11018 9353
12153 11666 9569
11513 11830 11429
12022 11880 9639
11628 12372 10590
10359 11097 11920
11031 11995 11470
12026 11513 10576
12207 11282 9639
10643 11701 11650
10651 12851 11174
10584 12531 11486
10601 12168 11561
10290 12012 11753
10191 12840 11350
10696 12688 11338
10463 12968 11022
10504 12826 11341
10379 12265 11594
10169 12907 11197
9423 11161 11946
10865 12646 11324
10415 12573 11500
10687 12701 11172
10022 12882 11364
10843 12713 11171
11115 12841 10843
10793 12030 11558
11048 12521 11155
10791 11798 11623
9581 11308 11930
10400 12700 11380
10275 12139 11633
10408 11789 11759
10571 12127 11591
9948 12034 11663
10894 12426 11217
