40 3
13022
747 608 521 917
651 52 962 311
772 49 373 150
585 986 817 175
538 703 902 48
697 928 20 643
563 247 543 222
705 533 648 499
518 81 177 74
517 202 616 792
710 181 156 871
674 835 6 384
720 427 896 373
513 951 860 230
750 27 613 42
741 480 999 918
735 210 41 810
716 759 349 353
778 594 302 50
521 846 303 94
576 4 88 533
680 991 422 561
555 61 299 172
650 132 212 36
713 651 648 220
560 823 693 1000
708 33 437 864
697 504 218 972
555 331 400 207
542 191 655 472
731 119 718 212
619 522 436 310
713 214 173 378
549 698 185 822
750 675 555 814
524 374 665 850
713 983 409 922
686 879 312 852
663 879 452 508
708 176 890 571
853
13808 11578 11710
13500 12214 11259
13384 11776 12039
13313 10689 13318
13056 12448 11638
12704 11864 12915
12597 11276 13430
12491 11524 13304
12575 12670 12355
11654 13210 11718
12115 12677 12607
12838 10783 13631
11644 12896 12499
12096 12152 13160
11222 13265 12017
11683 13640 11245
10939 13761 10906
10582 13885 10364
14534 10904 11534
14336 10545 12354
14218 10545 12633
13952 11470 11920
13289 12314 11415
11850 11412 13658
11744 11660 13532
11721 12218 13098
10095 14075 9735
15104 10202 11120
14529 10251 12221
13455 10292 13255
13180 10735 13212
13241 10627 13342
12976 10918 13377
12732 12581 11854
12653 10723 13735
12214 12152 12881
12244 11871 13167
12086 13358 11343
11705 13060 12030
11730 13177 11847
11051 13871 10615
10853 13480 11558
10770 9194 14922
14652 10904 11255
13553 11501 12281
13469 11946 12025
13143 12456 11331
13138 12165 12187
12991 11735 12939
12917 12755 11477
12590 12435 12256
12321 11270 13755
11157 12692 12910
11222 13125 12361
11196 13436 11656
11051 13731 10959
14095 11415 11989
13308 10371 13357
11597 13359 11897
11286 11886 13470
14637 9952 12354
14034 11187 12469
13967 10539 12831
11811 13465 11255
11615 12466 12972
11450 12929 12649
13982 10304 12732
13639 11907 11420
13595 11712 11992
13246 11866 12320
13215 11487 12786
13308 11275 12980
13047 11182 13244
12867 11807 12679
12714 12363 12516
12678 13170 10735
14376 11272 11591
13646 11383 12561
13582 11931 11808
12550 10288 13902
11729 12655 12711
14696 11092 11109
12133 12895 11945
12068 13140 12005
10590 13898 10003
11093 9801 14611
14678 10874 11771
14229 10842 12343
12381 12261 12670
11308 13546 11365
13835 10383 12834
11127 8952 14850
13721 11624 11969
12981 10184 13677
11580 9121 14526
12109 9681 14492
12582 12927 11373
12410 13225 11127
14773 10414 11708
14139 11359 11548
12262 13107 11855
12145 11720 13295
11969 10778 14127
14784 10382 11602
13654 10969 12757
13456 10994 12987
13225 12173 11880
13117 12612 11169
12906 12794 11157
12745 10995 13437
12770 12325 12229
11167 11563 13596
14442 10297 12480
14321 11116 11843
13793 11813 11809
13369 12011 12138
13970 11688 11258
13045 12144 12354
11775 12903 12266
11110 13155 12308
13485 9975 13303
11729 12795 12367
11957 12459 12999
13930 10050 12904
13194 12127 11900
13451 11728 12687
13522 11455 12301
13492 10633 13144
12323 13271 11386
12075 10530 14253
14347 10842 12064
14110 9940 12877
12492 12942 11676
10093 13746 11262
13901 11514 11942
12848 11282 13232
13701 11464 12118
13387 12229 11476
13300 12275 11735
11248 11040 14056
14862 10232 11935
13204 10138 13415
12545 13184 10962
12556 12145 12908
14121 11141 12210
13610 9729 13242
13669 11885 11549
12819 12840 11416
12845 12566 11637
12043 10621 13928
11628 9995 14304
11398 11856 13523
10087 13922 10440
10087 14062 10096
10965 13590 11267
11243 12973 12258
12585 12151 12606
9626 14089 9484
14365 10975 11881
14361 9946 12679
11326 13764 10703
10403 13929 9843
13219 12357 11657
13245 12083 11878
15086 9984 11782
14453 10594 12190
13327 11800 12427
12351 12283 12541
12320 11904 13007
13624 12142 11519
13869 11742 11241
11946 11336 13693
12822 12064 12649
12370 12808 11988
12759 10063 13814
11972 12224 12900
13147 12590 11298
14137 9741 12719
11304 13122 12158
12764 10381 13775
11199 11472 13921
13798 10946 12568
13702 10830 12866
13783 9753 13197
12301 10231 14107
11502 13373 11559
13859 10838 12698
12830 12801 11736
12651 12936 11088
12564 12709 12035
11640 11793 13334
10884 13162 12203
13474 12488 11038
13456 10090 13364
11105 12438 13082
13978 10836 12541
12339 12429 12454
11711 13264 11463
14019 9953 12652
11233 10623 14160
11574 11406 13983
13782 11852 11489
13477 11712 12271
13635 10034 13190
12594 13313 10750
13323 11188 12919
11594 10844 14065
11469 10008 14437
13025 12456 11610
11445 12212 13423
12176 12841 12138
12245 10784 13802
14625 10319 11892
13849 11260 12114
12608 12809 11785
10470 13963 9740
14178 11497 11312
13820 12034 10777
13466 11493 12588
13416 10976 13113
10965 13450 11611
14549 10662 11861
13246 9893 13642
13764 11383 12282
14033 10033 12651
10690 13335 12009
10433 13660 11259
14125 11266 11789
13061 9421 13699
12338 13288 10867
10321 13550 11550
10093 13886 10918
12087 13410 10900
13561 9632 13334
12978 12919 11008
10810 11805 13668
12132 13486 10712
13060 11909 12255
10772 13192 12150
14755 9952 12075
13959 11727 10938
13165 10970 13311
12904 10729 13537
10217 10743 14279
12993 12684 10909
12980 10386 13568
12741 13006 10965
12751 11800 12782
12734 9646 14066
12377 9888 14138
12999 12472 12026
13109 11735 12660
11669 10946 13920
13716 10385 12991
13640 10352 13151
14957 9772 11872
14305 10499 12374
13430 12175 11669
11162 12297 13296
13447 12289 11307
13384 10028 13388
13136 12629 10978
14125 9705 12778
10837 13765 11257
15128 9421 11174
14285 9460 12726
13358 12050 11818
12428 11605 13140
12421 10076 13992
12833 11517 13331
13895 11586 11403
12969 12494 11897
13983 10102 12841
13967 9487 13170
12422 9336 14087
13046 11816 12496
14365 11311 11271
12318 12995 11605
14313 10085 12570
13389 9294 13688
14531 10200 12228
12171 12124 12912
12075 12459 12720
12664 11846 13041
13874 10603 12599
13014 12237 11927
12458 11583 13269
11669 11964 13270
10813 12303 13137
12593 12888 11693
12709 11589 13071
14452 10929 11622
14019 11514 11663
13930 11634 11371
12775 12527 12047
12233 12677 12328
12164 12245 12742
14518 10290 11901
14226 11618 11110
14007 9505 13044
13824 10086 13124
13854 11977 11340
12478 13150 11065
11093 11720 13795
13758 9448 13249
12341 12378 12461
14626 9991 12034
14218 10881 12023
15009 10662 11183
14110 10844 12500
14113 11633 11327
13328 10454 13219
12044 11898 13332
13861 10787 12705
13062 10535 13478
13170 10236 13611
14754 10531 11802
13522 10940 12893
12683 12371 12488
12243 12582 12408
14772 10749 11140
12956 9879 13729
13926 10582 12713
13389 10346 13349
11390 13403 11506
13134 11136 12985
14773 10421 11282
13801 11399 12005
13489 12253 10939
12730 10178 13875
12898 12230 12030
14445 11086 11307
13313 9637 13657
9137 14090 10038
11948 13177 11506
13329 12289 11586
10818 13020 12363
11023 11922 13461
13729 10631 12708
11269 12662 12963
13730 10626 12788
13458 11985 11705
13072 11034 13079
10702 10134 14452
10593 10950 14105
11887 12873 12319
11848 13177 11568
13890 11217 12232
12701 12589 11826
12980 11947 12579
12877 10099 13773
11780 12508 12652
11416 13092 12211
13574 11194 12721
11217 12408 13135
14012 9987 12780
14880 10450 11273
12960 9347 13920
13677 11429 12541
14442 10633 11870
13706 10298 13057
12547 10971 13609
13532 9747 13395
13237 12575 10995
11387 12662 12684
12966 11282 12953
11730 13534 10358
14110 11180 11890
12545 11022 13602
12101 11418 13460
10592 10677 14341
13217 11436 12793
13205 10988 13185
12667 10816 13494
13782 11516 12099
10199 14032 10149
11739 13528 10995
11065 13429 11889
12481 11025 13703
12326 10536 14055
13692 11194 12442
12571 11910 12809
12587 10777 13829
12679 11611 12942
12624 10426 13749
11325 12550 12713
13088 11648 12712
13057 11269 13178
12427 11933 12998
14456 9486 12616
12322 11853 13014
11355 12943 12311
13890 11553 11622
12852 12042 12778
11605 11967 13371
10752 12633 13012
13297 11822 12298
11939 12928 12095
10101 13899 10557
10987 10049 14485
10855 12732 12676
14124 10033 12636
14115 9206 13177
12940 12064 12370
12988 12511 11706
10459 12396 13273
14182 11305 11741
11572 12959 12239
14008 11553 11343
13944 11962 11037
12870 12260 12116
12446 12458 12445
11214 13654 10994
11695 13558 9917
12182 12433 12508
11899 10980 13793
11536 13210 11997
12921 12216 12094
14585 9698 12526
13194 12053 11937
12770 12251 12266
12411 9039 14377
12352 11831 13143
12197 11342 13495
11915 11686 13422
10725 13655 11548
13613 12181 11199
13989 11705 11067
13778 10487 12897
12970 12042 12499
11840 11584 13567
11450 11478 13723
9946 13456 11670
10205 13856 10971
13864 10104 12998
14264 11461 10763
13981 10632 12590
13643 12159 11328
10008 12754 12673
13972 9805 13131
13615 8995 13542
12730 13045 10645
14611 10226 12133
13564 10695 13120
10478 13246 12022
10433 13520 11603
14426 11203 11401
13730 12049 11080
12329 12863 11756
10397 12958 12614
14144 9091 13116
13313 12504 10427
13206 10087 13422
10981 12943 12398
13373 12291 11152
13322 11516 12777
10003 12037 13447
10934 12493 13008
13025 12382 11647
10300 9462 14653
11826 9766 14365
11554 13428 11335
14203 11116 12122
11531 12493 12771
11340 11059 13991
13669 12069 10949
10656 13498 11571
13312 9839 13548
13507 9294 13409
12427 13184 11241
14502 11132 10833
9946 13316 12014
12981 11236 13338
12967 12958 10688
10876 10865 14232
11711 11719 13497
14441 10961 11728
13559 11429 12820
13640 10728 12960
13179 11063 13070
11336 10256 14300
10301 9208 14671
10618 10277 14467
13869 11860 11182
13015 12658 10961
11426 13022 12055
14129 10727 12406
12658 9989 14035
12345 12512 12428
10735 11091 14056
13165 12386 11155
12763 9531 14005
10376 13792 10645
13966 11203 12079
13905 10975 12559
13797 11274 12426
11738 13547 9997
11494 11780 13558
14339 11334 11181
11280 12297 13017
13352 9857 13422
10596 13443 11638
15200 9287 10914
13501 9479 13435
11074 10636 14293
12923 9286 13953
9894 10136 14590
12327 13327 10547
12995 11443 12824
12086 11653 13559
15218 9505 10252
13577 11647 12158
13153 11845 12487
13689 11831 11656
12813 10478 13683
10418 11091 14170
14221 11334 11460
13825 11547 11813
13718 10334 12998
13255 12291 11431
13066 8687 13999
11370 9407 14539
13628 11603 12136
13076 11794 12625
10706 11938 13470
12418 11106 13539
13695 11647 11879
13271 11845 12208
14272 11290 11438
11674 12681 12496
11563 13677 10746
14838 10325 11341
13786 11313 12106
13124 10637 13384
12820 12270 12077
11906 10859 13963
10352 12031 13606
14002 10239 12744
13915 11532 11510
13032 9536 13760
12841 12081 12458
10362 13955 10184
12907 9782 13821
12128 9124 14250
14905 10359 11238
15165 9856 10671
12939 11481 13111
14427 10868 11969
13496 11729 12080
12340 11795 13202
12181 12211 12846
12043 12740 12347
10368 13779 11006
12500 11550 13150
11617 12685 12658
9436 10362 14528
9241 14047 10452
13971 11487 11729
13034 12183 12034
12038 11355 13628
14085 9487 12891
14253 10245 12546
13078 11743 12632
13023 12846 10438
11454 9264 14524
11420 10113 14285
10578 13225 12300
14233 9206 12898
13170 11899 12191
12600 12643 11809
12502 12939 11045
11568 12929 12370
12948 12624 11064
12105 12178 13006
11217 10037 14339
10370 13968 9823
10925 10433 14367
10312 11339 14044
10646 9266 14662
10464 12001 13659
13277 12336 11157
12889 10135 13714
12432 12217 12648
14041 11444 11487
14004 10188 12751
13075 12401 11458
12651 12599 11787
11593 11931 13430
13993 11670 10828
14513 11093 11153
14009 9454 13051
13107 12173 12159
11686 10863 14000
9906 9836 14527
14503 10525 12000
12294 12841 11859
12063 12423 12779
13719 12088 10760
13493 12320 10437
13418 9179 13627
12223 12178 12727
11827 10871 13812
11387 12527 12731
14479 9946 12400
14171 11344 11421
13467 10328 13196
12183 12160 12853
12310 11405 13406
11371 13691 10133
11136 11070 14003
14468 9773 12426
13751 11860 11461
13635 11086 12851
13566 8898 13634
13327 12058 11790
12199 13520 10609
11563 12212 13144
10251 9894 14518
13615 10047 13203
13472 9594 13496
13158 12129 12137
14616 9492 12433
14362 11374 10516
13460 9558 13555
12463 13016 11121
14036 9390 12983
13209 9140 13706
11671 11913 13277
14279 10773 12153
13942 10086 12845
12801 12371 12209
12672 12410 12168
12104 12889 12247
11291 11491 13856
14116 9281 12798
13802 11816 11439
13535 11522 12226
10752 12773 12668
13649 9198 13442
14508 10376 11927
12584 12902 11191
12212 12590 12380
11761 11983 13205
11036 12999 12362
10266 10311 14414
10247 11146 14096
13783 11181 12667
13684 8898 13355
11798 11158 13830
13787 9333 13188
13644 8880 13481
10092 11499 13818
14734 9492 12154
13812 9638 13136
13578 9558 13276
13792 8599 13488
13599 11846 11959
10640 12663 12959
13348 10389 13231
13205 9936 13524
13078 12283 11784
11409 11491 13577
11259 12303 13018
13866 10053 13005
13618 12238 10252
11946 12498 12679
11579 12123 13209
10018 9806 14580
9653 11217 14091
14262 9091 12837
13707 11547 12092
12360 13150 11344
11543 12529 12712
14505 10474 12007
13600 9303 13290
13418 10231 13288
13275 9778 13581
12134 12063 12945
11499 12497 12784
11429 8310 14735
14758 10656 11381
10747 12056 13442
13423 9497 13588
13354 9806 13429
11197 12254 13241
10635 11946 13733
10008 11642 13833
13783 10129 13006
12197 12334 12565
11653 13247 11647
12906 9984 13712
11622 11816 13369
14980 10232 11656
13931 9848 13013
13893 9989 12937
13066 9739 13660
13177 12772 10532
12117 12708 12140
9831 9734 14672
14038 9339 12990
13096 12212 11839
12911 9250 14012
13594 11129 12733
12902 12942 10890
12406 9773 14077
11122 11605 13734
10845 11762 13613
14001 9690 13070
11791 13341 11378
13599 10395 13033
12554 9492 14084
13559 10377 13159
13010 12643 11023
11643 13683 10007
10124 12227 13318
13707 10096 13166
11060 12712 12663
10981 11831 13558
14645 9377 12372
13669 10237 13090
13523 12196 10829
13489 9443 13494
12972 12531 11658
12326 11987 12981
12190 13170 11595
11477 13396 11398
12653 12885 11095
12547 9079 14127
12270 9265 14201
11425 8842 14544
11097 9506 14596
12093 12928 11927
10835 11132 14030
10813 10463 14314
14177 10588 12515
12989 9232 13859
12298 12871 11728
10753 11946 13454
9955 9404 14662
9765 11187 14144
14119 9690 12791
12252 10134 14199
14293 8885 12744
13317 9745 13462
13137 8951 13866
12944 12198 12337
11151 8697 14606
9791 10787 14270
13551 12204 10355
13128 12643 10744
12922 12641 11151
11823 13385 10980
13051 8995 13747
12764 9329 14114
10968 10884 14167
14763 9377 12093
13613 11845 11809
13052 11899 12470
11659 9909 14305
13588 11885 11639
12989 12685 10894
12805 9498 13886
12801 10442 13742
12579 12379 12258
11011 10234 14375
13788 10447 12967
12602 8306 14134
12407 9571 14186
10226 12733 12672
9943 9704 14725
13895 9938 12944
14257 11532 11111
13128 10481 13384
11085 12755 12650
10747 11916 13786
13527 11657 12119
13342 9522 13596
12469 10989 13762
11687 13267 11399
11270 9405 14557
10696 13225 12021
10474 13925 10237
13478 11939 11578
13276 10200 13391
11277 10925 13995
13490 9241 13603
12951 11517 13052
12985 9764 13668
12796 11028 13404
10573 12508 13074
9592 12297 13310
9330 10610 14402
13261 12629 10517
13099 11236 13059
13010 10069 13616
11122 9686 14550
13133 9483 13675
13110 12664 10689
13059 11218 13185
12990 9030 13968
12944 10747 13411
11282 9441 14498
10945 13466 11390
9548 10332 14581
12626 12867 11305
12439 11270 13476
12157 12316 12691
10412 10484 14367
10062 12789 12659
13814 11586 11493
13207 10937 13192
13064 10484 13485
12702 13014 10883
12020 13376 11003
10865 11916 13507
9683 11620 13908
13052 10448 13544
13036 11317 12895
12830 12385 12060
12587 10989 13483
13083 12567 11434
12616 10662 13768
12576 10816 13509
10690 13195 12353
13608 9241 13324
12227 13528 10135
13199 12329 11718
12621 9928 14068
12552 10237 13909
13957 11855 10339
13631 11570 11974
13046 11308 12858
12820 13014 10604
12726 12809 11506
13460 11960 11523
12104 10415 14192
11123 10204 14428
13624 11634 11881
13234 10873 13124
13091 10420 13417
12744 12867 11026
12264 10170 14140
11308 13406 11709
11245 8952 14571
10530 11061 14223
10338 12703 12725
13843 12016 11020
13419 12214 11349
12812 11565 13048
12669 11112 13341
12447 8869 14147
12204 11653 13280
10524 12969 12380
