45 3
14342
570 39 9 420
658 965 749 424
708 816 421 735
651 633 526 649
713 910 379 795
496 655 862 626
544 316 112 609
644 640 833 137
654 890 322 147
712 203 59 39
630 558 224 475
561 2 66 234
713 115 65 53
671 470 698 146
539 29 144 258
590 406 773 81
721 756 438 879
525 731 243 749
600 709 203 616
716 352 203 252
551 627 250 107
503 559 147 331
748 525 44 200
726 969 495 790
651 395 315 48
667 587 94 774
653 117 762 171
642 198 191 726
691 482 619 948
724 138 728 845
577 319 983 510
677 127 123 826
703 309 377 728
663 501 577 483
490 984 124 429
486 733 212 895
699 265 166 384
723 766 748 762
508 416 890 230
699 209 283 785
681 156 399 147
691 571 514 869
741 479 390 811
624 293 900 962
549 759 231 783
743
13894 11609 15518
14157 11105 15973
13622 10540 16223
13536 11741 15574
13497 11579 15863
13773 10519 16364
13591 10265 16462
13313 10548 16416
15536 11806 14560
15204 11708 14888
15463 12189 13830
15370 11849 14280
14546 11008 16021
14119 13154 14083
13721 11522 15770
14176 12266 15108
13347 11068 16113
13046 13581 13469
13211 12719 14813
14689 12408 14856
13769 12901 14242
13023 11031 16263
13647 12714 14579
13450 12224 15283
13258 12024 15528
13105 10507 16544
15771 11456 13427
15799 11403 13870
15682 12007 13242
15177 9864 15528
14840 12869 13048
14711 12595 14528
14617 10563 15961
14028 12879 14157
14157 12061 15195
13621 11428 15827
13773 13431 13494
13055 13273 14134
13533 11945 15341
15712 11613 14299
15701 11157 14515
15684 11666 13856
15048 11113 15313
14493 12958 13571
13998 11184 15949
14415 11821 15443
13965 10719 16119
13408 13209 14109
13636 11835 15517
13480 11206 15978
13428 12209 15384
15595 12217 13671
15070 11300 14985
14040 10605 16198
14086 11037 16073
13311 12813 14756
13191 10439 16574
15519 12371 12804
15224 12684 13360
13205 11285 16165
15870 11156 13705
14606 12974 13326
14568 11195 15693
14407 10143 16181
14018 13338 13360
13652 9727 16580
13192 9756 16632
15770 11183 14147
14966 10504 15651
14791 12898 13336
12935 9893 16766
15432 12310 13493
15151 10969 15525
13780 10254 16245
14131 12529 14882
13176 11864 15569
13519 12439 14889
12719 10815 16468
14414 9611 16218
12709 13550 13545
14625 10842 15685
15593 11453 14552
15527 12114 13895
14012 9760 16329
13828 12035 15272
13539 11268 15868
13397 11485 15920
13119 13198 14199
15614 11904 13466
15298 10602 15323
15368 12464 13103
14073 9949 16252
14460 11491 15730
13688 9488 16504
13429 11228 16072
13177 13672 12833
15195 12144 14594
14909 10857 15659
13833 13414 13350
13550 12318 15226
13006 9961 16666
16009 10424 14112
14599 11747 15384
13054 11306 16024
15857 10973 13718
14082 10836 16080
13498 12906 14304
13024 13394 13797
13247 12888 14691
15290 11225 15179
14809 12222 14772
13747 13576 13210
13401 10639 16334
13565 10893 16231
15459 11045 14649
15549 11706 14121
12367 10659 16567
15930 10590 14448
13901 13517 13126
14261 13158 13271
12987 10586 16661
15540 10714 15189
13622 10865 16132
14589 11530 15464
16036 10780 12940
14735 13064 12937
14026 11918 15395
13290 10972 16418
14084 12745 14494
15948 11254 12611
14680 12716 14191
12927 12998 14444
13108 10718 16516
14472 13090 14058
13930 9600 16370
13711 12963 14215
15949 10990 13369
14139 10483 16072
13394 11689 15687
13708 10382 16423
15609 10740 14821
15111 12668 13605
15923 10907 13821
12766 13740 13497
14468 12560 14806
13590 13379 13628
13216 13009 14354
15785 11618 12173
14962 11596 15022
13581 9659 16680
15120 12360 14270
13346 11600 15722
13037 11608 15915
13315 11325 15961
12792 13759 13385
13770 9648 16463
14088 13275 13746
13553 12834 14340
14675 13081 13081
16065 10650 13239
15615 11640 14224
14678 12882 13581
15043 12565 13829
14756 11483 15409
15918 11111 13032
14861 12835 13722
12623 11205 16375
13358 12703 14669
13772 11500 15676
13525 12605 14737
12745 11314 16217
14779 12698 14304
14917 11926 14735
13123 11125 16206
14327 12780 14216
13328 12115 15441
13019 12519 15058
12892 13445 13631
14194 10741 16036
13019 13621 13177
15228 12064 14233
14810 11307 15559
13830 9506 16427
13297 10707 16299
15021 12804 13670
14939 12851 13161
12863 13073 14379
12932 9022 16865
13066 12409 14971
15861 11464 13040
13136 11915 15686
12955 12594 14993
15860 11541 13184
15312 11412 14851
15052 12257 14494
14011 13013 14108
15908 11098 13278
15644 11510 14523
13119 11768 15874
14616 12870 13801
13070 9647 16790
13955 10113 16337
12968 12238 15436
15069 11377 15129
14621 11934 15056
13166 12503 14914
13050 12398 15395
13267 10116 16541
13647 12792 14400
13116 12915 14411
15531 12292 13606
13023 10347 16585
14775 12520 14593
14178 11369 15789
14828 9923 15838
15562 10901 14861
14800 12530 14107
15292 12787 13136
14930 11192 15430
13711 12639 14644
12997 11659 16032
13236 12594 14827
14243 11578 15486
15765 11737 12782
14451 13124 13384
13734 11624 15697
12816 11382 16117
16217 10101 13633
16035 10507 13660
13428 13584 12367
12805 10332 16759
15441 12002 14158
12827 12904 14501
14450 11274 15810
15791 10334 14794
12858 12783 14838
12776 12623 14879
14068 11275 15862
15341 12080 13988
13203 13691 12721
12731 13124 14213
13333 12405 14982
13205 13660 12867
12913 9647 16860
15359 11251 14811
11978 10756 16519
15462 12266 13974
12958 12877 14781
15430 12476 12883
14771 11629 15228
15021 12378 14157
15320 10789 14995
15766 11660 12638
14276 12360 15051
13324 13591 11725
16120 10194 13913
13017 13652 13031
15835 11381 13492
15978 10860 13668
13342 13442 13510
12584 12423 15124
12267 9881 16946
13501 10733 16277
12741 11113 16224
12814 9101 16982
12925 13819 12895
12574 13540 13742
13834 11718 15640
13262 10507 16474
12747 12012 15638
16141 10255 12766
12794 13728 13531
15500 12413 13269
16024 10859 12138
13399 12339 15085
14863 12046 14922
12666 12583 15083
16129 10575 13304
12537 11688 16084
12868 12144 15493
15653 11787 13519
14593 13128 12572
14107 13233 13281
13176 13731 12429
12694 11273 16275
13773 9859 16435
13129 12559 14854
15252 11791 14586
12915 11499 16073
15401 11475 14801
12187 13590 13581
15796 11616 13119
15670 10405 14526
13174 9134 16731
12669 13344 14144
15966 10939 12866
12905 10426 16702
12162 13620 13574
15619 10452 14950
16005 10901 12603
12753 13837 12666
14517 11138 15722
12815 11405 16130
15952 10777 14120
13397 10801 16242
12474 13446 13799
15641 10639 14622
15138 11774 14785
12968 11789 15733
16053 10729 12437
15883 10751 14488
13873 9953 16378
15708 12090 12790
14519 13227 13160
15431 12387 13637
14999 11518 15131
13073 11336 15999
14653 13111 12428
15770 11533 13571
13990 12749 14292
12437 10910 16463
12688 12648 14847
13530 13396 13772
13679 13473 13434
12345 12073 15527
13176 10990 16183
12338 9949 16846
14717 10657 15904
15700 11692 13497
12676 11944 15738
13146 9324 16757
12445 12167 15470
15319 10866 15139
14546 12991 13470
11878 9978 16898
15202 12497 13688
13045 13640 13065
15892 11028 13484
14478 9698 16121
12597 13238 14235
12605 13419 14079
12202 12411 15142
13208 10812 16459
12608 11756 15984
14748 12819 13967
14797 12112 14819
15581 10061 14983
13264 13060 14134
15168 12443 13968
12534 12634 14917
15220 12154 14108
14920 12988 12947
14910 11885 14882
14631 11140 15613
14422 12584 14618
14503 12013 15173
12424 9881 16876
15784 11695 12317
15909 9646 14491
14302 13278 12913
12149 9960 17063
16205 10180 12831
14949 11563 15213
14892 11916 15221
14220 13325 12404
12527 12327 15429
12697 13332 14178
14182 12820 14073
12234 11302 16327
12481 10183 16838
12958 13355 14054
15977 10937 13812
12442 13591 13576
14892 12714 14059
12496 12448 15092
11770 11130 16386
15617 11809 13897
15233 12376 14025
14086 13441 13136
12633 13407 14113
12212 11772 15797
14857 11146 15519
11856 10647 16677
15509 9962 15200
14088 11735 15494
12631 13438 13967
12153 11873 15772
12102 11353 16161
14560 12616 14387
13347 10619 16410
15292 11989 14298
15844 11073 14157
12880 12263 15404
12602 13528 13776
16064 10727 13383
15882 11133 13410
14788 10065 15875
14039 11854 15266
14838 13035 12438
16100 10705 13005
15544 10732 14902
15281 11661 14885
12313 13125 14381
15224 11886 14522
12886 13249 14145
12723 12959 14581
16186 10222 13296
13343 11711 15781
12986 13343 14088
14111 10673 16098
14337 12141 14871
12470 13579 13610
12478 9312 16937
15480 10196 15296
14548 12767 14025
15813 11565 12616
12697 12940 14693
12506 11809 15747
12159 11033 16434
15770 9390 14837
14968 12391 14026
14849 11236 15394
14122 12837 14217
13373 10033 16547
15380 11515 14627
13639 10913 16108
14167 13200 13211
13117 9487 16739
15901 10720 14149
15120 10217 15536
14865 12215 14595
12527 10615 16713
15148 10098 15624
14836 12345 14296
14160 13342 12548
15160 11374 14892
14508 12899 13747
12487 13090 14242
15909 10834 14036
15242 12281 13696
14927 12930 12359
14770 11396 15267
15956 10673 13996
14207 11531 15516
13952 12796 14328
12063 10443 16772
15738 11474 13772
14921 12456 13987
13557 13022 14299
15458 11122 14793
15230 10707 15286
12341 13113 14415
15839 11277 13368
15361 12450 13251
13105 9847 16615
15852 9999 14499
15825 11486 13418
12191 13896 12895
15683 11743 14000
13961 10191 16265
12600 13859 12085
14554 12077 15097
12146 9089 17162
15731 11300 14094
15309 12053 13992
15116 12543 13385
14176 12801 14075
13265 10459 16451
13205 9941 16558
15957 10946 13276
15878 10955 13699
15813 11194 13820
15855 10870 14400
14367 12744 14083
14253 10281 16061
12984 9715 16760
15769 11260 14291
14638 10827 15777
16117 9323 14012
15199 11052 15223
14981 11851 14800
14280 12606 14544
14895 11739 15063
13604 12126 15142
12975 13049 14224
16043 10463 13567
12725 12928 14727
15996 10624 13607
15652 11864 13663
14845 9712 15867
12600 13559 13630
14589 12486 14686
12209 13164 14249
12569 13250 14201
13258 12889 14352
12506 9122 16911
15926 11067 12939
14414 11059 15855
15879 11228 12979
13247 10974 16170
15056 9072 15744
13040 11325 16024
12524 9744 16812
15454 11853 14051
14857 12305 14470
14422 12128 14931
15006 11825 14619
13683 10729 16146
12694 13049 14390
12523 10427 16754
15848 9981 14786
15452 11310 14768
12515 13078 14276
15856 11050 13862
15284 12079 14173
15263 12119 13999
15089 12481 13933
12984 13374 13942
14553 11315 15509
14508 12101 14909
12441 10254 16761
15537 9843 15288
15290 12023 14017
14581 13123 13021
14529 12737 14050
13436 13438 13712
13261 11102 16119
12226 12675 14881
12059 10255 16813
15739 11654 13234
13779 10450 16323
15965 11016 13010
15762 10464 14495
15630 11004 14637
13350 12410 14966
14200 12583 14638
13287 10101 16517
15748 9203 15165
15352 11216 14825
15113 11535 14932
16260 9526 12885
15205 12396 13540
13659 12768 14396
13841 13534 13270
13611 12825 14327
14901 12278 14353
14614 13094 13246
15547 11021 14677
15198 11967 14436
14437 12681 14469
14147 11844 15275
14298 12425 14815
15177 9810 15539
14305 12732 14303
14148 13337 12997
12901 11069 16370
14987 11795 14644
14776 13023 12658
14746 9763 15879
13679 11372 15814
16229 9647 12548
15270 9923 15485
14963 11471 15161
14699 9924 15919
14674 13077 13102
13601 11941 15297
12714 12634 14863
14121 12014 15225
13828 12143 15125
12427 10693 16543
16052 10806 12581
15821 11308 13707
14621 10923 15693
14175 13336 13057
14043 12583 14708
12339 13144 14269
15158 11276 15013
14280 12045 15176
14242 13295 13057
14221 12108 15168
13779 11466 15757
13765 10889 16105
12628 13847 12119
15509 12105 13934
15063 11565 15104
14321 11825 15241
14111 10160 16138
13651 10702 16150
13479 10899 16123
14860 12057 14739
14578 9792 16064
14556 10667 15818
12496 13866 11443
15884 9776 14463
15669 10482 14670
13914 12610 14503
13620 10529 16299
13110 11416 15937
14848 10583 15768
14466 11656 15410
14380 12139 15119
14366 11562 15467
13653 12756 14510
12074 13767 13450
16003 10798 13285
15009 12883 12868
14520 13136 13186
14211 10254 16081
16109 10397 13670
15548 11783 14265
14774 9644 15967
14354 12721 14206
14307 11625 15459
14094 13250 13062
13933 12766 14353
12509 9993 16812
12449 9475 16919
15774 11429 13447
14448 11768 15243
13739 12868 14247
13210 11510 15880
12254 12663 14915
14094 11657 15446
14147 10375 16093
13747 12714 14570
14037 12571 14822
13689 11887 15471
12408 12929 14783
16195 9914 13961
15170 9829 15542
13305 10918 16157
13011 13461 13614
15313 11054 15114
14778 12343 14435
14129 11559 15516
13698 12037 15202
12354 12757 14858
15454 11197 14898
14726 11959 14941
14089 9246 16228
13833 12826 14307
13847 11654 15511
13600 13202 13758
13595 11929 15411
15852 10872 14151
14247 10469 16036
13629 13049 14104
16078 10518 13333
15946 11058 13475
15206 11877 14561
14196 10634 16069
13906 11591 15519
13875 11939 15254
13405 11012 16100
13450 12504 14909
15159 12038 14601
13769 12594 14654
13568 10614 16152
13067 12570 14838
14830 11254 15231
14779 11428 15222
14391 12705 14281
14317 12581 14665
13521 12807 14344
16241 9568 13350
15164 12265 14257
15145 11228 15073
15009 11756 14864
13322 13599 13112
13040 13291 13793
12692 13080 14244
12377 13050 14446
14784 12573 14084
14047 12768 14244
13956 13326 13580
13573 12733 14604
13356 12546 14849
15042 12642 13973
14781 10084 15878
14729 12886 13556
14129 11110 15813
13955 11850 15495
13775 13303 13638
13657 10748 16130
15456 11366 14571
15320 11894 14362
14403 12098 14956
14571 11752 15224
14348 12709 14320
14247 11766 15445
13775 11404 15762
13740 9166 16466
13615 12765 14404
13598 13170 13767
13446 12799 14367
13429 13058 14210
12395 10666 16547
15745 9520 14809
15662 9686 14874
15299 12438 13471
14928 10017 15781
14612 11532 15289
13865 11767 15497
13567 11195 15965
13140 13231 13810
12781 13825 12700
15947 11331 12755
15405 12005 14053
15128 12159 14264
14881 10178 15821
14689 10662 15744
14685 10666 15737
14628 12719 14163
14217 12046 15173
14155 10109 16211
13733 10862 16109
13590 11949 15303
12034 12475 15126
14286 12702 14328
14154 13119 13518
12649 13844 12024
15409 11527 14611
15149 11712 14719
14807 11318 15376
14309 11512 15589
14168 11369 15805
13949 13019 14092
13424 10983 16119
13175 13023 14351
12750 11090 16229
12607 12599 14890
12019 13914 12666
15131 12466 13718
14620 12011 15200
14442 12667 14380
14303 12158 14910
14182 13196 13236
13965 11861 15440
13764 12614 14546
13688 13165 14099
13540 12757 14427
12322 13848 12682
11996 10704 16559
