45 3
15139
740 73 617 908
704 148 93 781
703 697 699 440
788 712 746 434
528 169 754 131
785 817 194 566
817 431 512 681
721 875 689 668
524 967 992 937
654 871 520 483
571 824 525 677
721 216 918 124
743 233 857 128
550 369 996 584
604 705 360 378
661 829 737 489
598 188 81 278
670 115 866 732
684 33 251 327
611 478 451 737
688 50 385 308
735 355 776 358
578 936 229 495
726 616 713 186
805 10 73 686
678 334 634 987
708 931 539 673
538 264 7 283
558 227 726 160
792 913 926 853
676 311 337 26
610 3 952 260
746 925 844 697
605 991 50 786
743 97 193 409
545 467 323 393
682 126 823 83
606 345 753 854
758 948 565 49
619 56 418 819
703 761 15 785
736 625 623 707
754 190 890 218
550 736 799 167
762 4 992 204
1640
16993 12535 12184
15782 14432 13909
15948 14642 13578
15650 15073 13316
15181 14364 14602
14901 15694 13005
14867 15779 12993
14727 16008 12332
15239 14336 14631
14616 15813 13335
14763 15432 13556
14445 16278 12400
14532 14422 15043
14310 14965 14765
14249 16237 12722
14388 15405 14107
14079 16398 12350
13907 16310 13000
13988 16300 12894
14549 13757 15552
13802 13967 15519
13452 16694 12647
13845 15999 13678
13309 16393 13431
12717 17316 11726
12958 16609 13277
12999 16227 13856
12360 16957 13051
12616 17260 12329
12041 17568 12050
11652 17375 12555
11041 17669 11928
16263 14467 12805
15436 15511 12667
14886 15749 12690
15173 13476 15422
15015 14562 14731
15036 15062 14003
14720 15947 12819
14504 13375 15637
14799 13552 15516
13985 16149 13156
13790 16676 12041
14073 15717 14057
14109 16104 13162
13731 15428 14470
13934 15859 13823
13768 16452 12766
13533 13491 15745
13425 17070 11956
12978 17147 11763
13207 17100 12038
12691 17299 12143
13138 16085 14090
13132 13583 15670
13221 16825 12530
12429 16582 13755
11413 17840 10953
11908 17506 12099
11739 17498 12282
11377 17882 11286
16891 13329 12983
16114 14284 13772
15298 15249 13218
15433 15376 12926
15152 15419 13582
14388 16095 12956
14578 15938 12847
14235 12899 15863
12572 16883 12971
12600 17043 12416
12727 16740 13160
12250 17522 11656
11899 17738 11502
11227 17942 10939
11619 17708 11518
16855 13728 13459
16056 14312 13743
15611 14124 14568
15580 15328 12417
15198 13699 15111
14366 14620 15172
14775 15125 14175
13787 16027 13649
13852 16489 12709
12903 17225 12063
12844 17013 12470
13170 16535 13197
12302 17505 11878
11260 17609 11976
15799 15096 12672
15073 14694 14437
15068 14028 15290
14534 14739 14665
14830 13991 15305
14248 15962 13396
14045 16483 12338
14216 16018 13273
13468 17037 11866
13193 15906 14381
14355 12394 15989
12939 16666 13080
12520 17369 12005
12142 17265 12658
11774 16980 13396
16209 14579 13406
14724 15478 13777
13684 16945 11163
13101 16910 12493
12314 17549 11350
11945 17307 12614
11184 17975 11029
16417 13080 14313
15368 14914 13866
15209 15602 13026
14981 15884 12647
14334 15654 13885
13703 15990 13706
14251 14188 15290
12543 17414 11274
12032 17658 11529
12221 17099 12817
12078 16798 13601
11542 17768 11426
15318 15221 13453
13507 16515 12938
14029 14731 15012
12357 17516 11260
12291 17504 12081
16960 13176 13591
16354 13881 14005
15122 13963 14788
14711 16037 12298
14072 14928 14780
13953 14995 14689
13616 14480 15317
12511 17459 11484
16022 14029 14142
15616 14790 13715
13529 16739 12213
12328 17163 12672
16312 13632 14181
15584 13381 14996
15299 15289 13162
13713 16631 12475
12846 17103 12196
16557 14159 13197
15479 13933 14864
13443 16784 12126
14266 13338 15652
12690 16519 13583
15666 14483 14128
15297 14721 14181
14183 16745 11787
11363 17177 13052
16450 14251 12370
16223 13510 14522
14423 15301 14077
14232 15428 14085
13590 16956 12096
13548 12273 16109
15230 15744 12397
13226 17167 11405
13845 14949 14863
13556 15184 14655
13417 15680 14281
13897 14714 15070
15932 15152 12515
15761 14092 14314
13364 16214 13722
14097 14144 15398
16594 13791 13631
15911 15010 13144
12493 17049 12812
16164 13062 14609
13612 16728 12398
11193 17885 11550
13940 16540 12116
12787 16301 13936
14009 14650 15096
10684 17846 11661
14721 14870 14339
14481 15273 14106
12063 17310 12152
13570 16330 13259
13351 16791 12570
15334 14631 14265
13198 17190 11517
14272 16392 11979
13054 16048 14147
12067 17226 12844
16362 14613 12401
16151 14920 12770
11994 16849 13266
14711 14058 15214
12969 17237 11242
16690 13848 12603
16699 13239 13763
14479 14956 14484
13774 15359 14518
16273 13895 13751
15719 13843 14490
13528 12359 16009
13235 17077 11926
13681 14189 15329
10850 18010 10817
12601 16639 13201
12360 17129 12785
14386 12833 15778
13651 15684 14139
12760 17283 11636
16977 12672 12614
12915 16728 12900
15969 14982 13173
15457 15653 12038
13075 16968 12120
11669 17093 13018
15463 14523 14052
14693 16329 11412
15421 14274 14228
14674 15785 13364
14476 14767 14636
12371 17130 12582
14036 16573 11817
14833 15097 14204
11071 17966 11320
11499 17801 11516
15596 14818 13480
13352 15617 14409
14774 14336 14898
14581 16089 12585
13734 16773 11846
14126 15183 14616
13334 15351 14716
15094 15034 14032
11382 17528 12206
15890 14510 13872
15731 14945 13188
12282 17594 11560
14979 16019 11820
14371 15286 14319
10674 17460 12587
15866 13540 14446
14106 15936 13506
14020 14319 15173
15246 15234 13460
16073 13647 14252
11881 17328 12830
14558 15428 13785
13752 15412 14471
15820 15238 12043
13706 16141 13444
15376 15193 13482
13328 16819 12134
13840 15493 14208
12290 16724 13521
13240 16768 12727
12926 17270 11332
12424 17424 12108
14131 15689 14086
12913 16638 13174
11259 17897 10729
10801 18119 10971
16882 13419 12462
15676 15421 12293
15525 12933 15083
13693 16855 11684
13518 14341 15383
12846 12865 15991
15276 14972 13629
13923 16206 13148
11824 17847 10625
9986 18017 11307
12712 16125 14065
11062 18056 10799
13722 15933 13903
12110 17193 12754
13599 15145 14808
16986 12582 13135
15724 14460 13880
14870 15260 14132
13056 16939 12390
14161 15768 13464
14636 15267 13941
13832 15331 14547
15519 14702 13833
14184 16341 12572
15315 15660 12063
13426 16666 12741
13658 14866 14942
10791 17733 11897
14477 15955 13101
11872 17418 12309
13308 16797 12646
13709 15656 14168
11076 17612 12240
14752 15624 13520
14500 16099 12691
13454 15843 14209
13464 15553 14435
13225 16356 13488
11310 17452 12473
14435 15753 13406
17055 12051 12281
14672 16187 12041
14387 15120 14444
11072 18070 9826
15569 15187 13111
14783 15779 13058
15001 15131 13757
14914 15382 13597
15059 15929 11841
15356 15221 13247
13543 15490 14401
15905 15154 11709
11476 17402 12417
15660 15285 12567
15569 15513 11466
15147 15686 12518
14777 14525 14746
14773 16239 11433
13680 15547 14278
15778 13380 14724
15318 15795 11804
16321 14439 12834
14011 15801 13549
13042 17083 12297
15539 14259 14375
15857 15068 12701
14327 16562 11537
12642 17288 12235
13519 15552 14221
14599 14122 15188
13625 16151 13550
13760 14255 15238
13601 15462 14430
15558 14658 14009
14840 15587 13235
14561 15563 13526
13253 16027 13801
14051 16132 13133
13440 15950 14045
14044 14778 15006
14935 13439 15437
13252 15627 14515
15172 15439 13098
15091 15886 12163
13491 15475 14643
14890 15280 13648
13826 16775 11711
11226 17466 12386
12845 16273 13965
13771 13528 15730
15681 15427 11938
14939 15755 12677
16044 15012 11943
15597 14231 14404
15080 16071 11212
11855 16991 13032
16615 14131 13226
14590 14394 15072
14318 13888 15435
13257 15222 14726
14392 15626 13914
14904 13000 15648
15171 15843 12313
13814 16614 12221
14762 15836 12771
13399 16022 13918
14817 15294 13715
12633 17378 11714
14297 15491 13957
15574 13568 14963
14100 16304 12629
12760 16924 12847
12468 17492 11574
12870 17041 12376
12783 15721 14413
15617 12608 15045
12198 16328 13904
16396 14363 12971
12430 16331 13860
14592 15124 14215
14546 16330 11792
12840 16487 13329
14000 13151 15893
15430 15655 11232
14923 15912 12618
12591 16397 13650
12209 16738 13267
16097 14665 12934
13287 16808 12507
12771 17064 12382
11973 16959 13050
15295 14515 14412
15185 14913 13906
14909 14716 14450
14330 16123 12927
13047 16860 12818
15036 15716 12605
15521 14495 14081
14107 13564 15603
13571 14098 15402
13013 16430 13568
14685 14689 14706
14190 15990 13367
13447 16655 12880
13108 14511 15178
15237 14543 14383
14666 15506 13748
14775 15524 13363
15659 12857 14869
16150 14131 13493
14948 15665 13198
11333 17101 13201
10944 17307 12936
14466 16420 11771
13662 15783 13984
13792 15483 14304
13072 17224 11181
12826 16885 12673
16198 14764 12455
11812 17615 11775
15248 12952 15295
15641 15163 12795
13761 15962 13735
12912 15672 14628
14714 14771 14436
13481 15492 14439
12585 17166 12368
14798 15992 12013
13913 16898 11438
15535 14112 14645
12318 16395 13834
15837 13828 14637
15237 15335 13248
13333 14061 15417
12842 16122 14227
12525 17004 12602
12546 16855 13065
11769 17648 11865
12965 16188 14002
13635 16872 11988
14994 15162 13714
14078 14291 15202
16459 13329 14137
14979 12476 15521
13501 16705 12555
15179 15363 13219
14374 14281 15110
13841 15059 14663
12709 16612 13363
14692 15549 13658
10654 17579 12322
16338 14391 12942
15205 14885 14141
14668 14860 14538
13968 15042 14683
13438 15525 14529
13318 14911 15055
16506 14430 12151
14191 16265 12693
13144 16507 13291
16748 13820 12632
15708 15045 13345
14206 15400 14179
14048 15964 13477
13733 15013 14837
14165 16237 12787
13513 14987 14887
13943 16536 12343
13316 15587 14422
12640 16987 12659
16746 14027 12384
16546 13452 13864
16314 14027 13538
13987 15325 14382
12282 17625 10383
15132 14231 14671
12035 16917 13224
15883 12828 14856
12009 16490 13768
13382 17145 11192
12807 16792 12893
16203 14723 11971
12702 15272 14751
15477 14932 13481
13751 16586 12632
12703 16802 12980
12467 17021 12906
14554 16471 11178
14065 16455 12573
13930 16328 12865
12325 17550 11147
14658 16244 12264
13900 15820 13969
13482 16762 12358
10509 17574 12447
12544 16726 13223
15534 15428 12318
14043 16121 13185
16949 13301 13012
13725 15490 14263
13156 16731 12784
15013 15561 13348
14775 15768 13110
13708 16745 11940
13681 16181 13368
15029 15970 11655
14292 15754 13596
14284 16624 10829
13197 16887 12350
13028 16020 14241
12860 17287 11355
12442 16865 13152
15542 15569 11704
13075 16882 12587
15112 14150 14755
14662 15975 12790
14004 16092 13353
13687 16603 12569
15793 15294 12281
15248 15738 11910
14246 16086 12984
13832 16713 11918
13469 16633 12651
13315 15194 14755
13339 16461 13142
15387 15596 12144
13456 16734 12452
14934 14836 14203
15511 15215 13082
15426 14886 13895
15304 13847 14905
14840 16161 11586
10751 17400 12679
11217 17642 12066
16679 13729 12736
14805 16196 11755
14175 16431 12051
13868 15899 13521
13187 16474 13201
15761 15337 11959
15596 15131 12873
13481 16487 13032
13778 14781 14979
13295 16589 13018
13275 14950 14902
14786 15974 12154
14194 15780 13417
13396 14728 15092
11083 17165 13170
15900 15195 12193
14809 15807 12964
14239 16162 12863
12787 16477 13528
15638 15300 12446
14595 15060 14219
13621 16620 12592
13231 16858 12206
12578 16954 12716
13865 16234 13119
12826 16330 13768
10612 17623 12119
16310 14631 12798
15494 15483 12696
11997 16812 13347
11721 16828 13525
11786 17366 12328
15301 12995 15148
14912 16097 11667
14054 16524 11847
13776 16374 12974
12946 17181 11650
15809 14784 13344
14274 15990 13302
13785 16391 12770
13199 16328 13582
12740 17372 11318
14833 14704 14527
14292 16364 12214
13935 16796 10958
16220 14662 11975
15550 15298 12780
15267 15574 13055
14301 16534 11631
14214 16409 12283
13436 15654 14352
11626 17347 12649
13494 16215 13524
16651 13732 12750
14918 15426 13391
13992 15831 13852
13130 16703 12878
13035 15353 14669
14424 14752 14878
13469 16427 13182
11783 16915 13299
15612 13056 14810
15465 14342 14213
14190 15226 14320
13524 16454 12942
11652 17061 13166
11240 17047 13209
14632 15223 14147
14523 14931 14629
12085 17636 11516
10096 17624 12436
15838 14611 13690
14743 15847 12662
13704 16856 11481
13618 16964 10807
13078 16524 13314
12768 16358 13739
13657 15117 14837
10631 17493 12677
14958 14102 14878
14010 16545 11911
14077 16500 12288
12972 16678 13033
11066 17226 13166
16940 13391 12491
14678 15836 12836
13196 16057 14119
15470 15008 13360
14229 14979 14511
13898 15465 14237
13118 16849 12497
12552 17472 10732
14900 14130 14849
13824 13571 15583
13820 16263 13016
13074 17038 12087
12420 16672 13234
13742 16424 12860
13648 16169 13415
13528 13761 15588
12621 16894 12879
12556 16432 13819
15350 14187 14740
13300 15147 14761
13453 17076 11046
10911 17726 12100
16345 13971 13484
13944 16562 11934
12687 15225 14757
16012 15062 12536
15502 15305 12561
14908 14808 14297
14535 15927 13130
13242 16295 13492
12665 17333 11504
13452 16086 13554
13736 16002 13659
14064 15807 13536
13953 16541 12101
12749 17282 11839
12486 17447 11609
14445 15092 14473
14127 16478 12074
12785 17240 11506
15216 14995 13653
14413 16168 12482
13903 14921 14892
13634 16365 13002
13270 16836 12438
12602 17105 12372
15106 15079 13747
15028 14174 14823
13556 16526 12846
13460 14044 15437
12973 16199 13950
11470 17692 11693
10901 17340 13026
14103 16355 12318
13908 15831 13917
12468 17523 10397
12195 17071 12911
11356 17500 12300
16487 13004 13951
15943 13976 14431
15407 14370 14184
14669 15279 13894
14281 13385 15646
14309 14160 15319
14171 16489 11902
12002 17391 12190
14161 15757 13797
13842 15848 13940
13385 16129 13754
13302 13622 15628
15817 14271 14095
13953 16472 12455
12791 17320 10860
12654 16791 13072
12589 16822 12975
15334 12222 15197
14537 14928 14513
14514 15587 13535
13900 16569 12433
13839 16637 12039
13508 15172 14759
12883 16433 13406
15153 15335 13313
12477 17402 12095
14593 14529 14813
15699 15135 12824
14162 13452 15555
13740 14174 15322
13009 16899 12610
12358 16828 13209
12485 16152 14151
12010 17745 10639
10641 17879 11751
13692 16337 13031
13191 13568 15663
13054 16586 13134
12307 16663 13525
16022 14342 13535
15156 14920 13791
14523 16117 12556
13957 16003 13413
13840 14254 15217
13637 16516 12740
13436 16243 13495
14571 16410 11182
14152 16071 13072
13457 15994 13947
11920 17009 12936
11983 16462 13862
15942 13276 14769
15555 15570 11689
15494 14871 13485
14451 15927 13195
13376 14883 15084
11935 17696 11169
15269 15880 11281
13826 13330 15850
13067 13874 15658
13031 16171 13979
16401 14150 13265
14653 16065 12269
13702 13582 15631
13638 14266 15286
13579 16544 12711
14885 16153 11905
11597 17017 13285
16455 13933 13397
15393 12670 15110
14508 14149 15139
14402 16615 10225
13853 15873 13569
12887 16980 12380
10368 17544 12621
15540 12980 15077
15359 14194 14419
14567 16472 11163
13862 16781 11629
13173 16670 12788
12986 15223 14804
12925 16941 12588
12907 16216 13973
15831 14062 13959
15137 14010 14782
14792 15463 13367
14212 13012 15735
13512 15815 14238
12727 16151 14017
12077 16954 13101
15705 13939 14446
15262 15068 13585
14967 14848 14156
14385 15944 13218
14005 16239 12898
13979 16339 12773
13579 12712 15898
13339 16358 13335
13304 16530 12896
12616 16686 13195
12174 16775 13458
12325 17191 12358
11948 16801 13439
11856 17802 10415
10924 17396 12618
10421 17750 11796
16296 14222 13369
16112 14491 13524
14624 12870 15763
14381 16473 10854
14265 16029 13181
12264 16696 13615
12628 16763 13166
12216 17613 11204
12090 17282 12436
16602 14210 12634
15454 15518 12297
15394 14957 13776
14798 14181 14941
14837 14851 14257
14513 15290 14056
12305 16707 13242
11387 17896 10313
10495 17350 12809
10348 17633 12303
16804 13999 12413
15559 15508 11708
13806 14741 15021
11781 17753 10945
16123 14081 13534
16116 14157 13413
15739 15352 11838
15451 14904 13575
13788 16586 12315
13600 16295 13163
13528 16430 12970
12629 17420 10859
12499 16987 13019
9869 17744 11997
16378 13343 13883
15143 13504 15163
14704 13570 15320
14342 16545 11258
14103 15785 13768
14074 16276 12723
14045 15297 14411
13959 15357 14203
13130 17134 11704
13022 16371 13446
12999 17289 11134
12348 16596 13501
10139 17591 12346
15560 15277 12590
15254 15274 13252
14053 15420 14132
13866 16381 12664
13677 15962 13800
12760 17354 10996
12488 16303 13889
16426 13788 13714
16298 14146 13314
15734 15080 12929
15782 15479 11330
15094 15688 12634
14951 14775 14207
14546 14172 15074
14301 16563 10833
13941 16580 12060
13246 17078 11723
11214 17019 13303
14482 15313 14050
14122 15779 13565
13949 15842 13544
11808 16951 13252
15198 15787 12075
14470 15465 14070
13928 16225 13032
13718 16402 12945
13687 14808 14930
15673 15286 12552
15332 15599 12067
14380 15816 13340
14285 16393 11964
13697 15591 14180
13625 15726 13987
13057 16199 13885
12148 16348 14002
11183 17499 12476
15980 13780 14318
14734 14328 14978
14648 14779 14622
14266 16176 12726
13416 16824 12112
13154 16260 13637
12729 17284 11415
11784 17366 12470
10378 17783 11886
16636 13960 13204
15780 14639 13661
15320 15040 13614
14794 16381 10804
14685 16188 12026
14552 15866 13134
14302 15661 13615
13950 16779 10679
13936 13835 15548
13933 16840 10675
14184 15155 14645
12999 17131 11764
12935 17180 11853
12303 17007 12918
12238 17038 12821
11604 17791 10927
15674 12904 14863
15190 14967 13747
14968 12666 15486
14615 16306 11556
14550 14875 14391
13888 16378 12709
12532 16649 13252
11093 17330 12703
15537 15563 12059
15507 15171 13288
14488 14068 15223
14156 15251 14327
13341 16820 12119
12733 16959 12505
12021 17657 11732
11549 17075 13066
10870 17744 11675
16367 13387 13900
15663 14106 14141
14344 16501 11541
13775 15399 14462
13348 14108 15411
13330 16397 13214
12948 17256 11203
12695 17401 11215
12521 17473 10511
12094 17694 10974
11252 17124 13180
9826 17777 12087
16492 12556 14186
15671 13504 14723
14736 15808 12865
14304 16058 13013
13961 15297 14476
13630 16722 12084
11686 17032 13022
16911 13564 11738
15265 15677 11914
15211 15307 13342
14602 14439 14787
13864 15348 14497
13823 16414 12754
11234 17581 12070
16262 13939 13768
15878 15210 12072
15559 15382 12490
15036 15705 12938
14373 15227 14280
14258 16596 10923
13739 16153 13397
13667 16288 13204
13260 17226 10962
11454 17851 10580
15485 15187 13176
15310 15654 12418
15135 14420 14519
14777 14944 14336
14528 16443 11272
14488 15559 13629
14220 16058 13078
13741 16615 12181
13706 16931 11034
13496 17045 10577
13168 16153 13801
12257 16434 13772
11645 17193 12926
11262 17510 12254
15630 14776 13391
15388 15238 13197
15024 15964 12010
14719 14972 14307
14388 16397 11915
14062 16064 13382
13658 16917 11257
12742 16330 13833
10499 17398 12754
14423 16342 12020
14291 15929 13306
12705 14989 15051
12445 16378 13854
11575 16171 14069
16880 13210 13116
15735 15309 12053
15686 14760 13360
14992 14708 14183
14309 16303 12218
14223 16209 12816
13942 16750 11196
13045 14944 14938
12882 17273 11226
12769 14305 15396
12686 17317 11505
12437 16667 13253
13003 14558 15313
12320 16266 14011
11427 17725 11783
11236 17852 11460
15577 14674 13862
14978 15733 12909
14563 16269 11796
14509 15899 13224
13895 15314 14499
13661 16889 11571
13155 17223 11607
12956 17164 11854
12363 17541 10062
11530 17817 10761
11337 17549 12068
11130 17205 12950
9704 17858 11857
16078 14208 13923
15716 13572 14700
14764 15989 12033
14636 15910 12876
14170 16445 11984
13944 16797 10026
13203 17111 11813
13069 16460 13386
12976 17231 11374
12965 17230 11577
12714 17344 11412
12587 17038 12426
15983 13913 14289
15826 14723 13348
15627 15181 12579
15417 14976 13374
13760 13554 15660
13780 15905 13932
13723 16080 13448
13696 14238 15315
13491 16064 13786
13390 16796 12206
12957 17166 11724
12843 17311 11347
12767 16483 13335
12502 17090 12388
12037 16161 14081
15685 15165 12406
15508 15400 12412
15341 14277 14219
14997 15727 12706
14824 15790 12685
14830 15949 12335
14030 16181 12823
14009 15770 13856
13919 14226 15314
13909 14265 15208
13817 14014 15513
13753 14698 15168
12970 16549 13191
12478 17506 10601
12376 16367 13863
12292 17608 10587
11480 17450 12362
11077 17768 11598
17006 12817 11890
15971 14855 12814
15833 14050 14019
15259 12746 15324
14747 16211 11527
14746 14086 14957
14315 16461 11675
14034 16160 13064
13714 16839 11685
13370 13620 15655
13171 16859 12444
11643 17065 13112
11369 17200 12871
11347 17615 11947
16383 14442 12379
15577 15216 12594
15033 15901 11935
14964 15075 14010
14944 16054 11989
13959 16121 13250
13509 16973 10990
13044 15195 14833
12517 16454 13587
12446 15917 14264
11502 17035 13286
15441 14704 13756
15255 15318 13170
15120 14010 14863
14148 16471 12037
14120 16507 11824
13839 16206 13213
13794 15221 14640
13715 16841 11555
13632 14920 14978
13550 16984 10617
13217 17259 11052
12837 17231 11763
11411 17884 10670
14443 15916 13247
14430 14460 14891
14087 15467 14088
14037 16311 12802
13453 17078 10667
13123 16921 12171
12659 17227 12239
12644 15300 14722
12564 17398 11275
12500 17419 11491
9576 17711 12126
15188 13886 15078
15059 14118 14769
14323 16001 13210
14369 16163 12665
14140 15417 14202
13962 16272 12988
13655 16116 13454
13583 16251 13261
13506 17028 10781
13299 15667 14295
12770 17266 11840
12239 17658 10473
16975 12463 13268
15783 14756 13438
15299 14700 14019
15048 15948 11455
14717 15796 13081
14600 15826 12924
14578 16054 12622
14600 15413 13783
14311 16191 12636
14020 15502 14165
13764 16648 12135
13438 15595 14313
12889 16700 12994
12695 17227 12026
10928 17444 12563
16022 15076 11563
15455 13635 14872
15271 12803 15231
14597 15881 13044
14235 16551 11654
13711 15597 14099
13595 16906 11594
12543 16124 14180
11249 17735 11555
10519 17960 11521
15159 14545 14306
14764 15472 13500
14520 16302 11886
14404 14455 14953
14291 13078 15644
13897 16609 12068
13475 16991 11557
13258 17122 11195
12985 17141 11895
12888 17140 12073
12509 17505 10822
12356 17587 10371
16418 14317 12528
16366 14467 11077
16142 13524 14268
15357 15261 13191
14739 15296 13638
14671 14796 14542
14561 16313 11513
14062 15236 14415
14047 16521 11924
14040 16597 11803
13356 16297 13339
13049 16940 12214
12985 16961 12430
12562 17455 10936
12490 17077 12498
11808 17073 12910
15006 15637 13227
13773 16223 13236
13699 15462 14357
13680 16113 13538
13112 16020 14176
12610 17322 12122
12509 17503 11201
11342 17917 10175
11063 17254 12852
15928 14345 13653
15111 15627 12638
15017 14541 14569
14435 15637 13631
14250 12946 15857
13966 15803 13946
13934 16609 11810
13661 16960 10931
13574 16267 13257
13502 16402 13064
13387 17095 10690
13095 17022 12088
13061 17312 10088
12997 17333 10304
12651 17333 11749
12413 17068 12576
11454 17822 11378
11289 17965 10440
11145 17566 12333
9797 17668 12264
9184 17945 11547
16282 14656 12251
16155 14774 11446
15586 15126 13115
14627 16000 12355
14535 16349 11406
14535 15135 14265
14329 15791 13350
14007 15814 13573
13710 16794 11688
13267 17180 10653
13251 15878 14410
13114 17262 10202
12704 17311 11736
12378 17500 11261
11968 17363 12206
11797 16564 13848
10771 17852 11632
10219 17846 11833
9454 17792 11896
15335 15734 11808
15223 15352 13057
14560 13554 15418
14496 15382 13806
14353 16502 10609
14174 15769 13449
13840 16353 12758
13850 15455 14333
13807 16615 12045
12920 17164 12067
12823 16717 13017
12877 17197 12157
11938 17096 12867
11832 16851 13368
10489 17693 12182
16380 14229 12982
16103 14581 13003
15867 14656 13324
15276 15302 13171
14783 15978 12142
14457 15137 14188
14456 16135 12392
14454 15631 13428
14438 15788 13369
14126 16043 13166
13864 16390 12619
13800 16747 11805
13507 17017 10707
13394 16179 13626
13109 16407 13425
13074 16138 13889
12988 16574 13181
12509 17329 12012
12402 17511 11218
12058 17316 12323
12117 17739 10243
11516 17740 11520
10954 17693 12010
16778 12993 13671
14552 14863 14451
14454 16319 11909
14073 14968 14724
13853 16697 11919
13038 17267 10819
12717 17387 11086
12443 17522 10845
11800 16854 13303
11786 17587 11869
11736 16875 13519
10902 17816 11579
10379 18086 11053
16375 14023 13376
14890 14317 14816
14740 16009 12317
14519 13422 15631
14455 14106 15286
14334 16404 11872
13764 15063 14658
13385 16218 13505
13393 15336 14709
13202 16552 13147
12933 17264 11464
12170 17689 10357
11989 17691 11619
10804 17378 12666
15438 14816 13628
14898 14608 14478
14598 16028 12589
14270 16379 12093
14207 13834 15470
13861 16623 11910
13854 16699 11789
13783 16296 13123
13665 16667 12189
13633 15479 14380
13561 15614 14187
13548 13538 15739
13484 14222 15394
12095 17650 10543
15881 13587 14440
15597 14858 13424
14884 15718 12997
14471 14068 15304
14214 15223 14356
13878 16235 13045
13513 15564 14343
13510 16058 13583
13522 16359 13295
13286 14223 15394
12580 16825 12893
12510 16988 12816
12488 17403 11892
12436 16568 13382
12327 17462 11748
12207 17555 11746
12354 17297 12251
12174 17220 12448
11957 17323 12213
11380 17116 13056
16735 13908 12517
16647 13917 12555
16625 14145 12253
15585 14497 13874
15329 15752 11155
15059 15103 13786
14590 16099 12337
14453 15994 12750
14264 16185 12681
13922 13462 15645
13794 15974 13688
13733 15579 14097
13722 16109 13495
13680 15063 14723
13673 16689 11994
13544 15770 14028
13475 17062 10917
13388 16369 13243
13362 16792 12367
13316 16504 13050
13279 17106 11196
13086 16838 12503
12909 17124 12074
12875 17414 10074
12648 16619 13294
12529 17414 11519
12227 17170 12562
12121 16925 13063
11188 17533 12243
11081 17980 10347
11061 17580 12246
10900 17639 12102
16256 12737 14571
15804 15251 11632
14739 15684 13158
14583 16264 11563
14137 15775 13475
14096 14773 14823
14019 15269 14505
13797 14329 15182
13592 16934 11280
13555 14791 14988
13313 16330 13429
12990 17379 10613
12518 17413 11722
12506 16621 13346
11136 17656 11812
11021 17254 12970
16375 14301 12993
15366 13159 15034
15070 13901 14931
14588 14601 14824
14068 15854 13522
13670 16870 11452
13654 16455 12744
13472 17019 11243
13040 17258 11068
12876 14718 15106
12334 17460 11668
12283 15925 14299
11337 17149 13146
15068 15660 12728
15002 15746 12397
14963 14189 14739
14544 16259 11927
14337 16280 12106
13978 14211 15307
13956 16560 11860
12051 17756 10266
9754 17701 12354
16215 14336 13164
15620 14663 13523
15599 13428 14990
15543 15159 13205
15477 15245 12874
14793 14719 14363
14278 16030 13107
14196 15200 14360
13731 16778 11689
13667 16827 11778
13601 16913 11447
13578 16750 12121
13429 13605 15648
13354 12538 15966
13226 16125 13830
13071 17295 10292
13069 16632 13120
12607 17350 11808
12574 17015 12510
12335 17533 11351
12321 17603 10615
11925 17396 12296
11296 17896 11032
15493 13582 14709
15440 15678 10736
15429 14266 14364
15357 14401 14171
15216 14735 13927
14624 14097 15005
13544 15530 14345
13080 16633 12917
12648 17361 11435
15915 15177 11213
15779 12948 14789
15751 15125 12708
14552 15910 12941
14457 15525 13708
13500 16005 13664
13479 16769 12175
13124 16281 13677
12918 17208 11784
12768 17420 10470
12745 15915 14311
12726 17297 11607
12552 16926 12810
12126 17649 10764
11909 17752 10529
11428 17823 10674
9914 17941 11574
16938 13182 13145
16398 14236 12612
15393 15245 12939
14975 14708 14264
13786 15695 14072
13696 14236 15323
13600 15503 14298
13500 15559 14353
13204 16898 12192
12943 17296 10708
12378 16238 14040
15390 15713 10751
15235 15018 13626
14356 16355 11922
14304 16409 11929
13953 15286 14528
13600 16190 13265
13523 16967 10785
12940 16990 12327
12723 17254 11933
12643 15196 14854
12377 17068 12789
12258 17036 12815
12127 17722 10447
12126 17647 11143
12055 17369 12177
11762 15725 14449
15660 15560 11100
15338 14504 14073
15106 15920 11484
14595 15993 12626
14555 16061 12679
14520 15318 13878
14489 16147 12348
13833 15371 14491
13369 15556 14413
13229 16872 12340
13226 16680 12735
13191 16411 13199
13127 16432 13415
12825 16901 12675
12703 15021 14856
12670 16959 12548
12614 17477 10246
12152 17190 12534
12094 14590 15195
16580 14225 12513
16039 15015 11567
15574 14541 13891
14934 14576 14477
14841 15751 13087
14775 15837 12756
14406 15859 13250
13728 15536 14103
13608 16337 13096
13484 16972 11438
13450 15194 14717
13418 16115 13698
12969 13735 15724
12905 14419 15379
12216 17600 11260
11041 17674 11813
10898 17368 12712
9362 17935 11775
16048 13424 14563
15810 15233 12285
15410 15083 13406
15310 14333 14273
15293 13334 15210
14958 16152 10982
14882 15762 12714
14763 16027 12182
14628 14379 14761
13967 14237 15237
13319 16825 12457
13244 17122 11440
12832 17447 10164
12508 17032 12533
11999 17723 10863
11040 17198 13260
10381 17427 12716
9632 17782 12124
16154 14802 11497
15049 15717 12590
14407 16495 10652
14370 16463 11266
14092 16132 13093
13922 16154 13357
13775 14302 15232
13698 16665 12158
13479 16994 11217
13372 16775 12571
12947 17412 10703
12827 14277 15425
12794 16722 12941
12763 14961 15080
12726 16551 13367
12561 17010 12520
12448 16209 13981
12421 17452 11794
12020 16832 13234
11702 17772 10977
11559 17794 10802
17057 12300 12014
16495 14311 12284
16472 13872 13401
16441 14414 12408
15336 15503 12690
15030 15500 13352
14730 15386 13664
14691 15837 12821
14677 16342 11001
14543 16352 11311
14347 16185 12505
14315 13002 15653
14048 15432 14152
14017 16093 13279
13611 16488 12834
12976 14988 14973
12658 16831 12877
12575 16426 13616
12526 17442 11205
12074 17596 11523
12034 16444 13781
11665 17859 9517
11497 17389 12366
11201 17914 11033
10542 18143 10489
15626 14105 14287
15468 15610 11389
15269 14201 14486
15133 15020 13948
14963 16032 11409
14672 16462 10574
14227 16270 12468
14001 13039 15663
13897 16178 13242
13766 12396 15994
13629 16667 12402
13607 16895 12100
13532 16220 13352
13510 16635 12428
13493 15416 14604
13225 16696 12737
13014 17272 10308
12877 17313 10731
12819 16696 13089
12363 15066 14969
12344 17443 11872
12238 17198 12373
12008 17789 10356
11986 17318 12241
11777 17764 10720
11355 16371 13899
11327 17391 12477
11305 17806 11553
11200 17438 12480
11005 17692 11865
10812 17990 10838
10535 18184 10330
10316 17667 12190
16505 13589 13721
15943 15109 11866
15147 15961 11051
14289 16433 11769
14082 16394 12577
13884 16767 11500
13818 15910 13760
13688 16811 11779
13452 12433 16004
13400 16440 13065
13027 17253 11078
12278 17636 10705
11571 16989 13379
10586 17514 12539
16521 13041 13866
15869 14761 13320
15607 12795 15012
15092 13490 15168
14872 15133 13773
14493 16387 11326
14170 16457 11908
13103 15482 14599
13071 15383 14656
13037 16666 13007
12779 17321 11240
12777 17330 10991
12754 17092 12313
12072 17138 12801
11877 17786 10416
11869 17471 12163
11425 15921 14300
15449 15512 12652
15292 14731 13976
15037 15699 12731
14974 15081 13798
14733 14722 14338
14095 16418 12094
13623 16899 11318
13468 15593 14240
13411 16118 13630
13090 16616 13121
12797 16556 13281
12725 17453 10560
12147 17633 10765
12139 17293 12344
12052 16856 13228
12016 16448 13806
11966 17292 12520
11866 17785 10619
10945 17383 12567
10649 17933 11402
