50 3
16304
727 952 904 86
733 232 44 424
582 944 481 804
724 308 518 627
610 121 158 140
747 371 557 910
605 812 565 443
746 625 961 193
598 553 762 383
663 537 151 752
531 49 617 165
776 879 183 897
647 595 204 996
764 686 427 501
587 538 970 529
582 431 377 775
635 107 988 560
606 876 884 966
645 128 620 646
594 480 659 555
548 233 101 615
671 220 136 533
559 254 427 26
538 336 739 60
652 421 83 512
671 527 521 671
768 441 157 62
569 196 34 434
724 714 896 285
581 543 958 419
777 574 98 695
591 21 902 88
737 257 171 5
748 215 244 203
558 339 46 239
629 125 263 491
620 994 318 465
587 818 986 769
694 856 763 944
552 378 537 689
729 395 210 31
669 378 827 817
594 684 52 902
713 306 15 182
620 855 545 384
757 476 411 217
711 617 736 778
645 451 744 636
577 626 931 339
717 500 630 423
1264
15536 15126 16884
15419 15539 17058
15046 16133 17032
14994 15397 17321
14619 17823 15511
15244 18626 14186
14542 18862 14150
15197 16383 16566
14453 19227 13688
16605 15072 16200
16409 15511 16194
16233 16752 15285
15979 16348 16002
15596 16284 16591
15593 13929 17384
15633 17571 14924
15583 17961 14852
15312 18309 14511
15272 18341 14263
15279 14834 17432
15193 17332 15555
15183 18493 14357
14862 16649 16582
13691 14411 17734
16812 16191 15226
16499 16696 15234
16143 15034 16609
16497 16321 15635
15737 14656 16951
14870 15303 17326
14519 18614 14387
14929 18089 15074
14552 14909 17694
14176 17355 16100
14633 17522 15813
14028 18844 14273
13873 14164 17756
16324 16975 14790
16470 16430 15387
15457 17806 15253
15330 15794 16782
15149 16771 16477
16626 16394 15148
16077 16788 15524
16112 16013 16120
15711 18210 14536
15557 14462 17196
15387 16779 16278
14845 14372 17560
14512 14124 17746
14142 13771 17780
14355 18787 14166
16630 15986 15753
16003 14236 17019
15920 17257 15293
14872 13967 17626
14681 14242 17629
14942 17080 16042
14843 17741 15465
14871 17530 15614
15058 17905 15228
14227 17144 16155
16195 15245 16332
15917 17844 14226
15790 17865 13870
15113 17573 15524
14558 18390 14822
16393 17228 14438
14735 15594 17261
14371 13385 17825
16732 16004 15500
16372 15990 15865
16090 14902 16649
16009 17105 15199
15366 17248 15651
14901 18287 14811
16446 17068 14524
16488 16802 15011
15440 15171 17144
14405 15492 17425
16724 15381 15785
16381 15042 16410
15585 14931 16980
16302 17005 14933
15403 15650 16815
15669 17005 15780
15132 15417 17163
16177 16631 15767
15323 16865 16049
15076 18775 13799
15797 17398 15145
15730 18045 14005
14423 18470 14491
14304 17986 15539
14771 16918 16177
15300 14466 17518
15354 17168 15808
14822 18371 14516
15652 16405 16109
16042 17350 15027
15834 16292 16392
14617 13605 17715
14413 15136 17613
14140 18157 15147
15765 15125 16735
15617 16610 16002
15422 14846 17237
14298 16694 16583
16180 15878 16069
16140 17553 14311
14956 14710 17442
16717 16617 14653
15786 14461 17047
15825 17683 14720
14935 16505 16615
14595 14097 17666
16493 16906 14425
15322 14022 17404
16881 16444 14874
15382 16018 16729
15749 16764 15811
14890 13328 17604
14743 16393 16819
14292 17880 15618
16568 15417 16024
15890 16413 15910
15862 14587 16920
15739 17925 14613
15104 15702 17086
16003 15133 16536
15153 15049 17249
15403 17175 15760
15957 15237 16531
14606 17631 15565
14530 16884 16368
14393 18238 15054
16822 15821 15307
16036 15840 16199
14677 18874 13774
15817 14439 16941
15627 15546 16758
14394 18561 14430
14880 14933 17407
14969 17970 15136
16657 16797 14788
15424 18088 14641
15013 16899 16116
16078 17358 14847
14707 15275 17426
15889 17951 13835
15865 17041 15456
15234 18876 13353
16082 15568 16301
15441 16873 15847
16011 17480 14798
15612 17366 15329
15850 16688 15874
14315 17128 16181
13618 14242 17778
16304 17380 14532
15342 17062 15887
14544 17587 15721
16869 15683 15423
15234 17457 15455
15329 18450 13926
14609 19191 13449
16971 15805 15289
14910 16261 16671
14723 15886 17057
14516 17185 16066
14798 16809 16425
14045 18521 14603
15976 17662 13948
15644 18351 14040
16934 16284 14960
15259 17936 14873
14990 18222 14903
14803 17307 15961
15929 14768 16747
15625 14327 17145
15657 16397 16464
15138 18732 13457
13786 18261 15035
15260 13681 17570
14766 18509 14236
16175 17307 15019
15855 15924 16478
15730 17118 15653
16320 15576 16102
15469 18417 13662
14695 16171 16980
13629 18730 14804
14095 18446 14778
14995 13337 17581
14368 15971 17096
16561 16653 14892
15309 16162 16696
15367 17977 14807
16357 17220 14618
16796 15580 15595
16155 15520 16296
14279 16497 16745
15865 15554 16559
16051 16547 15812
15617 15916 16677
15031 14067 17525
14059 13798 17860
15578 14094 17282
15058 18162 14587
16031 14705 16803
15009 18659 13944
14655 16958 16147
16566 16574 15283
15935 15268 16587
15617 17500 15164
15214 17869 14989
16000 15886 16234
15984 15369 16457
15627 16480 16208
15343 18542 13318
16313 16899 15156
15697 15260 16786
16656 16227 15465
15923 17409 15063
15944 17735 14474
14185 18162 15060
15485 16660 15960
14388 16554 16627
16124 16650 15640
15300 16537 16315
14640 15755 17374
16269 14713 16604
16234 16398 15728
15586 17879 14766
14299 18925 13886
15651 14197 17110
15758 13992 17263
15973 15541 16335
15343 13654 17490
15795 16926 15523
16173 16932 15420
16085 16122 15979
15890 15568 16415
16652 15226 16083
16264 17155 14925
16461 16911 14763
15984 17589 14550
16096 15336 16361
16198 16263 15853
14997 14704 17500
14602 18146 15181
15954 17692 14091
15963 15737 16371
14177 16078 17058
15703 17227 15405
13800 13995 17800
15947 17712 14312
16615 16999 14159
15823 14939 16781
15487 17132 15582
16664 15561 15920
13758 18803 14317
15789 15410 16665
15890 16509 15872
15633 15577 16613
14192 18671 14494
15370 18433 13566
14582 19300 13201
16785 16300 14978
16481 15710 16004
16262 17582 13903
14610 18545 14475
15792 16744 15752
15658 15034 16808
14692 15614 17320
16226 16772 15506
15284 16141 16833
15794 15619 16488
15871 13557 17148
15712 18034 14365
14553 15841 17239
14663 18279 15010
14070 18286 14886
16320 15672 16064
16101 15620 16230
15595 14735 16944
15679 17244 15378
15412 16800 16141
14731 17962 15335
13751 13907 17896
13701 14215 17698
13458 18237 15322
16054 15099 16517
15874 15802 16279
15281 18585 13660
15685 13823 17307
15624 15091 16830
16690 16662 14263
16113 17598 13921
16023 15233 16533
15606 14563 17066
13565 14110 17818
14085 18746 14210
15729 16431 15959
15657 15426 16564
15458 17630 15082
15525 15059 17026
14955 17267 15783
15989 17510 14941
14824 13711 17711
14699 17644 15513
13937 12923 17953
15942 14770 16711
13920 14025 17779
16164 14370 16921
16179 15927 16003
15996 16187 15887
14958 13898 17569
16287 16238 15814
16607 15794 15959
16656 15935 15698
15006 16422 16483
14102 13778 17801
13984 16782 16563
16771 14958 15809
16138 15962 16065
15949 17771 13700
14096 18527 14598
13933 13660 17918
16146 17041 15172
16036 17560 14218
15853 15935 16176
16008 15371 16415
15718 14892 16872
15130 17863 15360
13886 17502 15960
14546 17102 16322
16164 15267 16438
14720 18181 14947
15671 16457 16038
14929 13192 17680
13492 14104 17836
16603 16095 15612
15956 14900 16673
13699 15137 17482
14210 19077 13980
15791 14995 16700
15730 18078 13624
16252 16077 15879
15926 16216 16042
15707 15064 16750
15760 15156 16674
15641 16536 15996
15650 16808 15942
15261 14946 17246
16675 16819 14024
16369 17304 13811
15796 17754 14545
16271 15627 16183
16057 15653 16195
16393 15528 16097
15995 15149 16555
15896 15042 16609
14247 13780 17757
16717 15401 16006
15999 16319 15870
13668 13316 17929
14638 13237 17801
16054 15596 16233
15713 14292 17091
15963 15408 16500
15862 15099 16631
14373 12893 17812
14069 13602 17824
14046 13833 17778
16542 15176 16312
16169 15505 16317
15898 14790 16853
15791 14699 16926
15443 14478 17323
16839 16646 14245
15872 15485 16480
15645 14723 16916
16920 14942 15791
16283 15210 16278
16615 15279 16140
16023 16078 16028
14139 17834 15771
15802 15072 16678
15636 13117 17356
15373 17230 15536
15456 14209 17262
16133 15645 16206
16072 16179 15898
15892 16048 16110
16446 15458 16137
15672 16376 15977
14809 15162 17464
15553 13144 17436
16610 16895 14745
15712 14993 16775
16355 16845 15019
15818 17017 15459
16906 15630 15366
13467 13369 17950
16356 15379 16234
15905 15464 16378
14202 13267 17942
16231 15844 16050
14695 14921 17499
16402 14378 16722
16469 15852 15851
16429 15482 16062
16045 17915 13596
16504 14396 16469
15365 13162 17539
16622 16979 13938
16099 16168 15972
13159 13478 17986
15981 16723 15601
16240 15393 16311
15448 13135 17459
15484 14293 17240
16761 15328 15728
15921 15784 16263
15853 16210 16060
15630 14565 17024
16743 16502 14349
15311 16933 15948
13285 13616 17928
14511 16687 16530
16453 15241 16220
16408 15541 16048
16057 15176 16511
15871 16857 15545
15013 13123 17630
16374 16462 15487
16061 16351 15776
16106 15206 16453
13736 12976 17974
16190 14611 16633
16029 15436 16341
15725 16357 16104
15212 16838 16067
16266 14388 16668
14685 12480 17777
14495 18428 14623
13360 13425 17965
16789 15496 15697
15918 16881 15542
14826 13219 17698
16577 14603 16416
16222 15907 15944
15978 16378 15856
15596 15007 16852
16185 16116 15948
16215 15233 16419
16295 17025 15154
16021 15316 16400
15783 17885 14091
16017 14733 16693
15834 15015 16653
15617 14343 17164
16541 16642 15097
16430 14847 16506
16533 17131 14032
13811 12785 18011
16847 14735 15844
16091 15098 16482
14346 17400 15918
15688 18280 12995
16838 15778 15477
16742 15634 15581
15913 15450 16418
16180 14981 16552
16000 15684 16314
15825 14621 16897
17040 15768 14809
16554 15813 15832
13683 14854 17720
16402 16747 15062
16469 15007 16356
16359 16437 15624
15667 16483 15927
15484 14678 17046
16122 15817 16084
16073 15787 16142
15996 17633 13816
16206 15452 16260
15733 14634 17010
16128 15064 16505
15989 15291 16424
13770 16977 16442
15666 17204 15424
16328 14910 16450
16283 15373 16252
16039 15844 16164
16163 15005 16477
15983 15708 16239
14773 19018 13670
15881 13361 17112
15858 16173 16055
15580 17070 15688
15063 16964 15973
14784 17110 16123
15538 16545 16116
13515 12965 17990
16918 15965 15203
16096 16181 15856
15236 17312 15496
13889 17233 16205
13483 16855 16547
16505 15655 15983
16351 17430 13809
15798 13388 17192
17020 15691 15076
16332 16546 15483
16265 15127 16343
16136 14798 16654
16088 16696 15675
16867 15102 15705
15971 14893 16681
15382 16883 15885
16752 16371 15361
15978 14573 16843
15572 14195 17185
15532 14687 17031
13610 12838 18032
16435 15928 15795
16209 14901 16482
15699 16508 15903
13806 16112 17078
16861 16077 15013
16216 14581 16644
16171 15044 16446
16079 17163 15123
14691 14046 17593
16195 17466 14048
16051 14676 16671
15920 15409 16375
15907 16455 15835
14814 19001 13310
13306 14307 17758
15835 15964 16151
16450 15295 16058
15406 17475 15429
16891 15618 15563
16308 15870 15900
15801 15121 16612
16805 16211 15447
14733 18436 14424
14456 16271 16924
16737 16524 14379
16024 14469 16848
15716 16765 15707
15063 12389 17651
16127 15746 16109
15908 14594 16817
15755 14839 16815
13504 18399 15034
12894 13134 17997
15795 17998 13553
13428 13085 18010
16552 14980 16276
16503 14950 16334
16100 14595 16721
15748 16790 15683
16419 17113 14134
15125 17934 14897
16237 17264 14677
16063 14629 16698
15821 16893 15511
15771 13540 17197
15728 14400 17062
15734 15207 16729
13883 18620 14737
16288 15336 16247
16108 16039 16009
16450 14818 16374
16237 14473 16749
16009 13548 16998
16026 17031 15270
15905 14404 16887
15969 17682 14169
15950 14104 17059
15769 16897 15560
16526 15344 16048
15812 14331 17012
17041 15319 15262
15723 14814 16839
15682 15290 16682
14315 12832 17827
16745 14717 16097
16440 14651 16470
16992 15037 15482
16175 15909 16008
16098 17755 13682
13975 17437 16052
13038 17156 16311
16203 15872 15982
16103 14904 16613
16218 15787 16097
13565 14273 17792
16818 14820 15925
16588 16544 15140
16357 14678 16550
15816 16759 15676
13760 18020 15323
13658 16533 16745
16341 14912 16414
16337 15618 16027
16157 16321 15789
14229 16198 17015
16466 17015 14177
16444 16189 15675
16176 15007 16441
16045 15740 16145
13961 14129 17702
15375 12966 17503
15620 17652 14934
14247 12755 17870
13660 17600 16080
16517 16292 15503
16373 16818 14887
16142 15064 16463
16840 14755 16065
16091 14201 16965
14054 16520 16817
17008 15752 15232
16332 16838 15250
14721 13210 17721
14862 18866 13576
16754 15348 15949
16725 16480 15113
15908 16378 15874
15905 14567 16861
15499 14189 17203
15609 15221 16851
16404 17122 14661
17093 15608 14895
16515 15285 16064
16199 16881 15258
16143 14575 16662
15373 13246 17455
13333 17906 15552
16328 16203 15752
16291 15890 15925
16210 16453 15642
15843 14910 16649
15571 14959 16870
16998 15970 14180
15923 17015 15377
15772 17676 14844
15023 12927 17594
15883 14435 16943
14341 16642 16712
16738 14633 16199
16306 16597 15538
15874 16733 15597
15840 14981 16706
15670 17340 15250
15565 17342 15332
15106 16944 15914
16766 15287 15793
16454 15993 15639
16030 14735 16657
15406 13953 17354
14950 12824 17766
14981 19201 13226
14016 13470 17864
16159 15298 16377
15831 14095 17091
13345 12494 18043
15049 18884 13551
16787 14915 15979
16341 16901 14861
13813 18214 15254
16832 16162 15094
16475 14481 16550
16371 16020 15719
14140 16724 16664
13834 13880 17816
16964 15535 15382
15617 14855 16875
16969 14828 15578
16691 14771 16083
16537 16688 14798
17094 15159 15348
16210 16161 15875
15960 13908 17023
14559 13367 17722
16313 15543 16187
16189 16430 15671
16184 14341 16789
15778 13963 17131
15459 14630 17064
14681 13217 17742
14866 14004 17646
14749 18318 14556
16514 16751 14849
14648 13041 17765
14813 17420 15794
14615 17137 16149
12476 12439 18069
16422 14349 16590
15877 13935 17103
16710 16573 14732
16386 15646 16015
15862 16096 16077
16286 14755 16529
13952 17987 15335
16174 14174 16885
15768 13796 17227
15754 17956 13916
15909 15432 16423
15654 14821 16898
13312 18287 15238
16524 14763 16330
16283 16264 15703
16627 16040 15591
16412 14182 16686
14955 12812 17656
16466 15429 16005
15911 14904 16727
15505 14526 17069
13446 17334 16218
16385 16678 15336
16075 14435 16829
15170 17684 15358
16329 14209 16766
16216 15874 15946
16640 15616 15834
16432 15486 16027
15623 17400 15095
15117 13174 17577
16371 16183 15693
16188 14560 16667
16057 15361 16321
15485 17521 15330
13794 13887 17837
16198 16957 15178
15867 17125 15333
15416 17210 15477
13842 19409 12762
16736 15760 15730
16619 16414 15369
16038 17645 13689
13306 17081 16368
15459 14793 17038
12973 13681 17908
15940 17228 15161
14920 18811 14038
15042 17053 15919
15060 16836 16385
16031 17387 14524
13768 18503 14885
14832 15867 17170
13064 13605 17944
15012 18000 14875
14278 17607 15852
16967 15851 14990
16703 16089 15581
16344 15730 16011
14265 13566 17806
13882 18405 14931
16528 15287 16028
15751 17139 15410
15641 17183 15561
16590 16528 14884
16408 16615 15285
16120 16800 15460
15566 17531 15215
15033 17247 15667
13956 18673 14697
16944 15914 15041
15484 16853 15788
16690 15510 15758
16538 16105 15499
16277 15340 16254
15687 16371 15971
15271 17255 15468
15243 12287 17632
14952 17319 15640
16911 15695 15296
16292 15259 16269
16193 16903 15288
13943 13464 17882
16839 15204 15612
16799 15114 15652
16029 14707 16727
16021 15518 16320
14245 13247 17883
14207 13255 17832
14039 18584 14498
16132 15984 15988
15959 13522 17094
14885 17441 15591
14159 16921 16502
16466 16975 14250
16339 14595 16615
16137 14479 16673
14853 17145 15950
16187 15261 16351
15732 17084 15464
15643 17449 15002
15544 14174 17208
15018 17937 14980
13914 18004 15363
15882 16429 15929
14771 16895 16222
16393 16012 15791
16680 15880 15677
16640 15790 15717
16432 16540 15452
16232 15401 16205
16004 16814 15537
14937 13276 17596
14063 13494 17861
13667 16339 16997
15005 17532 15590
14308 13546 17747
14183 19186 13732
15965 17728 13870
15187 17978 14741
16557 15817 15797
16198 15458 16227
14241 19310 12787
16843 15157 15619
14943 17161 15862
17114 15236 15081
16589 14753 16336
15158 17578 15437
16181 16266 15768
15966 14408 16863
15942 17791 13921
15028 17354 15617
14495 12730 17808
13642 17721 15772
16200 14952 16420
15645 14427 17142
15075 18046 14643
13713 19336 13249
16916 15260 15447
13333 13212 17968
16662 14856 16164
16508 16773 14879
14257 12559 17834
13828 18160 15156
16050 16976 15249
15935 14737 16796
15849 17594 14631
15042 12340 17653
15245 18450 14015
14112 19237 13274
13098 18021 15376
15622 15173 16807
16309 17484 13946
15925 16409 15870
16579 15123 16255
16224 14763 16600
15828 13229 17152
15749 14032 17148
15446 14512 17115
14476 17364 16068
13052 17859 15664
16453 16944 14306
15860 15181 16608
14691 17994 15087
14658 14396 17530
14405 19350 12452
16317 16995 15011
15893 14821 16792
15794 17119 15351
14953 17118 15827
14516 12362 17894
14377 12589 17813
13696 18245 15123
13910 15473 17481
13081 17136 16252
17042 14745 15397
16916 14988 15492
15666 14059 17228
15010 13247 17578
16461 16455 15371
16173 16640 15546
13867 18738 14605
16815 15841 15528
16042 13495 17014
14189 17242 16173
13550 18295 15039
16893 15051 15543
15739 14162 17056
15516 16852 15791
15392 13982 17405
16599 14557 16300
16562 15147 16180
16414 17338 13253
16246 16743 15374
17002 14655 15437
16860 14832 15798
16692 16745 14095
16280 13503 16815
16257 16315 15758
14758 17596 15592
14213 17445 15853
13874 16338 16845
12949 17221 16219
16748 14251 16154
15655 14231 17106
15098 18043 14649
15025 18187 14616
16312 15592 16121
16133 17509 14390
15608 17572 15091
15067 17968 14839
14844 17639 15366
14294 12783 17829
15690 17331 15191
14431 17653 15699
16197 13530 16895
16126 17025 15239
15993 17147 15317
15055 16940 15992
15052 17213 15708
13852 17712 15876
16955 15912 15146
16665 14530 16371
16047 16794 15478
13514 19385 13049
13501 18217 15263
16701 15508 15863
14161 18483 14558
16683 16682 14484
16589 14927 16219
13872 16799 16607
13853 18035 15252
13799 17373 16161
15926 14800 16690
15139 17883 14882
14559 12342 17835
13739 18225 15064
13629 13032 17989
16472 16805 14986
16252 15180 16362
16106 17618 14142
14209 18348 14824
13415 18464 14942
16865 15833 15243
15622 15080 16843
16621 16499 14840
16611 15429 15960
15324 18529 13535
15270 13485 17534
15060 14999 17267
13800 17298 16113
16852 15206 15576
16541 15206 16166
14315 12415 17915
14138 18426 14719
13385 19312 13536
16234 16106 15854
16194 16016 15894
16145 15986 15952
15966 14924 16620
15772 14489 16937
16938 15936 15071
16734 16543 14724
15963 16365 15905
15708 17723 14669
15055 17980 14816
16684 15532 15788
16200 15263 16315
14801 17576 15533
13340 16139 17113
16561 16613 14965
16416 14875 16396
16379 16700 15366
16204 14932 16421
15433 16432 16227
14920 16218 16636
14328 18896 13918
13223 18352 15146
16355 15572 16062
16307 16209 15682
16111 16043 15974
13758 18289 14967
16693 15882 15641
16419 15317 16164
15969 13326 17058
15563 12948 17400
15162 17266 15631
14804 19251 12477
14681 18635 14231
14617 16911 16182
14226 17193 16089
14087 17420 16008
13643 14069 17772
16937 16230 13645
16680 14322 16225
16362 17324 14032
16307 14736 16520
15914 14453 16878
14991 18046 14732
14282 18734 14206
14143 18961 14125
14006 18511 14686
16631 16527 14831
15643 14712 16929
15637 17471 15032
15352 13197 17457
13712 17459 16026
13557 19365 12990
16207 13334 16859
14444 17840 15440
16492 15420 15992
15743 14133 17051
15060 17379 15593
14945 17216 15791
14792 18352 14523
14669 17661 15500
14530 17888 15419
14486 17621 15663
14070 16986 16410
16874 16174 14967
16060 17366 14585
15809 14455 16960
15207 16340 16531
13490 16565 16818
16929 14738 15618
14555 14104 17687
14415 18887 13841
13364 18986 14125
16675 14334 16335
16387 14519 16510
15947 17745 13931
14957 18504 14291
14698 17062 16144
14743 18325 14615
16047 14463 16761
15732 17842 14622
15660 14160 17131
14703 18100 15008
14522 13928 17710
13526 18092 15359
13733 17456 16113
17018 15382 15313
15478 17438 15339
15190 15906 16933
15078 18037 14655
14835 18975 13328
14358 12395 17856
16764 14978 16030
16687 15478 15950
15763 18075 13429
15594 14704 17023
15243 17540 15391
14051 18222 15055
17167 15076 15167
16592 14361 16415
16467 17178 13339
16356 16491 15462
15403 16528 16195
15302 18559 13678
15127 17449 15498
13783 16864 16515
16913 14672 15884
15936 17813 13951
15478 14570 17083
14377 17842 15572
13609 16821 16581
13203 16443 16923
13186 18005 15402
15067 15500 17149
14120 18413 14732
13811 18483 14826
14985 17060 15983
14846 18336 14546
12942 12730 18037
16979 16028 14274
16759 16459 14519
16608 16515 15008
16261 14729 16623
15855 14351 16965
15322 12834 17543
13849 17155 16216
16380 16069 15710
15305 17832 14878
15287 14860 17187
14903 15784 17038
14474 17633 15640
14280 16716 16503
14049 18491 14627
16548 16582 15021
16313 17041 14712
15755 15608 16526
15051 17428 15595
14902 16894 16145
14887 14010 17575
13755 17439 15967
13243 15866 17204
16779 15289 15757
16112 14434 16794
14899 17307 15662
14826 17451 15629
14327 18445 14575
14209 16759 16491
13431 18346 15074
12763 16742 16620
15896 17518 14815
14840 17184 15805
13896 16943 16476
12994 17893 15606
15993 15616 16327
15009 15189 17175
14628 17324 15890
14239 18961 13826
13233 15877 17125
17035 15917 14123
16811 15887 15229
16290 17104 14763
16263 16038 15883
15085 18653 13651
14851 14335 17540
14714 17372 15869
13929 18782 14449
13407 18966 14066
16918 15673 15329
14773 16714 16490
13657 17043 16420
13638 18279 15065
17028 15433 14972
16814 14970 15745
16720 16853 13466
16664 15269 16046
16624 15179 16086
16575 15149 16144
15484 16939 15785
15482 14375 17217
14869 13199 17639
14866 17332 15691
14733 17436 15700
14789 19089 13430
14634 15106 17470
14193 16293 16898
13939 13889 17793
16010 16233 15880
15994 17647 13974
15464 16641 16068
15339 15596 16898
15141 17988 14741
14332 16836 16460
14322 18959 13813
13471 13065 17951
16255 15734 16040
16037 15926 16141
15774 13108 17206
15125 18661 13586
15125 15334 17172
14902 16170 16828
14916 17597 15498
14301 17429 15879
14077 19326 12739
14068 18555 14530
13991 17485 15957
13938 19553 12658
13585 17107 16299
16991 15776 15157
16809 15863 15558
16605 16470 15211
15452 18239 14244
15308 14492 17273
15066 18130 14643
15004 15201 17285
14856 17281 15699
14443 17759 15620
13771 15700 17400
16887 15073 15573
16737 15372 15874
15660 14323 17105
15577 15604 16699
15551 15402 16864
15254 18694 13412
14806 17539 15528
14625 13272 17719
14376 18157 15115
13652 16801 16522
13246 16423 16864
16378 16848 14804
16228 17147 15105
15788 17811 14400
15779 16337 16025
15450 16706 16029
15140 17493 15441
14792 17428 15643
16801 16257 15148
16328 15837 15868
15744 18062 13646
15443 16131 16602
14597 18687 14048
13752 18898 14129
16487 15817 15815
16348 16044 15734
16304 14709 16564
16060 15180 16476
15116 18377 14502
14963 17007 16018
14939 17279 15686
14921 15228 17365
14840 18154 14982
14574 13277 17719
14480 16415 16793
16201 15416 16301
15663 17440 14943
14685 16875 16403
14219 18482 14479
13631 15310 17493
13439 13972 17876
16491 16452 15313
15966 17256 15069
15920 15009 16624
15260 17837 14862
13965 18078 15196
13746 19441 12862
13627 16261 17008
13554 16405 16975
13428 19292 13477
16778 16320 15199
15722 18095 13792
15503 14007 17303
14658 17117 16090
14595 14889 17635
12741 12783 18058
16238 15758 15965
15934 14786 16730
15842 15963 16333
15468 15425 16845
14954 14850 17326
14923 16883 16204
14601 17738 15515
13939 16923 16417
13533 16545 16759
17077 15715 14752
16927 16014 15053
15438 15691 16779
15388 18303 14218
14799 15532 17383
14727 14231 17565
14516 17615 15653
14198 18629 14421
13898 17608 15881
15940 16237 16016
15513 17158 15577
15134 17899 14935
14896 17125 15891
14885 16895 16174
14724 17485 15702
16762 16651 14095
16247 16108 15818
16080 15971 16134
15988 16203 15906
15855 16618 15803
15845 17699 14590
14182 18457 14576
13700 17023 16361
