50 3
16725
702 241 417 606
651 759 593 720
588 196 367 186
712 70 16 303
603 336 746 385
649 477 172 548
620 687 975 761
647 203 641 96
591 398 509 553
604 662 774 913
699 51 63 162
719 758 724 940
694 47 525 517
708 631 901 233
747 562 749 732
723 628 441 380
665 78 109 73
636 811 925 626
631 293 754 713
631 120 19 20
722 236 423 370
594 860 920 818
696 42 54 66
691 710 904 845
685 265 505 564
734 738 910 800
591 109 534 894
652 139 6 21
720 164 53 225
704 511 367 953
689 929 157 878
719 521 368 185
683 882 343 981
621 862 809 724
686 199 516 27
681 508 834 274
658 743 89 206
655 193 132 29
613 516 637 531
680 621 954 971
737 339 968 760
681 782 545 561
740 868 366 597
701 864 355 377
623 577 408 291
587 263 941 808
722 723 357 669
620 5 137 241
637 613 645 246
708 350 688 289
725
14253 18923 16174
14934 18318 17411
14561 18649 17031
16606 16845 17755
16654 16656 17469
16286 17561 17607
15861 17685 17795
15610 17975 17664
15610 17362 18366
15532 18471 16450
15720 17687 18087
15250 17830 18043
16362 17650 17170
16138 16971 18358
16028 17259 17935
15764 17194 18268
15592 17106 18379
14476 18466 17306
15189 18039 17762
13636 19085 15757
16588 17167 17252
16111 17940 17039
16009 17662 17746
15997 17586 17948
15672 17738 17832
15693 18150 17114
15607 16902 18513
15782 17450 18255
13570 19096 15220
17095 16602 16802
16795 16082 17632
16427 16444 17978
16135 16511 18505
15497 18117 17264
15140 18118 17620
15416 17054 18586
14120 18919 16185
16749 17185 17056
16194 16803 18137
16365 17183 17849
16150 17660 17454
16063 18119 16775
15843 16816 18510
14315 18787 16642
16747 16335 17511
15884 17728 17548
15899 17950 17323
16470 17551 16987
16368 17371 17423
16353 17107 18051
16224 17798 17439
15902 17057 18361
15243 18496 16791
15080 18556 16517
16802 17148 16809
16488 16353 18025
16230 17040 18092
16102 17341 17788
15465 17966 17736
14918 18648 16675
16931 16555 17330
16076 17208 18190
15825 17498 18059
14678 18723 16458
15598 18234 16825
13418 19105 15710
16293 17372 17456
15404 18175 17455
15395 17839 17971
16869 16792 17162
16938 15688 17518
15291 18317 17055
14773 18639 16747
14884 17434 18374
16682 17541 16703
16457 17252 17583
15727 18049 17091
15602 17559 18109
14423 17125 18617
14483 18855 16001
16642 17082 17710
16458 16862 17891
15754 17941 17395
15079 18327 17339
15487 17295 18407
16969 16350 17244
16603 16385 17902
14239 18946 15790
13612 18997 15799
16864 16973 17120
16685 17074 17382
14655 18756 16233
16974 16547 17002
16933 16169 17421
13882 18947 16146
14097 18807 16595
15007 17501 18333
16971 17014 16323
15244 16966 18697
13480 18969 16178
16329 15822 18326
15292 18546 16233
17043 15743 17303
15607 17829 17687
15320 18481 16734
14886 18497 17147
14772 18830 15660
16120 16715 18371
15872 18049 16852
15536 16661 18692
14155 18992 15243
13999 19021 15573
16649 16837 17427
17115 15973 17165
16928 17022 16651
16682 16614 17529
17215 16209 16908
14877 18161 17663
16242 17116 17890
14094 18937 15862
17261 16283 16717
15031 18506 17075
14792 17978 17938
16866 17259 16483
13674 18861 16267
15432 18315 16763
14576 18445 17165
14258 18486 17259
14452 18378 17348
16173 17216 17905
15337 18603 15993
14104 18238 17666
16482 17870 16574
14291 18699 16684
14189 18421 17391
15106 17618 18103
14301 18810 16258
17316 16594 15976
13944 18811 16614
14402 18663 16719
14428 18645 17042
15738 18271 16659
16754 16270 17683
15437 18555 16161
13456 18881 16220
13726 18831 16567
15152 17510 18261
14331 17669 18181
15330 18037 17470
14834 18694 16128
14409 18894 15844
14467 18895 14970
14208 17602 18222
15779 16990 18402
16114 17473 17718
14671 18361 17454
13920 18723 16656
15887 17261 18227
14762 17026 18634
14860 17346 18416
14156 18801 16330
14404 18557 17084
15810 18224 16541
15029 17443 18302
17225 16102 16894
15148 18580 16502
14768 17890 17980
13938 18821 16283
14929 18610 16417
16365 17796 17147
15012 18755 15877
14791 18581 16858
14617 17017 18706
14525 17561 18270
15051 18392 16838
15772 16575 18689
13910 18346 17577
14513 18207 17610
14759 18662 16363
13941 17185 18554
16984 16440 16988
14723 18780 16218
14574 17998 17891
14395 18917 15460
13749 18667 16913
16646 17360 16880
16452 16116 18070
17150 16913 16061
16314 16410 18243
13726 19067 14890
13437 19092 15231
17212 16676 16229
14777 18226 17464
14731 18187 17657
14586 18178 17729
16015 16904 18399
15711 18370 16188
14570 18508 16993
16577 17786 16863
15449 18296 17000
15164 18250 17238
13902 18939 16138
14096 18831 16227
14213 18509 17349
13285 19101 15721
16777 15826 17645
15951 18222 16249
13219 19112 15184
17440 16182 16455
14635 17886 17991
13886 18258 17619
16588 16589 17768
14900 18660 16071
17046 16203 17156
15381 18272 17015
14366 18781 16574
14196 17694 18102
13479 18993 15810
16618 15797 17985
14547 18672 16647
13995 18529 17302
16467 17461 17142
13749 18943 16157
14307 17581 18223
13888 18962 15754
13378 18691 16885
16808 16488 17371
17010 15966 17201
16455 17329 17212
15084 17881 17801
15309 18259 17166
14816 18370 17382
14727 17342 18427
15641 18318 16630
14912 17172 18554
14319 17761 18061
13261 19013 15763
13531 18963 16110
15074 18619 16345
15984 16242 18673
15492 17847 17686
15242 18687 15704
14056 18417 17402
15822 17965 17380
15175 18472 16806
15117 17826 18054
14697 17649 18159
17107 16921 16389
15028 18360 17098
14368 18198 17682
15026 16986 18650
17330 15857 16734
17222 16569 16215
15593 18262 16731
14399 17037 18659
14867 18746 15949
14578 18771 16290
16250 17324 17652
15539 17121 18545
15007 18114 17631
13725 18855 16199
16322 16389 18193
13961 18933 15873
17447 15931 16161
16723 15050 17786
13866 19017 15584
14089 19003 14706
13800 19028 15047
15923 17448 17963
14789 17521 18286
14562 18090 17771
17268 16094 16566
14490 18408 17210
15220 16878 18739
15545 18173 17163
14429 18086 17782
13964 18803 16606
16434 15577 18166
13743 18953 15826
15154 18060 17524
13648 19037 15537
14983 17413 18375
15093 17738 18096
14740 17222 18434
17227 15161 17138
14320 18377 17418
16797 15696 17723
14538 18357 17465
15769 17737 17529
14789 17105 18595
14850 17409 18386
15057 17181 18482
14853 18769 15565
14564 18794 15906
14158 18695 16695
15202 18009 17779
14758 18853 15276
14469 18878 15617
14106 18942 15801
14329 18928 14923
14207 18795 16262
14040 18953 15264
15179 17589 18222
14707 18099 17699
15527 17729 17904
15092 18297 17356
15141 18218 17498
15673 18469 16158
16611 15862 17813
16907 15270 17605
16923 17203 16609
13940 18715 16648
16252 17938 16747
15354 17291 18418
14955 16745 18829
15330 17203 18460
14210 18665 16995
13323 18877 16231
16526 17404 17084
15834 18148 16822
15128 17422 18303
13593 18827 16578
15097 18678 15776
14514 18269 17507
16427 17559 17315
14801 18314 17422
16547 17166 17421
14994 18767 15273
15149 16637 18918
14640 18635 16758
17079 15736 17210
15385 16392 18860
14545 18719 16469
14352 18804 16190
13787 18719 16667
15542 18027 17186
14613 18844 15348
14718 17280 18465
15304 18287 17072
17506 15874 16103
16587 17625 16414
14503 17757 18070
17125 15866 17151
17102 16035 16935
14422 18655 16711
15511 18059 17168
15521 16865 18558
15299 18311 16774
15087 16874 18750
13805 18817 16294
17222 15642 17041
15704 17837 17402
14946 18323 17350
15963 17963 17088
15628 16721 18570
14913 18378 17097
16232 16519 18220
16926 16736 17288
15477 17358 18377
14785 18644 16686
17033 16839 16634
15582 18040 17163
16299 16614 18109
14441 17994 17902
14269 18659 16730
13815 18017 17798
14806 17920 17842
14595 17213 18506
17053 16703 16701
15093 18269 17243
14969 16746 18772
14479 17669 18112
16046 18138 16538
14567 18664 16639
13924 18288 17481
15692 17785 17480
17199 16520 16549
17007 15506 17348
16290 17839 16777
15286 18047 17477
17378 16357 16144
15944 17860 17245
15158 18313 17066
16743 17312 16463
16483 16778 17796
15384 18494 16499
15125 18368 16813
13753 18254 17630
15453 18225 16897
14744 18157 17674
14533 17450 18338
16990 16847 16962
17038 15924 17261
14417 17906 17944
15003 18571 16574
16902 15451 17563
14414 18668 16658
13862 18525 17313
15786 18327 16558
15497 16777 18600
14174 17577 18234
15804 16351 18527
15181 16413 18756
14975 17610 18118
14328 16796 18838
16319 15929 18340
15167 16412 18813
14961 17609 18175
16780 16286 17498
15963 16623 18424
15757 18163 16879
14973 17614 18114
16129 17882 17150
15636 17993 17366
15347 18018 17707
15405 18404 16633
14720 18069 17716
15953 17141 18231
16585 15846 17998
15361 16304 18902
15155 17501 18264
14235 18194 17693
16204 18117 16483
15968 18203 16486
15324 17598 18150
15125 18613 16277
17230 15621 16991
14266 17033 18670
14734 18742 15960
13838 18437 17355
14899 17846 18007
14639 18826 15671
15751 16788 18529
15551 17787 17772
17520 15736 15738
16250 16159 18331
14656 17517 18297
14473 16805 18766
16391 17322 17360
15621 17937 17406
15914 17746 17457
15625 17771 17798
15512 16573 18734
16603 17312 17076
15852 18368 15896
15262 17835 17982
14694 17192 18507
15848 17983 17082
15559 18008 17423
15392 16966 18628
15499 18380 16472
14576 17698 18099
16434 17370 17164
15521 18249 16882
14211 18106 17735
16718 16033 17728
16334 15946 18111
16073 17675 17511
15760 17696 17558
15491 17984 17438
15300 17510 18192
14380 18203 17621
15514 18483 15846
15748 16487 18731
16895 16318 17375
16810 17058 16662
15478 18601 15701
14879 18751 15888
17120 16291 16922
15044 17855 17935
14980 18604 16349
17117 15587 17256
14885 18688 16060
14872 18520 16763
17579 15679 15680
17409 15520 16729
16811 16948 17224
15409 17781 17875
15032 17947 17815
15543 18403 16202
15197 18033 17481
17265 16212 16197
14801 17526 18225
16225 18037 16276
17641 15442 15848
17544 15088 16474
16130 18121 15987
16910 15730 17458
15683 17700 17574
16519 17015 17751
16163 16141 18411
15474 17825 17698
17327 15397 16881
16383 16542 18053
14683 18366 17393
16309 17872 16323
16159 17996 16938
15706 18120 17131
15480 17762 17870
16649 15713 17859
16459 17658 16885
16135 17438 17679
15851 18270 16081
16621 15755 17799
16299 17192 17593
14861 18763 15284
14893 16982 18661
14795 18774 14747
14465 18386 17346
15568 16596 18585
15265 17410 18258
16956 15725 17383
15851 18129 17059
17191 14924 17183
16211 15694 18348
15554 16595 18642
16199 16378 18366
15460 18258 16742
14931 16657 18871
15056 18035 17773
17002 16321 16922
15710 16812 18521
15539 17734 17843
17345 15653 16868
16995 16366 17059
15984 17873 17222
15958 17080 18212
15571 18191 16865
15282 18216 17206
16639 17549 17031
15335 17142 18441
16422 16625 17936
15439 17474 18143
14895 18356 17109
17610 14780 16122
17475 15212 16377
15321 17141 18498
17421 15021 16515
15758 18392 16057
16938 16923 16345
16393 17566 17044
16247 17668 17169
15958 17693 17510
15961 17349 17993
15498 18282 16657
15203 17647 18090
17092 16142 16949
16711 17213 16893
14838 18055 17726
17541 15555 15795
16138 17584 17656
16861 17440 16441
16705 17241 16679
14869 16894 18703
16874 16804 16963
15857 16758 18414
15515 17033 18587
15083 18701 15392
15733 18001 17081
15444 18026 17422
15042 18468 16817
17360 15670 16639
16927 17132 16089
16700 17320 16791
15631 17190 18279
14625 18849 15287
17086 15169 17343
16968 15041 17365
15879 17458 17970
15655 17885 17586
14559 18860 14750
15605 18267 16670
15259 17378 18330
14998 16993 18590
16815 16041 17443
15686 16724 18563
16419 16165 18083
15751 17724 17559
15624 17304 18270
15611 18204 16842
16706 16391 17400
16692 16507 17515
15783 18181 16581
15494 18206 16922
15318 16681 18645
14346 17665 18123
17548 15017 15954
16649 17450 16725
16266 17880 16651
14789 17618 18105
17288 14932 16898
16199 16742 18118
17089 15629 17196
16941 16392 17184
16803 16669 17329
15837 17761 17514
15430 18193 17157
16812 17041 16795
16767 17066 16990
16464 15390 18071
15913 17892 17227
15624 17917 17568
17538 15095 15942
16877 15779 17471
15453 17270 18419
16992 16428 16936
15110 16172 18935
17322 16054 16477
16008 18156 15825
16106 17670 17461
15817 17695 17802
15722 17779 17513
15540 18465 16169
14936 17230 18422
17357 15210 16786
16679 15568 17745
16570 17215 17185
16396 17099 17723
16390 15593 18086
16337 17861 16646
15319 18615 15389
16667 16252 17763
16703 16433 17586
16590 17158 17093
15978 17936 17050
15546 18402 16341
15224 18699 15100
15656 18016 17138
16455 16402 18038
15159 18542 16244
14966 18627 15965
16708 16774 17358
15621 16844 18417
14438 17121 18559
16895 16931 16673
16802 15820 17508
16350 17574 17372
16317 16870 18096
16235 16979 18073
17104 15991 16962
15823 18194 16558
17153 16446 16740
16938 15932 17331
16426 17567 16907
16362 16723 17996
15902 17670 17659
16766 17524 16152
14828 17605 18186
17260 15434 16896
16043 17232 17897
15709 16022 18748
16996 17008 16186
16927 17030 16243
16482 17257 17276
16265 17888 16243
16094 16567 18394
15913 18134 16549
17406 15060 16876
17258 15823 16864
17068 15737 17166
16877 16894 16808
15818 18218 16260
17482 15325 16306
16129 17269 17852
15840 17294 18193
15560 18146 17125
17038 16400 16899
15851 16238 18684
15527 18201 16872
15238 18226 17213
17541 14628 16621
17526 15594 16156
17257 14974 17043
16462 17191 17564
15228 16300 18913
15022 17497 18275
16987 16387 17109
16606 17458 17053
17063 16652 16539
16636 17089 17178
16495 17240 17107
15932 17784 17447
15861 17113 18250
15399 18467 16461
17260 16291 16309
17217 16401 16483
16815 16518 17342
16712 17354 16608
15304 18551 16172
17661 15162 15901
17516 15875 15335
17288 16014 16485
17174 16265 16797
17122 15406 17298
16649 16459 17711
16992 16326 17090
16772 16329 17374
15618 16784 18540
16380 15700 18100
17651 15443 15080
16968 14999 17384
16815 17131 16640
16769 16993 16991
16506 16107 17973
17242 16489 16134
16638 17557 16623
16403 17635 17034
15418 18117 17359
14804 17517 18228
16282 17971 15852
16079 17396 17764
15612 18176 16729
15323 18201 17070
16258 17191 17762
15730 17169 18280
17004 16360 16907
17089 16884 16524
14561 17188 18518
17345 16266 16166
17252 15155 17001
17183 15177 17058
16826 15998 17506
16790 16263 17590
16501 16288 17931
16488 16675 17796
