50 3
16314
656 714 286 582
607 41 305 592
657 396 490 921
657 316 674 913
629 398 122 366
671 510 393 694
710 576 732 346
567 691 890 817
670 979 1000 973
763 843 518 649
656 762 608 801
708 267 377 594
549 262 770 133
552 555 953 906
762 722 558 185
647 842 909 354
638 108 181 69
729 930 237 461
638 43 65 305
713 318 872 465
567 19 426 205
672 302 255 886
603 651 439 768
735 772 625 133
650 130 75 52
666 876 705 837
706 172 995 835
753 108 29 61
565 344 27 813
708 967 979 843
564 495 99 11
630 174 383 140
638 557 969 960
622 728 263 971
777 3 469 421
661 673 148 333
776 314 272 174
728 695 874 514
625 833 396 295
564 12 914 409
640 736 239 214
588 987 355 356
572 498 554 249
571 165 700 861
757 188 624 184
710 929 863 985
683 826 639 621
551 563 429 255
535 175 554 563
631 611 707 764
1190
14069 18446 17503
17502 16008 17447
17283 15606 18005
17028 16842 17066
17108 17062 16588
16740 17199 16979
16532 17406 17046
16336 17513 17259
16317 16226 18571
16348 17352 17704
16251 17586 17470
15841 17367 18299
15994 16223 18970
15064 18517 17034
14891 18372 17565
15123 17378 18547
14679 17665 18462
14931 17857 18318
14618 16604 19240
14414 18410 17903
18105 15088 16781
17835 15862 16835
17728 15854 16967
17608 16444 16333
17462 16567 16703
16872 17278 16472
16712 17648 16471
16790 17266 16927
16705 17339 17138
16662 17581 16523
16744 16766 17821
16161 18133 16625
16179 16255 18835
16221 16027 18762
16100 17729 17143
16047 17693 17582
16164 17370 17900
15625 17635 17966
15279 18247 17257
15214 18372 17251
15825 16750 18720
15139 17995 18126
14043 16072 19480
18061 15708 16355
17883 16146 16065
17633 16026 17228
17339 16852 16648
16945 16208 18146
16780 17034 17076
16353 17654 16854
16467 15838 18798
16356 16891 18129
15867 16522 18647
15651 18278 16625
15762 17915 17486
15666 17888 17700
14662 18665 16953
14715 18069 18025
17599 15424 17434
17698 15901 17234
17290 16648 16672
17164 16610 17588
16879 15869 18494
16863 16951 17466
16525 16364 18379
16306 17824 16639
15944 16860 18433
16005 18165 16517
15372 18640 16101
15335 18558 16616
15005 18275 17338
14190 16107 19320
18158 15124 16342
17479 15499 17792
17278 17162 15744
17144 16771 17042
17114 16133 17755
16960 16717 17700
17006 16998 17260
16589 16474 18006
16339 16618 18282
15785 17998 17413
15850 17873 17419
15806 18239 16796
15760 18515 15793
15535 17409 18243
15506 18360 16889
15277 17549 18362
14781 18775 16666
15536 15927 19292
14634 17221 18819
14496 17667 18583
17344 16396 17119
17261 16026 17575
17205 17132 15860
17023 17354 16345
16552 17245 17592
16107 18229 15845
15707 18479 16232
15609 16662 18766
17662 15515 17315
16889 15723 18196
16880 17550 16075
16728 16012 18167
16489 17607 16805
16013 17510 17658
15488 18443 17135
15197 16631 19070
14480 17050 19004
17336 15642 17566
17266 16674 16916
16687 16348 18265
16189 17684 17133
16035 17854 17137
15549 18214 17297
15069 17411 18554
14171 16695 19252
18451 15320 15923
18060 16023 15995
17799 15070 17340
17120 16901 17033
16807 17403 16466
15462 17998 17727
15455 16491 18951
14924 16562 19296
15019 16782 19023
17932 15278 16822
17854 15938 16396
17534 15549 17428
17597 15640 17309
17490 16169 17002
17168 17045 16359
17186 16563 17220
17110 17260 16140
16882 15428 18222
16487 17370 17586
16411 17989 16349
16226 18008 16631
16193 17251 17975
15797 17837 17858
15663 18117 17070
14222 17190 19123
14446 18933 16620
17995 15369 16703
17819 16695 15408
17542 16383 16711
17504 16359 16881
16505 17958 15239
16324 17773 16779
15925 18349 16509
15590 18507 16463
15182 16422 19177
15261 16932 18783
17866 16304 16214
17486 16841 16020
17346 16490 16924
16679 16891 17815
15974 18083 16975
15662 17110 18566
15396 17659 18075
15078 17089 18732
14973 17629 18245
14458 18772 17065
17098 16271 17936
16797 16612 17814
16609 15902 18454
15889 16914 18358
15919 16774 18515
14761 16922 19142
14426 17083 19011
18201 16059 15451
17744 16578 15768
16389 17648 16785
16559 17862 16019
15440 18691 15940
14865 17518 18666
14985 18036 18065
16567 16130 18527
15593 16045 19187
15809 15996 19066
14618 18303 17791
14467 18446 17464
14454 17895 18656
17786 16193 16518
17464 16765 16255
14140 17933 18443
17686 16062 16789
15712 17851 17536
15018 15513 19427
18257 15601 16142
17963 16374 15486
17033 16396 17930
15254 17801 18044
14790 18545 17115
17569 16839 15684
16287 16366 18414
15960 17477 18012
14511 18808 16626
15327 17271 18435
14523 18757 16823
14592 17449 18892
17565 16645 16092
17358 16329 17369
16572 16842 18008
15113 18548 16716
14094 16567 19351
18184 15805 16187
15430 18104 17584
17075 15468 18197
17404 16829 16475
17281 16872 16547
15258 18734 16413
17694 16334 16392
16972 16628 17683
16443 17107 17699
14873 16067 19425
17604 16072 16775
16613 17095 17742
16206 17092 17872
17443 15113 17873
15654 17519 17956
15012 18558 16930
16974 15251 18253
17066 17153 16586
15012 17293 18659
14699 17152 18785
14935 18734 16727
16045 17479 17733
16079 18216 16299
15675 17001 18418
16258 18203 15897
14402 18571 17458
17722 16625 16136
13873 18147 18140
15855 16473 18802
18104 15989 16179
16965 17015 16794
16283 17477 17698
15267 18507 16777
18297 14793 16487
15593 18576 16459
17437 16133 17441
17278 16513 17361
16622 17422 16748
16440 16429 18204
16098 17031 18248
14830 17640 18374
18363 15132 16139
16618 17123 17568
17009 15129 18545
16935 17443 15899
16671 15731 18686
17062 17430 15411
16338 18019 15905
16148 16753 18321
16710 16396 18244
15695 18640 15787
15430 16405 19033
15037 18798 16055
14396 18866 16672
13389 15503 19558
16662 17889 15617
14206 18272 18095
17880 15781 16570
15401 16524 18958
16547 16756 18090
16003 17967 16965
14552 17964 18139
14238 19067 15883
18388 15229 16042
17088 17229 16351
14952 17734 18236
14772 19001 15884
17924 15747 16754
15146 16136 19199
15018 18073 17888
16748 17138 17379
15935 17391 18094
15838 18133 16939
17324 17013 16467
16557 17547 16742
18437 15843 15567
15034 16991 18916
18558 15533 14871
16554 17482 16811
16605 17708 16130
15839 17555 17774
18012 16130 16053
17868 16502 15766
17501 16899 15747
16340 16137 18475
15686 17000 18552
15404 17250 18685
15890 16890 18525
16001 17730 17746
15226 18211 17696
13647 16658 19363
17825 15270 16954
15087 18265 17352
14953 18142 17922
14735 15323 19530
15364 17765 17932
14184 18701 17181
15655 18382 16469
16537 17714 16505
14949 18575 17080
18534 15259 15554
16476 17864 16355
15942 18395 15129
14916 18838 15591
16658 17744 15691
16213 16625 18412
15996 18299 15909
14541 18111 18226
17700 16252 16668
15646 18055 17463
14676 18642 17342
16351 15287 18813
15343 17888 18014
14802 18285 17595
14628 18890 16147
15253 14876 19374
18383 15939 14787
17820 16672 15037
15775 18456 15795
17962 14825 16979
16722 17502 16173
16486 16906 17940
14866 17926 18352
17259 16242 17450
17213 17404 15463
16082 16414 18669
18614 15075 15562
18109 16200 15325
16812 17574 15687
16719 15621 18532
14822 18468 17181
16739 15162 18505
17888 16257 15846
17509 15452 17525
15916 17751 17395
16021 16643 18507
13370 16091 19490
15559 17839 17893
14349 16030 19536
18004 14597 16906
16809 17718 15743
15828 15408 19134
15323 18609 16419
14325 18973 16156
17421 16966 16014
16083 17961 16837
14072 15463 19663
17548 16508 16553
17310 16487 17218
15831 18557 15019
14850 17309 18773
17294 15870 17639
16455 17483 17414
17647 16776 15377
17121 16688 17214
16021 17049 18083
14782 18849 16208
16251 15887 18919
17841 14842 17267
17772 15234 17393
16497 18055 14901
17132 15749 17678
13529 18807 16716
17161 16908 16581
16304 17626 17087
15319 18731 15476
18286 15869 15515
17421 17083 15739
15389 17851 17850
16603 17510 16578
16013 15889 18954
14704 17751 18380
16909 17644 14959
15633 17229 18491
15060 18413 17190
13791 19039 16155
16148 16750 18406
18136 16184 15445
15659 16384 18839
14737 18413 17504
17985 16210 15393
17800 15965 16562
16237 17000 17962
17389 15502 17501
17163 15656 17981
16843 17112 16920
16375 16554 18198
16111 18066 16677
16093 18369 15181
17760 15395 16948
17042 15624 18133
15911 18372 16120
16323 18078 15903
14880 17032 18855
15069 16008 19298
17567 16960 15369
14786 17008 19060
18304 15995 14820
16120 17641 17368
16838 17373 16627
16809 17601 16018
14145 17540 18904
15108 18917 15472
15077 17683 18157
15261 18802 15991
18198 14316 16687
15602 18346 16908
16421 17031 17934
16389 17144 17762
18728 14978 15335
17876 16158 15916
17485 16534 16396
17050 14494 18245
16556 17680 16363
14977 18301 17464
17841 16648 15040
17985 16327 15118
17632 16718 15650
15576 17901 17500
17212 15723 17882
16405 16414 18355
15891 18166 16585
16149 17757 16910
17105 15715 18014
17188 16878 16596
16875 16784 17602
16887 17219 16474
16394 18120 15129
15567 16890 18839
14933 18306 17291
15198 17039 18756
18118 15466 16535
17812 15353 17180
16103 17794 17074
15736 16363 19089
18281 15221 16174
15574 18680 15323
15439 16086 19126
14883 18839 15994
17965 16572 15038
15685 15868 19218
15523 17360 18398
18031 15755 16622
16239 17751 17081
15446 17022 18612
13953 18524 17526
18794 15317 14987
17946 16120 16222
14941 18303 17477
17859 15872 16748
16776 16735 17896
16139 17503 17528
18170 14963 16787
17818 16388 15784
17324 16117 17456
15985 17113 18167
15271 18714 15686
17606 14868 17512
17025 16661 17329
15583 18184 17092
15600 17549 18048
17570 16816 15313
17334 16867 16169
16773 17498 16621
16652 18039 14905
15955 16765 18531
18517 15659 15575
17279 16521 17113
16870 17260 16799
15156 17627 18124
15841 18466 15626
15665 17424 18054
14700 17560 18471
14200 16086 19435
15745 18107 17084
17359 17281 15093
16795 17741 15354
16336 15889 18640
16204 18070 16011
17736 14979 17459
17656 16286 16484
16511 17915 15565
16083 16473 18526
16426 17797 16407
16906 16750 17707
16409 16518 18199
16267 16504 18498
17939 15173 16727
15276 16446 18972
15829 17528 17854
15681 15373 19294
15210 17594 18117
17759 16417 15949
15972 18409 14717
17742 16227 16334
17123 15358 18043
16117 17870 16738
15979 17140 18081
13927 18807 16677
18157 16093 15267
17757 16893 14762
17019 14983 18247
16314 16982 18127
15204 16814 18888
14885 18667 16779
17662 16411 16326
16963 17548 15739
16046 17766 17206
14288 17529 18775
16137 18243 15433
15920 15231 19165
15658 17891 17514
16169 16630 18239
15493 17500 18241
17255 17297 14527
15697 17393 18129
15285 17362 18433
17293 17220 15471
15617 16475 18837
15123 17590 18301
14477 16653 19308
18371 15504 15915
16491 17805 16357
15981 17891 17200
14940 17535 18496
14650 18194 18019
15247 16565 18897
15916 17748 17480
15690 17510 17972
14834 18808 16312
14307 14826 19610
17778 14751 17386
17235 14975 18065
16601 17273 17359
17580 14668 17898
17611 17016 15132
14560 18836 16393
18038 15650 16527
17896 16053 16274
16486 15250 18866
16309 18101 15514
14088 16941 19152
17800 14587 17293
17152 16875 16890
16501 17446 17250
17907 15181 16919
18217 14977 16479
16889 17534 15751
16671 17156 17214
16384 17620 16959
16099 18326 15507
17877 15228 17186
16792 17464 16479
14400 18433 17514
17636 15995 16841
14969 17419 18486
13741 18972 16207
18529 15765 14626
17055 17521 14589
15301 16532 18890
14642 17034 18890
13862 18932 16671
17988 15132 16752
17268 17180 15562
16895 17667 14570
14737 18410 17589
18259 15799 15694
17407 14858 17939
17171 17227 16015
15605 18315 16521
15527 17870 17818
15256 17574 18095
14711 17559 18605
18043 16190 15494
16637 17363 16750
15971 15726 19036
15043 16672 19009
15038 18069 17711
16069 15248 18986
17612 16344 16378
16963 17076 16886
16639 17678 16027
16659 17058 17578
15772 18464 15990
15263 16970 18722
17681 15335 17399
15401 18227 17565
15005 17746 18155
18320 15848 14906
18038 15199 16700
17234 17106 15981
16971 15867 18038
16504 17415 16863
15899 17901 17186
16029 16506 18533
15108 15430 19372
15049 18637 16500
16715 17159 17070
16418 17529 16860
18574 14451 15899
17412 16500 16755
17244 16148 17566
17380 15022 17992
16937 17641 15451
15890 16893 18440
17663 15979 16961
17172 14884 18184
16509 17323 17218
16370 17497 17092
18333 15872 14839
17780 16068 16676
17564 15096 17585
17028 16951 16892
16678 17768 15198
15443 18682 15327
17397 16242 17112
17058 16995 16640
16700 17354 16659
16176 17941 16683
17497 16464 16976
16904 17169 16700
18194 15510 16261
17001 17013 16781
16319 17745 16953
15171 18518 16843
17890 16455 15398
17082 17454 14918
17111 17618 14449
17081 16992 16767
16176 18253 14767
15882 17839 17579
18175 16260 14511
17795 15971 16506
17705 15345 17312
17438 16020 17229
15875 16335 18718
17229 17283 15044
15953 17900 17017
15816 17500 17927
13677 18777 16908
17987 16474 14879
16584 17440 16858
14784 18741 16364
14834 18254 17670
16254 17559 17139
15651 18083 17289
15035 17399 18602
14193 17945 18362
18206 15849 15834
16020 17393 17815
15789 18102 17257
15540 18440 16515
15589 17699 18050
13960 16318 19380
17691 16183 16757
15887 17867 17405
14473 18690 16875
17518 15836 17237
17196 16805 16854
15996 17745 17267
15841 18099 16637
15462 17995 17812
15189 17929 17953
14117 19107 15419
17777 15882 16734
16885 17099 16980
15645 18573 15839
18380 14732 16118
16502 16258 18436
16333 16843 18150
14622 16099 19310
14555 18682 16878
16439 17540 16857
16004 15373 18980
15946 18232 15961
17672 16558 16188
17913 16307 15538
17842 15306 16913
16788 17337 16802
16634 17476 16683
16450 17498 16935
15804 18389 16045
16547 17906 15581
17907 16237 15543
16166 18399 15065
15904 16428 18547
18207 15534 16194
17917 16029 16277
15559 18393 16535
15308 17468 18376
15137 17464 18382
18460 14548 16126
17987 16525 14670
17060 17501 15286
15100 17330 18568
17550 16706 16105
16778 17764 15061
16707 17932 14729
16091 15639 18957
14999 18642 17028
14723 18433 17200
18119 16047 15906
17835 16511 15218
16727 17764 15623
16339 15215 19026
16031 17076 18003
15308 18036 17751
15046 17663 18236
17732 16479 15838
17796 15781 16867
16292 17879 16636
18216 16000 15453
18112 15520 16247
17615 16802 15520
17299 15434 17795
17219 15618 17787
15924 15802 18984
16870 17568 15893
16666 17148 17365
16059 16366 18690
17584 16175 16889
16298 16365 18548
14884 15264 19456
16364 16704 18200
16163 17777 16845
15567 18128 17136
15234 15464 19306
15119 14627 19403
18040 14983 16825
17975 15108 16819
17305 15559 17637
17407 17123 15244
15543 17434 18068
15121 18451 16895
17611 16367 16749
17171 17110 16290
16352 16506 18219
16149 17793 16804
15722 18397 16042
15372 18637 16186
15070 18038 17786
17373 16145 17223
16595 17352 16927
15931 17824 17252
15081 18560 16566
13676 16049 19546
16860 17718 15181
16374 18078 15341
16334 17584 17134
16200 17635 17240
14935 15759 19327
16785 17059 16987
15552 16544 18871
17094 16704 17094
15926 18430 15847
17861 15656 16873
17653 16909 14196
17518 16732 16248
17011 16824 17136
16225 17774 16692
15930 17837 17230
15312 16437 18988
14092 18641 17393
17698 16735 14944
17459 16086 17073
17003 17437 15524
16649 17417 16685
16569 17601 16677
15212 18234 17307
14912 18426 17458
17816 16237 16266
17774 16094 16588
17361 17160 15408
17081 17320 15529
16013 18514 14546
15516 16395 18968
18303 15919 15106
17498 16441 16605
17196 16151 17569
17093 16717 17072
16635 17433 16644
16113 16333 18683
14658 17788 18544
14197 18774 16717
17776 16346 15937
17457 16573 16647
17215 17306 14655
16764 17000 17198
16784 17756 14932
15952 17742 17411
15072 18252 17635
15017 18559 16782
18068 16211 14704
17571 16476 16420
17310 16026 17542
16936 17138 16775
16918 17189 16635
16612 17708 16012
14626 18575 17394
17443 16919 15646
17251 17043 16023
17036 14813 18216
16385 16581 18118
16397 18012 15960
16100 17808 17131
15597 17401 18061
18194 15659 15889
16406 16473 18212
18401 15253 15975
17883 16618 14918
17738 16441 15946
16849 14881 18583
15208 18667 16465
18466 15674 14745
18395 14673 16120
17261 16680 16860
17016 16954 16783
15352 17566 18192
15157 18254 17356
18034 16083 15685
17616 15460 17393
15894 18235 16581
17293 16571 17088
17207 16717 16923
16824 17409 16076
16721 16257 18166
16550 16148 18282
15891 16952 18297
15720 16948 18303
15512 17929 17639
14837 18876 15890
14453 19023 15007
14288 15414 19542
17157 17263 15464
17025 15746 18124
15547 15124 19323
17642 15254 17431
17358 15600 17512
16825 16258 18122
16759 17651 15795
16477 17945 15693
15991 18305 15853
18410 14481 16178
18330 14665 16170
18216 15346 16168
17837 16213 16269
17128 15778 17689
17103 17068 16532
16420 17727 16412
18536 15457 15106
17519 16417 16608
17125 15994 17677
16950 17384 15901
16399 17561 16961
15300 18301 17150
17874 15680 16806
17803 16330 16057
17100 17281 15605
16664 17791 14809
16357 17754 16642
15933 18325 15752
15778 18524 15373
15220 17431 18467
14983 18815 15888
17899 15064 17093
17888 15997 16361
17819 15248 17085
17229 15995 17633
16518 16875 18015
16385 17577 16920
16372 17695 16644
16309 18203 15335
16132 17695 17303
16039 17958 16981
15912 16966 18290
15104 18775 16352
18234 14702 16606
18232 14918 16481
18152 15102 16473
17633 16969 14764
17613 14444 17497
17057 14789 18219
16827 17119 16879
16380 17875 16421
14740 18478 17167
14557 17571 18600
17951 16203 15727
17981 15688 16674
17827 16671 14651
17376 16365 17194
17346 16747 16553
17179 16273 17560
16674 17781 14890
16593 17538 16758
16559 17745 16294
16462 17887 15966
16188 18243 14871
15842 17948 17250
14915 17449 18578
13907 18486 17630
18308 15562 15662
18281 15875 15459
18308 15413 16034
18231 15154 16226
18046 16258 15072
17439 17097 15101
16919 17375 16251
15894 17907 17130
15247 16562 18982
15014 18450 17086
18564 15008 15614
18484 15192 15606
18247 14726 16539
17883 16263 15790
16885 17376 15951
16710 17165 17014
16241 17949 16633
13383 16750 19190
18509 14576 15893
17601 16665 15672
17375 16583 16633
17103 17170 16353
17016 17445 15523
16906 17367 16252
16360 17263 17687
14990 16901 18948
17715 16716 15314
17217 17073 16126
16856 17591 15504
16770 17091 17011
16643 16099 18320
18055 15375 16654
18053 15591 16529
17973 15775 16521
17343 15937 17540
17317 17104 15645
16751 17150 17086
16419 17965 15592
13513 16409 19392
18878 14273 13877
18058 16357 15002
17779 16846 14394
16853 17314 16629
15875 18282 16561
17973 16548 14281
16583 15992 18346
16365 17489 17243
16208 18136 15949
15771 16946 18313
15285 18491 16668
17905 16294 15579
17470 16890 16097
17420 17135 14233
17146 16969 16594
16552 17553 16686
15992 18000 16729
18524 14384 15951
17769 16628 15460
17567 16843 15644
17382 16456 17007
17038 17193 16526
16730 15885 18166
16509 17795 16071
16380 17547 16970
15373 16287 19138
15113 18545 16801
14759 18431 17187
17951 14561 17345
17715 16310 16395
17371 17016 15791
17249 17047 15983
17242 14551 18050
17169 17231 15975
17089 17310 15689
16899 17175 16644
16853 17212 16808
16061 18266 15741
16107 17898 16918
15390 18624 15992
15367 18483 16671
18068 15399 16587
17743 14423 17537
16469 17904 15742
15515 18130 17338
14739 18489 17156
18321 15437 15967
17990 14916 16877
17260 15959 17594
16450 17491 16964
16153 17861 16754
16106 16844 18319
15821 18297 16523
18824 14535 14073
16969 17119 16638
16244 18226 15508
15472 18616 15995
17151 15955 17635
16499 18253 14453
16441 17738 16409
16361 17922 16401
16324 18042 15516
16242 17819 16659
16122 17956 16645
15805 18470 15383
15620 18263 16662
15496 18792 15164
18755 14662 15006
17873 16320 15722
17582 16651 15702
17521 16084 17008
17519 16300 16883
17441 16268 17000
17439 16484 16875
17239 16604 17095
16960 17366 16083
16810 17651 15233
16329 18035 16229
16212 18031 16242
18678 14911 15387
18601 14135 15570
18345 14606 16172
17997 16166 15563
17915 16505 15090
17009 16828 17096
16545 17885 15630
16414 17230 17680
14745 18004 18114
18283 15316 16131
18028 14312 16964
17536 16899 15492
17407 17106 15350
17399 16593 16546
16856 17283 16410
16386 18027 15538
16227 18089 15969
15859 15927 18978
15181 18599 16555
17968 15813 16369
17861 16310 16158
17811 15589 16925
17732 16447 15934
17200 16717 17041
16630 17694 16351
16355 17235 17861
18144 15443 16313
17836 14973 17212
17643 16341 16606
17539 15830 17327
17485 16729 16278
17235 17240 15370
17228 17331 14548
17035 17406 15599
16824 17396 16238
16001 17770 17178
18113 15922 16064
18033 16106 16056
17878 16305 15677
17149 17246 15469
17139 16044 17652
16913 17250 16409
16906 15553 18165
16872 17565 15557
16817 17028 17062
16673 17354 16766
18640 14790 15551
17603 16450 16277
17424 17039 15374
17361 16688 16555
17283 16656 16672
16595 17454 16748
16515 17638 16740
16275 17742 17097
15671 16791 18659
18391 16211 14390
18179 15983 15686
18019 16197 15352
17981 16383 15066
17827 15161 17238
17026 17427 15705
16487 17647 16557
16115 17633 17519
15889 16421 18553
15344 16406 19063
18316 15883 15103
17949 16188 15800
17184 17070 16156
17057 16670 17247
16778 17487 16090
16698 17671 16082
16511 15483 18724
16348 17660 16798
18282 16042 15188
17633 16799 14988
17519 16772 15736
17023 17012 16666
16129 16950 18262
15958 16946 18268
15413 16931 18778
15351 18160 17617
14727 18868 15990
18133 16351 14509
17964 16246 15527
17958 16140 15572
17884 16430 15519
17878 16324 15564
17709 16219 16582
17281 15935 17597
17121 17160 16067
16580 16008 18439
16451 16920 17770
16229 17787 16676
15989 17891 17033
15921 16812 18454
15682 18162 16916
18184 14635 16658
18182 14851 16533
18050 16372 14484
17990 15500 16648
17926 15945 16306
17846 16129 16298
17278 16062 17534
15662 17541 17866
15062 17819 18139
14584 15393 19483
18673 15357 14523
18461 15463 15599
17682 16776 15122
17401 15341 17946
17081 17269 15738
16727 17647 15898
16401 17198 17697
16069 17824 16932
15903 18005 17030
15828 18012 16990
14327 18458 17460
18151 15992 15503
17651 16292 16428
17648 15834 17286
17603 16627 15705
17020 16653 17480
16576 16147 18273
16433 17662 16519
16259 18136 15387
15706 17071 18307
15405 17880 17832
17440 15696 17478
17371 16899 16066
17353 16507 16868
17302 15682 17566
17074 17269 15856
17028 17306 16020
16899 17058 16919
16819 17242 16911
16702 16857 17819
16191 17882 16685
16040 18333 15620
15160 18876 15576
14985 18665 16639
14726 17044 18850
14299 19064 14946
13874 18771 17116
18628 15107 15110
17427 16592 16285
17152 17096 16299
17035 16711 17207
16973 17287 16397
16008 18138 16354
15594 18656 15379
14694 18556 17181
14420 19024 15410
18477 15035 15912
17832 15565 16928
17485 17006 15249
17043 17364 15747
16834 17300 16638
16787 16596 17818
16759 16972 17372
16616 16487 17934
16071 18175 16348
15996 18391 15735
15987 17972 16903
15841 18488 14912
15387 18250 17176
14739 15818 19454
