60 3
19297
551 183 619 556
642 872 733 276
695 60 95 833
525 848 173 88
773 142 36 268
579 257 157 576
669 737 948 685
689 782 355 521
693 164 121 29
638 83 596 4
580 386 133 578
641 363 403 715
709 173 743 301
541 564 879 110
606 686 531 264
580 353 281 726
569 254 106 282
763 332 624 586
541 313 915 253
768 566 303 831
758 423 16 174
526 395 316 654
623 91 415 107
749 26 218 491
573 126 648 309
763 238 825 651
515 70 551 93
712 75 313 495
737 822 802 587
677 153 87 398
621 158 424 809
630 96 511 168
609 742 325 922
771 932 502 954
767 449 288 126
545 601 489 739
640 964 447 120
540 143 487 187
653 845 898 100
562 603 454 889
625 317 80 162
715 417 350 583
642 121 410 87
651 871 983 645
739 732 491 878
527 276 985 611
712 847 266 273
586 792 680 318
750 100 504 394
616 527 980 958
542 781 221 922
705 834 683 458
637 747 546 272
712 462 831 37
567 69 9 367
597 765 592 626
629 434 827 658
616 179 254 539
602 906 499 165
701 72 491 82
1723
20663 18004 15397
20243 18471 16252
20374 18675 16074
20222 17993 17079
20017 18014 17173
20166 17235 17402
19793 17619 17391
19634 19030 16630
19565 17910 17622
19287 17994 17766
19213 18999 17034
19429 19051 16724
19149 16565 18422
19103 17870 18112
19228 16797 18254
19111 16616 18407
18944 17503 18276
18864 19491 16285
18597 17424 18479
18681 16700 18717
18478 17875 18459
18570 17585 18415
18944 19281 17351
18292 17669 18559
18380 17523 18631
18098 17709 18630
18188 18234 18229
18167 18754 17997
17909 17642 18722
17917 19467 17323
17650 17651 18818
17724 16767 19140
17608 20323 15743
17501 18573 18530
16792 17630 19226
16986 19121 18049
17229 19994 16963
17003 18630 18522
17140 20334 16134
16302 17241 19530
20577 17880 16635
20426 16196 17016
19858 19036 16016
19653 19057 16110
19767 18651 16893
19638 17128 17947
19733 19458 15952
18955 19836 15957
18825 17954 18256
18305 19413 17017
18384 19339 17191
18487 18566 17950
18040 17151 18989
17834 19333 17634
17635 17016 19123
17404 16530 19349
17600 19654 17389
17540 20201 16426
17078 16492 19604
17455 20622 14385
17080 19288 17802
16171 17732 19263
15942 16651 19917
20446 18371 16368
20118 18893 16188
19845 18331 17062
19629 18279 17372
19450 19728 15319
18734 19487 16812
18414 19963 16328
18339 17080 18662
18589 20287 14632
18125 19875 16592
18159 19088 17770
18050 19385 17324
17863 17295 18871
17460 17288 19026
17869 19142 17883
17073 17649 19216
16994 18296 18805
17231 19979 16565
17024 19248 17894
20106 19264 14933
19962 18508 16810
20067 17502 17635
19760 18605 17065
19816 17538 17778
19694 17886 17624
19439 19173 16713
19406 17543 17786
18862 18018 18016
18694 18445 17989
18792 16310 18672
18575 16409 18824
18349 17969 18238
18201 19698 16794
17919 18053 18548
17713 18132 18653
18136 20430 15198
18089 20198 15767
17483 17566 18966
17281 16006 19626
17597 17983 18844
17284 18247 18600
17721 18541 18431
17153 19224 17896
16485 16908 19692
15993 16986 19731
15431 16016 20261
15145 16387 20077
19832 18562 16645
19346 19282 16646
19109 17248 18234
19000 19997 15384
18705 16705 18521
18404 19841 16339
18673 16761 18652
18346 20224 15737
18290 18597 18037
18352 19508 17009
17846 18614 18174
17637 16384 19296
17730 19861 16840
17343 16929 19284
17240 17320 19125
16989 17692 18969
17434 19974 16725
16145 17588 19348
16234 18275 18842
19523 18850 16659
19254 18315 17550
19168 19287 16737
18419 19083 17406
18237 18991 17807
18170 18017 18405
18257 17052 18837
18378 19276 17384
17839 16291 19140
17774 16671 19145
17646 19989 16372
17507 16866 19292
17417 16416 19395
17295 16393 19452
17062 16910 19294
16930 20540 15595
16864 20738 14211
16557 18765 18356
15511 16069 20219
20422 17003 17097
20048 18614 16335
19994 18284 17310
19479 16761 18111
19666 18806 17130
19088 18492 17588
19010 19099 16918
18568 19660 16651
18249 18014 18364
17597 16200 19341
17373 19192 17797
17220 18800 18294
17314 18967 18047
16656 16478 19845
16158 16261 19887
19535 17519 17788
19360 17212 18091
19167 17196 18189
18347 18366 18192
18324 16445 18967
18150 19115 17462
17270 17711 18959
17492 18779 18104
17441 19773 17104
17220 18178 18743
17267 18894 18285
16506 19485 17831
16671 20678 14969
16712 18928 18248
16124 16495 19998
19314 19506 16146
19124 19846 15732
19075 18790 17618
17994 16639 19046
17736 20563 14906
17087 18044 18797
16890 17982 19054
16649 20599 15074
16914 17282 19380
20447 17198 16844
20329 18194 16620
20348 17465 17077
20275 18247 16752
19094 16136 18540
19119 19649 16229
18536 19884 16151
18098 18587 18182
18123 19321 17418
17661 16509 19228
17552 20529 15085
17207 16468 19606
16375 16459 19855
20557 17903 16389
19239 17503 17931
18909 17083 18357
18631 17167 18501
18604 19307 17092
18149 19813 16646
17736 18386 18386
17782 20279 15657
17962 20081 16180
17415 17048 19222
17331 17312 19024
17118 17668 18971
16717 16079 19910
17514 19709 17198
16498 18540 18606
16291 17045 19580
19890 18812 16516
18642 20055 15371
18124 19170 17576
17424 16369 19454
17105 20145 16615
16646 18375 18772
16120 17397 19449
19444 19370 16216
18515 18907 17663
18503 15938 18857
18439 18198 18086
18569 18494 17783
18160 17555 18730
17826 19685 17097
16431 17217 19532
16287 17881 19072
19123 18806 17283
18466 18150 18085
18508 19483 16835
17090 20749 14152
16970 16899 19330
16811 16946 19437
20038 19103 15122
18253 19285 17440
17399 17687 18961
17803 19797 16934
17635 19463 17638
20478 17761 16774
19460 18207 17379
19289 18598 17409
18752 18393 17944
17760 17686 18712
17577 18433 18493
16284 18380 18731
15964 18463 18675
20534 18173 16526
20349 17785 16772
19631 17977 17567
19416 17970 17768
18929 19344 16729
19150 18356 17754
18872 18440 17898
17085 16852 19533
16614 16884 19694
16777 20189 16448
16043 16052 20066
16264 20860 13843
18435 19377 17039
17527 20565 13923
16963 17200 19379
17330 20407 15887
15864 17010 19729
20790 16788 15974
19109 19527 16240
19046 17370 18206
19106 18923 17175
19043 19014 17118
17935 17414 18809
17756 17615 18771
17255 20579 15082
20342 18899 15574
18853 16935 18366
18257 16477 18851
17216 18020 18799
17115 19097 18051
17333 18826 18211
16858 16524 19703
16340 17479 19409
16024 15600 20173
20706 17856 16637
18422 17965 18256
17907 19269 17728
17342 17830 18897
16986 16674 19534
16773 16837 19587
15837 17175 19553
20714 16090 16515
20486 16381 16746
19963 16624 17669
19272 18759 17531
17891 16852 18992
17305 16820 19434
16712 17236 19522
15562 18120 19043
20197 17798 17332
20038 18492 16346
19362 16580 18264
18609 19820 16245
18474 17322 18566
17134 17250 19281
17673 19590 17483
16917 19762 17168
16928 19499 17590
15990 18668 18560
18972 18361 17845
18364 16372 18841
17860 19725 16910
17913 15829 19160
17933 19661 17004
16355 17459 19312
15884 17270 19545
19988 18314 16834
16484 17435 19314
15468 16788 19786
20579 18654 15980
19523 19664 15413
19349 19315 16395
19007 18046 17855
18666 19748 16221
18776 16949 18411
18932 16664 18574
18679 18568 17675
18927 19435 16641
18422 16797 18795
18111 16820 18893
17558 17640 18854
18618 18075 18217
18068 16132 19099
16558 16126 20017
18050 17219 18828
17992 17271 18873
17429 17664 18852
17244 19216 17795
16452 17751 19253
16284 20726 14841
15974 17648 19300
18279 19572 16915
16677 17427 19273
19304 18834 16941
18841 20116 15099
17865 16663 19044
17817 16168 19242
17872 18986 17869
17166 19313 17758
18392 16855 18597
17250 20643 14479
16404 17382 19356
16243 16654 19704
20463 18210 16246
16909 17298 19265
20092 18047 16914
19938 17526 17633
18502 17191 18499
17815 18340 18366
17232 17602 19109
17694 20267 16078
16271 20811 14677
19651 18869 16508
17491 17284 18982
17279 19025 18044
20777 17343 16363
18518 18714 17699
16365 17784 19109
20224 17361 17252
17780 16058 19248
16644 16861 19585
16786 19669 17310
19822 19277 15096
19709 16777 17809
18724 19365 16823
15521 16394 20016
19482 19504 15819
18341 20027 16234
17582 18623 18386
15682 17166 19648
19418 17338 17941
18745 20042 15418
16494 17760 19111
16096 17150 19593
16218 17827 19255
15171 16531 19992
17833 16904 19037
17607 18871 18042
17152 20662 14793
18572 17674 18394
17910 18683 18031
16837 19642 17411
18497 18476 18076
16224 17338 19493
17704 16928 19035
17569 18744 18197
19827 19257 15887
18258 17907 18558
16636 18059 18973
15885 20938 13636
20321 18421 16401
19912 18983 15884
17722 16110 19293
17284 15748 19486
20602 18384 15843
19266 17338 18107
20296 17531 17099
20421 18787 15397
18295 20311 15483
18127 18398 18291
19918 17549 17387
18411 17218 18579
17077 20834 13988
15786 17107 19692
20695 17942 14940
19750 19297 15830
18914 20052 15193
15964 18524 18645
17385 17214 19138
17268 20494 15246
20621 17969 15469
19064 19046 16786
16977 17825 18959
17061 17811 18907
18008 19777 16696
17007 20279 16338
19979 18347 16688
18661 19551 16718
18096 16046 18999
17643 17327 18970
16988 16042 19707
16177 16713 19780
15896 16694 19790
15780 17596 19454
18078 17088 18761
17711 15922 19316
17506 17040 19121
17286 17072 19220
15682 15980 20118
18991 17989 17918
18342 16203 18848
16831 19156 17975
18366 18967 17809
17878 19570 17245
17324 17613 19073
17453 18647 18384
16347 18923 18310
18559 17048 18563
17349 18776 18296
16551 20618 15388
17745 20180 16332
19227 19630 15801
16281 18370 18834
15294 16996 19756
15390 16885 19749
17890 15447 19248
15990 15834 20284
18890 18871 17485
16520 20419 15890
20093 18017 17077
18657 17400 18391
17772 17303 18972
16997 20105 16976
16736 16872 19549
16951 20485 15680
15271 15188 20406
18644 18883 17665
18548 19059 17408
15937 16228 20054
18498 17447 18498
17418 18066 18657
19434 18401 17355
15378 16410 20031
17915 16520 19070
17872 16597 19124
17855 20215 15751
18141 17192 18748
18218 18390 18190
16855 20712 14790
16650 20765 14111
17093 19377 17664
15609 16762 19793
17502 16142 19392
15738 16738 19795
18263 16820 18727
15917 16616 19959
17487 18862 18186
17061 16038 19725
16627 18516 18608
19383 18291 17552
17950 18049 18504
20676 17922 15863
17716 19921 16589
17326 16627 19312
15927 18125 18981
17622 18914 17947
16677 16285 19723
19833 17823 17390
18424 18915 17764
17265 17026 19247
16809 15793 19754
20359 18738 15452
20100 19192 15096
17502 16882 19177
20799 17377 15270
20750 17422 15501
16760 18617 18560
20813 16518 15837
18079 20076 15778
17803 20515 14072
19366 18408 17444
16733 17043 19400
16686 18723 18363
15610 17652 19306
14989 16687 19911
18565 18469 17987
14769 16798 19811
17027 17930 18848
16099 16810 19743
15244 15749 20317
20713 17492 15859
18989 16964 18253
20308 15635 17214
17091 18189 18789
18900 19876 15596
20132 19105 15035
15352 16266 20116
15396 20924 13891
20836 17307 14912
19663 19179 16099
18780 17107 18355
17535 20386 15793
17499 17407 18962
17478 18895 18040
17055 17897 18870
20823 16640 15826
18748 20168 14917
14812 16079 20244
20006 18579 16407
16144 17897 19087
18426 20003 15681
17402 17365 18997
17111 17344 19123
16077 19111 18143
15300 16507 19994
15693 17629 19310
19038 19080 17286
20631 18091 15458
17477 20701 14280
16734 18962 18177
17701 17453 18820
19267 18039 17684
17645 16695 19143
17562 18174 18595
16663 18349 18637
16384 18726 18482
19028 19772 16051
17345 16297 19457
16583 17260 19520
18354 19792 16552
17217 20073 16877
18045 18103 18400
20147 19042 15657
17153 18249 18698
16933 19466 17668
17998 18422 18289
16421 18562 18561
19588 19575 15165
17348 18944 18141
14822 16404 20041
18460 18766 17744
17965 18842 17901
15822 17605 19312
19609 18835 16883
16686 18784 18333
17615 17780 18825
15489 17881 19136
16573 18136 18865
15535 18285 18867
18225 16022 19001
17860 17820 18656
14562 16919 19772
20149 18738 16290
19892 19168 15639
17184 16562 19448
15843 18139 19033
14691 16895 19774
18374 15962 18855
18007 16162 19058
16548 17451 19271
15848 20839 14311
14714 15649 20438
18094 18818 17903
16930 18391 18615
16297 16556 19818
15689 16815 19751
16647 19982 16997
15818 16791 19753
17719 19689 16960
16407 17005 19655
15849 17650 19271
19209 18091 17729
16831 17395 19228
17188 20730 13838
18113 16408 18984
16271 18078 19014
20876 16673 15385
19234 19676 15629
18640 19356 16945
17565 17424 18933
16218 20924 13457
18739 19684 16315
16013 17246 19547
18265 18071 18301
18132 18471 18138
17059 19057 18143
16109 17135 19540
20800 15975 15926
15372 15207 20290
15235 16765 19832
18466 19347 16996
17653 17278 19005
17785 17392 18834
15966 17151 19555
15753 17761 19278
19205 19351 16497
18441 20249 14807
18406 20210 15369
20745 17430 15402
19544 19527 15254
15515 16883 19778
17837 17523 18784
16197 17503 19317
17326 15520 19532
16097 16660 19822
17840 18090 18451
16464 18037 18996
15603 17251 19555
18241 17605 18586
17652 16629 19223
17165 17246 19237
15255 17398 19509
17167 15567 19639
17073 15768 19704
16104 15653 20131
15384 17374 19511
16054 18737 18417
19198 19899 14852
16513 17352 19318
17691 17782 18779
17530 20450 15190
18760 19979 16040
16605 17363 19282
16354 17399 19425
17192 17808 18922
15218 18439 18678
20663 18029 15001
18661 17558 18335
18107 15348 19096
18088 18616 18004
16956 16876 19531
15472 17742 19288
15120 16196 20178
19295 18489 17394
18775 18392 17932
18591 18275 18011
16208 18144 18971
19833 18841 16269
17489 20288 16172
19807 19340 14474
19272 19370 16307
18103 17694 18568
16873 19409 17763
19234 19576 15677
18038 18778 17995
16865 16848 19551
20015 18961 15905
18617 16996 18518
16065 15686 20027
15732 17227 19557
15770 17900 19126
18460 17949 18318
16040 17081 19723
15762 16033 20076
16565 18399 18721
16568 19731 17288
19728 18829 16565
19289 17362 17939
18209 17172 18721
17969 18611 18180
16746 17002 19411
16923 17834 18906
17135 20519 15501
19169 19513 15872
17675 17837 18730
17176 16844 19432
16168 16580 19816
18188 18599 17887
18035 20093 15788
16046 16592 19961
19687 17562 17776
19327 17533 17875
18979 19320 16789
18883 17902 18211
16377 20322 16156
16211 19206 17980
17812 17231 18898
15364 16741 19834
17848 16164 19198
17462 16478 19304
15759 17272 19516
16012 18702 18489
15484 16234 20043
19229 17703 17824
19021 18380 17752
17330 19994 16548
19783 18335 16928
17588 16728 19160
17171 19280 17701
19461 19209 16094
18203 20382 14364
15308 17004 19739
17167 19145 17913
17048 19111 17976
17778 16690 19075
17290 15669 19552
15890 16781 19783
19944 18759 16384
17818 20117 16282
17534 16597 19242
17384 15468 19487
17408 19001 18046
16019 16757 19785
18318 19823 16421
17534 18935 17948
16607 20412 16046
19132 19414 16547
16427 16617 19750
15177 17495 19472
15425 16505 20023
20850 16401 15433
20218 18276 16505
19418 18978 16940
17941 20160 15942
17677 18153 18494
16505 17357 19483
16397 20227 16608
19172 18990 17120
17685 19380 17386
18300 17145 18641
18219 19395 17099
18052 19939 16498
16688 16422 19714
19688 18977 16498
18852 19466 16636
17935 17875 18612
17424 16979 19140
17868 18648 18103
17560 16830 19132
16856 18027 18874
15437 16980 19741
16988 17995 18827
16470 17548 19234
16298 16641 19748
16817 16922 19405
16566 16958 19548
16476 20790 14583
20822 16726 15517
18495 17183 18581
18029 18046 18463
17717 18625 18220
16621 16669 19596
15165 17020 19754
20016 18455 16678
17390 19860 16850
15813 16675 19915
15150 17660 19296
16045 20819 14765
19894 18515 16899
19765 18539 16897
19147 17789 18087
20810 16097 15915
18786 19399 16691
16807 18690 18322
17576 15680 19412
16202 20947 13202
18108 19333 17279
17796 15648 19313
16558 19533 17693
16277 17556 19275
15525 17348 19518
15617 20880 14052
14792 15423 20341
19922 19105 15873
17829 17114 19006
16875 17723 19156
15281 17169 19563
19564 18319 17210
16468 17629 19240
15730 16349 20015
20061 18936 16132
18961 19120 17229
15859 16325 20017
20027 18136 17162
19504 19084 16465
18830 19561 16493
18731 18509 17749
17730 18714 18082
16483 19807 17341
15578 16039 20074
15327 16075 20217
17939 16011 19141
17859 18690 18084
17443 17162 19093
15618 21046 13089
16690 16244 19734
18318 17677 18531
17813 20302 15649
19739 18024 17455
18529 19990 15728
20276 17940 16947
19051 17965 17830
17854 16285 19144
17401 17055 19134
17397 18895 18068
17195 18384 18560
16631 19785 17107
16485 20816 14004
20375 18751 15426
19025 19418 16410
18187 18168 18264
17977 18001 18503
16951 19312 17800
19781 18833 16530
18689 17115 18456
17990 18199 18351
17335 19065 17952
15601 20903 13797
18427 19729 16502
18254 17354 18665
17504 16250 19350
17337 16764 19303
20352 19021 15563
19699 18941 16382
17324 18360 18562
19696 17254 17797
16469 20839 13749
16617 20195 16509
19062 16960 18271
17715 17907 18711
20093 18326 16538
19169 18589 17553
15231 15464 20321
18747 18051 18219
14790 17891 19161
20027 18419 16562
19642 18984 16326
19474 17918 17723
16423 20903 13363
16377 19509 17829
15683 17304 19513
20048 17845 17084
19837 18544 16652
19687 19483 15725
17499 19721 17059
15812 17280 19515
16191 17992 19079
20810 17035 14960
19213 19448 16164
19078 19871 15505
15963 15999 20108
20369 17295 16807
18396 20088 15380
17050 17043 19284
16759 18659 18457
16190 19600 17533
19426 17998 17661
18108 20029 15882
17870 19847 16899
17755 16308 19163
17088 17867 18878
19244 18155 17689
17234 19912 16755
17188 19033 18145
16611 19188 18074
15017 21002 13684
20165 18022 16832
20090 19070 15107
19554 19200 16113
17289 18077 18703
17136 17050 19245
15218 16626 19984
20736 17845 15449
20287 17904 16831
19320 19521 15868
19026 18036 17802
18508 19313 17133
18363 20063 15615
15104 17256 19565
15193 15414 20503
16588 20852 13470
16333 20155 16708
17963 18613 18040
17872 16022 19138
17712 17673 18809
17414 20460 15367
18092 18589 18042
18120 18038 18362
17543 20606 13586
16892 17350 19227
16829 18042 18934
16103 17624 19302
18324 19359 17181
17693 16964 19078
17361 20017 16540
16871 20721 14272
16220 16738 19711
15381 16222 20064
20717 17976 14869
14853 20828 14441
19533 18972 16648
19213 19836 15474
17669 18213 18494
17510 18746 18181
17208 17169 19183
16510 16200 19871
16321 18779 18395
15087 17117 19717
20482 15835 16991
18211 16540 18894
17644 18707 18121
16639 16176 19873
16055 15745 20036
16120 20552 15598
14470 14743 20552
19263 19810 14604
18013 15549 19161
16775 16027 19865
16684 20593 15133
19848 19233 15347
19621 19144 16171
19371 18492 17298
18560 18627 17692
18223 18098 18309
17700 18253 18464
17670 15479 19347
16777 19751 17228
16697 19707 17290
16787 20311 16437
16324 19854 17448
18633 16967 18465
18535 19724 16269
18382 17003 18608
18147 20071 15781
17557 20568 13610
17144 20786 13154
16351 16247 19978
16946 19345 17857
15092 16781 19847
20033 18294 16556
19169 15988 18283
18365 18163 18173
17890 19491 17331
18031 18275 18324
17830 20038 16368
16480 16223 19980
15221 16757 19849
19802 19258 15120
18380 20037 15480
16993 18338 18702
15970 16834 19741
15748 20672 15052
20369 18860 15441
19793 18457 16917
19699 18658 16982
18612 18955 17629
18416 16844 18687
17775 18216 18388
17228 19802 16968
16004 20951 13357
15347 16602 19986
20612 18506 15832
18376 18989 17618
17208 20456 15451
16939 19714 17232
15403 20907 13952
19488 18060 17598
18794 19884 15668
18664 18603 17756
17874 15857 19183
17639 18722 18183
16525 16969 19578
16107 20637 15434
16507 20504 15726
20501 17145 16712
19408 19693 15391
18820 18112 17961
18790 17534 18337
15249 16172 20180
18323 18019 18256
16772 19895 17077
16209 20898 14036
15823 21025 12995
18081 19713 16790
18112 19249 17490
17617 17555 18883
17544 20653 13446
17387 18903 18141
16920 18402 18608
16395 17390 19333
16387 20444 16145
15887 20668 15120
19993 18943 16221
19560 17225 17910
19098 18028 17817
18471 19891 16304
17838 18224 18361
17770 18231 18450
17606 19717 17196
17480 17268 19034
17363 18304 18599
16756 17321 19340
15584 20498 15809
19401 16858 18074
19150 16894 18217
18988 17422 18251
18881 19460 16414
18358 19399 16994
18244 18196 18214
18189 20420 14340
17967 18200 18363
17738 18380 18309
16868 20627 14954
18659 20024 15500
17887 20489 14355
17757 19355 17589
17613 20137 16520
17043 19690 17296
15943 20462 15778
15484 18403 18676
16243 20738 14773
19109 17913 17785
18985 19383 16596
18619 19516 16790
18479 19613 16794
18249 18648 17886
17954 20338 15599
16517 18971 18169
19473 19519 15685
19500 18468 17300
19141 19685 15610
18462 20194 14892
18259 17030 18696
17892 19281 17589
17484 18271 18558
17498 15907 19474
17186 18297 18684
16613 19942 17184
19798 19369 15704
19678 18463 17209
19577 17705 17777
19288 16741 18124
19348 18095 17624
19256 17655 17823
18916 19458 16270
18922 16981 18290
18872 19475 16280
18663 19758 16087
18065 19704 16816
18046 19443 17325
18035 19271 17445
17508 16408 19294
17426 16347 19313
17348 19825 16922
16271 20843 13904
19044 16648 18291
18579 17498 18338
18056 19465 17134
17424 18949 17893
17388 20355 15842
17260 17300 19133
16902 20467 15691
16727 17015 19436
16609 20765 14328
15911 17105 19721
19303 18499 17387
18195 19383 17179
17993 20058 15860
17943 20473 13878
17250 18142 18682
16597 19477 17730
19167 19024 16807
18443 20068 15223
18406 19677 16700
18001 18962 17871
17490 20616 14444
17192 17198 19236
16895 17986 18874
16184 20376 16177
15952 20002 17027
16162 17069 19578
20361 17442 16851
19807 18017 17366
19287 17651 17779
19249 18227 17597
17317 19629 17460
15991 18263 18881
20290 18566 16244
19900 17833 17326
19905 19131 16008
19547 19154 16285
19186 17546 17942
19073 19926 14319
18413 20176 14903
18043 19586 16945
20085 18587 16338
19700 19152 16102
19387 17164 18090
19344 18508 17301
18632 19708 16408
18559 19675 16517
17993 17362 18764
17357 20641 14699
15756 19562 17715
15605 17401 19476
15167 17170 19675
20212 18692 16123
19473 18484 17303
19200 19536 15864
19057 19194 16910
18743 18464 17896
18575 18218 18074
17878 16410 19076
16665 18169 18843
15526 18293 18844
19747 19449 14291
19353 19733 15030
19318 17641 17792
19074 19168 16775
18222 19749 16740
16987 16500 19705
15505 16558 19981
14956 17622 19317
20298 16899 17272
19538 19169 16151
19477 19222 16068
19442 19032 16477
19282 17309 18054
19130 17797 17802
19397 19138 16785
18801 16968 18370
18712 17084 18429
17563 17452 18888
17000 16589 19567
16817 18083 18837
16209 20930 13263
16045 19650 17451
15949 18159 18910
20883 16253 15285
19773 18631 16669
19447 19127 16409
19418 17160 18046
18843 19326 16811
18674 19621 16510
18274 19634 16888
17930 20558 13714
17435 17116 19131
16901 19134 17961
15326 20968 13419
14978 17188 19577
20027 19256 15002
19533 16708 17979
18807 18512 17653
17706 19442 17335
17578 17620 18862
17206 19089 17950
16753 17023 19408
15990 19241 17960
15407 16128 20175
20151 18745 16040
19825 18516 16817
19766 19310 15804
19731 18717 16882
19440 19081 16581
19398 19395 15989
18936 18488 17655
18866 17600 18239
18019 19606 17195
17913 20087 16038
16876 20657 14875
15075 20950 13639
19990 18532 16517
19875 19194 15214
19517 18849 16783
18210 20365 14425
17503 17565 18906
20231 17146 17154
19860 18650 16554
19772 18848 16396
19400 18217 17504
17900 18070 18461
17757 20508 14991
17746 20346 15369
17466 17112 19087
17215 17148 19230
17200 20200 16436
16790 19666 17392
16311 18790 18388
16162 15601 20086
15905 17832 19139
14739 15840 20337
20792 16861 15697
20322 17713 17080
20166 18717 15896
20072 18918 15961
19301 18801 17192
19184 19299 16695
18873 19892 15599
18434 19402 16898
17893 18719 18046
17145 20302 15964
15896 17745 19263
15643 20860 14405
20430 17453 16788
19937 18313 17063
19895 19213 15190
19734 18750 16631
19704 18855 16485
19127 19509 16013
18703 20007 15490
18563 19378 16900
18514 20185 14901
17940 19121 17580
18094 20395 15270
17486 17085 19039
17440 18768 18195
20479 18223 16220
20059 18195 17062
19740 18344 17150
19674 18760 16826
19425 19533 15572
19228 17761 17874
18080 16456 18934
17934 19680 16864
17735 16736 19124
17449 18245 18593
17288 20372 15959
16825 17367 19264
16649 19781 17144
16642 20844 13093
14770 17271 19528
20378 18378 16457
20249 18402 16455
19869 18320 17152
19864 18967 16219
19642 19002 16271
19460 18892 16727
19006 17982 17914
18723 19490 16634
17918 19673 16865
17881 17277 18822
16997 19719 17129
16827 20639 14886
16714 16604 19695
16632 20814 14196
16193 16615 19774
15990 18755 18409
20909 16525 15237
20472 18177 16392
20063 18933 15827
19678 19498 15591
19481 19629 15485
18362 20263 14649
18161 20347 14436
17954 20441 13521
17948 15395 19203
17854 15596 19268
17740 20244 15729
17581 18164 18542
17541 17514 18921
15478 16723 19805
20400 18396 16141
19777 18334 17052
19410 18307 17374
18911 16883 18321
18842 19468 16384
18691 17223 18414
18660 16919 18464
18680 17921 18317
18523 19802 16327
18419 18573 18039
17782 20520 13889
17708 20490 15002
17706 20189 16020
17505 20273 15807
17501 20584 14087
16037 18399 18769
15861 20690 14972
20062 18228 16811
20032 18333 16665
19677 18793 16575
19492 16876 17961
19479 18539 17186
19315 18808 16962
18799 20081 15171
18704 18467 17798
18592 20175 14256
18555 18424 18031
18418 19003 17425
18255 20323 14275
18207 19761 16601
17593 20334 15748
17533 16874 19264
17107 20446 15597
16904 20229 16402
16828 20348 16015
16697 16124 19828
16429 19813 17243
16311 18304 18837
16264 18861 18361
15274 16363 20079
15030 17439 19487
20068 17822 17330
20042 18261 16702
18579 17497 18354
18507 18498 17885
18440 20023 15672
18379 20076 15589
18242 18088 18256
18198 20037 15766
18145 18195 18272
18139 20318 14822
18112 17629 18584
17723 19967 16417
17651 19878 16623
17213 20544 15154
16523 17897 19056
16393 18837 18363
15436 20954 13490
15310 20991 13164
20842 16973 14503
20192 18445 16399
19393 19457 15962
19347 18418 17362
18715 17348 18346
18636 18474 17887
18369 19482 16874
18065 20009 16290
17780 17666 18720
17050 19736 17124
16356 19001 18284
15528 20704 15151
15014 16878 19810
19669 18989 16173
19149 19557 15839
18535 20130 14986
18302 16513 18814
17658 19602 17344
16961 18705 18315
15536 17976 19128
20307 18540 16109
20105 17812 17232
19833 19300 14549
18255 18679 17843
18198 19035 17524
18138 19640 16910
17917 18638 18039
17771 18790 18055
17735 18932 17935
17561 19236 17742
17090 18681 18317
16988 20488 15550
16595 19369 17772
16502 20600 15399
16479 18844 18324
16444 20205 16458
15923 20667 15116
20323 18418 16096
19938 18983 15860
19588 17139 17810
19567 17278 17795
19556 18053 17509
19549 18487 17207
19007 17435 18185
18652 18682 17670
18384 18655 17845
18350 17617 18514
17497 18885 17987
16949 20594 14825
16945 19777 17039
16608 18820 18326
15838 20650 15131
15259 20717 14848
19610 18048 17453
19413 19207 16287
19359 18084 17596
19279 16861 18119
19122 19571 15986
18835 17976 18065
18693 19709 16088
18641 19596 16745
18570 17566 18436
18511 18541 17848
18441 18165 18127
18381 18088 18178
18076 19345 17399
17941 20526 13357
17480 18285 18563
17438 17295 19042
16942 17968 18868
16851 17375 19236
16812 18908 18175
16756 20191 16577
16348 20550 15420
16318 17090 19539
15886 18560 18638
15723 20494 15877
15576 21011 13161
15291 15844 20309
20751 17581 14915
20088 17332 17365
19675 17896 17542
19627 19136 16207
18964 17952 18067
18801 17155 18307
18696 19295 16860
18463 18615 17702
18427 19728 16646
18124 16757 18848
18082 16545 18913
17929 17574 18657
17832 17681 18673
17733 17704 18692
17665 18819 17997
17607 18397 18432
17488 20669 13923
17332 19778 17032
16227 19025 18282
15979 20461 15774
15786 16840 19739
14975 20967 13756
20632 18250 14872
19221 18893 16967
19137 17362 18105
18352 20050 15687
18095 19251 17455
17432 18910 17985
17219 18968 18139
16284 18469 18661
16118 20457 15842
15932 20980 12654
15479 20686 15162
20210 17381 17147
19712 16660 17812
19620 19090 16379
19159 19376 16270
18982 19797 15824
18878 18060 17916
18432 18714 17769
18407 20195 15033
18287 16868 18685
18245 18116 18219
18221 20333 14068
17981 18126 18401
17906 19295 17443
17845 18799 17984
17735 17514 18817
17333 18019 18665
17323 15400 19550
16713 18523 18569
16541 19755 17296
16188 17511 19294
20317 18704 15827
19892 17797 17390
19476 17286 17896
18881 18003 17863
18644 19629 16494
18221 18197 18226
18048 18147 18306
17768 20476 14634
17242 18212 18672
17110 17278 19158
16842 18499 18571
16368 18421 18629
16128 20582 15519
15901 17920 19096
15804 18027 19112
15757 18584 18636
15581 20947 13764
20567 18025 16378
20182 18590 16142
19724 18862 16283
19509 19281 15968
19356 19250 16231
19218 19645 15667
19157 19698 15584
19079 17919 17864
18977 19133 17203
18859 20067 14803
18459 20080 15181
18151 19520 16955
17938 18442 18279
17928 15823 19164
17821 18721 18011
17387 18429 18531
17124 20589 14889
16726 19453 17732
16365 20922 13649
16200 19296 17861
15759 20493 15873
19820 19385 14385
19471 19331 16083
19381 16432 18135
19282 16744 18122
18684 17267 18384
18416 20096 15271
18434 18209 18097
18352 17706 18493
18006 20223 15747
17902 18299 18322
17694 18812 18010
17595 18372 18465
17550 19476 17550
17491 15954 19415
17266 19716 17206
17065 19800 16993
17009 20433 15635
16842 19702 17242
16830 19843 17032
16523 20545 15484
16449 16599 19806
15764 20878 14244
15095 20543 15605
20271 18729 15600
19579 16481 18112
19289 19311 16399
18050 20047 15787
17762 20323 15624
17767 19377 17398
17660 17478 18829
17530 20691 13422
17050 19740 17122
16578 16575 19808
16262 18087 18889
16150 19047 18237
14726 21090 13051
20506 17456 16692
19948 18568 16559
19854 18769 16624
19831 19221 15556
19533 19590 14775
18723 18100 17971
18713 19292 17039
18063 19430 17235
17864 18908 17937
17184 19513 17509
17161 20279 16219
17107 16854 19318
17005 16931 19292
16770 20559 15118
16645 20729 14360
16641 18044 18911
16473 18124 18872
16391 18063 18891
20635 17432 16694
19491 18937 16720
19333 19591 15660
19209 17481 18043
18740 19703 16175
18376 17625 18486
18224 18999 17522
18152 18766 17858
17839 19564 17286
17354 19888 16729
17343 19884 16831
17276 18162 18601
17131 19790 16978
17065 20227 16293
16602 18100 18874
16579 20339 16142
16135 17599 19341
19630 19512 15478
19305 18611 17383
19244 18830 16945
19071 18932 17138
18549 18412 18050
18236 19507 17043
18092 16991 18874
17810 20498 14133
17493 20351 15865
17405 18138 18603
17283 20463 15095
16973 18008 18838
16960 19132 17977
16560 17447 19310
16120 18239 18883
16079 20564 15530
15069 16740 19869
20577 18189 16096
19854 19218 15754
19753 18888 16250
19760 19419 15819
19492 18112 17431
19466 18128 17445
19368 19453 16014
19200 16897 18146
18983 16621 18377
18819 18311 17907
18104 19391 17280
18026 18823 17848
17809 18443 18290
17250 19925 16729
17016 17678 18969
16666 19597 17565
16642 20558 15205
15843 20903 13708
20002 18224 16815
19448 17729 17775
19345 17242 17947
18670 18903 17584
17938 18419 18292
17695 16332 19251
16964 16870 19333
16960 20415 15646
16863 19602 17486
16795 19573 17567
16688 18107 18835
16667 20713 14283
16181 20825 14132
15092 21023 13344
20145 18854 16055
20080 17085 17450
18166 16484 18927
18080 15539 19081
18007 17994 18550
17911 20168 15926
17710 20252 15713
17634 20371 15326
17485 16934 19139
17234 16970 19282
16641 19667 17382
16394 18654 18519
16359 20371 16241
15777 18192 18936
15318 16291 20037
20532 17708 16642
20380 17432 16798
19936 18972 15974
19725 18616 16965
19329 17423 17825
19036 18212 17755
18412 19740 16507
18283 19341 17194
18279 19091 17464
18167 19042 17466
18059 18910 17826
18013 17316 18813
17964 19646 16834
17810 18025 18637
17677 18879 17945
17598 20149 16381
17513 18704 18289
16888 20505 15667
16740 19164 18076
16621 19116 18111
16591 17443 19266
16449 20883 13716
16242 20977 12801
19958 18990 15658
19892 16200 17726
19748 17833 17492
19641 16236 17869
19431 17249 17908
18901 17611 18163
18792 18119 17922
18722 16816 18413
18599 18343 18006
18597 15737 18792
18500 19665 16596
18265 15636 18996
18140 18488 18137
17806 18855 17947
17736 18479 18226
17642 18680 18291
17265 16416 19561
16880 18152 18806
16750 19092 18113
16722 19717 17238
16604 18208 18832
16427 20772 14594
16217 20884 13824
15172 16834 19805
19844 17075 17649
19794 17606 17625
19715 18938 16365
19504 17740 17659
19424 18098 17528
19409 18171 17389
19363 18498 17248
19309 17261 18053
19145 19414 16276
18854 19778 15975
18784 19845 15742
18612 19792 16069
18284 19056 17427
18269 18464 18139
18222 19021 17663
18137 17921 18470
17991 19609 16959
17899 19621 17191
17750 16775 19112
17536 17647 18870
17370 20437 15486
17136 19225 17768
17070 19655 17223
16831 18670 18424
16686 18741 18358
16271 18045 19037
15616 20840 14419
15301 16810 19807
14405 17266 19590
14130 16228 20117
