60 3
22191
745 498 495 312
821 797 525 623
717 86 500 389
641 10 423 226
781 392 732 350
744 470 421 336
751 745 995 247
744 121 240 683
657 257 675 546
735 863 941 258
808 82 146 202
760 657 619 939
828 334 594 148
786 410 558 785
688 556 400 896
625 288 414 751
789 108 28 461
717 941 337 829
696 795 452 441
774 332 188 2
834 955 251 23
697 804 698 905
716 671 4 54
716 772 450 951
662 95 499 831
696 374 987 638
788 879 269 317
826 46 424 5
623 128 80 458
643 419 689 783
716 140 797 938
781 506 456 201
734 952 926 196
840 917 356 843
751 259 504 64
663 116 824 718
653 643 500 59
769 58 271 186
774 369 934 212
779 579 992 681
717 435 644 932
755 636 469 711
686 626 482 703
838 256 570 790
641 417 99 850
712 619 482 879
701 526 514 664
843 229 218 26
653 383 731 366
800 204 639 547
750 323 341 835
692 171 906 108
793 193 681 938
735 522 122 99
769 653 776 849
671 412 66 371
824 843 982 427
774 927 753 807
736 234 376 897
824 716 259 447
3294
16212 17812 22848
16328 21246 19097
16202 19820 21544
15870 21099 19789
16089 21194 19552
16072 20396 21015
16385 20524 20891
16095 18584 22609
15450 21492 18457
15521 18616 22702
15372 21453 19052
19979 17933 18987
19296 18931 19174
19323 18572 19547
19326 18201 19826
19053 19104 19532
19011 19174 19396
18950 18456 20254
18875 19464 19197
18710 19614 19363
18416 19880 19296
18214 19677 20227
18039 18442 21464
17909 19503 20641
17952 18958 21336
17674 20626 19225
17411 19884 21026
17330 19364 21565
17238 20364 20378
17475 20575 19813
16840 18292 22453
16996 20448 20445
16857 18606 22304
16875 21044 19515
16891 20025 21090
16477 18707 22383
16380 19691 21660
16802 20911 19848
16965 19015 22021
16652 20549 20673
16546 21071 19413
16156 19227 22167
15762 17915 23135
15833 21354 19117
15014 17628 23486
16004 19494 22052
20162 17477 18884
20096 17811 18595
19503 18923 18653
19357 17940 20031
18945 19508 19107
18736 18221 20774
18530 19263 20257
18380 18394 21044
18113 18487 21396
18060 20451 18738
18201 20302 18566
18051 19667 20357
17698 18410 21742
17696 20401 20055
17536 18234 22027
17425 19681 21180
17329 18717 21910
17053 20201 20805
17212 20184 20535
17068 18134 22457
16907 18063 22498
16918 19643 21490
16961 20894 19578
16568 20148 21118
16611 20925 20100
16860 20286 20885
16302 18515 22558
16220 20229 21226
15990 20930 20009
15892 18411 22780
15518 21338 19440
15674 21371 19387
15406 21537 18786
19404 18033 19844
19178 19450 18381
19057 18939 19598
18166 20443 18312
17907 20568 18499
17813 20387 19450
17457 20749 19378
17278 18071 22107
17348 20414 20237
17364 18644 21994
17191 19487 21499
16936 20693 20162
16826 18867 22099
16841 20376 20547
16650 21121 19214
16696 19077 22244
16059 21308 19320
16066 21339 18668
15792 20961 20033
15979 21239 19505
15532 20940 20203
14975 21045 20054
14972 21345 19595
19819 18509 18683
19292 18833 19342
19183 18764 19429
19448 19211 18228
19092 19341 19044
18831 18538 20389
18564 18631 20741
18457 19504 19869
18349 18655 20839
17652 18876 21529
17492 19452 21225
17557 18559 21914
17137 19449 21645
16792 19499 21615
16446 21238 18589
16711 19931 21416
16695 19991 21220
16162 18355 22654
16300 17692 23030
16666 19520 21718
16546 19636 21751
16113 20020 21588
19217 18363 19902
18551 19937 19100
18027 20381 18878
17708 20517 19087
17824 18466 21562
17465 19922 20880
17428 20893 18662
17168 19188 21850
17074 21095 18927
16884 20762 19919
16570 21052 19399
15978 20848 20267
16208 18757 22543
16426 20148 21464
15846 21118 19803
15731 17497 23200
16114 20836 20150
19967 18126 18496
19074 19515 18609
18615 19931 18708
18394 20105 18466
18355 19528 20055
18343 18303 21162
18102 19418 20561
18183 19938 20022
17913 19994 20148
17464 20780 18726
17592 20083 20456
17249 19708 21311
17030 19902 21156
16130 18511 22693
16231 21055 19736
15799 17986 23017
16630 19411 21955
16141 20787 20530
15950 21168 19604
15882 19124 22306
19520 18349 19086
18781 19840 18561
18270 20038 19185
18143 20337 18757
18090 18223 21598
17752 19507 20760
17348 20824 18847
17342 20646 19472
17317 19543 21319
16999 20163 20951
16722 18346 22442
16649 20643 20306
16369 18286 22603
16261 20941 19968
16123 20588 20603
16219 21312 19231
16147 20569 20589
15193 17720 23305
19853 17877 19167
18848 18480 20440
18282 19718 19866
18146 20220 19176
17732 19696 20617
17231 20838 19452
17105 20988 19029
16700 18132 22549
16779 19766 21424
16427 19238 22126
16352 21284 18444
16311 20681 20406
16179 21139 19540
16104 19535 21976
16007 20661 20583
15679 18951 22477
15377 21138 19868
19593 18108 19474
18814 19112 19956
18343 19238 20327
18254 18338 21224
18021 19762 20307
17929 20343 19329
18019 18729 21381
17156 18335 22106
16808 20355 20642
16359 21138 19426
15942 17868 22974
16161 18250 22898
15605 17441 23380
15949 18895 22351
19088 18678 19803
18885 19118 19576
18690 18687 20561
17721 19768 20555
17562 20675 18976
16775 20622 20203
16512 20231 20925
16700 20890 20038
16411 21069 19669
16285 18912 22266
16341 21010 19783
15761 21471 18550
19826 18275 18668
18456 19399 20113
17627 19509 21029
17269 20656 19575
16858 19253 21959
16605 21221 18319
16339 19931 21514
19705 18243 19141
17843 20574 18891
17544 20449 19673
17631 18639 21697
17209 17985 22285
17169 19293 21606
16931 21008 19346
16879 21077 19103
16505 20678 20329
16368 18181 22847
19313 19507 18185
19122 18046 20287
19070 18530 19965
18874 19577 18909
18296 20220 18996
17939 19408 20691
17673 20102 20406
17456 19420 21385
16838 20092 20992
16478 17614 22740
16831 19635 21559
15888 17971 22955
19203 18566 19748
18909 19665 18775
18646 20040 17878
18573 18677 20581
17933 20501 19038
16761 20063 21038
16508 18864 22284
15626 17480 23272
15621 18400 22821
17617 18949 21445
17802 20164 20017
17072 20855 19722
16587 18662 22430
16387 21088 19683
15980 21054 19836
15357 21282 19528
18648 18815 20436
17531 19588 21169
17316 20502 20134
16180 17968 22887
16458 20193 21071
18737 18780 20374
18595 18370 20946
18208 18804 21011
17311 20907 19267
16300 21353 18201
19219 19074 18954
18674 18938 20218
17479 19719 21034
16317 19283 22079
15999 19647 21715
18561 19002 20462
18224 19633 19981
15407 20875 20218
15469 17006 23517
19229 19220 18719
18382 19989 19434
18303 20251 18344
18297 18769 20949
18079 19119 20912
17947 20169 19764
15351 18055 23080
20268 17809 17813
18004 20526 17994
18135 18681 21289
17396 20571 19949
16756 19467 21775
18529 20162 18270
18231 19103 20660
18082 20226 19568
16352 17558 22920
16697 19182 22000
14600 17834 23229
19456 18355 19478
18768 19814 18947
18569 19763 19535
18318 19995 19826
17975 19257 20985
17988 18990 21176
17929 18152 21639
17344 20640 19706
17022 19961 21089
16704 21164 18586
14883 16699 23636
18438 18620 20777
18242 19164 20633
17791 20612 18620
17544 20849 18541
15734 21111 19906
19472 19184 18448
18332 19229 20406
18020 19928 20152
16765 19969 21270
19795 18536 18463
18082 18748 21191
17396 19030 21854
17272 20007 20960
16598 21190 18971
20250 17414 18411
19556 18807 18653
19216 18033 20116
18941 18845 19866
18657 19700 19062
18183 19437 20511
17953 19063 21092
17782 19342 21065
17095 20676 19892
16335 21157 19440
19235 18380 19799
17801 20059 20261
17204 19220 21690
16211 17707 23092
17706 18914 21383
17759 20290 19907
17832 17684 21812
17041 20963 19393
16790 18835 22259
17580 18858 21563
17697 18305 21986
16184 18569 22547
18916 19088 19770
18950 19788 18227
17399 20168 20536
17508 20308 20252
17112 21019 18377
18985 19647 18481
17791 18887 21377
17504 18390 22066
16426 19631 21809
15682 21006 19986
15565 21231 19671
18850 19191 19492
19678 18658 18855
18688 19056 20136
18470 18873 20726
18136 18786 21045
18104 18942 21084
18079 20343 19149
17921 19219 21131
17490 18788 21869
17249 17335 22307
17442 19623 21231
16070 20999 19824
15554 18228 22909
18676 18766 20408
18702 18853 20290
16043 21378 18533
19377 18867 18833
19111 18225 19924
18767 18733 20301
18366 19160 20464
15598 20964 20110
15035 20815 20384
18283 20321 17920
17523 19191 21430
17660 19273 21268
20073 17512 18946
17946 19914 20369
17697 20732 18780
17107 19712 21295
17622 19417 21320
16725 19728 21570
15213 21470 19322
18741 19353 19568
18619 19270 19958
16637 18119 22624
16759 19096 22054
15196 20871 20296
17783 20501 19218
17594 19607 20979
14292 16886 23742
17908 19398 20885
17813 19081 21270
16581 21240 18333
17513 19087 21518
17397 19135 21610
17105 20588 20161
16474 20489 20829
18769 19255 19833
18309 18935 20678
18088 19621 20407
16746 18534 22438
16391 18480 22496
15241 18100 23033
18885 19692 18555
17491 18893 21625
17069 18239 22213
16671 17396 22749
15638 21169 19660
18474 19446 19920
17897 20604 18194
20510 17140 18103
20102 18183 18300
18070 19574 20600
19101 18269 20170
15920 21454 18280
18301 19490 20201
16692 20956 19801
16592 20300 20740
18230 18998 20904
16337 18442 22642
15681 18040 23006
19379 18498 19258
17129 21006 18209
16155 21348 18454
16875 18219 22537
15436 18282 22898
15459 21596 17987
19002 19197 19107
18179 18188 21536
17626 19905 20784
17159 20955 18885
17250 19813 21067
14814 20989 20142
18821 18771 20155
15913 21423 18932
18633 19757 19143
17812 20282 19694
17720 19663 20799
17286 19804 21114
16409 20754 20397
18262 18842 20865
19583 18341 19240
18230 20437 17920
17007 19608 21428
16840 17878 22621
15057 17285 23442
18800 18994 20038
18435 18946 20642
18320 18004 21513
17242 20974 17978
18343 19362 20326
17569 19784 20807
18823 19896 18337
17157 20519 20404
15673 17930 23197
17732 19829 20528
15440 20608 20657
19028 18288 20272
18856 18698 20239
16899 19349 21732
16064 17025 23281
14741 21295 19701
19461 18781 19008
18383 20320 18159
15782 18456 22733
15478 16718 23400
18799 19923 18117
17781 18122 21862
15387 21168 19760
15374 20584 20750
18943 18673 20056
15658 21025 20000
18691 19913 18414
18289 18265 21308
18276 18532 21117
19646 17992 19474
15277 21213 19713
14931 17229 23622
19938 18185 18415
18918 18546 20217
17018 18677 22263
15917 19051 22390
20048 18646 17957
16831 21132 18245
15080 18044 23121
15573 19235 22183
19790 17858 19357
18048 19380 20707
16237 19747 21628
17268 20101 20728
14576 20889 20229
18898 19262 19335
18437 20071 18824
16515 20113 21402
18469 20089 18597
17127 19191 21736
16997 18352 22376
14966 17098 23500
15133 21401 19507
19801 18683 18248
17757 18695 21517
16320 17651 22861
19965 18012 18834
18415 18321 21128
17623 20752 17989
17034 19907 21047
17019 18782 22019
19233 19192 18872
17861 20400 19326
16633 18361 22504
17491 19347 21469
17126 18544 22081
15893 19713 21673
17591 19978 20700
17335 17908 22194
19498 17791 19859
19286 19076 18872
18869 18289 20606
17727 20140 20260
16879 18800 22197
16668 18288 22588
19155 19080 19346
18330 20111 18858
16582 17715 22701
17558 18428 21920
17037 18395 22252
16509 18032 22675
16316 18651 22471
17047 17809 22570
17481 20767 18558
17318 20938 18615
17235 18959 21895
15975 20262 21042
17849 20663 17915
17222 20974 18424
14841 21263 19740
19754 18912 17890
18698 19324 19635
18137 20308 18958
17546 19490 21079
17610 20632 19617
16735 21176 17920
16600 19674 21605
16408 20322 21029
16153 20325 20953
17751 20483 19445
16334 18813 22363
19552 18602 19035
18975 18213 20350
16534 20600 20348
17675 19175 21178
14865 21415 19362
19252 17706 20184
18808 18239 20740
15306 20826 20343
15363 21187 19774
17129 20224 20662
16904 19846 21336
18722 20022 17584
19637 19034 18282
19452 18257 19646
18443 19707 19715
15678 18140 22931
15776 20677 20564
14332 21152 19868
18223 20077 19396
17856 18719 21511
17744 19566 20693
20208 17946 18262
18682 18183 20920
19157 17973 20371
18910 17984 20565
17459 19049 21664
17937 20221 19821
17538 20464 19665
16479 20969 19646
16430 21308 17802
15029 21083 19908
18165 20112 19587
16113 17720 22912
16096 19143 22209
18952 17914 20701
18596 18929 20546
18078 20072 19649
17950 18477 21526
17761 20726 18388
20127 17550 18800
17398 20063 20780
16270 18194 22667
15527 20239 21043
18635 19925 18232
17925 19611 20537
18101 19313 20805
18196 20329 18544
17970 19967 19902
17574 20735 18773
19884 17616 19372
18248 19045 20711
17985 18404 21610
17720 18604 21635
18825 19378 19309
17639 19143 21338
15480 19989 21643
14232 21184 19829
19114 19456 18773
18962 18622 19983
15471 18209 22982
15034 17587 23317
19495 18982 18586
18713 17922 21125
17740 20644 18626
16845 19432 21713
16626 21140 19228
19624 17847 19679
16809 20464 20444
16720 21094 19373
15589 18155 22993
20649 16531 17836
19430 19385 17793
18547 19988 18705
18167 20365 18041
17997 20495 18646
19938 18309 18414
18424 19758 19788
15002 21082 19945
18706 19516 19531
17964 18079 21723
16929 18257 22391
19117 19098 19140
18615 19297 19748
16265 21184 19281
19368 19589 17575
18911 19833 17864
18646 19126 20000
19689 19031 17994
19076 18902 19670
18992 17937 20491
16832 17467 22708
15298 21540 18075
18977 18041 20540
18248 20263 18355
17658 19749 20745
19850 18248 18888
18997 19602 18302
17609 20184 20105
17297 18873 21949
14338 17343 23546
18746 19995 17804
18260 20323 18152
16031 17853 22912
16001 18826 22594
14934 21597 18249
19330 18299 19658
16051 18283 22788
15123 18154 23022
15046 18676 22637
14782 21645 17867
17799 19600 20573
16162 21379 17802
15140 17684 23306
19104 17768 20491
18976 19725 18064
18897 18251 20374
18114 20481 18041
18196 20221 18757
18574 18045 21059
19464 18423 19375
18157 17994 21643
17526 18820 21709
14962 18098 23110
19335 18725 19188
18706 19856 18430
17863 20631 17853
17157 20919 19272
15973 20880 20126
18306 20419 17626
16441 17543 22858
18596 19348 19821
18623 19809 19200
19583 19268 18032
18501 18612 20931
15503 19787 21781
18237 19475 20365
17094 18700 22120
16373 17883 22807
19163 17741 20246
16772 21025 19616
16767 21107 18609
18355 19027 20544
18161 20163 19192
15200 17167 23399
20309 17557 18385
19633 18371 19041
19126 19512 18321
16789 17646 22650
15095 20876 20274
18199 20104 19176
15689 17258 23256
15926 21187 19618
15685 21507 17913
20570 17003 17654
18642 18463 20759
14928 18730 22626
18605 20144 17976
18592 19561 19673
19711 17537 19649
17300 17981 22110
14804 16506 23642
17474 20767 18734
16825 18762 22343
15537 17495 23334
16462 17868 22745
15824 17922 22963
15728 18547 22651
20079 18385 18162
18469 18359 20982
18383 17893 21365
15639 18562 22713
15505 16293 23407
20032 17817 18987
19092 19681 17943
18553 18498 20821
18500 20198 17767
17670 17508 22097
17426 20457 20181
17033 20300 20730
16090 20855 20164
15139 21038 19955
18929 18679 20137
18976 19247 19312
18733 19412 19501
17743 19461 20937
17735 20344 19506
17131 17626 22446
16539 18603 22489
17895 19706 20487
17784 20338 19582
17555 20807 18150
15797 19563 22103
18381 18908 20788
17322 20139 20582
16885 19152 21874
16919 20419 20491
15555 17984 23186
18939 18323 20334
18834 18362 20522
18626 17705 21175
17681 19547 20883
17077 20850 19457
19954 17471 19077
19419 19270 18147
18845 19671 19167
18253 18233 21468
20381 17455 18004
19361 18038 19863
15998 21478 17638
15784 21473 18040
17507 17498 22227
17303 19746 21165
19331 19333 18620
18202 18452 21334
18412 18647 20993
17638 17664 22136
15069 20716 20632
18413 20206 18391
17205 20631 19939
17035 20615 20002
16529 21257 17682
15497 20969 20088
14830 16663 23637
19724 18192 19068
18245 20346 17760
17560 20239 20495
14609 17835 23213
18217 19182 20507
17142 18126 22185
16665 19338 22039
19449 18885 18799
19315 18068 19906
17358 20811 18855
16953 19570 21574
14570 21252 19781
18856 19751 18474
18843 17582 21022
18670 20013 18098
16845 21131 17967
14342 21139 19876
19233 19532 17771
17674 19070 21422
16743 19775 21377
15377 18071 23030
17070 18108 22219
16896 21064 18935
20242 17314 18746
17292 20253 20350
17285 19709 21253
17341 20793 19499
16099 18342 22729
16050 21409 17881
17640 20739 17821
16752 21163 17752
15039 21070 19916
17831 17579 22056
17548 19014 21602
19460 18894 18720
18619 19146 19959
17934 20395 18918
15460 18470 22894
14663 21501 19000
18542 19413 19738
18403 20106 18450
18019 20270 19476
18042 19028 21030
15818 17187 23170
18190 20463 17747
17386 18838 21887
16227 17035 23151
17684 19176 21162
17538 20045 20602
18384 20157 18523
17787 20649 18147
16639 17552 22788
15265 19157 22220
20061 18559 17727
19201 18614 19559
17717 20518 19071
17321 20587 19818
16726 20504 20571
16622 21208 18151
15610 16857 23345
18390 19455 20139
17685 20762 17751
15268 17656 23216
19231 17929 20067
17974 19335 20775
16602 20401 20738
15650 18301 22801
18793 19956 17593
16113 19085 22260
17856 20600 18505
17946 20064 20008
17335 20925 18447
16828 20802 19947
15202 17721 23289
19762 18056 19140
17632 19198 21297
15342 16283 23537
19069 19864 17225
17661 19378 21024
15981 18396 22718
15846 17261 23146
15748 20532 20680
20634 16648 17777
19068 18008 20433
17944 20286 19345
17552 20727 19033
15253 21232 19727
19778 18885 18110
19228 19660 17476
18242 20425 18018
17963 20387 19270
16984 18745 22073
19592 17370 19818
19475 17492 20210
18947 19336 19297
18291 17268 21713
17942 18766 21369
17707 19847 20402
14985 21075 19946
18771 18148 20858
18413 20098 18604
18490 19585 19859
17607 20738 18393
16811 18311 22380
16715 21176 18366
19270 17723 20081
18171 18713 21129
16719 19376 21893
16140 18268 22726
15917 19694 21659
16219 18496 22631
19362 19442 17790
19182 18665 19632
17626 18950 21429
16223 20976 19866
16216 18867 22352
16093 17761 23081
15966 17038 23101
18582 20046 18270
15408 18940 22518
19336 17615 20144
19189 18448 19830
19065 19724 17510
20237 18070 17608
19231 19334 18381
18081 18643 21435
18098 17353 21793
20424 16567 18216
19655 18406 18890
18246 19827 19874
16473 19831 21503
15205 20831 20321
20469 17392 17531
19105 18932 19411
18887 18807 20012
18530 20084 17999
17633 20739 17997
17668 17569 22186
16728 21145 18572
15283 17566 23263
19537 18751 18940
17787 19434 20844
17266 18290 22153
16742 19670 21621
17692 19117 21229
15269 20896 20215
19809 18624 18315
18899 19878 18043
18471 20257 17686
18520 18007 21205
17835 18394 21624
17909 20147 19845
17443 19728 20987
15309 17582 23213
19579 18187 19321
19411 17574 19909
16926 19952 21174
15792 18443 22741
15287 21200 19721
19446 18500 19176
18421 19194 20344
18405 20095 18989
17926 19445 20692
17245 20180 20541
16696 20618 20339
14911 21595 18759
18320 20238 18176
16875 21096 18098
14885 21107 19907
20267 17206 18675
19142 18848 19467
18922 19209 19458
17798 19495 20817
17059 18773 22036
17084 17462 22516
16615 21208 18327
16030 21409 18327
18206 19736 20160
18003 18006 21648
17715 18915 21367
17666 18566 21781
17399 20844 18794
17281 19552 21272
17088 20128 20889
16108 21433 17685
15971 19109 22244
19889 18969 17694
19671 19205 17559
17828 20330 19466
17617 20663 18965
17365 19291 21649
17099 20338 20430
17063 17137 22629
16179 21366 17634
16006 19036 22328
16127 18882 22414
15933 18337 22777
19426 18591 19071
19007 18511 20155
18086 20374 18497
16974 17152 22691
16530 18357 22562
16505 21276 17696
17762 20067 20344
17698 19469 20906
15568 18364 22822
19443 18533 19122
18002 20546 18154
17459 20851 17825
17474 20470 20057
18313 19598 19919
18368 19087 20542
18668 19815 18708
17973 20586 17900
17727 20618 19012
17569 20806 17872
17550 17623 22175
17525 18715 21953
19016 19756 17651
18759 19400 19531
18702 20102 17471
18021 20513 17826
17871 19573 20683
16348 21246 18651
16148 21209 19243
15448 21256 19633
14980 18260 23002
19431 17932 19759
19327 18670 19379
18664 20117 17000
18080 20508 17700
17814 20610 18388
17560 19738 20984
16811 17142 22821
16522 20218 20933
20598 17077 17630
18921 18175 20496
17152 17951 22333
16224 21389 17564
14915 21164 19775
19400 18504 19189
19272 18958 18954
15806 17433 23111
15406 21385 19242
20030 18820 17522
17248 20825 19284
16914 19823 21228
16711 21195 17934
20076 16904 18997
18549 20219 17232
16642 16964 22839
16445 21259 18093
18607 19079 20118
18222 18494 21263
18217 19306 20506
18499 19975 18829
18219 20319 18463
17838 20645 17990
17755 19627 20666
16622 20186 20972
16546 21244 17514
19601 18745 18548
18780 18324 20668
18623 19970 18411
18612 20108 17514
17555 19491 21063
15740 17498 23184
15652 17304 23206
15569 18996 22430
14961 21094 19960
19830 17578 19518
16368 16886 22979
15880 21086 19797
15839 21495 17908
15586 18526 22714
19812 19056 17387
19712 18026 19339
17811 17735 21791
17148 18738 21974
17203 19115 21934
16430 18188 22675
16401 17452 22875
16308 19536 21838
20361 16785 18634
18992 18568 19989
18541 18332 21092
18311 18459 21201
18168 19084 20850
17520 20638 19230
17419 19329 21503
16519 18173 22613
16521 20232 20909
16412 18411 22551
16146 21365 18206
15526 17248 23386
15839 19736 21827
17405 19540 21473
14680 21207 19828
19551 17675 19859
17164 20950 18620
16807 21151 18259
16460 21216 18572
20340 17831 17431
19174 18217 20078
19072 18358 20155
18803 18623 20317
18170 20164 19176
17257 19153 21788
16100 16312 23171
15390 20868 20219
15209 20289 21085
19660 18832 18420
17790 19554 20750
16671 17700 22639
16250 18235 22836
20033 17792 18785
19115 19139 19182
18312 19499 20122
17920 18572 21476
15874 21256 19375
19205 19277 18800
19047 18231 20316
18728 19631 19260
16639 21212 17729
15482 21408 19099
19082 17574 20598
18342 18198 21406
18459 19846 19654
17785 20669 18307
17413 19991 20637
16745 21163 17928
16172 21366 17810
20606 16574 17801
19091 18307 20082
18987 19815 17570
18002 20102 19717
17717 18842 21445
17528 17823 22114
17542 20413 20060
16983 20684 19759
18768 18519 20579
16320 21333 17588
15693 17256 23209
15440 18040 23018
14928 21613 18115
20685 16767 17600
20139 18248 17713
19638 19350 17422
19354 19131 18758
17545 19385 21323
17374 20796 19119
17163 18451 22072
15345 20291 21042
14818 18286 22904
18671 17992 20989
18662 17276 21322
17774 20090 20041
17716 20395 19579
17514 19646 21118
17439 20851 18271
16370 21274 17952
14861 21126 19921
19041 17879 20639
18968 19306 19245
18050 20009 19681
17663 18804 21591
17335 18041 22105
20415 16823 18488
19118 19705 17429
18016 20514 18092
16988 19314 21670
15794 21202 19607
15419 17549 23323
15028 21581 18154
14650 21321 19596
19736 18802 18352
18679 18554 20641
18298 19702 19968
16657 20113 21056
15552 17405 23381
20504 17319 17615
19906 17761 19167
17860 17253 21880
17814 19953 20234
17627 20010 20540
17165 20418 20183
16900 17127 22759
16270 18764 22371
15537 18625 22617
15692 20993 19994
14580 21239 19789
18606 20066 17705
17800 17840 21851
17585 19105 21484
15323 21615 17747
20067 17160 19269
19197 19443 18519
18989 19795 17410
18271 18843 20849
17177 18660 21993
20136 18583 17484
19075 19777 17237
19060 18763 19731
18041 17516 21706
17825 19962 20155
17328 20925 18623
17300 19627 21215
14609 17354 23505
19311 18350 19731
19167 19665 18074
18981 19897 17397
18484 18712 20643
17601 20084 20440
16780 20717 19955
16090 18811 22532
19198 17668 20330
17797 20636 18155
16684 20104 20997
16539 21244 17690
16422 21257 18603
18928 20013 17397
18848 19944 17582
17469 18463 21982
17523 16826 22286
17237 17554 22353
17100 19573 21336
15899 19679 21676
15317 18687 22596
15635 21566 17549
17461 17638 22237
17154 20983 17707
20113 17753 18646
19106 18695 19700
19087 19596 18259
18554 20057 18219
18378 19326 20193
17727 20510 19225
17650 19808 20678
17664 20662 18920
17550 18017 22007
17421 17889 22110
17354 20320 20257
17300 17567 22278
17210 18656 21999
16604 17625 22704
20067 17870 18514
18460 20177 18379
18329 19441 20173
17878 17506 21836
16698 20593 20249
15251 18087 23041
14905 21288 19602
20562 16314 17886
20363 17629 17569
19140 18063 20184
18980 19674 18459
18103 20363 18584
17760 19148 21172
17291 17987 22115
15862 21497 17398
15233 18109 23069
19450 19379 17317
18360 18658 20801
17641 18376 21790
17389 17081 22379
17138 20521 20011
15549 18455 22832
19032 19608 18270
18289 19200 20473
17558 20427 19656
17182 17150 22430
16994 19666 21347
16889 20533 20259
15503 19257 22133
18642 19862 18822
17690 19899 20392
16971 19617 21381
16331 16932 22929
18998 19392 19107
18595 20180 17671
18606 20019 18490
18137 19345 20645
17661 18877 21513
16937 21106 17860
16305 17108 22995
15487 21516 17911
15259 18125 23019
15055 18677 22621
18812 20057 17518
16787 20338 20693
16216 17123 23057
19045 19891 17005
18957 18783 19729
18225 20245 18485
17825 18980 21306
17091 18039 22274
16298 20797 20224
14995 21062 19954
19978 17195 19331
19530 18089 19664
18348 18550 21083
18004 20544 17063
17224 20290 20449
17122 21006 18385
17159 18528 22091
16749 18838 22145
16256 18567 22513
20231 17868 18399
19503 19293 17618
19337 18626 19133
18870 19719 18412
18943 18797 20055
18447 19556 19926
18111 19419 20545
18097 20495 17532
18093 18809 21164
17614 19776 20838
17435 19095 21498
17017 19236 21689
16809 19441 21666
15897 17972 22939
20350 17716 17799
19393 18616 19176
18184 20269 18747
18005 19074 20980
17259 20961 17810
16848 19061 21992
15808 17987 23001
18566 20206 17064
17730 19769 20539
16296 21315 18408
20694 16511 17328
19564 17457 20148
19099 19750 17457
18844 19796 18653
18644 19926 18216
18524 20171 17987
18507 18964 20608
18182 18774 21102
17579 18753 21807
16929 17863 22559
16887 18385 22266
16413 21301 17803
15628 21293 19487
18865 17776 20915
18485 20225 17624
17559 20758 18381
17309 19039 21678
16950 18188 22446
16908 18710 22153
16249 18479 22559
14875 21402 19370
19031 18852 19716
18888 19545 18847
18603 19131 20019
18547 19205 20308
17879 19018 21160
16855 19060 21974
19307 18000 20009
17458 20680 19235
17050 19232 21695
16127 19333 22114
15372 21496 18824
20167 18322 17689
19907 18795 18129
18575 19957 18535
18458 19971 19140
18038 20517 17404
17880 20618 17685
17810 20504 19031
16384 17509 22906
15623 21497 18151
15133 18141 23030
15085 21000 20101
20214 17240 18770
19884 18543 18164
19681 17335 19756
19216 17625 20246
17838 20583 18608
17780 20618 18799
17698 20569 19144
17173 20933 18868
16743 21096 18863
19111 19674 18081
18773 19503 19215
18642 19758 19127
17907 19564 20730
17793 20630 18196
17792 20299 19471
17686 19236 21151
19128 18730 19549
17720 19539 20800
17222 20171 20543
15066 17286 23426
20180 17872 18286
20108 18509 17508
19667 17739 19525
18313 20238 18352
18252 19109 20591
18063 17426 21709
16739 19551 21671
16574 21209 18985
19365 18701 19104
19485 19467 17183
19154 18591 19656
19132 17511 20461
18688 19690 19096
17972 18671 21419
17757 18562 21606
17352 20929 18025
14937 18731 22610
19045 17821 20491
18746 18956 20184
18659 20174 17279
18257 20264 18339
17407 20805 18683
17158 20146 20681
17075 20535 20185
16814 19693 21508
16335 21277 18445
15779 19737 21668
18927 19682 18672
18571 18958 20216
18547 20239 17392
18372 20202 18702
17956 20170 19748
17811 20165 20001
16185 19128 22147
15978 17817 22913
15548 21224 19672
19947 17456 19126
19496 19127 18367
18958 19559 18730
18751 19429 19398
18185 20106 19111
15889 17832 22975
15782 18070 22913
14823 20990 20126
19519 18244 19330
18875 19905 17823
18425 19881 19280
18240 19104 20644
17627 20650 18973
17564 18780 21597
16788 19767 21408
15737 18548 22635
15728 21534 17764
18095 20252 19182
17822 18218 21635
17689 19800 20595
16987 18938 22058
16774 20517 20447
16568 20737 20127
16123 20837 20134
15690 18041 22990
15648 18563 22697
15553 16823 23393
15616 21466 18803
14750 21539 18847
19181 17758 20143
18689 20021 17821
18396 17986 21219
17928 20238 19573
17571 20676 18960
17541 20241 20102
16338 18444 22497
16313 21333 17764
15482 21598 17477
18627 19919 18806
17833 18467 21546
17820 20008 20188
16784 20623 20187
16487 18694 22391
15709 17879 23136
18545 20071 18303
18436 17777 21365
18114 19046 20996
17241 20825 19460
16727 21125 18721
16591 21227 18341
16131 18533 22548
15877 21491 17071
15620 17894 23198
15055 21114 19869
20036 18356 18229
19034 19776 17359
17812 19247 21115
17708 20690 18389
17707 20359 19664
17135 20325 20511
16042 18548 22610
19618 18687 18599
19014 19782 17835
18556 19989 18689
14985 21032 20062
17673 18332 21766
17408 20169 20520
17175 20745 19707
17066 19934 20996
16233 20572 20509
15019 17044 23451
19891 16978 19381
19107 17701 20437
18821 19280 19477
18645 19745 19241
17876 20307 19330
17938 19303 20935
17747 18304 21697
17119 19867 21094
15148 21039 19939
15147 17131 23400
15087 21565 18321
19591 18441 18905
18969 19451 19026
18202 17587 21665
17798 20444 19234
17717 18399 21647
17603 17737 22052
17322 20865 18876
16898 19742 21415
16628 18588 22427
19198 19774 17244
18286 19567 20063
18090 20495 17708
17846 18527 21544
17775 18164 21644
17374 17835 22119
17040 20008 20896
19724 19119 17860
19344 19616 17355
18782 19198 19669
18520 19378 19889
17625 19346 21184
17434 16841 22348
17461 18052 22069
17252 20961 17986
17228 17974 22190
15929 19669 21665
19049 19769 17361
18559 20206 17240
18160 19639 20373
17491 20813 18542
17490 20482 19817
16842 20460 20450
20291 17731 17950
20191 16812 18889
19474 19352 17537
18946 19839 17832
16987 19707 21353
14878 17193 23623
14751 16470 23643
19236 19016 19005
18367 17250 21419
18286 18636 21029
16424 20970 19656
16406 21270 18455
16015 21465 17470
18866 18940 19835
18669 18362 20674
18489 20080 18310
18426 20232 18005
18216 19077 20751
16726 19730 21425
20384 17084 18283
19309 18874 19010
18958 19899 17629
18896 17466 21022
18074 19465 20495
16778 19702 21461
16547 20158 21009
16460 21253 17766
20459 16494 18300
19358 18918 18906
18958 19791 17842
18865 19931 17414
18682 20001 18196
17873 20618 17861
15530 18617 22686
20361 17258 18148
19777 18076 19068
18878 17869 20769
18783 19332 19392
18658 20028 17976
18630 18297 21030
18277 19566 20079
17796 19435 20828
17648 19144 21322
17573 20152 20265
16722 20586 20204
16487 17615 22724
17977 20019 19784
16373 17597 22812
16327 19270 22087
19252 19155 18944
18897 18204 20678
18630 20039 17925
17948 19409 20675
17136 17328 22406
16457 20966 19662
16394 17922 22699
15502 17948 23187
20737 16468 17363
19961 18107 18552
19305 17590 20184
19215 19366 18437
17918 19504 20625
17235 20943 18630
17123 20814 19464
16824 19321 21769
16709 20943 19633
16633 21171 18576
20746 16212 17091
20190 18120 17827
18741 20018 17533
18552 19859 18829
18209 20355 18158
17346 20132 20537
17287 18615 22040
16490 17437 22813
16383 17675 22751
15400 20855 20227
18398 20125 18461
17858 19752 20437
17692 17702 21990
17472 20658 19218
17152 20022 20800
16828 19516 21609
15844 21490 17643
20105 16239 19002
19748 18135 18987
18148 18414 21480
17733 17592 21876
17713 18027 21877
15991 21447 18290
18729 19314 19669
18354 19423 20299
18060 19689 20232
17667 19750 20729
17532 19192 21414
16757 18273 22526
15150 21388 19339
19173 17206 20420
18489 20188 18097
18447 18621 20761
18321 19500 20106
18170 18608 21373
18021 20531 16895
17686 19103 21240
17418 17817 22179
16995 17477 22578
16980 19869 21193
16598 21227 18165
19830 18882 17822
19726 19287 16949
19197 19551 18306
18771 19083 20023
18645 19027 20203
18419 19482 19950
18325 20026 19174
17126 21018 18099
16221 17499 23036
16103 19191 22168
19718 17426 19638
19479 18475 19071
19250 18400 19727
18459 20302 17865
17706 20530 19033
16883 20084 21023
16553 16979 22901
16132 17514 23098
15748 21124 19707
18388 18791 20783
18321 20328 17466
18238 20315 18412
17934 19633 20412
14718 17769 23319
19907 18446 18210
18624 19845 18925
15870 21491 17247
15911 19211 22208
15143 21388 19515
20423 16923 18153
19529 18350 19070
19454 19358 18013
19195 17848 20129
18998 19500 18894
18689 17949 20905
17998 18404 21494
17940 20532 18386
17939 20201 19661
17576 20745 18213
16654 20367 20647
18572 20074 18116
18406 19932 19353
18306 18770 20933
16248 21177 19282
16079 21384 17817
15659 16751 23300
15468 18580 22703
15075 21496 18923
19807 17391 19576
19256 18990 19010
18729 19962 17985
18600 20153 17693
18272 20311 18250
17870 20401 19310
17725 20396 19563
17404 20263 20288
15659 18302 22785
15612 21456 19024
19104 19583 18091
18555 20200 17281
18238 20020 19412
17638 19079 21375
17488 19720 21018
17143 21005 17931
16661 20095 20999
16232 16451 23116
20071 18444 18095
19372 19480 17209
19388 17275 20260
18962 19549 18775
18339 20112 18842
18307 20356 17522
17554 20707 18873
17190 20920 18700
17112 20663 19724
16427 21252 18338
17166 18322 22114
16388 17507 22859
15342 18524 22883
15243 21356 19554
20511 16721 17904
20183 17501 18565
19428 19271 18131
19388 18499 19242
18114 20499 17110
17484 20576 19797
17460 19051 21519
17187 18647 22001
16691 21195 18380
16569 20001 21091
16409 17832 22746
16046 18306 22730
15811 16278 23326
15390 16813 23523
20355 17143 18202
19010 18140 20434
18489 19639 19684
19924 18388 18261
18145 20115 19420
17953 20287 19329
17891 17422 21844
17326 19544 21303
16984 19309 21779
20651 17399 17116
19732 18292 18733
19578 18659 18616
19087 19690 17660
18876 19780 18337
18097 20169 19584
17751 19818 20433
17621 20768 18143
17621 20590 19226
17226 19414 21583
16008 21465 17646
19258 17615 20363
19187 19451 18365
18949 17967 20564
18802 17887 21063
18614 19826 18952
18429 19049 20316
18389 20220 18058
18389 18395 21028
18283 18848 20796
17187 20805 19504
16996 19970 20966
16920 21099 17861
16856 17206 22680
16538 20411 20768
16837 18928 22072
16918 20867 19727
16562 19796 21441
16453 21253 17942
19610 18746 18532
19013 19163 19368
18858 19931 17590
18795 19399 19233
18073 20477 18352
17760 20621 18632
16232 18876 22267
15745 21521 17596
20455 17595 17377
19701 17893 19419
19441 18124 19726
19284 17813 20067
17971 20113 19764
17807 17606 21836
16435 17033 22890
15844 19246 22142
20438 17653 17326
18802 19957 17577
18778 17914 20843
18542 20188 17884
18229 20332 18164
18228 20001 19439
17881 17578 21767
17653 19809 20548
17440 17727 22182
16723 20695 20006
16389 21320 17817
16137 21332 18678
19683 18568 18495
19423 18799 18802
19257 17728 20075
19310 19684 16991
19188 17959 20140
18925 18166 20446
18710 19909 18363
18632 19652 19387
18241 20094 19293
17604 19711 20891
15691 21007 19970
19283 18276 19755
19181 19594 17711
18796 19301 19353
18127 18089 21593
18173 20151 19290
17404 20713 19379
16874 20109 20986
16744 21112 18553
15215 17620 23217
14225 21645 18197
20496 17219 17950
18809 19394 19207
18700 19827 18631
18402 18455 21026
18172 20343 18211
18043 19726 20290
17818 19677 20533
17432 19431 21264
17410 17406 22266
16444 20802 20108
20478 17393 17515
19953 18329 18342
19832 18422 18453
19407 17970 19832
19252 19633 17696
19158 17757 20247
18678 19891 18590
18012 16780 21906
17578 19785 20791
17426 19683 21035
17347 20241 20339
17262 17251 22315
16353 21164 19085
15263 21219 19735
20397 17494 17912
20296 18007 17788
18926 17395 20737
18776 19280 19652
18554 19418 19685
18512 19437 19822
18565 19609 19616
18206 19173 20586
17543 20744 18785
17478 19655 21071
17247 20111 20619
17104 20677 19876
20304 17844 17678
19766 18595 18382
19657 18333 18968
19286 19711 16771
18260 20251 18453
18239 18578 21067
17278 20657 19559
16149 19784 21545
20539 16331 18162
19991 18069 18415
19685 18368 18753
19542 18717 18667
19282 18948 18974
18255 20333 17768
18219 18732 21073
18014 20531 17071
17422 20539 19814
16067 21396 17713
18988 19400 18953
18513 20053 18530
18253 20383 17627
17934 19657 20377
17221 20185 20519
17027 19223 21697
16644 20555 20395
16161 20973 19929
15928 18360 22719
15886 18882 22426
14249 21663 17377
20036 17421 19064
19150 19485 18541
18668 19543 19379
18568 19274 19845
18295 19138 20524
18255 18897 20824
18004 19846 20203
16955 20704 19965
16728 21182 17766
15839 18375 22781
15264 19128 22312
18812 17843 20817
18478 18360 20966
18510 17749 21296
18454 18115 21142
17638 20496 19471
19137 19254 18911
18658 18259 20798
18380 20108 18564
18065 19322 20758
17087 20837 19465
16423 21288 17811
16223 21304 18883
16099 21070 19725
15272 21278 19573
18753 18576 20413
18671 18352 20652
18654 19918 18370
18596 19368 19643
18466 20090 18391
18269 19625 20012
18029 19950 20027
17808 19601 20557
17569 20745 18389
17568 20414 19664
17501 19453 21209
16073 20848 20165
15636 17222 23257
15768 20980 20047
20469 17516 17530
18832 19144 19685
18765 19991 17753
18433 17790 21255
18354 17157 21565
18283 18972 20795
17138 19451 21500
16865 19047 21982
15348 20614 20619
19995 18732 17656
19784 18982 17411
19548 18866 18586
19318 17619 20037
19313 18873 19225
19285 16969 20341
19123 18605 19887
18509 19373 20004
18318 18225 21186
18163 19144 20653
17742 19774 20486
17529 17692 22120
17254 20181 20525
17253 16882 22412
15850 21341 18949
15382 21440 19060
20222 17340 18435
19517 18415 19162
19273 18632 19525
19035 19278 19097
18628 18856 20235
17843 18543 21522
17667 19854 20509
16467 20194 21055
19165 16979 20443
18461 20014 18743
17183 20920 18876
17105 20663 19900
16921 17452 22646
16558 17926 22630
15731 20525 20681
19087 18472 20016
18951 19434 19129
17583 20037 20633
17571 20197 20104
17258 17879 22240
16891 17547 22596
19399 19488 16623
19314 19429 17914
19335 18247 19666
18441 18382 20951
18088 19120 20896
17552 17091 22249
16802 17562 22658
16160 21364 17928
15853 21473 17891
14935 21613 17939
19802 18808 17846
19427 19562 16599
18577 20055 17987
18523 17399 21256
18242 19031 20722
18052 19748 20165
17974 17745 21661
15718 20795 20330
15437 18841 22498
20606 17038 17519
20492 17314 17668
20082 17890 18442
19695 19178 17779
19713 19004 18214
18609 17972 21143
17894 16834 21895
17771 19623 20542
17707 19470 20890
16821 21150 17981
16237 21138 19666
14984 21046 20038
20345 17592 18250
20050 18814 17046
19482 19313 17426
18821 19698 18947
17853 20432 19223
17767 19756 20612
17524 20653 19057
16659 20000 21173
14989 18261 22986
18929 19935 17126
18444 18992 20482
17421 19861 20918
17016 19609 21412
15558 21211 19680
19411 18695 19120
19390 18559 19231
19209 19126 19011
18624 18891 20314
16522 21263 17528
15520 20270 21085
15333 21301 19542
19850 17283 19422
19636 18225 19240
19376 18456 19547
19021 19190 19245
18378 19165 20411
17826 18814 21461
16538 20262 20886
15768 18936 22415
20403 17682 16811
19242 19533 17755
19201 17280 20396
19122 19411 18565
19053 16838 20798
18982 19764 18062
18884 18860 19875
18436 20204 18159
18435 19873 19434
18342 20013 19006
18154 19287 20696
17164 16897 22474
16340 21152 19175
16069 16441 23246
16043 20962 19933
15856 21105 19811
19982 17545 19053
19525 19068 18448
19386 19415 18010
19366 18464 19393
19317 18815 19077
18318 18936 20662
18217 18805 20995
17295 19805 21098
16468 20180 21079
20502 17517 17161
19451 17519 19990
18352 19239 20311
18243 20347 17747
18194 19007 20857
17663 18937 21502
20363 17907 16884
20337 17631 18361
19384 19217 18620
19168 19502 18438
18873 18231 20458
18358 18656 20823
16737 21112 18729
16631 20187 20956
15775 21449 18533
15694 21490 18161
15526 19608 21951
20309 18092 17226
18719 20089 17303
18687 19315 19714
18632 19971 18395
18252 18311 21258
17957 20519 18218
17932 18508 21460
16994 18732 22081
16927 19644 21474
19442 18434 19325
19260 19359 18190
19136 18196 20254
19000 19590 18497
19034 18640 19949
19010 19075 19599
18905 17210 20750
18576 19832 19049
18407 19014 20467
16934 19276 21816
16743 21126 18623
16456 17996 22676
20709 16394 17387
19521 18970 18616
19284 19543 17682
19101 19682 17927
18841 19913 18234
18464 19897 19162
17683 19119 21218
17543 19110 21355
17537 18881 21682
16791 19394 21859
16477 18321 22563
16417 16780 22934
15956 21073 19850
15676 20572 20839
15366 20887 20233
20177 18207 18057
19685 18930 18238
19253 18074 19862
18783 20008 17650
18177 19085 20834
18219 18865 20984
17571 19184 21331
16771 20398 20497
16693 17196 22810
19892 18846 17123
19420 19258 18162
19421 19473 17575
19340 18613 19215
19186 19328 18873
19157 18220 19935
18933 19608 18694
18863 18883 19890
18837 18910 20094
17992 20303 19211
17673 20521 19469
16728 17537 22726
16343 18814 22347
16313 21302 18240
16060 21396 17889
20190 18244 17826
19691 17701 19452
19437 17660 19906
19177 17891 20213
18400 17794 21249
18191 20338 18261
17663 18570 21683
17434 17145 22238
16819 20451 20452
16765 19468 21759
16615 21231 17743
20352 17884 16888
20250 17275 18635
20175 18283 17578
19747 16761 19643
19217 18132 19913
18715 19857 18414
18142 20232 19001
18079 20403 18374
17345 17160 22300
16993 19811 21274
16721 21182 17942
15996 21226 19337
15528 21325 19448
14673 21488 19008
20563 15958 17949
20446 17614 17215
20332 17890 17364
19915 18407 18099
19715 17638 19405
19176 18092 19952
19119 19508 18362
18883 19578 18893
18859 19739 18669
18790 19139 19736
18786 19197 19884
18435 19981 19221
18415 20094 18548
18383 20338 17228
18155 20325 18855
17547 20046 20586
17395 19944 20830
17375 18705 21967
17456 20644 19622
16959 20703 19773
16640 20735 20133
16569 16307 22960
16148 16842 23157
20539 16475 18108
20275 16212 18747
19744 17005 19631
18982 19424 19163
18782 19498 19237
18169 19219 20536
17951 19036 21126
17683 19071 21406
17547 20465 19649
16599 17852 22627
20730 16546 17193
20538 16687 18099
20082 18014 18441
19590 17514 19729
19255 19602 17601
19112 18223 20034
17268 18137 22149
16510 17867 22689
16434 20957 19664
19511 18978 18462
19251 19209 18769
18420 19408 20066
17865 18741 21386
17743 18898 21363
16346 21293 17966
15386 21139 19852
15104 20877 20258
20759 15881 17198
19170 18982 19140
18939 17016 20720
18324 19288 20339
18050 20487 18433
18049 20156 19708
17903 19918 20172
17263 20282 20366
15843 21341 19125
15989 21226 19513
15579 18983 22438
20775 15547 17096
20268 17933 17812
19578 18446 18899
19540 17484 19928
19381 18716 19044
19001 17938 20475
18797 19304 19333
18730 19459 19450
18448 19655 19723
18166 20043 19444
17233 19768 21115
17154 20326 20419
14851 21250 19748
19677 17731 19679
19495 18149 19492
19362 18597 19463
19135 19692 17261
19094 18799 19491
18967 17234 20642
18919 17564 20728
18620 18900 20364
18352 18154 21160
16861 20926 19539
15587 21133 19699
18666 19701 19046
18546 19946 18817
18034 19583 20553
17803 20039 20101
17792 18622 21601
16871 19355 21720
16625 20162 20978
16531 20219 20917
16235 21278 18882
19927 16549 19528
18805 19296 19375
18067 18988 21034
17783 20091 20025
17330 20588 19802
16865 19607 21491
16803 21113 18466
15668 21012 20008
20511 16257 18186
20321 17065 18473
19538 18850 18737
19270 18685 19388
18967 17090 20696
18322 19599 19903
17780 20218 19931
17772 19084 21156
17344 18042 22089
16995 20343 20689
16686 20035 21075
16315 16850 22980
16274 20196 21082
14242 21663 17553
19274 19007 18907
19196 17004 20403
19109 18324 19979
19029 19131 19312
18976 18772 19950
18750 19354 19552
18536 18699 20566
18315 18350 21096
18022 19836 20037
17660 19149 21269
16486 21037 19563
20216 17907 18151
19913 18088 18642
19693 18668 18436
19369 19511 17304
19347 17580 20301
18396 19684 19812
17949 20188 19669
17902 19312 20888
17482 20645 19226
16359 18375 22552
16317 18897 22259
15854 21477 17651
14661 21658 17300
20675 17026 16903
20405 17455 17801
19941 18039 18614
19681 18270 18921
19142 18724 19468
18684 19527 19481
18231 19778 19876
18211 18303 21332
17872 19407 20838
17866 19940 20157
17782 20396 19462
17700 18869 21430
16854 19433 21697
16846 19313 21733
15473 17212 23387
20433 17529 17777
20319 17805 17926
19967 18658 17680
19836 16726 19581
19730 17628 19377
19698 19213 16973
19470 17859 19684
19517 18307 19375
19177 19345 18625
18588 19407 19754
18377 19221 20437
17188 20258 20609
16515 21263 17704
16500 19522 21880
16268 21269 18608
16225 18868 22336
15921 21334 18921
20781 15989 16495
20616 16822 17342
19840 19011 16800
19338 18624 19243
19330 18844 18930
18364 19529 20039
18057 19381 20691
17636 20011 20524
17111 19926 21027
16894 19153 21858
16136 18883 22398
15206 20858 20304
20364 16177 18685
20104 16408 18992
19833 17190 19584
19820 19017 17276
19573 17201 19876
19240 17930 20051
19219 16841 20364
18982 19001 19623
18404 19422 20010
18335 20013 19182
18270 19628 19992
18258 19184 20474
18212 20238 18577
17989 18992 21031
17709 19530 20879
17680 18533 21652
17136 21005 18107
16989 21032 19150
16199 20995 19880
19685 18492 18752
19344 19276 18456
19142 19678 17649
18912 18934 19851
18272 19402 20449
17704 16856 22076
17650 18628 21602
17375 20857 18663
17357 18102 22087
16155 18721 22544
15687 21272 19374
20273 18105 17473
19766 17885 19137
19506 18116 19444
18967 18570 19991
18279 20039 19169
18249 19604 20311
18041 18923 21274
17779 18756 21499
16691 20366 20676
16577 19375 21956
15185 21641 17348
14422 21667 17052
20144 17651 18449
19135 17458 20598
18952 18799 19730
18413 19253 20277
18307 19044 20644
18173 17322 21702
17925 19110 21026
16968 17616 22576
16725 21089 19108
16678 20692 20174
16398 19803 21540
15648 21156 19668
14821 21364 19516
19853 17984 18953
19744 19113 17384
19435 19523 16488
19381 18840 19043
19267 18280 19848
19040 19699 17570
18707 19325 19619
18593 19152 20109
17994 18426 21485
17950 20519 18394
17731 20302 19583
17583 19474 21059
17537 19940 20846
17359 19953 20783
16989 17941 22463
16837 19987 21236
16733 20520 20333
15801 20962 20017
15489 21482 18219
19838 18843 17711
19575 18507 18959
19500 19376 17023
18677 18865 20205
18606 19245 19963
18223 19678 20211
17858 16792 21911
16544 20587 20356
16258 21164 19290
20372 17943 16606
19205 19579 17705
18123 19548 20491
16960 19320 21658
14799 21632 17699
20211 17575 18541
19236 18541 19643
19075 18956 19495
18740 18604 20507
18683 19217 19882
17238 20215 20496
16954 19572 21429
16707 20594 20233
15720 21268 19380
15506 20970 20072
15041 21163 19775
20754 16173 16980
20556 17082 17501
20321 17775 17718
19708 18290 18890
19203 18442 19749
19127 19399 18609
17969 17668 21694
17778 19436 20833
17672 19439 20997
17564 20694 18881
17357 20066 20666
16498 21245 18348
16306 21302 18416
15204 21471 18880
19937 17500 19372
19459 19380 17301
19339 19625 17072
19210 18893 19223
19011 19783 17629
19056 18609 19812
18391 18322 21106
18349 20104 18996
17749 20128 20018
17666 19501 20946
17168 20133 20689
16216 20631 20463
14971 21081 19968
20120 17754 18514
19696 18260 18893
19218 18969 19198
19178 18315 19910
19038 19531 18481
18643 19414 19586
17991 19277 20826
17089 16878 22481
17003 19667 21331
15870 21460 17723
15512 19258 22117
20136 17551 18784
19876 17782 19091
19751 19089 16696
19418 18585 19104
19158 18816 19411
18615 20002 18308
18376 19275 20262
17961 19372 20776
17331 20140 20566
16943 20412 20446
16860 19785 21374
16662 21100 19004
16271 20928 19976
15838 21367 18950
20102 16847 18951
20042 17650 18737
19782 17881 19044
19776 17652 19371
19488 18366 19294
19206 18562 19567
19027 19416 18835
16199 18951 22248
15738 21094 19815
15085 21483 18931
20574 17539 16779
20395 17741 16744
20245 18031 17497
20226 18385 16895
20070 17724 18713
19810 17955 19020
19710 16672 19681
19457 19212 18212
19271 18409 19567
19145 19225 19044
18146 19346 20629
17870 20419 19055
17748 18173 21703
17540 19445 21126
17470 19022 21582
17342 20070 20684
17156 17949 22286
16827 16470 22880
16218 21328 18244
16217 18728 22372
16156 20570 20573
16124 18982 22339
14941 21481 18991
20159 18381 17622
20095 16664 19264
19140 18735 19496
18792 18490 20397
18653 20037 17693
18555 19305 19973
18490 20063 18611
18486 18639 20721
17995 19344 20708
17745 19388 21015
17535 19200 21370
16209 21025 19772
20421 16648 18185
20102 16703 19005
19945 17600 19037
19719 18298 18722
18916 18857 19781
18884 19587 18799
18532 19381 19819
16817 20356 20626
16734 19729 21554
16265 18568 22497
20449 16722 18161
19747 18372 18698
19487 18603 19005
19298 18759 19364
19006 18725 19877
17960 19058 21001
17062 20202 20789
16950 19983 20961
16666 19340 21894
20810 15324 16500
20702 16472 17217
19446 18938 18662
19128 19692 17437
19071 17620 20499
18014 19075 20964
17713 17633 22045
17465 19421 21369
17069 19834 21131
16284 18406 22643
16037 18775 22533
16082 19346 22055
20198 18081 17716
20149 18133 18081
20133 15743 18997
19895 17570 19236
19820 18578 18179
19766 19082 16698
19635 17801 19543
19602 16536 19881
19474 19012 18638
19366 19391 18185
18968 19614 18662
18104 20238 19098
18047 19275 20951
17912 17747 21731
17678 19791 20674
16706 19060 22055
16228 21278 19058
15948 18790 22595
14773 21646 17425
18812 19949 17731
18217 19176 20548
17706 19742 20646
17271 17135 22368
16978 20881 19410
16848 16795 22767
16521 17606 22777
16120 21382 18040
15701 20994 19978
20338 16892 18390
20246 18121 16926
19693 18560 18649
19667 16780 19835
19338 19402 18134
19198 19393 18271
19168 19023 19182
18651 18639 20569
18511 19855 19140
17834 19002 21181
17712 19159 21158
17427 20310 20154
17230 20733 19696
16889 21064 19111
16761 17685 22627
16432 20552 20535
16078 18868 22468
15792 21436 18365
20366 16966 18366
20274 16568 18684
20138 17521 18576
19718 16899 19658
19587 18948 18394
19483 17592 19875
19226 19467 18247
18891 19539 18782
18826 19387 19215
18806 18550 20304
18631 19770 19089
18460 19799 19330
18352 19363 20310
17821 19293 20955
16900 20026 21074
20312 18035 16770
20198 18311 16919
19746 16973 19634
19570 17809 19825
19407 19015 18758
19350 18977 18839
19240 19335 18365
19088 19187 19125
18980 19566 18672
18887 19706 18244
18667 19710 18952
17509 17979 22037
17046 21021 18951
16800 19896 21354
16631 20207 20916
16546 21231 18549
14941 21195 19736
14654 21658 17476
20340 18109 16746
19862 18508 18315
19069 19524 18326
18929 19510 18862
18788 19424 19259
18557 19161 20062
18180 20021 19427
17931 18633 21449
17755 19466 20884
17707 19112 21173
17011 20634 20016
16564 20633 20328
16463 21049 19592
15094 21001 20085
20053 18073 18360
20008 18282 18253
20002 18053 18580
19044 18284 20179
18953 19908 17346
18782 19306 19456
18411 19984 18942
18126 20361 18352
18086 19594 20441
18033 20501 17924
17997 19629 20503
17812 20174 19907
17702 18731 21516
17301 20254 20334
16311 21296 18459
16241 21042 19744
16099 20856 20148
19843 18376 18317
19497 18810 18776
19357 17536 20055
19332 18127 19848
19258 19161 18800
18841 19973 17459
18246 20276 18301
18119 17678 21680
17695 19237 21135
17672 18826 21466
16996 20328 20538
16949 19750 21312
16834 19868 21286
16755 20426 20590
16667 18341 22444
16539 19497 21792
15524 21243 19686
20783 15508 16985
19825 17945 18992
19552 18709 18821
19273 18932 19061
18502 20212 17456
18479 19840 19178
18466 19340 20035
18120 18962 20925
17945 20182 19710
17729 19540 20784
17571 19308 21330
17269 20103 20583
14807 21626 17548
20703 17100 16879
20304 17968 17677
20216 18137 17354
19976 18127 18480
19716 18358 18787
19309 19353 18266
19238 17819 20139
19181 19052 19035
18978 18050 20446
18919 19262 19321
18843 19395 19206
18719 19615 19347
18685 19536 19387
18578 19764 19519
17629 19410 21064
16890 19120 21872
16253 21190 19115
15628 21566 17725
15494 21357 19454
14121 21676 16986
20244 18211 17330
20163 16594 18967
19941 18163 18613
19885 18306 18453
19595 18016 19359
19584 16045 19914
19009 19590 18400
18918 18228 20359
18881 18455 20335
18759 19508 19318
18575 18604 20659
18414 19893 19242
18308 18830 20922
17837 20331 19450
17667 18568 21636
17333 20489 19966
14841 21513 18952
14415 21667 17228
20510 16613 18123
20335 17833 16908
20191 16668 18943
20006 16699 19326
19379 16548 20300
19182 18978 19151
19029 19691 17675
18946 18302 20335
18928 19673 18498
17694 20449 19493
16823 19694 21492
16556 21058 19421
16702 20943 19809
16109 21057 19733
16042 21358 18682
15837 21459 18295
15424 21275 19647
19861 18202 18752
19619 18696 18505
19151 18926 19427
18985 19248 19296
18887 19107 19548
18856 19629 18776
18811 19726 18793
18608 18319 20776
17819 20126 19890
17617 20208 20061
17560 20688 18922
16672 19692 21571
16414 20749 20132
16194 19129 22131
16083 20835 20173
15361 21611 16910
20687 15610 17569
20547 16292 18051
20433 16568 18200
19559 18874 18418
19216 17685 20227
19160 17585 20437
18967 16845 20732
18796 19286 19521
18511 19963 18927
18327 19575 19989
18299 19711 19874
18194 20107 19095
18074 20352 18866
18020 19427 20641
17974 20345 18879
17151 18127 22169
17000 20165 20806
16561 20209 20906
16105 19144 22193
14378 21613 18269
20208 18070 18261
19389 17499 20144
19327 19179 18701
19139 19351 18722
18999 19342 18859
18836 19216 19392
18624 20096 17612
17172 18452 22056
16948 20995 19178
16795 19025 21993
16391 20928 19962
15984 21252 19338
15449 20609 20641
14792 21632 17875
19835 18276 18652
19410 17824 20031
19308 19516 17902
18871 18278 20578
18796 19153 19638
18502 18011 21098
18432 19719 19677
18261 19748 19918
17709 19397 20968
17594 19106 21468
17119 20987 18751
16181 21169 19445
16166 18460 22632
13882 21685 16738
20649 16809 17183
20353 17659 17343
20327 17766 17815
19735 18146 18932
19708 18728 18376
19475 18377 19239
19281 18959 18938
19013 19533 18333
18789 17904 20831
18777 18377 20531
18470 19804 19263
18242 20085 19119
18236 19621 20079
17550 20242 20086
16913 20394 20513
16420 21221 18990
16077 18475 22694
15879 20851 20242
15158 19220 22223
20789 15950 16384
20381 17733 17319
20251 18187 16642
19903 18132 18888
19850 18526 18203
19734 19248 16838
19571 18119 19424
18992 19249 19164
18970 19134 19435
18805 18451 20507
18387 16702 21411
18170 20041 19397
18126 20469 18139
18125 20138 19414
17858 19462 20759
20817 16024 16360
19512 18924 18637
19162 16671 20453
18746 19256 19720
18705 19332 19611
18415 16776 21387
17288 20757 19500
17277 19328 21566
16835 21104 18679
15863 21460 17899
15080 21565 18497
14945 21600 17947
20242 16744 18765
20192 18214 17618
19534 19361 17138
19477 17811 19715
19449 18451 19139
19418 19023 18590
19412 18794 18917
19217 18042 20022
19158 19254 18897
19043 19777 17343
18839 19169 19504
18594 19849 18946
18469 19821 19205
18306 19663 19857
18193 20270 18731
18192 19939 20006
18104 19745 20028
17098 19756 21150
16002 21078 19773
14637 21640 18120
20270 16818 18741
19739 17611 19625
19696 16115 19840
19446 19097 18566
19291 18014 19953
18852 19262 19358
18622 19928 18523
17856 20260 19606
17797 19709 20539
16277 21252 18856
14994 21033 20046
19991 18193 18414
19204 18451 19655
19185 18294 19911
18604 19403 19630
18137 17280 21718
18060 18318 21548
17863 20419 19231
17810 18091 21728
17784 20216 19884
17701 19589 20812
17659 17989 22023
17427 20788 18906
17302 18048 22088
17075 19935 20980
16923 19833 21224
16844 20391 20528
16442 21211 18635
16211 21328 18420
14756 20588 20756
20525 17343 17296
20528 16885 17815
19752 19074 17273
19561 18648 18875
19396 17965 19947
19371 17503 20037
19321 18973 18890
19126 19099 19124
18819 18951 19776
18553 19474 19711
18329 19953 19435
18006 19651 20378
17980 17407 21782
17831 18416 21615
17825 19956 20196
16712 19933 21271
16439 19529 21753
15499 21585 17309
20663 15983 17782
20286 18174 16168
19706 17066 19684
19172 18703 19544
19097 19583 18267
18566 19567 19565
18060 19668 20341
18037 19779 20053
18001 17732 21669
17945 17009 21861
17807 20445 19218
17019 20819 19723
16796 18026 22543
15938 21321 18753
20772 16245 16767
20380 17904 16495
20266 18180 16644
19973 18112 18499
19735 18973 17528
19681 18394 18920
19402 18617 19160
19193 16483 20438
19147 18576 19705
19060 19272 19053
18657 19578 19364
18613 20006 18106
18612 19675 19381
18574 18951 20292
18487 19647 19640
18241 17811 21519
18030 19763 20291
17960 19538 20621
17783 20233 19826
17719 19475 20837
16936 19580 21435
16823 20541 20213
16460 18410 22495
16436 21189 19078
15214 20832 20305
20234 16517 18788
20219 17536 18430
20144 18544 17373
20105 17812 18579
19703 17310 19672
19489 18465 19091
19443 17541 19979
19295 19047 18790
19271 18943 19089
19110 18270 20154
19041 19609 18254
18760 19509 19187
18529 19379 19873
18468 19984 18841
16261 18535 22511
16232 20977 19850
16053 20949 19941
16043 21389 17890
15985 18585 22624
20608 16907 17263
20329 17736 17607
20215 18012 17756
19512 19294 17602
19435 18592 19055
19355 18131 19660
19252 19525 17909
19175 18823 19362
19016 18369 20107
18935 16892 20787
18697 18284 20714
18606 20138 17280
18481 20077 18695
18437 18515 21021
17944 20459 18647
17880 19595 20558
17699 19900 20376
17264 20281 20466
17116 20159 20758
17092 20921 19362
16899 20941 19450
16761 19657 21509
16567 20333 20787
16514 20679 20313
16067 20813 20205
20765 16323 16597
20592 17117 17366
19687 18417 18706
19469 18895 18704
19097 18679 19787
19044 18443 20083
19013 19641 18120
18712 20089 17479
18109 19392 20579
17643 20365 20056
17591 19551 21038
16971 20881 19586
16893 20763 19903
16772 19463 21640
16252 21282 18460
20488 15829 18305
20128 17715 18403
20014 17991 18552
19509 18677 18964
19003 18778 19740
18997 18549 20067
18743 19009 20047
18411 19995 18888
18361 19591 19820
18271 19753 19851
18188 19126 20779
17968 16846 21822
17773 19985 20285
16358 21233 18659
16043 19107 22210
15785 21436 18541
15363 20444 20963
20353 17560 17651
19822 18353 18535
19645 19326 16734
18578 19103 20111
18336 19597 19864
18312 19493 20163
18272 18839 20875
18112 20076 19588
17907 17561 21762
17798 19362 20906
17576 18960 21516
16578 20724 20135
15641 21434 18601
15038 21568 18162
20423 17696 16157
19224 18247 19879
19077 19787 16677
18880 19706 18420
18329 18215 21174
18325 19586 20017
18317 18688 20874
17138 20225 20646
17002 20359 20451
16796 19990 21122
16635 19601 21689
16556 20159 20993
16446 21222 18594
20468 17145 17974
20403 17702 16633
20233 17838 18191
20187 18336 17035
20073 18612 17184
20073 16985 18966
20003 18693 17545
19937 17938 18858
19772 16509 19626
19724 18286 18766
19677 18169 19165
19464 18517 19073
19443 18443 19231
18848 17964 20719
18711 18854 20274
18510 19445 19778
18345 18762 20850
17983 19336 20759
17920 20550 17901
17741 19830 20512
17517 20309 20236
17434 19682 21164
17258 20871 19268
16917 20767 19885
16634 20723 20238
15376 20874 20241
14951 21584 18081
20167 18342 17511
20101 17059 18942
19878 16787 19417
19383 18621 19144
19371 19443 17774
19123 18852 19451
19034 18972 19534
18898 17321 20761
18794 19297 19549
18686 19852 18479
18617 18953 20227
18564 19963 18714
18056 18855 21114
18026 20501 18100
17882 17447 21773
17781 19723 20483
17712 20314 19655
17647 19929 20465
17366 19293 21504
16847 20970 19539
16662 20193 20903
16294 20674 20407
15983 21344 18683
15338 21609 17420
20745 16429 17252
19035 19764 17374
18299 19660 19917
18050 18060 21639
18026 18950 21064
17986 20020 19768
17675 20003 20441
17649 19703 20922
16497 20287 20967
16374 19202 22127
16203 20835 20159
15389 20665 20589
14652 21659 16858
14493 18113 23058
19203 19369 18541
19155 17309 20444
18927 19048 19712
18901 17268 20898
18875 18941 19819
18683 18185 20775
18614 19192 19992
18495 20212 17632
18410 17781 21257
18130 19902 20023
18091 19128 20852
17670 19758 20685
17406 19013 21665
17374 19674 21191
17274 17207 22299
16644 21130 18736
14946 21650 17100
20818 15285 16389
20556 17206 17500
19886 18470 18242
19763 18913 17874
19504 19475 16906
19503 19144 18181
19207 18080 19934
19176 17634 20331
18898 19532 18855
18768 19371 19449
18149 18283 21486
17796 19783 20423
17187 18097 22159
17185 17222 22361
17063 19606 21419
16869 20287 20869
16781 19994 21140
16394 20628 20421
16187 19394 22004
15386 20242 21101
20846 15359 16365
20738 16877 16283
20624 16783 17231
20584 17280 17476
20091 18438 17619
19432 19431 17184
19368 19249 18676
19203 19381 18315
18412 19993 18848
18295 18637 21013
17865 20282 19481
17824 19857 20399
17520 17718 22125
17359 19083 21669
17327 20820 18867
17326 20489 20142
17208 18422 22046
17072 18310 22145
16614 20818 20045
15909 21180 19619
15409 20856 20211
20384 17864 16617
20367 17819 17057
20185 18168 17946
19336 18671 19363
19333 18136 19754
18570 19003 20446
18425 20086 18702
18034 16974 21799
17600 19979 20684
17541 18043 22012
17431 17733 22187
15417 19082 22415
14449 19268 22171
19181 18051 19975
18663 18916 20230
18229 18810 20942
18228 19367 20479
17500 19849 20964
17452 18058 22074
17405 16409 22438
16984 16944 22635
16983 18886 22061
16972 20691 19797
16655 16880 22847
15839 21098 19812
15801 20564 20604
15702 20793 20465
15354 21611 17086
14649 19303 22130
20286 16985 18558
19805 17116 19608
19762 19112 16692
19755 18586 18461
19270 18844 19292
19178 17146 20405
19122 19810 16607
18894 19797 18234
18817 19095 19687
18069 19690 20216
17773 20414 19243
17316 16424 22500
16508 19758 21587
16242 18555 22534
15886 19548 22041
14413 21668 16610
14371 21613 18445
20337 17104 18381
20043 17775 18596
19781 18739 18309
19242 19193 18856
19227 17828 20076
18983 19755 17888
18957 18340 20231
18817 18741 20235
17801 20488 19219
17774 19616 20571
17698 19801 20579
17346 17969 22167
17337 16749 22387
17058 19256 21651
16989 20368 20576
16951 20600 20166
16941 20995 19354
16434 20955 19813
16289 19265 22089
15404 20068 21536
15220 20596 20755
15158 20681 20570
14863 20797 20394
14811 20318 21033
20642 16609 17666
20234 18346 16784
19703 19139 17668
19410 18262 19517
19255 17902 20052
18950 18846 19850
18866 19808 18183
18682 19661 19297
18153 19700 20161
17946 20401 18761
17886 19536 20735
17883 20108 19916
17768 18623 21579
17726 20405 19469
17693 19556 20823
17164 20313 20427
16509 18226 22606
16452 20642 20330
16414 20711 20274
16224 21196 19296
15806 18267 22829
15206 19142 22339
14790 21608 18192
