60 3
18704
768 58 239 5
770 833 438 961
738 810 455 765
612 785 562 476
689 820 555 847
572 927 259 889
732 503 134 311
681 815 367 382
488 782 634 75
546 143 8 118
484 520 482 222
737 5 18 132
589 20 27 189
516 201 441 617
615 7 72 466
671 104 724 372
535 506 752 889
629 432 444 835
564 484 445 576
698 841 16 174
767 361 568 55
717 309 512 151
625 182 149 201
702 762 842 895
739 72 179 369
510 364 509 474
557 219 551 170
674 263 271 493
503 291 869 938
742 729 745 250
639 962 604 433
491 168 171 649
553 639 601 199
566 588 540 440
531 815 341 661
755 500 862 547
613 530 447 20
650 385 730 980
521 419 313 841
578 371 435 430
604 308 104 201
509 819 593 637
727 559 590 594
689 544 815 964
570 690 322 790
743 201 852 744
626 396 67 133
540 617 116 359
581 698 288 432
485 282 677 31
728 456 961 139
572 629 327 555
634 576 115 591
593 216 260 14
755 128 282 568
497 771 150 234
638 597 867 977
636 709 78 576
633 717 291 355
582 804 816 568
1879
16946 16588 20935
18269 15850 21246
17798 18207 19729
17308 15789 21277
21043 15312 18757
21138 15058 18684
20820 15894 18730
20491 16920 17864
20632 16620 18385
20376 16809 18682
20338 17056 17999
20488 16333 19355
20287 17051 18283
20346 15715 19701
20235 17050 18542
20016 15662 20091
19907 16139 20079
19821 16290 20070
19918 16624 19738
19839 15286 20375
19649 16602 19900
19643 17798 18520
19582 16038 20279
19665 17191 19561
19562 17562 19106
19522 16280 20267
19476 17653 18925
19380 15662 20613
19393 17075 19843
19346 17712 19171
19041 16764 20270
18934 18139 18755
18715 18190 19210
18640 18293 18879
18701 18529 18178
18680 16049 20891
18118 17708 20069
18115 18497 19309
18155 18217 19534
18294 18331 19226
17583 17831 20242
21011 14912 18925
21018 15697 18248
20906 15851 18658
20779 15705 18899
20622 16490 18611
20420 16888 18442
20276 15975 19649
20129 17350 18522
19978 17237 18848
19360 18168 17894
19239 16354 20435
19046 16633 20438
18966 18347 18259
19137 17298 20055
18818 17819 19665
18979 16059 20694
18568 18649 18445
18523 16624 20774
18467 18611 18723
18534 17319 20470
18294 16468 20842
18148 18806 18251
18241 18796 18443
17950 18568 19081
17634 19046 17961
17738 16772 20794
17553 19175 17603
17391 16497 20959
17524 16596 20922
21381 14853 17876
21308 15213 18340
20971 15983 18393
20899 15641 19001
20629 16217 18917
20573 15513 19597
20496 16546 19134
20325 16265 19498
20164 15171 20064
20085 17449 18114
20020 16198 19861
20026 17721 18067
19926 16837 19517
19788 16020 20102
19555 17990 17980
19469 15979 20497
19394 18135 17850
19076 18214 18744
19073 18089 18903
18495 18371 18730
18818 17980 19508
18648 17825 19852
18307 18717 18465
18089 18912 18183
18137 18633 18880
18055 17582 20208
17986 18129 19768
17284 16231 21081
17419 18892 18845
20868 16354 17938
20746 16215 18430
20173 17413 17914
20126 16487 19667
20150 16690 19209
19762 16825 19698
19746 17427 18975
19619 15914 20404
19226 16524 20264
19307 17453 19711
19218 16311 20485
19052 16554 20414
18763 16502 20642
18610 15837 21003
18621 16321 20844
18563 18306 18950
17847 18939 18626
17766 17196 20657
17596 19074 18455
17969 17661 20277
17490 18476 19431
17383 19181 17790
17223 19306 17020
20681 16218 18658
20337 16643 19091
19980 16696 19396
19771 17612 18672
19679 15672 20416
18822 18224 18732
18988 17974 19321
18733 18455 18320
18933 18469 18167
19098 16178 20671
18666 16868 20505
18785 16987 20482
18677 16658 20649
18151 16435 20966
17850 17542 20300
17677 18784 18970
21253 15409 17973
20621 16004 19138
20279 17328 17952
20105 15443 20017
20210 15541 19929
19690 17376 19258
19646 15402 20448
19243 18083 18716
19291 18207 18017
19230 15727 20706
18207 17466 20468
18321 17972 19850
17715 16146 21143
18255 16669 20860
21055 15606 18455
20413 15393 19852
20074 15897 19955
20098 16110 19808
19908 15555 20119
19921 16968 19349
19701 16157 20256
19591 16665 20008
19486 15504 20494
19432 17495 19146
19463 16815 19895
19273 18097 18464
19218 17534 19469
18931 15717 20903
17831 19020 18058
17325 17939 20117
20646 16034 19116
20614 16277 18832
20091 16962 19162
20002 17204 18763
19945 17485 18653
19342 18058 18341
19170 15969 20694
18860 16836 20310
18899 17493 19864
18664 18494 18443
18210 16163 21013
18031 16045 21055
17864 18632 19138
17186 19298 18070
20327 15993 19511
20497 15987 19324
19856 17566 18411
19368 16246 20392
19287 16786 20037
19138 18358 18062
18333 18084 19556
18309 18370 19187
17437 19163 18241
20778 15972 18714
20786 16522 17495
19935 15449 20204
19456 18012 18450
19034 17669 19600
16888 19366 17736
20453 16989 17829
20584 16136 19166
20432 15337 19833
19770 17944 18279
19530 16493 20046
19392 17407 19450
19463 16552 20220
19388 17689 19125
19234 16932 20192
18980 17600 19709
19018 17988 19069
18537 16016 21015
18228 18660 18672
21155 14583 18681
19636 14862 20569
18860 16573 20635
18920 18486 17838
18837 17983 19431
18836 18090 19061
18641 18511 18247
18321 18808 17974
18390 16661 20789
18377 17621 20124
20267 16663 19431
17880 19028 17605
17689 18362 19396
17451 18557 19205
19843 17061 19112
16220 19521 16398
21453 14930 17380
20167 16488 19435
18099 18731 18501
18464 18486 18882
21333 14994 17278
20743 15668 19253
20396 16371 19138
19994 15177 20251
19961 14907 20283
19815 16679 19543
19553 16973 19797
18915 18359 18614
18992 17692 19646
18838 18165 18988
18786 16338 20697
20300 17182 18277
19907 15048 20404
19213 17854 18918
18919 16301 20682
18810 17445 20053
18777 15683 21028
16630 19474 17611
18869 17132 20286
18266 17153 20701
20381 15822 19565
20268 16104 19621
19509 18012 18299
19085 16348 20500
19148 17088 20199
18129 15950 21126
17707 17509 20424
18682 18604 17996
16789 19486 17201
20773 16180 18875
20327 15832 19668
19450 16489 20244
18412 17146 20629
21188 15277 18238
19176 17718 19358
18548 18321 19238
17841 18649 18942
18464 18325 19039
18512 16834 20630
17335 19303 17379
20561 15088 19748
19283 16028 20476
17644 17023 20816
19976 16446 19693
19760 17877 18470
19343 16419 20406
18623 17886 19553
18600 18360 18797
18431 17690 20015
19545 15232 20541
18704 17313 20283
18531 16002 21099
17267 19008 18585
17891 16454 21003
19762 16603 19837
18545 18196 19397
18114 18650 18684
19115 16818 20231
20186 15656 19904
19461 17867 18667
18898 16520 20539
17985 18749 18620
16826 17434 20483
20454 15394 19620
20250 16974 18752
18983 17264 20180
18704 17474 20126
18518 18691 17694
19294 15092 20693
18090 18224 19632
16633 16744 20837
19207 15827 20644
18218 18343 19395
19201 17903 19055
18799 16168 20868
20729 15486 19345
18740 16440 20821
17055 16672 20840
20414 16714 18691
18127 18522 18978
21171 15577 17530
19398 16944 20011
20670 15758 19298
20665 15183 19612
20758 15465 19237
20313 15218 19856
18104 17837 20013
20096 16382 19795
20157 15838 19855
18517 16821 20713
20248 14875 20136
20117 15832 19998
18456 15803 21128
17945 18942 17811
17662 19156 17381
20577 16816 18018
20393 16917 18679
19552 18072 18055
19983 15392 20123
19957 15934 20044
19748 15496 20322
17530 17979 20025
18984 18320 18491
17902 19038 17095
18028 17348 20510
19391 15198 20666
19752 15691 20254
19501 16499 20124
18042 16948 20752
16036 19533 15729
19390 16731 20232
20259 16450 19652
18887 17071 20233
18115 18931 17760
20615 16813 17007
19126 16603 20359
18373 18809 17715
21137 15504 17852
18877 17708 19555
21078 15776 17805
18478 16288 20968
20693 16721 17770
20048 17114 19108
21034 15875 17397
19799 14930 20426
17593 18105 19886
17708 19129 17276
17945 18342 19653
16278 19515 16265
18444 18628 18527
18656 17411 20178
16957 19327 17613
19818 15822 20195
19775 17856 17896
19445 16061 20419
17656 16459 20910
20666 15000 19737
19048 15796 20853
17797 17690 20083
17668 17254 20603
18526 17652 20011
19489 16010 20299
19699 14755 20430
20803 16222 18203
19041 16542 20479
20217 15055 20027
19306 17935 18682
19065 15209 20990
18376 18678 18342
19129 15046 20813
20821 15156 19360
20487 15891 19465
16862 15982 21194
20752 16449 17817
19550 14708 20638
20358 17282 17442
19562 17401 19263
18669 15565 21050
17822 19035 17432
20347 16773 18865
19070 16266 20554
19266 17049 19970
19002 18430 18044
20135 15353 20015
18491 18127 19506
18634 18480 18695
18388 18427 18980
15815 19598 15860
20224 17524 17585
18591 18671 17615
20442 14969 19771
19968 16653 19628
20855 14939 19177
20206 16815 18869
19932 16597 19650
18464 18732 17772
19407 17692 19048
18751 18565 17873
17106 19332 16922
20417 16151 19413
16703 16435 21073
17665 19035 18332
20941 16140 16995
16609 15456 21337
20870 14736 19161
19366 17181 19758
19115 17905 19014
16450 15909 21216
19853 17157 18971
19359 15478 20621
18999 16787 20316
16498 16755 20912
20355 16370 19370
19597 16779 19818
19257 16768 20247
18659 17615 19996
19848 16447 19830
19494 17751 18728
19336 16016 20512
18310 18757 18320
16825 16608 20914
20237 15965 19812
18842 18536 17786
19607 18015 17484
19076 15693 20831
18158 18873 18060
17291 16157 21037
20970 14911 19157
19286 17857 18794
18273 16608 20807
19709 16370 20035
19447 17417 19172
20269 15269 19976
19490 16709 19980
19321 14986 20778
19723 17128 19453
19843 15684 20235
18564 18199 19320
21499 14598 17951
19197 16467 20292
19380 14714 20825
18221 16409 20881
19602 17489 18959
17026 19423 17300
21280 15305 17409
19898 15014 20422
19348 17751 18793
21031 15579 18599
20923 15376 18655
19820 15324 20266
19794 16942 19476
18804 16990 20405
18515 15531 21175
18544 16695 20664
20414 15981 19510
17404 19264 17256
20318 17295 17893
19863 17506 18925
20991 15311 19016
20790 15705 18872
19602 16766 19901
21074 15778 17417
20710 16487 17801
18424 18712 17871
18296 17514 20279
19413 15683 20506
19317 17826 18925
19049 18234 18460
18774 18079 19100
17925 17719 20055
19404 16865 19987
20717 15061 19496
19250 16831 20112
17833 16501 20867
19832 15200 20394
19410 16292 20264
17050 15897 21152
21202 14297 18536
20588 15310 19581
20354 17284 17054
19668 15887 20288
20643 15864 19213
19197 18252 18130
19842 16333 20020
19491 15373 20662
19389 16317 20282
19159 16624 20252
19174 16505 20464
17889 18717 18787
21225 15501 17042
21084 15182 18374
19324 17757 18915
19205 18147 18279
19564 15235 20464
20094 15352 20247
18907 17727 19481
19875 17178 18890
18881 16616 20585
18872 15989 20856
21329 14443 18295
20688 15485 19577
17746 18745 18847
17418 15537 21269
20889 16151 17950
19346 18257 17439
19143 18270 17679
21444 14794 17584
20236 14999 20008
18667 17863 19514
20264 15507 19903
17460 19146 18437
20694 16349 18652
19655 14806 20550
19484 16595 20170
20505 15858 19352
20770 15759 18935
18586 18118 19260
20461 16911 17897
17634 17892 20001
17609 19151 17746
21013 16071 16978
20410 15445 19740
20021 17207 18686
19863 17653 18210
19675 17561 18773
19575 18094 17225
19092 16751 20394
18940 16344 20632
20512 16684 18283
19656 16471 20067
18620 16469 20766
18046 18946 17389
17700 18767 19166
19145 15517 20737
19885 15654 20239
20081 16866 19303
19835 17185 19374
18804 18098 19026
18659 18621 17800
17612 18065 19775
20814 15429 19054
19629 16640 19852
19199 18246 17822
19676 16981 19705
18867 18520 17177
18277 16063 21025
20847 16123 18611
20766 15678 19016
18983 18047 18967
17480 18202 19787
19583 14978 20606
18746 18236 18901
21103 14582 18940
20611 16889 17327
20440 15550 19612
18520 15518 21258
17863 18785 18513
16942 16687 20864
20591 16720 18197
17897 18941 18080
20689 16723 17382
19344 17788 18717
19134 15033 20896
19552 18111 17029
19095 18392 17268
18045 18690 18535
18057 16706 20816
16836 16398 21058
20395 15666 19573
20090 17168 18563
19505 15819 20431
18594 16488 20707
20865 16374 16615
16995 15945 21179
17239 18611 19260
19778 17190 19228
19820 15848 20180
19486 18029 18103
18304 17748 19896
16445 16543 20948
20738 15704 19131
20331 16529 19281
19797 16372 19992
19347 15392 20645
20673 16005 18879
20596 15523 19360
20373 15609 19786
18887 16730 20395
18510 18710 17453
20055 15655 20002
19924 15664 20076
19129 15994 20601
19616 17945 17682
18728 18582 17677
18624 18664 17562
18349 18698 18058
19307 17292 19868
18852 16908 20332
18737 18109 19150
19829 16503 19849
16908 17316 20596
20409 17088 17421
18955 16981 20295
18943 18508 17008
16983 15520 21330
20976 15775 18232
19584 18032 17288
20843 14514 19328
19487 17940 18320
19435 17620 18987
19128 18291 18253
18218 18126 19764
21572 14238 17487
19332 17991 18532
18834 18488 18256
18332 16336 20854
18466 17508 20092
18180 18515 19040
16711 19184 18126
20897 16239 16587
18718 15955 20981
18380 17659 20083
20556 17085 16960
19184 15324 20788
18300 18690 18511
20999 14610 18933
19826 16662 19521
19689 15768 20275
19563 17069 19656
19417 16219 20276
18766 15199 21187
16849 17629 20363
19298 16769 20015
19335 17613 19419
19035 18308 18136
21355 14927 18195
20417 17010 17489
20001 16719 19370
19200 18274 17636
18390 17933 19727
17929 18650 18869
20887 15216 19152
19688 16327 20085
19473 16826 19864
19351 17098 19889
19037 16006 20709
18936 18481 17054
17817 17777 20017
19402 15199 20665
18880 17635 19725
18509 17850 19739
19851 15144 20375
18721 18498 18400
18545 17109 20614
19674 14983 20456
19597 17380 19183
19552 15158 20497
19489 17764 18645
19069 17487 19677
18474 17903 19552
18339 18243 19246
17563 19276 16846
19330 16589 20235
18585 17699 19991
18423 18023 19556
21316 15294 16570
17922 17885 19911
20796 16350 18225
20164 17034 18976
19809 16750 19585
17866 18032 19822
20322 15845 19585
19291 17725 18993
18784 18558 17820
21185 14772 18539
20602 15492 19489
20491 16953 17225
20190 15780 19823
17694 19077 17640
19077 17882 19137
19402 16147 20453
19074 17596 19453
18918 17496 19787
18667 17828 19775
20357 17087 17680
19880 17767 17629
19338 17338 19559
19005 15451 20978
21398 15126 17013
19664 16684 19846
19458 16702 20023
19153 17419 19836
18849 17865 19356
18258 17846 19989
20533 16915 17610
19643 16711 19737
18206 18594 18757
18131 18893 17776
19829 15358 20248
18815 18197 18778
17750 19092 16757
17338 19182 18330
19991 16445 19726
19590 17722 18814
19450 17344 19342
18811 18505 18060
16390 16591 20975
21057 15972 17386
20911 15643 18497
20469 14845 19787
20354 15706 19619
20250 15325 19995
19087 15694 20830
18244 18265 19345
20009 17130 18719
19770 16816 19616
19225 17621 19268
17956 18544 18954
18070 15165 21282
20915 16068 17793
20311 17085 18236
19559 17641 18905
20903 15430 18718
20537 15795 19313
20156 16821 19197
20123 14928 20166
19031 17748 19399
18980 14999 21021
18567 18115 19337
19889 15672 20086
19826 17959 17396
18312 18814 17480
21102 15320 18310
20492 16000 19241
20535 16821 18272
20230 16849 18822
19757 17217 19119
19015 17125 20214
18745 18242 18776
17916 18900 18503
17436 19185 17515
20529 15582 19534
20466 15848 19515
20365 14750 19923
20354 15665 19805
19366 18160 17064
18287 18304 19272
17537 18505 19291
20263 17084 18368
19042 17734 19200
18573 18561 18062
18244 18866 17856
21362 14962 17141
21073 15501 18615
20717 15184 19353
20336 15174 20004
18535 16760 20660
17906 17535 20416
16028 14988 21363
21023 15366 18820
20514 15785 19550
19998 15713 20021
19960 16440 19849
19677 16436 19890
19249 15730 20629
18312 18380 19029
17959 16257 21028
20176 17064 18377
19772 16921 19557
19499 18106 17394
18441 18749 17576
20702 16241 18632
20258 16741 18943
19665 14438 20488
19427 17386 19370
19244 17028 20051
18745 18204 18958
18276 17427 20345
19808 17849 17843
19417 18118 18046
19005 16776 20260
18038 17622 20154
17808 18481 19373
20355 16986 18644
19670 16673 19790
19129 18202 18470
18796 16777 20626
18390 18795 17405
18020 18041 19798
20527 16608 18493
20404 17284 16886
19976 15937 19967
19940 16971 19272
19493 15430 20450
19226 18294 17438
18752 18645 17426
18523 16835 20629
17877 17664 20080
21129 15291 18073
20722 16533 17058
20670 16551 18420
20524 15861 19275
20509 15821 19428
20464 15454 19611
19927 14590 20341
19511 17157 19686
19303 16756 20098
19056 17588 19540
18830 16012 20902
18458 17134 20480
18419 18811 17159
17308 18524 19329
17349 17586 20407
16938 18680 19208
20999 14487 19076
20351 15717 19693
19984 16659 19472
19557 17984 17672
19407 17299 19436
18893 16695 20447
18342 18869 17041
17738 17987 19865
20568 15549 19475
20061 15082 20279
19412 17078 19766
18966 17466 19954
18711 16567 20657
17913 19021 17552
17635 18358 19410
20992 15840 17651
20931 16239 16535
20810 16570 16248
20263 16117 19538
19229 15221 20809
19103 17983 19069
18593 18633 17836
20044 17691 16836
19932 16758 19493
18787 16406 20641
18512 16140 20933
18012 18745 18501
20018 16602 19486
19249 17896 18900
18560 18088 19383
20433 16853 18060
17194 18018 19947
21320 14967 17395
19810 15414 20267
19782 16856 19500
19592 17393 19100
19521 17253 19545
19480 14889 20821
19350 18101 18085
19275 16157 20448
19016 15935 20819
16206 19527 15542
20887 15339 19009
20792 14453 19569
20405 15481 19618
19561 15192 20479
19430 16282 20252
19064 17500 19594
18908 15817 20841
19011 16437 20607
18774 16292 20786
17689 18955 18116
16971 18445 19491
16783 16186 21094
20580 15600 19396
20100 16049 19681
20130 16595 19505
19342 18134 18109
19321 15934 20566
18859 16131 20745
18776 15295 21046
18558 18582 18636
21122 15872 16587
20439 15424 19632
20424 17045 16992
19440 18137 17294
19536 18154 16877
19423 15576 20579
19133 15635 20812
18891 15992 20779
18277 18030 19628
18031 17852 19858
21044 14596 18775
20943 16241 16031
19911 15531 20126
19966 17282 18665
19662 16460 20011
19472 17263 19282
19248 15165 20790
18035 18982 17278
17953 18363 19352
21228 15440 15745
20562 16276 19091
20273 15805 19746
19667 16256 20195
19389 18143 17260
19069 17648 19520
18515 18683 17784
17236 19423 16844
20295 15978 19572
20191 15597 19948
19477 17873 18511
18172 18923 17181
17976 18997 16846
16938 19491 16510
20948 14426 19317
20922 15643 18470
20398 17185 17462
19944 16076 19933
19313 15075 20703
18723 18388 18511
16843 16324 21014
16824 15973 21209
21129 15582 17784
20924 16069 17069
20914 15430 18691
20653 15960 19072
20517 15909 19274
19704 17995 17289
19053 15793 20769
18814 18561 17000
18589 18510 18506
21526 14570 16916
20033 17448 18373
19581 17565 19029
19486 15951 20419
19248 17469 19434
18814 15541 20978
18560 18741 17265
18163 17524 20246
17494 19315 16969
20607 16891 16939
20488 16657 18427
20035 15665 20014
19928 16894 19305
19785 16661 19753
19601 17457 19016
19288 15664 20598
19049 17561 19586
19008 18422 17214
18611 18497 18499
18401 18360 19021
17966 19021 17401
20570 16489 18870
20368 16596 18903
20366 16713 18823
19498 17828 18561
19400 17001 19799
19172 17944 18946
18807 16381 20647
18472 16315 20866
17314 15318 21279
20803 15836 18866
19217 15869 20595
18631 16953 20607
17935 18713 18769
17921 19058 17010
17298 18250 19685
17222 18310 19662
21083 15254 18317
20185 16831 18988
20004 17213 18700
19858 17880 17655
19692 16435 19923
19462 16110 20330
19397 17025 19792
19232 17831 18925
18742 17495 19868
18657 18467 18489
21116 15700 17433
20714 16518 17782
20596 14115 19744
20227 15023 20030
20223 16762 19023
20168 17142 18309
19655 15754 20338
19477 16192 20276
19142 16126 20495
19075 15305 20849
19031 18405 17410
18664 18006 19362
18282 17717 20029
17806 19132 16461
17712 19187 17193
17652 17792 20119
17115 14633 21315
20292 15995 19530
20158 15327 19980
19803 16636 19775
19618 16708 19843
19509 14465 20740
18826 17566 19834
18236 18453 18948
18112 18895 18379
20075 17111 18682
19499 17733 18586
19234 17655 19250
19194 18373 17179
19140 15995 20600
19074 17469 19535
17948 19040 16539
17125 19303 17835
20136 16022 19782
19613 14560 20604
18982 16855 20246
18868 16786 20414
18898 17731 19529
18755 17555 19848
18213 18934 16945
17890 18623 18932
20717 16265 18275
20692 15967 18988
20541 15876 19232
20356 16646 19014
19732 17556 18919
18841 18227 18655
18727 16610 20650
17184 17744 20303
17040 18358 19560
21214 14751 18431
21121 15369 18005
20945 15643 18445
20333 15885 19530
19930 16040 19959
19596 15078 20503
19543 16323 20217
19594 15462 20447
19407 18193 17002
19212 17147 19883
19149 16053 20507
18810 18374 18511
18677 18254 18773
18443 18656 18087
18313 18334 19149
17652 19089 17572
20853 15211 19164
20400 16334 19214
20082 17202 18533
19101 15711 20716
18986 18317 18088
18978 16278 20662
18217 18476 18934
17813 18719 18632
17753 17986 19898
21070 15563 18026
20814 14938 19409
20583 15548 19508
20424 16077 19369
20405 15726 19564
20348 16433 19235
20288 16026 19571
20142 17052 18508
19640 16568 19918
19482 18099 17650
19211 16442 20318
19206 15385 20754
19222 17764 19116
18310 18038 19580
18258 18873 16842
17526 17628 20364
17394 19197 17447
20947 14609 19192
20826 15723 18752
20283 15901 19605
20037 17571 17703
19999 16658 19505
19938 15955 20009
19616 16782 19741
19499 16392 20154
19444 17759 18670
19189 15972 20617
18836 16026 20818
17936 18663 18644
17797 17674 20098
17804 19040 17774
16867 19411 17710
16569 19479 17376
20975 16140 16943
20989 16201 16804
20777 15468 19160
20451 15340 19756
20392 16121 19435
19858 16482 19741
19791 17284 18966
19572 15193 20478
19471 16765 19999
19310 16149 20438
18832 16798 20404
18788 15684 21027
18641 17049 20466
17986 18531 18921
17541 18856 18952
19915 16352 19858
18993 17360 20039
18562 18241 18973
18442 17480 20159
17870 18961 17796
17721 19050 17449
17565 14986 21291
17407 19223 17041
16926 17852 20178
16906 16699 20854
20751 15695 19035
20633 16280 18755
20145 15413 20006
20023 15588 20047
19954 15452 20127
19948 17345 18884
19819 17605 18517
19753 17353 18931
19774 16176 20094
19608 16569 19962
19396 17275 19451
18774 16992 20317
17586 19168 17550
17343 19269 17021
17194 19264 17712
16896 19332 17378
21120 15446 17988
20509 16888 17754
20278 16674 18910
19979 17273 18754
19775 17330 18997
19650 17724 18476
19493 15406 20525
19420 17452 19378
19249 18277 17634
19047 17702 19368
18938 15643 20859
18392 18340 19059
18391 16102 20979
17992 18675 18576
17836 18946 17845
15913 19601 15045
20677 15968 18955
20425 16607 18891
20420 15480 19651
20310 17404 17031
20249 15508 19870
19876 17644 18299
19224 16498 20279
18944 18073 18913
18601 18266 18942
18196 17532 20198
18193 18605 18894
17376 19168 18006
20444 16853 18033
20327 17153 18040
20178 16740 19137
20063 16112 19827
19892 15587 20145
19803 15900 20169
19713 16478 19873
19399 17479 19269
19385 17184 19681
19340 14989 20701
19195 17721 19281
18992 18218 18545
17622 19136 17480
21029 14799 18791
20936 15507 18649
20346 15753 19571
20137 17114 18420
20033 17513 17794
19703 15344 20429
19586 15644 20436
19520 17221 19602
19357 16461 20264
19147 16081 20581
19092 18092 18826
18849 16089 20794
18264 18818 17613
20365 17009 17748
20123 17560 16696
19854 17136 18932
19694 17620 18482
19654 16496 19865
19340 17811 18714
19045 17459 19744
18928 18119 18944
18784 16388 20645
18064 19024 16586
17687 19050 17686
17612 19069 17671
21171 15504 17800
20028 17133 18642
19616 15947 20287
19377 16971 19902
19331 18034 18356
19278 15124 20719
19244 17624 19191
19187 17508 19502
19189 15437 20743
19151 14727 20890
19063 17777 19150
19059 15782 20713
19052 17779 19153
18358 18816 16924
18163 18407 19043
16881 19339 17782
16638 19440 17253
16583 17281 20621
21272 15341 16153
21068 15875 17345
20846 15429 19037
20104 16002 19827
19823 17208 19062
19767 16773 19631
19408 17528 19231
19400 15721 20519
19291 18140 18075
18883 16313 20672
18761 18325 18739
18046 16222 20975
17850 19037 17354
17770 19025 17823
20661 16815 16451
20155 17112 18488
19898 17037 19340
19827 16477 19864
19111 16241 20647
19204 15359 20769
18745 17459 19989
18556 17986 19541
17912 17189 20585
17640 18134 19746
21173 14470 18547
21090 15341 18116
20344 16569 19047
20153 17278 18040
20104 17452 18037
19893 17548 18253
19677 16530 19839
19620 16644 19900
19228 15870 20594
19117 18140 18579
18847 18409 18429
18863 17837 19499
18775 18667 16596
18642 17830 19534
18592 16585 20651
18483 18489 18805
18410 16026 21010
17917 18412 19343
17655 19129 17427
17208 19192 17784
20385 16704 18900
20398 15020 19891
20214 16810 18880
20061 17456 17728
19867 16450 19753
19872 17687 18192
19816 16676 19541
19770 16977 19449
19776 15595 20253
19572 16302 20109
19540 15276 20572
19413 18138 17773
19384 18270 16617
19198 18120 18325
19194 16393 20407
18959 18464 17250
18791 16315 20657
18553 17322 20393
18409 17936 19650
18380 15618 21138
18369 16801 20754
18297 18811 17560
21408 14964 16585
20640 16217 18890
20548 15585 19457
20314 14689 20164
19145 18329 17678
18777 18204 18941
18539 16215 20878
18315 17517 20202
18268 17760 19886
18223 18496 18745
18021 17991 19824
18010 18360 19384
17026 17671 20320
21175 15250 18355
20651 16792 17347
20537 16588 18435
20333 16478 19277
19933 15592 20092
19921 15494 20173
19813 16700 19534
19740 15202 20379
19721 17261 19106
19640 18008 17431
19468 17440 19146
18865 18178 18878
18848 15647 20904
18283 18144 19495
18160 18870 17657
17878 18994 17661
17666 18547 19172
17305 18386 19463
17277 19187 18095
16325 17389 20496
21177 15676 16954
20968 16003 17070
20629 16416 18567
20522 15812 19332
20178 17395 17773
19859 16237 19974
19805 16585 19771
19792 15416 20328
19659 17683 18691
19536 17175 19571
19318 17857 18777
19285 16807 20028
19237 15653 20662
19215 15843 20610
19153 15036 20819
18725 17372 20055
18707 15471 21140
18672 16178 20863
18401 17723 19871
17814 19040 17641
17745 19137 16226
17067 18581 19272
21183 15506 17296
21168 14714 18675
20499 16657 18400
20382 16957 18407
20102 17505 17654
20097 17565 17069
20052 14537 20311
19888 17566 18394
19664 16409 20007
19523 16508 20082
19433 17546 19116
19336 17882 18632
19117 17741 19195
18685 18206 18926
18413 16587 20819
18231 18205 19365
18133 18985 16463
17873 19001 17651
21468 14705 17010
21167 15037 18576
21080 15877 16841
20901 16153 17446
20288 15272 19899
19786 16729 19697
19684 17194 19484
19727 17978 17485
19475 16166 20291
18589 18517 18304
18434 18354 18883
18427 18777 16801
17770 18739 18655
17604 19040 18097
17423 17999 19909
17408 17273 20640
21162 15368 18004
20798 16524 16991
20002 15354 20232
19962 17509 18130
19942 15375 20160
19940 16810 19429
19543 17018 19720
19477 15585 20450
19446 17389 19293
19395 17615 19081
19190 16536 20254
19156 17301 19978
19126 18378 16492
18972 16780 20339
18874 18050 19053
18728 17576 19873
18533 18693 17649
18506 18713 17365
18315 18889 16757
18072 18990 16228
17839 18986 17700
17170 17468 20449
16527 19501 15089
21092 15830 17259
20302 15963 19533
20195 17568 16254
20065 17138 18585
20000 17504 18081
19837 17181 18974
19608 16129 20276
19417 17592 19147
19399 17333 19406
19343 17760 18838
19262 18022 18558
19053 17672 19523
19002 15484 20861
18638 18627 17796
18633 17890 19540
18154 17254 20504
17794 17725 20074
17690 17739 20023
17290 18991 18781
21481 14604 16121
20812 15972 18662
20730 16601 15719
20520 15301 19633
20511 16503 18705
19959 15998 19959
19866 16164 19986
19674 14809 20473
19577 15134 20522
19542 18005 18246
19474 15462 20544
19323 16499 20239
19309 18190 17817
19222 16443 20317
19193 15951 20517
18985 18281 18363
18715 18597 17943
18693 17682 19843
18400 18778 17280
18308 16374 20828
18281 18874 16806
17918 18362 19369
17858 17923 19967
17615 17676 20175
17409 18618 19201
21199 14954 18447
21021 15808 17514
20716 16619 16818
20712 16567 17063
20610 16112 19018
20434 17035 17075
19927 17841 17532
19705 16374 19977
19471 17934 18476
19453 18231 16494
19373 17107 19714
19328 14912 20734
19204 17663 19413
19182 16323 20475
19081 16267 20553
18997 16790 20311
18872 15488 20993
18847 16652 20462
18777 17576 19767
18754 15783 20966
18624 16446 20685
18455 17877 19652
18292 18456 18894
18287 17217 20489
17860 19063 16775
17246 18537 19216
20940 15538 18630
20847 16156 18204
20802 15696 18896
20617 15546 19334
20443 15960 19402
20112 17418 17679
19564 17496 19122
19217 18356 17375
19134 15981 20684
19080 18015 18859
19113 17592 19497
18696 17807 19667
18655 17751 19808
18622 15261 21171
18401 16662 20788
17884 18347 19418
16856 17065 20732
16676 18528 19355
16378 16166 21126
20924 16009 17401
20744 16527 17749
20697 15238 19416
20361 15632 19575
20165 17200 18135
20012 16488 19676
19790 17222 18983
19702 16398 19970
19576 17987 17595
19421 18104 17415
19405 17793 18689
19392 18236 16259
19148 15997 20524
18883 15972 20834
18552 18122 19353
18517 18775 16471
17896 17854 20002
17589 19047 18501
21541 14345 16546
21089 15626 17441
20247 17356 17650
20138 16808 19284
20127 15928 19857
20039 17779 17219
19973 15954 19925
19937 16928 19287
19875 17569 18334
19871 16312 19912
19736 15614 20397
19635 17948 17605
19493 16403 20210
19443 18091 18277
18829 17770 19652
18778 18042 19176
18770 18509 18089
18661 15694 21022
18614 17070 20491
18568 15860 21049
18534 16625 20773
18260 18813 17739
18331 18834 17395
18139 18930 17234
18057 18997 16632
17837 18652 18854
17814 19098 16103
17658 18049 19811
20986 15997 16986
20956 15643 18418
20932 15325 18851
20794 15483 19117
20369 17072 17586
20361 17210 17010
20186 16953 18916
20041 17496 17697
20021 16645 19461
19997 16632 19520
19605 15463 20446
19600 17988 17530
19591 16814 19758
19409 17035 19781
19352 18158 17896
19225 18219 18053
18988 18238 18272
18981 18119 18793
18890 18503 17373
18525 18683 17651
18499 18746 17030
18456 18780 16236
18411 18735 17828
18402 16103 20978
18019 18529 18958
17549 17939 19914
17408 19200 17345
17644 18485 19407
21343 14625 18203
20739 16538 16826
20728 15807 18922
20644 16622 17881
20621 15495 19412
20413 17033 17486
20411 16334 19187
20407 16120 19468
20259 15359 19977
20214 17200 18029
19796 15930 20102
19703 16096 20129
19427 17654 18957
19332 17830 18689
18844 18628 16473
18770 18102 19097
18663 16814 20641
18661 18211 19091
18584 18644 17661
18589 18108 19353
18534 15534 21098
18521 18341 18954
18487 18751 17020
18457 18705 17818
18395 18668 18048
18078 18935 16999
17644 17383 20563
20946 15367 18652
20788 16137 18446
20476 16929 17277
20439 15263 19789
20191 17005 18739
20155 16020 19689
20104 16595 19574
20147 15807 19910
20092 17375 18070
20030 17470 17987
20009 16771 19306
19940 17132 19105
19879 16227 19962
19769 16529 19793
19675 16469 19974
19514 15853 20413
19357 15762 20551
19113 16180 20520
19015 18219 18509
18971 16188 20666
18870 16132 20744
18723 17477 20049
18721 18003 19394
18715 17098 20411
18482 18070 19536
18471 18412 18838
18384 18850 16634
18347 17894 19800
18341 17371 20270
18315 18683 18107
18066 18940 16989
17645 19137 17444
17435 18873 18760
17406 17578 20372
20836 15155 19393
20685 16508 17991
20544 16297 19172
20499 15926 19197
20001 16966 19119
19963 16419 19810
19794 17859 17819
19509 16712 19903
19450 16990 19740
19438 17266 19356
19412 17239 19599
19286 18267 17432
19225 15240 20756
19130 18163 18342
19100 18366 17287
19063 16878 20230
19026 18532 16767
18878 16474 20622
18783 18633 16238
18729 15956 20980
18697 18332 18661
18582 17301 20285
18541 17245 20426
18522 16894 20621
18487 18326 19003
18438 17915 19542
18216 18908 16846
17855 18905 18268
21310 14961 17400
21217 15579 16974
21217 15172 18371
21079 15330 18637
20579 16917 17054
20441 16668 18717
20308 15262 19887
20165 16779 19047
19975 17316 18647
19947 14625 20322
19855 15680 20145
19801 16859 19423
19745 16942 19582
19645 17634 18701
19645 14896 20551
19627 17981 17629
19611 17396 19023
19598 18113 16473
19568 18067 17271
19539 16330 20113
19502 15337 20514
19339 17742 18863
18943 18469 18034
18915 18198 18771
18767 17165 20249
18732 17634 19834
18605 18677 16422
18564 17124 20376
18350 18835 16683
18303 17440 20235
18236 18367 19311
18069 18749 18458
18001 18634 18791
17971 17236 20565
17836 18702 18828
16930 16262 21015
21114 15543 17916
20762 15428 19313
20692 14649 19529
20553 16789 18162
20457 17205 16425
20125 16045 19777
20062 17150 18592
19975 16740 19427
19969 15985 19966
19866 17846 17297
19834 16839 19502
19785 17277 19027
19784 15956 20188
19508 17767 18568
19466 17379 19281
19363 17523 19256
19251 18120 18174
19217 17049 20076
19182 15982 20637
19083 17503 19517
19041 15291 20912
19005 18385 17608
18895 17527 19711
18884 16040 20778
18833 16679 20550
18796 15686 20951
18743 18555 17875
18715 17264 20270
18655 16857 20606
18629 18005 19379
18626 16989 20485
18616 18616 18032
18504 17989 19476
17929 19024 16652
17839 16714 20770
21536 14408 16488
21166 15773 16995
20551 15791 19224
20219 16946 18863
19993 16753 19340
19964 15860 20000
19693 16663 19738
19633 17457 18999
19344 17794 18686
19306 16946 19996
19117 18001 18859
19089 16295 20495
18971 16880 20215
18675 18577 18042
18543 18761 16848
18283 18777 18036
17696 17783 20020
17600 18031 19842
17328 18908 18686
21131 15622 17046
21085 15503 18111
20854 16471 16656
20463 16587 18657
20258 16008 19762
20096 15291 20120
20073 16080 19830
20024 17219 18557
20017 17403 18439
19880 15690 20117
19793 16646 19644
19771 17621 18378
19694 14799 20461
19571 18114 16952
19530 17828 18544
19492 15961 20320
19258 16209 20437
19165 16770 20232
18434 17815 19856
18327 17807 19866
18314 18755 18023
18009 18514 19117
17480 18861 18717
17030 18022 19981
21346 15125 17272
21063 14599 18698
20982 15874 17656
20840 16446 17007
20735 16391 17953
20360 16958 18202
20110 16965 19085
19967 16527 19648
19944 17530 18211
19826 16626 19723
19716 16159 20105
19691 17313 19021
19672 17117 19517
19653 16766 19712
19650 15044 20477
19578 17973 18176
19574 16167 20251
19533 15344 20484
19444 16871 19914
19387 18149 17568
19351 15785 20556
19326 17456 19634
19318 18238 17511
19267 15168 20713
19221 18096 18723
19170 15493 20762
19123 17953 18898
18961 18361 18058
18677 18664 17411
18607 17497 20012
18578 16604 20672
18560 18674 17323
18249 18762 18085
18233 17388 20418
18224 18178 19411
17968 18925 18007
17851 19014 17658
17838 18991 17674
17295 18112 19819
17089 19313 16985
16927 18393 19526
21354 15173 16596
21296 14158 18578
21166 15806 16588
20979 15813 17768
20528 17144 16668
20502 15115 19755
20438 17033 17463
20409 16910 18156
20211 16733 19084
20155 17227 18036
19969 16789 19321
19881 17763 17763
19872 17160 18894
19827 17852 17766
19700 16487 19859
19695 16996 19467
19582 17072 19579
19569 17488 19062
19527 15916 20389
19483 16874 19801
19462 16884 19827
19452 17571 19067
19433 15991 20487
19298 16733 20217
19294 18180 17930
19242 18051 18773
19185 17280 19870
19158 18309 17640
19151 17779 19059
19144 17224 20011
19125 16873 20206
19122 15151 20971
19088 17651 19443
18887 16036 20698
18776 16268 20806
18768 18640 16642
18729 18138 19097
18726 17515 20008
18693 18203 19217
18568 18707 16907
18391 17449 20227
18217 18886 17572
18191 18146 19480
18061 18782 18482
17974 18987 17043
17946 18934 17522
17848 16109 21128
17785 17199 20580
17175 19428 16609
17162 19214 18103
16728 19491 16966
16429 19498 15904
21144 15430 17808
21101 15608 17899
21063 16177 16133
20697 16460 17918
20484 14844 19820
20482 17007 17261
20300 17308 17172
20175 17352 17966
19784 14557 20465
19757 16861 19576
19559 16311 20095
19482 14828 20694
19441 16896 19815
19370 17144 19834
19167 17103 19961
19127 16137 20489
19041 17595 19556
18933 18402 18225
18730 18172 18968
18728 17661 19763
18644 15746 21011
18590 18302 18831
18585 17339 20244
18073 18299 19454
17265 19344 16512
15936 19584 15241
