70 3
19616
547 783 926 189
605 265 276 798
521 848 919 264
460 37 300 138
648 133 812 319
666 785 827 511
541 256 73 860
464 300 296 304
624 361 636 112
560 423 923 284
448 70 125 274
570 355 414 405
501 898 589 435
521 695 997 940
471 351 458 28
675 605 716 231
535 776 167 598
452 188 426 173
588 373 551 60
593 407 50 733
483 151 235 419
432 615 202 131
505 777 135 573
605 972 737 957
564 750 267 85
556 668 68 882
610 217 763 657
460 741 983 650
650 302 805 753
569 265 399 498
632 81 16 744
648 541 498 549
588 180 408 627
485 560 512 475
650 699 922 844
440 938 381 365
510 784 327 695
541 753 62 838
558 304 62 385
649 738 31 345
577 372 862 342
601 443 400 827
564 695 129 194
546 197 766 145
620 635 598 811
651 591 770 708
435 315 150 772
619 229 507 181
599 666 567 362
532 227 500 130
645 262 501 416
523 916 390 583
542 347 610 271
632 752 642 915
676 138 401 43
600 182 153 11
522 584 279 878
461 764 916 556
540 189 339 534
481 448 671 492
555 48 24 70
601 350 215 897
491 453 51 613
684 139 763 623
576 772 965 167
654 113 133 973
435 859 838 964
637 79 118 299
459 286 551 545
649 57 34 112
4039
20169 17368 24612
20988 20793 22712
20833 22448 21090
20763 23437 19917
20620 23308 20008
20871 20036 23255
20633 18691 24004
20628 19521 23598
20449 22707 20870
20222 18627 24157
19909 16883 24832
20171 22863 20701
20365 23789 19484
19935 23282 20372
19862 16947 24897
19699 24475 17374
24180 19587 20305
23840 20359 20091
23923 20244 20429
23821 20651 19844
23859 20026 20747
23488 18449 22069
23571 19947 21286
23497 19664 21513
23381 20660 21210
23297 18511 22318
23343 19185 22077
23382 18450 22417
23116 21035 20770
23097 21651 19625
23226 19654 21959
23020 19918 22225
23304 19875 21874
22981 20608 22022
23084 20936 21216
22862 19271 22739
22705 20012 22398
22657 22207 19212
22516 22262 19754
22396 19019 23097
22261 21362 21643
22464 19528 22976
22090 22650 19486
22172 21877 21090
22089 22815 18978
22093 22445 20052
22428 20591 22473
21879 22647 20100
21881 21667 21534
22021 22226 20749
21780 23062 18978
21862 22826 19693
21732 22962 19290
21593 22476 20637
21528 22546 20563
21639 19471 23342
21382 23414 18545
21288 23518 18316
21479 21408 21995
21466 19010 23623
21122 17758 24389
21286 18082 24074
20980 18107 24154
21298 22693 20480
21108 22968 20263
21051 23642 18701
21050 21851 21668
21015 23706 18628
21177 22137 21246
20961 21858 21673
21280 18029 24126
20940 22959 20404
20910 23456 19324
20787 23510 19652
21005 18881 23919
20877 21225 22501
20949 23200 19967
21057 23244 19826
20767 22712 20656
21020 21165 22388
20808 22673 20777
21048 22350 21148
20672 22900 20506
20938 18509 24113
20496 21736 21983
20280 19447 23690
20203 24064 18702
20423 22942 20627
20070 16976 24729
20402 23347 19995
20198 23801 19252
20684 20354 23097
20228 19418 23773
19402 16465 25092
19999 23500 20054
20691 23047 20423
19843 24519 17253
23985 18526 21433
23834 18549 21560
23821 18506 21751
23578 20330 21132
23607 19121 21690
23549 19300 21841
23511 20507 20824
23462 19541 21650
23398 19323 21968
23100 21928 18906
23021 19535 22363
23038 21726 20215
22872 21983 19570
22897 18459 23130
22778 21477 20975
22666 22337 19049
22571 20114 22520
22552 21051 21695
22469 18094 23554
22361 22227 20040
22169 22693 18951
22052 21118 21901
22036 19163 23400
21998 21952 20956
21777 23267 18225
21980 19986 22942
21942 20432 22738
21721 19257 23573
21555 23394 18736
21784 20161 23001
21460 23091 19767
21239 23586 17733
21465 22930 20056
21437 18063 23988
21346 22411 20971
21271 18474 23968
21488 23266 19219
21321 19154 23748
21451 22142 21232
21060 23694 18523
21291 22379 20995
21234 22739 20654
21006 21971 21538
20763 19049 23831
21034 23139 20066
20922 21636 21912
20683 22604 20964
21261 22417 21015
20572 23154 20265
20660 23786 19053
20820 19975 23313
20823 23818 18908
20619 23883 18736
20578 24022 18338
20275 20277 23284
20199 23714 19613
20345 18875 24029
20225 19819 23467
20522 19123 23793
19904 18571 24234
19984 24398 17304
20118 19818 23537
20277 23152 20397
24205 18096 21015
24106 17755 21470
24007 19838 20540
23930 18388 21542
24140 19290 20780
23902 19928 20898
23837 19379 21302
23667 21020 20199
23443 18922 22064
23491 18332 22208
23249 18756 22273
22978 21003 21396
22608 21935 20281
22649 22469 18415
22825 21248 21087
22849 18946 22989
22397 22082 20256
22508 20408 22518
22333 22128 20430
22342 21684 21360
22087 22855 18733
22339 22079 20734
22069 18146 23631
21870 21780 21448
21865 22982 19244
21968 20504 22542
21783 23218 18529
21934 21998 21130
21559 23242 18493
21470 23400 18967
21394 21540 21824
21328 17918 24016
21362 19620 23283
21308 23467 18525
21282 17201 24274
21402 23219 19361
21271 20389 22865
21239 19368 23517
21069 22221 21245
21132 21573 21896
21235 20166 23086
21282 21984 21409
20979 20590 22774
21005 23798 18296
20714 19577 23508
20636 23713 19318
20998 21301 22145
20969 20519 22832
20876 19206 23661
20902 20957 22566
20424 17315 24616
20455 24163 17853
20481 17136 24712
20229 19386 23748
20530 17458 24534
19962 17702 24571
20765 19638 23450
19772 17485 24796
24359 19470 20021
24103 20246 19791
24273 18605 20894
24109 20049 19820
23762 19885 21037
23658 18293 22138
23670 18529 21878
23514 20112 21450
23279 21067 20625
23119 20259 21770
22662 20651 21931
22689 21083 21536
22550 19913 22713
22466 22531 19003
22368 21678 20961
22265 22483 19507
22226 18450 23476
21944 22954 18724
21962 23091 18379
21894 22718 19786
21913 22127 21033
21859 23031 18940
22027 20300 22909
21710 21892 21289
21866 19113 23448
21874 20545 22600
21671 18248 23966
21768 22482 20415
21482 23315 18915
21442 22825 20296
21469 21489 21884
21477 21907 21475
21044 23723 18422
21039 23338 19574
21111 21702 21799
21087 23562 19011
20987 22042 21454
20826 22789 20568
20821 19943 23288
21236 19286 23577
20979 22238 21320
21007 21504 22083
21112 20894 22550
20276 24130 17872
20710 20375 23077
20096 19025 23949
20362 23146 20353
19598 17235 24818
19763 16555 25014
24295 19252 20339
24162 19937 20225
24069 19752 20295
24139 18157 21078
23328 21431 19839
23445 20878 20892
23275 20419 21559
23022 21827 19696
22696 20183 22333
22550 21531 21008
22567 22424 19478
22306 22294 19901
22044 22562 19912
21931 22393 20504
21850 21101 22102
21546 21368 21871
21772 18659 23676
21558 23189 19489
21549 22322 20837
21362 19463 23503
21396 22873 20085
21230 20469 22815
20983 19792 23205
21151 22555 20718
20894 22299 21221
20812 22036 21676
20792 21357 22330
21084 22895 20528
20145 19031 23899
20872 20004 23230
20578 21947 21756
19850 16751 24929
20551 21628 22027
20120 18226 24357
24056 19559 20543
24021 20342 20151
23968 20510 19461
23919 20749 19566
23709 21131 19484
23843 18752 21498
23611 21033 19762
23571 21230 19643
23668 19743 21095
23366 20956 20970
23343 21285 20307
23154 19447 22161
23084 20136 21907
22731 19371 22724
22573 18724 23238
22451 22677 18535
22032 23014 18649
22358 19130 23171
21993 21041 21989
22015 19174 23333
21760 22678 20281
21541 21227 22101
21400 23551 18200
21138 18631 23940
21228 23302 19500
21097 23739 17707
21193 22962 20219
21087 18570 23998
20895 18116 24283
20855 21361 22258
20744 22455 21095
20836 23883 17832
20968 21640 21895
20944 21500 22155
20826 20579 22945
20576 22446 21236
20534 21006 22653
20897 21904 21847
20084 23491 19925
20058 24203 18448
19987 19571 23653
20152 24345 17793
20234 24109 18508
20494 22235 21463
23731 19001 21525
23085 22074 18438
23055 19106 22616
22429 22082 20071
22469 22326 19756
22454 22472 19288
22154 22420 19929
22099 18613 23542
21995 22347 20330
21406 23502 18504
21869 20029 23172
21700 21973 21178
21379 21013 22334
20382 17884 24361
21008 21472 22058
20829 22394 21194
20146 18247 24337
20585 22632 20942
20967 21605 21915
19930 24289 18173
20088 22783 20896
23907 19436 20891
23543 18587 21960
23429 20173 21351
23093 21803 19868
22913 19332 22681
22663 22060 19768
22468 21197 21535
22101 22520 19589
22270 20320 22736
22295 19892 22769
22020 18290 23849
21097 23172 19663
21018 23823 17909
20934 23529 19059
20925 23411 19493
20783 18246 24152
21055 21068 22366
20361 23833 19107
20452 21569 22174
20493 22079 21585
20678 23443 19961
20222 24021 18741
20269 19486 23668
19795 24566 17045
24198 20245 19481
23908 20390 19961
23950 19338 21042
23942 18624 21282
23761 20389 20539
23520 20587 20615
23247 21495 19751
23386 19087 22228
23018 18577 22661
23042 21221 21078
22964 20160 22085
22778 22207 19180
22790 21784 20367
22538 19536 22847
22625 21722 20666
22707 19172 23054
22343 20652 22374
21951 20363 22645
21789 23182 18173
21936 22232 20793
21444 18606 23860
21444 23500 18454
21397 21282 22018
21399 22478 20711
21384 20227 22971
21480 21376 21970
20796 17042 24539
21131 22491 20836
20741 24054 18193
20465 19142 23814
20028 24387 17895
20054 24247 18071
23747 20954 19320
23757 20433 20162
23753 20585 20405
23607 21477 18661
23464 19361 21742
22725 22072 19738
21802 18579 23650
21711 21860 21264
21508 20906 22263
21441 22223 21121
21499 20684 22512
21323 21856 21548
21114 19680 23333
21262 22005 21417
21342 22838 20370
20822 23850 18933
20834 23963 17579
20906 23732 18599
20643 23956 18471
20361 20333 23194
20040 24007 18818
24225 19195 20750
24102 20455 18925
23662 20048 20994
23359 20013 21765
22561 21952 20223
22620 20518 22100
22553 22115 19760
22163 20966 22033
21561 21742 21468
22011 19803 23107
21496 21782 21361
21124 19717 23323
20971 19952 23186
20069 18165 24415
20605 18778 24094
22987 21564 20491
22987 21976 18716
22440 22700 18879
22599 20945 21929
22284 21162 21802
22257 21868 20961
22448 18655 23425
22066 21462 21609
21822 21590 21622
21570 22111 21051
21605 21445 21783
21355 20604 22674
21255 20834 22437
21540 21259 22126
21284 21940 21588
21481 21182 22214
20449 18269 24263
20092 16607 24807
20237 23875 19209
19812 17277 24726
23656 19507 21355
23431 21409 19235
22986 20807 21530
23111 20455 21636
22865 19819 22540
22811 20801 21752
22531 21435 21276
21989 21766 21250
22034 22765 19204
21935 18422 23678
21719 21453 21767
21487 18673 23823
21409 21763 21622
20958 20315 23027
21281 20530 22757
20503 24116 18061
20183 23947 18784
24263 19680 19465
23894 19214 21138
23027 21367 20610
22589 19597 22789
22422 21929 20481
21723 17295 23993
21444 19674 23276
21868 22777 19997
21197 19335 23634
21176 22604 20701
20766 19606 23425
19383 16451 25166
20363 17870 24435
23421 21386 19517
23408 19734 21673
23294 21662 18918
23106 18228 22666
22940 21628 20493
22970 22081 19292
20961 22122 21529
19944 23213 20279
23684 20571 20688
23114 21519 20259
22271 22434 19811
22111 22690 19429
21648 23153 18575
21687 22369 20716
21643 21617 21635
21113 20862 22525
20929 20716 22800
23971 19654 20573
23237 21676 19323
22888 21882 20089
22260 22838 18442
22259 17983 23645
21664 22264 20956
21131 18344 23990
21252 23582 18243
21088 19659 23353
21156 23585 18679
23575 20725 20506
22875 22106 18585
20958 22517 20903
20959 21314 22257
20455 19060 23879
23065 21893 19442
22828 20853 21713
22814 19758 22598
22125 19630 23077
21566 23539 17407
21583 17832 23994
21452 19478 23410
21171 23786 17503
21133 21541 21871
20491 19932 23407
19853 18510 24292
23810 20862 19201
23598 21291 18955
22670 20455 22065
21867 18862 23533
21641 21154 22005
21130 20765 22624
20262 17195 24669
20487 23215 20166
19629 24626 16607
24457 19568 19743
24060 20344 19640
23490 21144 19924
22465 19716 22715
22418 22164 20032
22002 21244 21927
21478 20409 22765
21615 23334 17783
21482 19321 23487
21440 20607 22600
21130 23685 18166
21238 23618 17758
20810 23983 17319
20683 20386 23122
21131 20733 22599
20865 19245 23639
20428 22103 21630
20150 17354 24686
20341 22734 20939
20273 18688 24099
20273 24183 18465
24257 19877 19436
21941 21393 21796
20629 19489 23573
20295 23940 18717
20786 23542 19677
23640 19401 21549
23192 19163 22341
21343 22806 20345
20551 17801 24428
20500 18330 24205
20612 21479 22158
23770 20489 20120
22069 17991 23729
22189 22235 20608
22084 21578 21400
21695 21078 22177
21396 21314 22043
21531 21056 22188
20903 20925 22541
24056 20496 19883
23817 20023 20928
22163 19857 22892
21414 21448 21888
21045 20897 22453
20487 21410 22345
20555 22796 20747
20164 24260 17741
20118 19233 23923
19869 19383 23843
20235 23019 20566
22645 22111 19671
22722 21718 20928
22276 20918 22048
22029 22491 20226
21462 19808 23192
21127 18670 23918
20257 17815 24548
20694 18917 23912
19940 16766 24836
22694 21994 19811
22326 20998 21888
22208 21102 21838
22031 20843 22154
22149 19622 23149
21609 19387 23442
21592 20750 22425
21389 21084 22276
21482 21150 22189
21016 23745 18269
20688 19556 23528
24330 18440 20730
22291 22440 19433
22275 20836 22164
21781 22549 20378
21594 21558 21697
20090 22287 21501
18409 16094 25299
24337 18823 20576
23175 20673 21318
22571 21919 20341
22278 20747 22347
21212 23718 17245
20962 19517 23458
20970 22921 20384
20959 21559 21974
20977 20091 23142
20553 22172 21443
20510 19946 23333
23775 17774 21858
23556 19546 21561
22926 19489 22421
22026 22696 19660
21878 18639 23614
21473 21981 21304
21062 23443 19334
21126 18171 24109
21072 18786 23802
20586 21751 21890
20888 21701 21909
20276 21960 21805
20878 17429 24427
21054 21100 22391
19859 19301 23908
23863 20762 19129
23712 20825 19717
23346 21562 19588
22342 22602 19157
20604 19392 23658
21679 19782 23232
21012 19850 23203
20579 24121 17751
20355 19542 23578
19635 17896 24605
23556 21376 19175
22714 21291 21317
21651 20827 22337
19910 16255 24905
22590 20742 21991
20782 21286 22388
20423 22997 20484
22726 21566 20685
22339 22807 18404
21991 21267 21770
20725 17957 24356
20294 18814 24087
21636 19060 23575
20905 23851 17987
20625 21543 22064
20015 18000 24453
20095 19057 23974
23406 21532 19049
22828 21159 21270
21405 23574 16940
20642 22165 21438
22183 22284 20304
20690 23892 18469
19781 17416 24703
19862 22879 20806
20248 22313 21372
22125 17161 23717
22052 17543 23792
21791 22858 19578
21648 23303 18122
21604 21477 21808
21517 21862 21338
21613 22540 20519
21408 21795 21647
19562 17664 24694
23704 19927 21062
21364 20942 22367
21330 21007 22364
20888 23610 18846
20491 22578 21065
19401 17312 24855
21886 17468 23921
20890 23007 20250
21996 22706 19393
20583 23575 19480
19797 17333 24743
23059 18804 22535
22643 22151 19426
22107 22471 19893
21852 19581 23235
21710 23139 18708
21037 17890 24218
21066 23238 19620
20067 19172 23981
23093 21071 20838
23110 18865 22477
22023 22901 18907
21762 20675 22469
21252 23375 19235
20366 16568 24737
19879 23630 19749
23986 20647 19116
23327 18312 22526
22876 21410 20811
22576 21268 21470
21959 20790 22256
21222 20665 22585
21567 20213 22978
21388 21116 22301
20385 23251 20113
20102 19816 23565
24034 18912 21098
21375 18803 23692
21437 17664 24216
20978 20622 22799
20718 19574 23513
21478 21875 21450
20541 20154 23256
19962 22401 21349
22461 20514 22284
20858 20951 22621
20511 19162 23771
19884 20105 23366
24058 18345 21326
23051 18090 22775
21455 23447 18427
20768 22543 21063
24304 19813 19434
21120 22604 20750
21119 21506 21933
20490 17067 24619
20626 20735 22815
19716 18921 24101
22847 20160 22206
22365 22020 20523
21272 20357 22840
20989 18570 24055
20086 22869 20745
20020 23273 20243
19934 18811 24182
18653 16423 25261
22742 21736 20548
21338 18612 23938
20598 22736 20793
23264 21363 20385
23258 20827 20982
22564 21447 21191
20951 17904 24253
19804 16200 25018
21875 20698 22412
21505 22441 20803
21037 19598 23411
19045 16374 25206
23459 19974 21559
22087 22494 19748
21571 17562 24094
20707 21418 22231
20702 20400 23048
23579 17983 22213
23504 20988 20344
21528 22724 20120
21223 18495 23966
21216 23067 19979
20222 24342 17003
19167 16796 25043
22406 21366 21463
21293 23333 19096
20981 20034 23121
19910 19362 23850
20102 18360 24372
23792 21025 18967
21009 17152 24432
21140 22052 21314
20622 18730 23982
24375 19351 19919
21182 23733 17476
21786 23013 19282
21482 20345 22807
22413 19467 23034
20893 22612 20876
20290 16359 24753
20051 16962 24803
20008 17275 24715
22925 21774 20025
22415 22327 19633
20270 24295 17211
19779 18244 24387
22269 22958 17637
22246 21894 20804
21649 21326 21817
21434 17926 24011
20953 19434 23541
21324 21824 21523
22761 22339 18546
22361 20857 22147
22606 19302 22911
20755 19645 23403
21374 23651 17687
23673 20823 20228
21688 22915 19560
21725 20484 22715
20754 19677 23428
20456 19028 23854
19654 17910 24531
22404 22392 19623
22258 18818 23411
21053 19829 23202
20418 22175 21499
20067 22013 21708
22288 18848 23283
20107 22645 21019
20335 21267 22520
22371 21283 21587
21366 22203 21133
21091 22610 20745
20835 22141 21436
20467 20731 22999
20508 22936 20583
19929 22613 21132
21319 22564 20577
22973 22204 18307
22108 22576 19524
21490 21508 21852
20337 19485 23614
20382 20863 22828
23101 21331 20530
22496 22102 19866
22279 19019 23218
20110 19843 23508
20022 16096 24888
20341 22608 21154
22421 22278 19937
21651 23098 18875
23407 19526 21906
22234 22938 17929
21862 23190 18009
21493 23014 19578
20411 21745 22112
19849 18943 24011
19238 17580 24734
23804 18968 21440
20162 19120 23888
20324 22373 21336
20868 21022 22563
22062 19793 23050
21883 21125 22023
21771 21001 22107
19670 17987 24484
23471 21567 18356
21029 21491 22026
20710 19790 23463
23540 18718 21873
22105 22781 18771
21914 23138 18171
20438 24242 17700
19419 18241 24482
22156 22943 18495
21572 21719 21625
20492 22321 21312
20480 23924 18616
22794 21076 21338
21375 23097 19811
20507 19089 23796
20564 17653 24472
20373 20760 22861
23171 19895 22098
20566 17127 24583
20315 22047 21698
21961 22846 19303
20020 23150 20543
22175 22644 19255
21457 23296 19014
21014 22189 21269
21496 22086 21064
21043 21270 22148
19746 18047 24448
19949 19597 23716
23493 20391 21033
22216 21529 21449
19499 16843 24935
23814 20418 20302
22497 18356 23305
20887 23642 18871
20325 16923 24733
20124 21819 21903
23139 21848 18597
20169 19879 23479
20239 20100 23305
20266 17746 24455
20310 19687 23638
21740 20822 22267
21347 21944 21516
19741 19726 23643
23817 20803 20087
22369 21284 21758
22015 21995 20774
21717 22331 20696
21071 21722 21765
20941 22547 20806
20859 20919 22596
19735 18935 24027
19048 17291 24912
21683 21296 21921
21765 21162 22003
23637 21211 18646
20990 23845 17756
20796 20195 23080
20881 20427 22932
20814 19184 23697
21564 21332 21861
21545 21400 21896
21449 20810 22538
20951 19556 23436
20835 23844 18191
20105 17462 24554
19875 20174 23459
21657 23049 19179
20640 22664 20918
20602 17862 24370
20592 20800 22812
23326 20522 21319
22409 21741 20752
21110 21291 22130
21043 22456 21002
19895 24112 18618
21849 21795 21175
21762 19566 23328
20588 18330 24157
20126 21320 22423
20405 22952 20621
23744 20361 20713
21341 20037 23026
23007 21973 19228
21684 20666 22497
21777 22832 19737
21727 22250 20807
20882 20395 22907
20299 19726 23616
20070 21608 22155
19113 16905 25066
23924 20857 18650
23252 18639 22412
22513 21852 20535
22267 21691 21173
21118 21318 22073
20106 20641 23077
19529 18426 24332
21772 22363 20672
20993 23026 20144
20066 21870 21887
23867 18062 21674
23425 20881 20380
22011 21430 21642
21938 21788 21170
21921 22849 18964
21873 23057 18781
21795 21760 21460
20784 19798 23334
20095 23912 19140
19383 19085 24116
22698 21950 20188
20897 22027 21547
20677 19595 23506
20994 20535 22738
20991 23261 19710
19742 18357 24467
23939 20125 20327
23440 18271 22266
21880 21699 21559
20471 19933 23430
21562 23037 19246
20577 24162 16469
20640 22787 20618
20181 17861 24451
20065 22512 21188
23909 18843 21285
20516 21135 22579
20283 17492 24478
20104 21140 22557
21978 21989 20812
20251 16919 24793
20424 22303 21411
20409 22244 21592
19368 18180 24540
18729 16483 25225
24440 19120 19806
24067 18445 21267
21793 18648 23743
20158 17423 24665
20391 21066 22766
19941 19570 23773
23595 18856 21764
21590 20930 22211
23267 21762 18872
22172 21292 21671
21548 23402 17752
21360 21605 21821
21392 22039 21304
20596 20257 23130
20558 21268 22410
19964 17939 24511
21550 23397 17679
21519 21609 21637
20772 23977 17446
20634 20125 23230
19855 22449 21419
23270 21706 19198
22178 18937 23335
21327 21265 22170
21063 23489 19276
20981 22622 20663
20500 23445 19717
20375 18003 24358
22622 21775 20508
21981 22583 19795
21144 21354 22049
21258 22812 20389
20754 18190 24192
20469 21539 22271
22077 22546 19533
21678 22467 20508
20675 16808 24563
23972 17307 21654
23345 17921 22462
22159 22738 19248
21194 22495 20764
20425 23452 19755
22669 22017 20063
21051 21043 22419
20465 20489 23023
20426 22725 20810
20114 20031 23492
22140 22648 19520
21994 19355 23170
20919 17137 24525
20872 23295 19728
19933 17731 24588
22500 18904 23106
21506 23452 17941
21106 23612 18431
20851 23884 17732
19968 18493 24187
22465 21601 20994
19847 22022 21808
23213 21201 20661
22064 19425 23151
20306 20485 23207
23026 20516 21537
22631 21181 21517
21568 22427 20654
21204 20448 22835
21025 22076 21355
20893 20854 22599
20588 18519 24107
20354 19574 23603
19734 18967 24052
23417 20968 20466
22813 22339 18382
21677 17960 23899
20385 22863 20692
19495 16292 25149
19185 17657 24732
23319 21440 20038
21261 22472 20872
20164 18214 24281
19549 18645 24290
19499 19298 24003
23344 21730 17886
21757 20882 22224
20673 17590 24427
20147 18215 24312
19508 17773 24717
21351 22610 20479
21472 22013 21329
20749 19480 23486
20349 19700 23541
20056 24402 16565
20004 22661 21057
23676 17902 22074
21528 22601 20420
21357 22886 20197
20319 19439 23663
20595 23259 20025
20110 24151 18610
19545 15868 25060
19788 22300 21550
22736 21785 20244
21789 20677 22429
21663 22296 20981
21087 22337 21036
20883 21649 22024
20059 21045 22769
19923 22082 21772
19785 20964 22822
24218 19875 19947
23457 18633 21995
22398 22004 20144
21701 23019 19326
19634 18831 24118
19345 18928 24126
19611 18695 24197
23458 21278 19453
22951 20684 21667
22038 22611 19608
21757 22883 19528
20795 20227 23105
21090 18872 23790
20357 24065 18131
19943 21235 22559
20256 22795 20840
23711 19645 21246
22347 21883 20868
22113 22796 18522
20386 20065 23259
20727 22097 21577
20176 19239 23822
19938 22939 20770
21934 21734 21274
21842 22877 19484
21160 23541 19056
20495 19160 23799
20279 24069 18392
19446 17451 24807
22257 22315 20019
20686 17442 24471
23732 20084 20829
21873 21883 21143
21685 23120 18807
21474 22302 20849
21320 23455 18646
20672 18683 23977
20068 21371 22407
19793 21391 22433
23389 18696 22137
21643 22858 19704
20723 22805 20606
20809 21715 21848
19897 17554 24609
23784 17977 21796
23789 20893 19661
22897 18582 22830
22026 22425 20257
21656 22480 20565
21314 23418 18829
20264 18574 24139
20322 20296 23200
19838 20029 23505
24405 18479 20248
24091 18747 20934
23981 17510 21592
23830 17533 21719
23414 21579 18653
21785 21841 21349
20433 17377 24562
19673 17093 24913
23583 18495 22011
23452 18507 22006
22599 21068 21629
22063 22782 18998
21918 22326 20541
21459 21946 21366
20979 23897 16395
20209 18946 23916
20224 20216 23342
23715 18128 21974
23763 17538 22118
22191 21050 21877
21952 22566 20001
21584 23199 18749
21474 23455 17732
21355 19606 23371
20850 23916 17757
20847 23226 19921
20579 21139 22507
20575 20830 22715
19974 21177 22598
22740 19574 22662
21096 23204 19688
20268 19518 23693
21052 21625 21887
20920 22009 21607
20456 23851 18881
20364 18042 24336
19940 22443 21375
19919 20818 22945
20130 22362 21358
23901 19597 20984
21420 22625 20404
21197 23686 18016
20057 24013 18772
19914 23684 19655
19534 22991 20808
19312 17003 24991
23349 21088 20336
19739 19886 23590
19390 19844 23707
23290 17783 22571
21464 22328 20881
21026 21593 21944
20979 23398 19372
20641 24107 17884
19868 19415 23868
18592 16617 25107
23414 18437 22121
23089 21135 20724
21488 21819 21429
21623 18598 23791
21051 22260 21136
20532 21505 22133
19938 19636 23694
19418 18273 24507
19055 16158 25187
24197 19615 20131
22926 18021 22962
22411 22108 20097
22246 22853 17877
20996 20991 22454
20963 22482 20977
20817 20376 23007
20887 23437 19556
20379 19395 23646
20264 24215 17924
19384 19053 24091
23240 18676 22482
22895 19673 22347
22705 20386 22271
21306 17193 24346
21011 20898 22472
20735 20107 23142
20461 19940 23383
20553 19331 23716
23701 19234 21446
23135 20239 21667
22781 21025 21643
22234 22503 19441
21981 21594 21438
21080 21014 22350
21082 20416 22865
20435 18337 24130
19707 19169 24076
19610 18727 24222
21904 19340 23263
21626 22822 19842
21295 23123 19786
20937 22493 20910
20148 18361 24252
20753 23969 18141
20659 19729 23521
19984 18785 24107
21904 21827 21151
21774 21864 21192
21084 21383 22070
20873 22649 20732
19999 21750 22090
22498 17656 23386
21380 23114 19657
21122 19786 23249
20972 23428 19427
20877 21348 22201
20876 22254 21358
20420 21676 22019
19509 16087 25041
20110 23288 20150
19642 17878 24567
20084 23368 20225
19130 16651 25089
22725 21850 20234
22183 22719 18792
21867 22175 20822
20987 20825 22737
20497 20861 22699
20500 22764 20771
20171 22801 20884
23444 21506 19044
22381 22828 17768
21783 22783 20041
21366 22911 20105
20406 22639 20966
20536 21814 21925
23285 21899 18527
23078 21529 20334
22399 21602 20943
21264 19610 23288
21089 23343 19380
20728 22699 20752
20546 24239 17216
20372 20792 22886
19296 17428 24874
24076 18627 21141
23217 19451 22021
21510 22640 20311
21261 22595 20572
21265 18093 24007
20516 18332 24177
20537 23927 18568
20016 22108 21608
19621 15928 25024
19659 23060 20621
23646 19096 21555
23542 17454 22258
23000 22080 18482
22603 18754 23110
21936 22410 20350
21369 21808 21759
19937 18572 24175
22745 22259 18971
22445 21520 21076
22286 21344 21488
21389 22308 20893
21086 23594 19036
24004 20818 18717
23487 17316 22367
23205 21772 19065
22316 22702 18644
20642 23988 18496
20279 19479 23715
19512 22078 21799
23697 20607 20259
23364 20212 21273
22927 22236 18168
21832 21437 21657
19744 19056 23996
19758 19815 23632
23029 20244 21863
22793 22061 19648
21795 23133 18477
21217 23630 17908
20467 19275 23806
20187 18351 24243
19982 20401 23247
19781 17758 24626
19577 22849 20848
19701 24424 17700
24147 20083 19757
23765 21125 18921
21904 21772 21294
21456 23415 18402
20933 19918 23231
20599 22551 20996
19662 21922 21925
20256 22740 20983
24355 19975 19158
24014 19556 20724
23768 20145 20744
23683 21138 18602
22820 17623 23157
22092 21382 21534
21603 22921 19604
20835 19859 23276
20831 23070 20270
20496 19128 23774
19975 18456 24186
20163 19088 23863
24222 18544 20952
23028 19587 22196
22813 21904 19894
22688 22543 18372
22180 22489 19551
21561 23094 18989
20855 23143 20005
20506 19121 23821
19714 19928 23667
20039 21825 21947
19749 24390 17762
23631 19219 21675
22181 21808 20997
22020 21972 20777
21470 23129 19564
21193 17335 24254
20396 20236 23172
20426 22602 21110
19964 16833 24811
19367 18212 24565
20006 21485 22296
19799 19919 23538
21819 21833 21195
21795 21883 21160
18796 19257 24052
23494 19162 21950
22387 22562 19041
20813 22638 20851
19568 22523 21210
23891 18563 21340
22426 21118 21787
22463 21820 20625
21580 21523 21759
20523 19091 23768
20127 18985 23948
19945 20395 23285
24124 18417 21229
23477 21088 20298
21084 20677 22686
20936 17342 24474
20745 19563 23468
19282 17875 24662
19491 16774 24956
23680 18940 21583
22987 18597 22737
22722 20091 22393
22223 19630 23020
21463 18928 23683
21112 18013 24177
19942 24204 18121
19669 18019 24509
23520 21068 19919
22680 19310 22782
21567 22045 21082
19535 21549 22329
23746 18833 21637
22794 20281 22055
22630 22040 19985
21447 23295 19207
21050 23674 18726
19357 20599 23246
24007 19173 20878
23188 21942 18483
23092 20740 21350
21201 23213 19511
20263 18606 24164
20086 23792 19351
19249 18637 24300
22957 21893 19563
21574 20879 22351
21163 21202 22183
21002 23871 17039
20592 22312 21270
20022 22651 21063
20400 20997 22673
19631 24575 16933
23317 20134 21697
23124 21420 20281
21468 22895 19901
21573 21687 21600
21282 20498 22732
21369 21931 21459
20952 21919 21591
20243 19302 23736
20218 19425 23726
20250 21328 22421
19985 21614 22199
20072 23990 19014
19847 21607 22265
22627 21752 20512
21676 17357 24012
20898 22506 21022
20435 20011 23338
20192 17822 24473
20143 19191 23846
19938 22144 21676
21314 22484 20755
20895 22846 20539
20510 21515 22105
20460 19972 23408
20434 21850 21872
20150 21582 22180
20057 21544 22249
19621 20311 23325
19039 18816 24198
23691 18695 21746
23713 18431 22029
22720 22417 18128
22384 22332 19800
22120 18052 23671
21369 22516 20731
20977 20303 22882
20921 23085 20177
23524 17845 22322
23125 21443 19980
23138 17640 22746
22981 18159 22853
22423 21513 21161
21618 23322 18072
21142 20931 22410
20745 24109 16958
20485 21909 21825
19857 17476 24667
19603 16615 24939
19999 23552 19826
24299 19988 18721
24257 17732 21343
23797 19073 21428
23193 17778 22637
23038 20443 21858
22780 22149 19391
22741 20719 21864
22166 21926 20786
21052 21011 22394
21143 22202 21243
20855 19163 23704
20949 23323 19667
20470 18944 23842
20445 19067 23832
20408 21424 22284
20338 23003 20528
19834 17339 24705
19980 22518 21232
19155 18529 24403
23678 21223 17968
22465 20673 22178
21487 22061 21156
21534 22791 20013
21182 23526 18468
21004 23830 18321
20900 21330 22261
20745 20278 23055
20395 20268 23197
20275 23774 19577
19989 20282 23250
19761 18952 24024
19504 21651 22188
23847 17238 21841
23123 21537 19853
22240 19335 23142
21734 23276 17734
21589 22043 21073
21569 21944 21243
20765 22938 20437
20538 22048 21588
20075 23165 20287
19828 20578 23151
19912 22255 21614
19256 19396 23891
18831 18445 24443
22712 22239 19188
22564 22629 18725
22067 22545 19539
21962 22798 19197
20490 20836 22759
20326 21164 22553
19947 17491 24574
19281 19587 23804
18907 17730 24760
24492 18756 20134
23585 21194 19146
23448 21447 18829
22875 21694 20360
22629 21533 20998
21551 21823 21357
21236 20820 22511
21029 22076 21298
20514 22683 20825
20137 18400 24230
20447 23085 20452
23616 20858 20475
23370 21224 19793
21597 23224 18362
21579 22848 19869
21071 23839 17194
20741 22680 20713
20622 20837 22672
20465 21230 22479
19014 16513 25183
24309 18997 20098
21171 21142 22261
23958 19432 20820
23752 19440 21203
22940 19483 22400
22879 21015 21437
22066 18158 23569
21976 20931 22153
21516 21085 22192
21129 23717 18191
20986 21854 21594
20193 19328 23811
20174 23506 19832
20019 21146 22601
22475 21783 20653
22312 22211 20246
21409 22397 20822
21196 20662 22586
20772 23656 19184
20346 20162 23236
19992 21311 22443
19965 21074 22631
19571 21385 22514
23798 20175 20616
23347 19262 22026
23185 18538 22591
21073 21496 21984
20737 22750 20676
20572 24139 17729
19931 17781 24559
19832 17819 24568
20317 23353 20039
19598 23209 20490
18725 17175 24927
24125 19449 20414
23512 18771 21886
23349 21174 20023
22253 19872 22799
21759 22710 20306
21379 22515 20567
20690 19403 23574
20618 21907 21714
20575 23826 18936
20455 21284 22448
20003 22792 21025
18662 18809 24236
24128 20396 18714
22857 22129 19102
22048 18552 23600
20253 18613 24117
24115 17958 21408
23768 19480 21082
23292 19124 22135
21841 20763 22409
21666 22963 19464
21748 21201 21948
21231 20437 22790
21243 23530 18421
20957 20347 23052
20906 23267 19754
20800 23114 20114
20502 19919 23390
19999 16812 24814
19852 18542 24317
19286 24692 16688
19580 24527 17053
23912 20942 18702
23679 18732 21816
23312 21960 17839
23180 21253 20452
21425 20913 22270
21004 21349 22117
20966 21175 22248
20866 23053 20201
20720 20181 23140
20761 20436 23019
20574 19861 23350
19793 19003 24023
19617 19486 23813
20079 22457 21258
19932 22016 21764
23818 17676 22009
23410 21183 19857
23117 20916 21107
23120 21925 19418
22892 21071 21395
21210 23711 17629
21005 22003 21563
20795 20371 23022
20791 22315 21259
20447 20291 23167
20368 24393 16933
19911 21435 22306
19787 23960 19056
23868 20587 19842
23441 21640 17965
22580 20317 22458
22384 22767 18288
21629 18447 23758
20974 23874 17655
20450 22675 20845
20008 22076 21728
19745 18079 24473
18932 20244 23350
24089 19229 20838
22977 19550 22363
22777 21596 20638
22889 21466 20769
22345 22368 19858
22336 22284 19981
21580 22816 19844
21828 18904 23550
21449 20933 22238
20986 21292 22192
20364 22839 20699
20172 20037 23391
20491 22452 21280
20333 21766 22000
24395 19778 19277
23441 21322 19791
23321 21723 18230
22727 21315 21251
22708 17787 23350
22002 22657 19697
21552 22037 21111
21211 23679 17604
21066 22561 20762
21038 23370 19599
20346 23979 18639
23094 17992 22926
22514 21077 21758
22274 19691 22962
21828 22311 20634
21636 19389 23402
21532 23289 18976
21481 21305 21914
21358 20638 22616
21474 22247 20992
21422 21875 21499
20757 24024 16906
20407 22453 21141
20309 20207 23213
20432 22349 21352
20156 18145 24302
20001 18874 24096
19753 18150 24434
19707 17492 24721
19845 22521 21288
22793 22342 17870
22895 22103 19097
22922 19654 22376
22885 20818 21466
22097 21322 21657
21596 21792 21360
21572 21842 21325
21598 21357 21822
21384 22947 19887
21314 22539 20612
21024 20622 22706
20951 20648 22758
20948 23974 17142
20568 20626 22878
20001 23001 20574
19986 19603 23678
19573 18721 24260
19886 17642 24607
19467 20488 23229
24321 17950 21025
23433 21593 18361
22650 20182 22453
22663 21097 21569
22186 22440 19855
22059 19316 23248
21876 22581 20131
20470 22857 20648
19950 23992 18911
19741 23153 20410
19860 24440 17406
19515 20870 22983
23062 19352 22336
22660 18274 23209
22374 21941 20588
21807 20811 22274
21695 23068 19022
20371 18801 23927
20431 20554 23020
20507 23545 19544
19651 22092 21682
19732 19127 23999
24018 18039 21547
23635 20165 20968
23589 18879 21745
23029 20121 22163
22937 21833 19740
22485 18967 23105
21968 19480 23222
21404 23606 16965
21282 23567 18012
21406 21485 21956
20394 18187 24287
20185 23927 19047
20112 21069 22633
19619 22982 20679
19480 19344 23917
24342 19022 20084
23311 21013 20427
23273 20771 21040
22914 22094 18855
22832 21895 19652
22361 21628 21006
22572 20560 22158
21588 19410 23400
21637 21905 21282
21209 23601 17964
21085 20645 22661
20920 22135 21392
20870 20466 22910
20444 19099 23857
19937 18533 24188
19777 23011 20635
19743 19088 24021
19779 21971 21827
19473 18585 24326
24361 18256 20804
23830 20859 19713
22958 21270 20740
22619 19627 22661
22143 19749 22944
22258 20784 22203
21570 23387 17164
21792 20588 22612
21352 22992 20051
21074 21464 21959
20503 20463 22960
19567 16834 24920
19490 16912 25028
18986 18893 24196
18695 18047 24598
18590 18057 24570
24170 17973 21152
23029 20798 21325
22832 20266 22110
22336 21733 21056
21885 22972 18729
21199 22001 21489
21031 23739 18085
20921 21977 21582
20871 20434 22885
20972 23305 19727
20771 24009 17471
20748 23583 19449
20503 23598 19370
20217 19457 23751
19903 18603 24259
24227 19844 19708
23073 21080 20733
22844 22331 17775
22169 20074 22844
21865 22431 20319
21510 20781 22441
19392 18060 24512
19377 21278 22592
23959 20552 19685
23291 21530 19612
22948 21432 20627
20343 18506 24167
20031 18002 24425
19482 24029 18806
19427 22084 21843
24253 20029 19679
23523 20192 21241
22892 21377 20952
22615 21445 21120
22570 21317 21166
22426 21424 21344
21008 21718 21837
20654 23903 18444
20487 23160 20309
20444 17338 24584
20227 18429 24185
20206 16395 24851
19975 24158 18486
19455 17203 24832
19392 18835 24159
19602 22624 21161
19154 24629 16800
19497 22846 20854
18940 24736 16154
23481 18791 21962
23446 18668 22099
23352 19388 22015
23294 21823 18184
22480 22196 19859
22433 20790 21981
22257 22608 19201
21888 22767 19482
21688 21245 21844
21301 22298 21106
20602 22266 21270
20697 16650 24656
20400 22041 21654
20111 18291 24279
20105 24236 17976
20400 21915 21869
19998 17483 24590
20005 22293 21545
19526 22564 21197
19726 21832 21981
19576 21988 21855
24266 19285 20091
21973 23060 17115
21856 21525 21625
21227 23632 17782
21378 23146 19626
21054 20785 22613
20663 22769 20678
20481 23611 19427
20076 18924 24006
19717 19650 23673
19523 20674 23117
19316 18775 24195
18908 17698 24735
24188 18666 20795
23830 20059 20499
23362 17247 22554
23196 21718 19462
22631 19235 22790
22023 21727 21269
21615 22041 21039
21601 21318 21852
21501 21980 21210
21486 22093 21181
21242 21326 22071
21141 23830 16837
20949 23855 17754
20744 20310 23080
20727 18567 24093
19580 19480 23851
19247 17010 24916
24055 19351 20681
23952 19035 20987
23925 19030 21212
23432 20455 21139
22739 21622 20643
22676 22345 18590
22711 22297 18933
22477 22130 19890
22363 18787 23254
21586 18380 23795
21473 23195 19533
20970 21414 22114
20480 18229 24262
20681 23226 20144
20362 23269 20053
20258 17644 24531
20089 23567 19733
20023 24472 17261
19920 21764 22029
19850 23343 20273
19600 20861 22854
19751 21428 22389
19198 24706 16266
23933 18890 21105
23516 19809 21395
22459 21726 20728
22333 22170 20076
22066 22577 19564
22000 22796 19147
21639 23183 18927
21558 22864 19748
20920 23765 18524
20368 17278 24620
20334 18914 24007
20171 20069 23416
20320 22958 20665
20093 24321 18028
19443 22454 21397
18709 17600 24810
24189 19811 19997
24121 20403 19366
23459 19382 21694
23060 21202 20599
22943 21233 21119
22802 22134 18803
22374 21177 21709
22027 20423 22609
21803 23208 18014
21580 21303 21874
21346 18747 23732
20810 22907 20440
20402 23221 20210
18500 22524 21288
23822 20222 20436
23591 21166 19917
23309 19614 21824
22761 19189 22856
21587 23257 18327
21406 21608 21656
21724 20701 22474
20341 19673 23598
19957 17214 24773
19803 19422 23793
19972 21550 22293
19140 21196 22668
18485 16154 25263
24279 18379 20788
24019 19755 20232
23950 20118 20201
23493 20514 20733
23253 19814 21932
23174 19504 22007
22914 22180 18542
22737 17349 23182
22211 21013 22021
21892 21056 21930
21853 19279 23321
21279 23450 18731
21039 18811 23848
20703 19616 23486
20531 20949 22681
20494 22555 20975
19959 23422 20112
19722 19891 23599
23904 20895 19098
23852 19211 21319
23666 21308 18020
23653 19824 21302
23629 20433 20797
23306 18611 22259
23292 21123 20583
22896 20792 21623
22366 22140 20046
22230 18944 23226
22013 22592 19707
21392 21913 21519
20605 23166 20180
20476 21057 22637
20267 17917 24361
19979 21071 22744
19524 18646 24268
19203 18392 24343
19340 22469 21343
18724 17207 24952
24049 18744 21115
23912 18146 21597
23846 21170 18457
22970 19167 22517
22257 21745 21261
22015 22275 20445
21487 21851 21454
21322 23573 17886
21076 22468 20917
21057 22536 20854
21047 22076 21286
20873 20447 22856
20566 21072 22544
20384 24275 17445
19964 21106 22656
19759 22806 20862
19787 23837 19356
19516 22998 20717
24394 18658 20412
23786 19318 21360
23199 20206 21623
23126 21869 18695
22902 21861 19587
22804 21917 20131
21930 18765 23595
21669 22141 20870
20864 23332 19796
19981 21876 21931
19474 22741 21094
18985 18925 24221
23895 19200 21151
23027 22141 17794
22555 19241 22969
22446 21496 21177
22425 19668 22835
21677 20807 22298
21462 22563 20447
21328 21233 22145
20571 19197 23701
20659 23818 19078
20205 23925 18810
20093 17430 24590
19983 21380 22536
19357 19647 23768
19007 21662 22210
19165 21933 21947
24341 18779 20261
23733 17737 21910
23015 21934 18950
22485 20731 22059
22404 21986 20217
22369 22478 19332
22201 17221 23681
21874 20851 22157
21528 17899 24014
21350 22642 20504
21005 21317 22092
20941 21725 21773
20252 18645 24142
19867 18426 24280
19643 24471 17436
19383 22204 21683
23856 17441 21779
23242 18373 22427
23238 21829 18747
22780 19880 22441
22735 22409 17226
22576 21812 20292
22495 20449 22287
21378 23327 19052
21256 23345 18971
21134 23303 19264
21104 21356 22032
20922 22579 20757
20898 22629 20722
20598 20518 22951
20490 22943 20492
20451 19858 23448
20152 19163 23852
20321 22645 21010
19978 21974 21816
19822 16556 24982
19767 18315 24390
19579 19512 23876
19573 21619 22177
18850 20033 23577
24051 20554 18599
23454 17914 22400
23417 17385 22445
23156 21630 19544
21443 22733 20249
21376 17858 24062
21287 22806 20394
20995 21023 22479
20587 22906 20550
20492 23177 20155
19504 16223 25056
19468 21815 22003
19731 20749 23043
19382 22848 20983
18949 19961 23538
19077 20067 23491
23618 20685 20337
23119 19324 22298
22175 18389 23534
21985 19102 23458
20575 22172 21374
20533 20840 22701
20384 20307 23175
19944 20427 23310
19894 21077 22788
19877 22533 21178
19447 19662 23675
19380 22544 21200
18971 21826 22025
18923 18603 24311
18921 20283 23328
18887 17007 25011
18603 16753 25090
23450 20656 20693
23374 20035 21460
23349 18558 22273
23178 17692 22649
23123 17554 22758
22593 22693 17529
22313 22179 20221
21513 17724 24180
21218 23669 17549
21206 22440 20896
20719 19542 23488
19508 18728 24185
19507 22672 21079
18948 22355 21495
23983 18851 21156
23141 20771 21052
22825 22254 18330
22452 21968 20238
21786 22566 20224
21660 22010 21042
20985 21324 22217
20864 23537 19111
20283 18853 24065
19423 21775 22051
19015 22089 21821
19193 17962 24587
23650 19173 21504
23194 18860 22286
22476 20104 22614
22185 20381 22637
21891 22923 19033
21393 18545 23918
21243 21294 22046
20927 19998 23175
20779 19498 23471
20836 22743 20611
20765 19893 23337
20540 21434 22209
20407 23238 20056
20593 19431 23636
20335 23228 20146
20277 23278 20182
19532 16386 25015
19514 22312 21462
19914 23561 19955
19318 17794 24607
19106 22626 21232
19184 17689 24757
23476 20737 20547
23086 19956 21999
22537 21959 20109
22438 22741 17597
22392 17258 23581
22318 19833 22877
22056 22824 18855
22041 22862 18770
21981 22852 18925
21642 22890 19729
20854 23175 20030
20700 22978 20330
20286 24177 17723
20230 22108 21599
20111 19059 23946
20075 17463 24646
19975 19642 23656
19745 18081 24455
19318 21971 21877
19385 21705 22203
18821 21982 21899
24072 19440 20441
23621 17764 22183
23597 21171 19432
23411 19480 21708
23159 21845 19109
23183 20477 21452
23017 17156 22953
22934 16882 22978
22933 18646 22712
22650 22382 18776
22575 22556 17874
22142 19335 23199
21720 23291 17169
21776 17961 23887
21669 23021 19042
21636 21937 21307
21260 18785 23776
20741 19464 23516
20705 23746 18937
20567 20658 22903
20546 18921 23832
20479 23956 18641
20251 20043 23291
20343 18126 24345
20022 23836 19217
20019 22876 20681
19884 20500 23097
19539 17943 24531
19448 21136 22657
19456 20527 23207
18912 22519 21310
18336 18775 24247
24344 19616 19553
24252 18884 20477
23237 20985 20692
22798 20085 22214
22586 18306 23173
22553 17794 23277
22607 22227 19597
22150 21073 21908
22257 23043 17689
21569 23334 18160
21514 21584 21672
21384 21621 21713
20984 22353 21074
20961 22245 21229
20799 23146 20139
20941 21443 22183
20690 18769 23965
20414 21171 22526
20295 21368 22352
19914 21756 22134
19884 21928 21844
19864 20213 23437
19757 24405 17449
19387 21939 21866
18979 22253 21636
18951 21147 22679
24452 18793 20215
23477 19624 21639
23437 18209 22278
23353 21654 17543
23249 21591 19271
23014 21311 20652
23004 19045 22674
22897 21270 20903
22837 21720 20365
21760 23113 18769
21184 17404 24347
21160 21155 22278
20978 20059 23117
20742 22156 21396
20498 23581 19524
20370 18833 23952
19838 18610 24184
20010 23921 19269
19431 24527 17116
24154 19657 20265
23149 21989 18222
23065 20308 21745
21928 22598 19751
21911 18544 23649
21677 22946 19591
21492 23046 19603
21491 21476 21827
21393 21881 21494
21084 22059 21370
20985 22195 21264
20339 17485 24477
20440 19871 23465
19970 18730 24127
19365 21026 22857
23786 19139 21416
23297 21767 18510
23390 20740 21001
22117 20438 22516
21819 19349 23392
21581 21491 21734
21557 22896 19773
21357 23009 19897
21026 22486 20905
21032 23627 18781
20556 21767 21890
20426 21804 21931
20423 22827 20728
20259 19404 23733
20198 20054 23388
20148 22081 21660
20168 24216 18118
19960 18709 24137
19929 21815 21953
19769 19023 23985
19062 18953 24160
24522 19475 19226
23931 19490 20730
23795 21008 18733
23653 19866 21120
23768 21069 19247
23385 21396 19592
23155 21109 20727
23137 21639 19786
23064 19432 22254
22847 22279 17357
22449 18843 23164
21916 22007 20815
21661 23047 19072
21708 23376 17221
21447 23024 19804
20861 19767 23336
20770 23910 18058
20852 23674 18773
20645 22808 20569
20502 20495 22985
20577 19988 23317
20158 19918 23457
20009 20833 22852
19968 17002 24784
19863 21437 22327
20091 19829 23582
19968 24188 18541
19584 20241 23352
19178 24540 17126
19486 21391 22558
23992 20602 18767
23582 20286 20817
23527 20948 20235
23215 20705 21042
23137 19025 22450
23039 21976 18552
22949 21036 21148
22807 21255 20996
22810 22109 19141
22513 19932 22556
22170 19061 23278
22078 21027 21934
22013 21122 21907
21703 23302 17273
21640 20616 22544
21271 22416 20851
21192 22994 20244
21164 22033 21395
21257 22844 20414
21019 20999 22436
20972 22668 20683
20791 22703 20680
20495 22964 20443
20430 20586 23045
20359 18999 23896
20236 22061 21637
20099 22473 21207
20091 19855 23543
19843 20758 22981
19633 17549 24646
19419 21657 22232
19577 21928 21969
23543 21279 19366
23183 21530 19733
22221 19013 23319
21789 22444 20291
21675 20869 22310
21284 21992 21360
21247 21549 21855
20968 20353 22880
20993 22318 21172
20884 23014 20310
20464 22259 21336
20233 17396 24564
20186 22860 20703
20130 16335 24887
19456 21563 22268
18959 21574 22290
19479 19376 23942
23870 20356 20024
23861 19435 21011
23288 21147 20416
23178 20141 21818
23131 21070 20748
22815 21559 20680
22756 20206 22146
22580 20440 22158
22328 19599 22863
22197 22227 20210
21909 18776 23528
21851 22419 20479
21792 17495 23918
21756 22915 19553
21601 23072 19017
21082 21401 21996
20974 23152 19917
20876 22642 20779
20822 22744 20632
20640 21061 22540
20629 19350 23581
20433 22317 21327
20409 22367 21292
20475 21963 21794
20221 20617 23036
20490 22820 20792
19813 20931 22806
19297 22909 20884
24052 20084 20067
23050 21025 21212
22979 19267 22458
22888 22210 18351
22590 22079 19695
22508 20531 22218
21999 21469 21545
21941 22431 20301
21941 21516 21496
21589 20848 22327
21533 22745 20071
21410 23557 17269
21496 18883 23675
21229 23270 19475
20880 23832 18086
20729 17368 24542
20591 24195 16394
20470 23190 20212
20185 24197 18043
20074 17543 24554
20003 22915 20725
19870 22508 21238
19816 18365 24338
19830 24238 18257
19247 18687 24271
19199 20075 23460
18142 16655 25161
18079 18289 24470
24071 19391 20560
23847 19790 21007
23770 18266 21865
22937 22124 18461
22747 22374 17731
22598 20546 22125
22542 21856 20491
22416 21978 20177
22397 21936 20262
22291 19396 23084
22031 21531 21403
22064 19754 22978
21815 19052 23506
21576 21260 21944
21478 22852 19791
21121 22572 20725
21058 21655 21802
20621 22841 20553
20518 19921 23362
20205 24361 17078
20056 19211 23959
23900 18587 21334
23934 18465 21491
23651 21150 18700
23580 20027 21077
23555 18550 21890
23216 21561 19708
23131 20990 20888
22871 19593 22434
22707 19295 22754
22486 21925 20385
22339 22514 19222
21600 23343 17830
21053 20817 22638
20715 23120 20158
20608 22737 20702
19979 19615 23701
19932 23559 19762
19871 21864 21938
19569 19519 23829
19347 17489 24816
19063 17235 24895
19023 24700 16488
18975 19399 23886
18961 24486 17367
19231 17814 24720
23498 19239 21899
23393 21123 20197
23285 18172 22581
22149 21492 21512
21877 20579 22483
21639 23095 18976
21612 20831 22343
21760 18715 23643
21233 23148 19598
21179 17857 24131
21140 23862 16862
20878 22543 20878
20825 23462 19368
20748 22580 20919
20734 23864 18511
20618 20708 22872
20492 21644 22031
20498 18315 24250
20350 20372 23172
20583 20064 23288
20191 22021 21706
20106 23529 19683
20022 23574 19669
19964 23621 19620
19908 22963 20643
19835 21770 22073
20017 23375 20161
19118 15745 25215
18836 16946 25069
19469 19383 23895
18418 22313 21515
24263 19481 19788
24201 20351 18513
24043 20703 18253
23965 19959 20472
23925 19653 20693
23298 18497 22331
23260 18655 22242
23164 21467 19821
22633 22405 18481
22163 22335 20095
22097 21884 20903
21963 22348 20340
21959 21546 21449
21912 23179 16889
21962 17528 23885
21876 19356 23258
21791 22587 20175
21504 20909 22228
21227 20870 22509
20945 23857 17861
21107 23000 20288
20846 21258 22291
20844 20848 22629
20670 23252 19987
20668 19481 23546
20471 21654 22002
20448 20259 23142
20407 23186 20284
20357 17317 24598
20266 23448 19939
20063 21968 21772
19918 22976 20626
19853 23071 20599
19760 24389 17490
19703 22361 21451
18954 20930 22862
18509 22850 20926
24343 18597 20470
24309 18913 20150
24204 19371 20336
24072 18781 20901
23844 17637 21718
23827 20255 20196
23046 18479 22785
22548 18417 23247
22514 21129 21530
22513 20607 22026
22467 22008 20130
22449 21224 21503
22055 18197 23547
21900 19234 23287
21687 22878 19586
21678 22914 19566
21606 22970 19419
21599 23089 19064
21270 23228 19336
21191 23403 18834
20921 23733 18499
20771 23241 20051
20562 22191 21413
20395 23964 18499
20577 24054 18363
20154 22505 21183
20174 16486 24821
20062 22611 21021
19955 24389 17384
19778 18276 24412
19511 22087 21750
19450 24328 18003
19389 22870 20838
18576 22584 21252
24219 19564 19748
24172 17793 21244
24041 17170 21514
23882 17894 21691
23827 17756 21800
23558 19380 21632
23199 20703 21101
23067 18918 22463
22865 22105 18591
22374 21483 21266
22372 22708 18573
22189 22670 19096
22047 21899 20927
22018 21600 21400
22190 20897 22065
21751 22283 20695
21643 21194 21984
21558 23299 18236
21460 21532 21725
21335 22634 20533
20807 18168 24129
20415 23451 19761
20098 22091 21635
20181 18006 24398
20320 23013 20522
19716 24396 17527
19812 20963 22831
19577 18569 24270
19112 21201 22599
19088 20028 23513
19811 21771 22080
24271 17477 21102
24032 19713 20299
23736 18567 21652
23698 21220 18480
23391 18530 22208
23370 21346 19619
23129 20526 21427
22431 21317 21295
22193 20625 22391
21876 22852 19534
21701 22575 20353
21683 23271 18220
21551 22069 21136
21465 23458 17683
21429 21590 21716
21405 21640 21681
21375 23532 18299
21307 22045 21348
21293 22889 20123
21275 23585 17990
21253 23550 18218
21229 22545 20656
21174 23581 18256
21112 19467 23463
21188 19527 23427
20902 21781 21761
20918 22387 21189
20800 19633 23363
20752 24001 18166
20345 19460 23643
20215 24360 16981
19919 22667 21101
18903 17084 24964
19291 22311 21572
18388 19571 23822
18644 17986 24656
24254 19718 19480
23976 19299 20751
23917 18017 21554
23534 18741 21854
23416 19848 21601
23361 19710 21710
23333 17685 22722
23256 16849 22749
22915 22271 17663
22876 18635 22716
22740 19200 22789
22623 20754 21906
22413 22831 17092
22306 19004 23190
21798 16671 23926
21566 22993 19623
21283 21952 21384
20783 21254 22363
20672 22806 20550
20373 23721 19118
20322 23247 20185
20300 23609 19492
20238 20132 23330
20366 19758 23487
20234 20022 23405
20192 23284 20226
19905 21816 21967
19899 19401 23828
19851 21185 22592
19600 18706 24232
18992 19684 23812
18249 17118 25005
23959 19418 20833
23864 20553 19995
23506 21455 18668
23216 19243 22159
23131 21852 18567
22747 20101 22314
22125 20992 22038
21480 22713 20173
21445 22454 20654
20922 19957 23209
20847 23359 19614
20668 22148 21402
20380 21236 22523
20122 19994 23424
19662 17885 24560
19166 16828 25068
19091 19612 23773
23788 18614 21607
23671 20148 20935
23624 21232 18744
23276 21713 18821
23100 19496 22136
23103 19386 22219
22864 21467 20526
22775 21930 19899
22454 21300 21311
22319 22398 19667
22321 20128 22629
22127 18876 23393
22126 20775 22279
22041 22767 19159
22031 19176 23305
21911 22712 19437
21895 23190 16993
21601 22439 20569
21443 22358 20841
21351 23024 20076
21039 22087 21282
20941 22492 20949
20872 20479 22881
20770 23152 20134
20743 22758 20571
20707 20776 22771
20471 21773 21934
20418 20893 22715
20375 23859 18948
20063 22087 21704
20043 21289 22426
20006 22895 20720
19865 23157 20375
19687 22960 20671
19468 16442 25037
19452 22780 21035
19191 18448 24348
19150 19955 23549
18736 21436 22366
24133 18462 20977
23800 20335 20313
23719 19759 21079
23416 21131 19958
23371 21791 17198
23097 21218 20539
23011 19291 22394
22434 18906 23163
22475 21878 20540
22398 21634 20968
22327 20155 22572
22360 22259 20065
22084 20440 22495
21668 22173 20895
21755 16997 24051
21576 23053 19116
21466 22130 21037
21401 22225 21010
21362 23030 19848
21222 22106 21249
21195 18168 23995
21130 23120 19815
21075 20574 22719
20954 23344 19618
20846 16711 24541
20082 17469 24568
19988 21397 22382
19804 18211 24376
19580 21711 22152
19542 22795 20942
19491 21408 22404
19225 18561 24330
19189 16965 25030
19083 21722 22174
19341 18774 24217
18800 17267 24916
23861 18085 21655
23735 19078 21474
23697 19236 21385
23688 19054 21511
23677 19946 20938
23618 21225 19121
23604 19059 21702
23187 21233 20446
23100 21123 20671
23127 18570 22599
23063 21357 20535
22790 22266 18895
22233 22535 19466
22107 20147 22808
21752 17417 23976
21560 22743 20052
20788 23507 19175
20779 23543 19155
20522 22962 20424
20380 23821 18945
20078 21412 22289
19425 19032 24098
19174 22259 21585
24286 18762 20634
23929 19617 20625
23806 20444 20150
23850 19536 21042
23717 20907 19523
23332 21496 19664
22783 19836 22301
22631 16951 23377
22505 22067 19941
22495 22267 19545
22460 19607 22812
22040 21053 21939
21560 23126 19014
21504 22812 19946
21480 23406 18036
21368 16941 24230
21352 23427 18539
21319 17987 24109
21269 17395 24218
21221 20647 22601
21072 23720 17806
20906 21754 21784
20675 23911 18307
20771 23688 19209
20141 19202 23830
20116 23510 19857
20212 23318 20075
19971 23590 19628
20107 19272 23901
19790 19947 23532
19378 18844 24141
19061 18985 24185
18995 23009 20661
18889 21615 22252
18839 20072 23555
24322 17639 20826
23455 21254 19504
23438 20253 21142
22828 16484 23173
22624 22179 19263
22569 20613 22000
22572 21773 20607
22482 21479 21019
22339 18909 23225
22309 19851 22745
22206 22881 17965
21572 20796 22366
21417 18935 23631
21356 22284 21022
21360 17876 24025
21255 23377 18996
21243 20129 23018
21141 22554 20724
21094 21364 22024
21065 23270 19645
21120 16777 24431
20976 22083 21354
20921 22611 20782
20813 23451 19441
20791 22648 20823
20513 22925 20552
20355 20889 22787
20321 21929 21808
20275 24210 17845
20187 18353 24225
19953 20753 22948
19917 18363 24245
19858 20900 22809
19580 16283 25020
19251 20201 23441
19200 24578 16884
18982 20158 23477
19441 22155 21698
18954 24581 16983
18761 24438 17550
18760 16045 25210
17776 15904 25362
23879 18327 21600
23795 19239 21357
23740 19101 21466
23315 21633 18512
23093 20462 21545
22896 20669 21923
22660 21150 21411
22618 19878 22549
22615 22175 19325
22480 17908 23368
22109 18757 23526
21930 21689 21338
21066 22098 21261
21049 21542 21899
21041 21124 22308
20957 21813 21737
20949 21395 22146
20885 22927 20428
20549 22127 21507
20312 23451 19774
20182 17335 24622
19898 20799 22977
19643 24047 18781
19419 18045 24484
19392 18837 24141
19093 24549 17255
19047 21886 21989
24236 19581 19742
24228 20251 18559
23972 20608 19311
23876 18265 21612
23443 19101 22008
22922 19658 22319
22855 21170 21168
22556 22065 19873
22577 21471 21125
22296 22293 19907
22050 22309 20146
22027 22696 19330
22088 23050 17255
21698 20805 22312
21467 22111 21064
21421 21544 21775
21428 18801 23725
21254 18132 23985
21116 18032 24122
20978 23495 19320
20895 19519 23440
20402 23466 19681
20399 23446 19828
20318 24333 17000
19323 21063 22813
19286 22669 21107
19024 22415 21459
18638 18733 24266
18602 17137 24966
18213 17439 24852
24379 18804 19944
23695 18772 21695
23624 21175 19075
23533 21516 17980
23501 19408 21670
23031 22076 17409
23012 19673 22226
22928 19206 22516
22807 22049 19437
22780 21201 21264
22690 22370 18331
22622 19304 22883
22513 22467 19001
22347 22154 20271
22254 22520 19266
21970 21962 20869
21764 22191 20860
21667 21797 21355
21004 23447 19359
20955 23325 19637
20647 20209 23143
20584 22250 21370
20520 23172 20224
20308 19478 23641
20089 24396 16800
20031 23571 19758
20026 24428 16613
19904 20104 23343
19793 23993 18881
19741 18877 24042
18917 21611 22246
24132 19010 20820
23881 20104 20484
23829 19548 21062
23733 20915 19515
22977 21975 18722
22919 21499 20502
22874 20145 22178
22786 22398 17131
22385 21768 20746
22116 17230 23810
22056 23052 16344
21959 22568 19956
21941 22702 19704
21786 22443 20524
21633 21127 22062
21511 21582 21694
21450 20898 22285
21260 22627 20597
21144 23276 19519
21113 23621 18219
21147 18841 23792
21214 18691 23904
20922 21169 22303
20793 22549 20922
20728 22644 20895
20706 22709 20724
20381 17837 24379
20318 19471 23688
20221 24243 17590
20203 24334 17698
20405 22826 20836
20174 17350 24586
20155 24111 18494
20153 19006 23928
19907 16547 24853
19799 20220 23362
19696 17531 24699
19993 22831 20814
19504 20001 23518
19433 20659 23210
18458 16546 25142
23885 18724 21433
23368 20219 21223
23182 21599 19670
23095 21357 20431
23020 20574 21633
22929 20037 22222
22689 19513 22720
22606 22344 19169
22513 22047 19935
22510 21306 21285
22421 21769 20658
22429 21138 21659
22305 17902 23590
21578 21802 21354
21477 18928 23611
21475 22100 21068
21269 23260 19361
21146 16454 24361
21123 21523 21897
21156 18210 24012
20800 22988 20329
20776 23038 20294
20742 21911 21679
20845 17506 24448
20668 20055 23159
20585 23258 20031
20385 19560 23563
20368 19434 23624
20269 16886 24737
19366 20925 22884
18897 22042 21863
18869 20936 22906
18977 22752 21116
24468 19624 18928
24089 19050 20894
23953 20656 18993
23586 20209 20836
23586 20090 20976
23308 19952 21823
23205 19090 22268
23145 21556 19738
23098 20538 21353
23068 19263 22356
22714 20338 22036
22612 22120 19548
22598 19426 22854
22525 22701 17223
22074 22505 19634
22046 22321 20213
21936 22287 20650
21875 17507 23899
21871 22382 20623
21841 22909 19509
21806 22324 20691
21654 23167 18574
21623 23096 18972
21463 22696 20393
21433 23223 19279
21284 22577 20632
21214 22060 21308
21170 23611 18520
21128 17796 24189
21110 23230 19529
21070 23664 18211
20924 23528 19065
20853 18641 23942
20798 19610 23388
20730 19503 23494
20685 20771 22786
20453 24056 18128
20285 24209 17748
20256 15680 24818
20362 23091 20496
20102 23797 19284
20069 22511 21227
19956 24025 18736
19607 19465 23823
19789 23615 19842
18988 22579 21274
24339 18863 20128
24234 19401 20208
23956 19777 20598
23837 18934 21345
23731 19938 20960
23598 19686 21411
23359 21557 18976
22708 22358 18413
22679 20792 21828
22578 22164 19747
22483 22680 17859
22429 22034 20135
22182 21752 21074
21719 23323 17194
21668 23053 19067
21633 17208 24052
21517 21953 21229
21511 18441 23824
20704 23778 18962
20529 21448 22161
20521 21030 22570
20492 23054 20455
20460 22686 20829
20330 19400 23669
20280 23462 19685
20374 21600 22158
20013 22097 21679
19847 23568 19891
19833 24465 17413
19672 21442 22328
19530 19437 23884
19524 21196 22621
19175 21453 22350
19120 19341 24012
19027 21207 22643
18787 16871 25077
18767 21767 22120
18299 17211 24972
24340 20121 18690
24153 19310 20394
23928 19471 20756
23850 19357 21098
23689 20223 20822
22889 19875 22249
22443 21721 20795
22431 22268 19798
22399 21519 21196
22262 21307 21578
22244 22343 20030
22242 18452 23448
22175 22844 18486
22009 21925 20932
21957 21289 21736
21775 20863 22198
21668 23200 18534
21617 21309 21836
21616 22581 20397
21606 16936 24166
21535 18319 23853
21501 22132 21011
21227 22923 20238
21175 20969 22380
21020 21253 22211
21010 17888 24258
21002 22228 21181
20898 21708 21843
20815 23858 17949
20809 23944 17678
20643 22705 20796
20474 21556 22117
20368 21543 22193
20242 16963 24714
20199 20024 23345
20028 22954 20677
19923 24480 17320
19900 16420 24931
19532 18430 24318
19513 17153 24838
19297 17819 24645
18380 16650 25097
24239 18940 20509
24145 20357 19076
24060 19949 19908
23948 20763 19042
23941 19894 20509
23780 18028 21807
23465 19347 21755
23452 21310 19178
23318 21591 18924
23323 20732 21009
23002 20725 21443
22979 19441 22383
22966 21569 20282
22886 19813 22261
22583 20448 22127
22126 18314 23542
22108 20940 22077
22059 21041 21953
22007 23051 18263
22074 22744 19292
21926 19864 23008
21676 17531 23937
21373 23248 19224
21480 18386 23873
21180 23105 19791
21433 19713 23254
21114 21527 21945
21094 23398 19170
20992 23601 18868
20587 22812 20594
20538 22823 20565
20434 21608 22065
20388 21291 22384
19990 16435 24838
19531 23216 20426
19526 18508 24328
19723 24432 17503
19662 24620 16842
19427 18546 24337
19284 23291 20287
19248 24531 17092
24505 19027 19289
24471 19313 19502
24025 18566 21199
23866 17164 21736
23724 20618 20157
23459 20623 20651
23256 19381 22023
23109 21135 20664
23066 20754 21383
23050 20604 21505
23011 20616 21492
22960 21010 21305
22870 18632 22764
22689 22441 17087
22627 21850 20260
22485 20426 22309
22389 22538 19155
22387 21992 20283
22268 19153 23097
22199 21477 21488
22041 20836 22180
21918 22597 19944
21743 22320 20763
21725 20854 22286
21238 20667 22557
21205 19762 23245
21082 21822 21622
21080 18283 24048
20984 22227 21289
20981 23725 18561
20725 18591 23965
20384 23632 19388
20327 22353 21331
20276 20106 23267
19949 18748 24115
19255 22530 21244
18754 21833 22030
18320 17902 24696
24322 18969 20108
24035 20087 19910
23994 18606 21224
23692 21249 17809
23365 19787 21659
23399 17776 22509
23310 19649 21768
23201 19489 21979
23069 21082 20748
22895 21654 20233
22690 22134 19484
22607 20872 21763
22411 20143 22536
22058 20955 22101
21863 19031 23508
21857 20493 22639
21570 23444 16577
21539 20947 22215
21660 18888 23601
21455 19049 23601
21380 22991 19957
21356 23041 19922
21250 23028 19998
20948 23355 19692
20912 20413 22892
20725 17400 24454
20715 19800 23370
20624 17515 24435
20590 16817 24692
20439 20912 22683
20534 23889 18780
20361 18877 24001
20187 20071 23388
20148 19961 23421
20056 20890 22803
19995 17899 24510
19879 24428 17382
19848 19340 23886
19780 21873 21939
19660 20301 23316
19611 22810 20867
19585 16258 25030
19435 19931 23534
19124 17351 24876
18348 22381 21463
18178 16757 25110
24232 19620 19706
24122 18563 21008
24016 19567 20623
23914 20803 18810
23906 20652 19757
23681 20627 20362
23613 19518 21523
23465 20506 20944
23428 21354 19458
22911 18204 22889
22905 17320 23146
22685 21962 19932
22641 20450 22124
22498 21998 20067
22472 21931 20382
22470 22164 19868
22380 20734 22079
22170 20825 22232
22031 18104 23663
21446 23056 19829
21256 23507 18321
21226 23475 18722
21209 19284 23617
21218 18102 24090
21177 23140 19776
20954 23925 17446
20794 23346 19811
20775 22258 21280
20473 22585 20974
20117 23950 18898
19903 21403 22426
19757 19079 23990
19639 18660 24197
19495 21717 22196
19347 18983 24118
18912 22104 21767
24265 18774 20654
24067 18671 20964
23792 18691 21556
23754 18849 21467
23737 18553 21665
23524 21592 18323
23391 20223 21171
23278 21351 20174
23251 18647 22293
23160 19899 21873
23131 20764 21191
23108 17737 22685
23064 21140 20776
23049 19435 22194
23043 19485 22140
22949 19665 22274
22637 22160 19255
22089 22486 19796
22066 22479 19815
21965 19343 23245
21940 20959 22052
21742 20603 22636
21702 23334 17298
21666 18261 23871
21792 20334 22827
21475 22749 20096
21376 18097 23981
21270 22448 20876
21090 21811 21626
20855 23020 20305
20790 23115 20278
20729 23896 18406
20437 22968 20468
20418 23607 19499
20324 24076 18091
20217 20908 22778
20160 18947 23902
20067 23133 20407
20001 15715 24896
19993 21418 22333
19772 22828 20842
19510 22574 21194
19260 17749 24721
19126 20255 23328
18710 17991 24581
24356 19311 20065
24267 19774 19438
24157 18686 20871
23727 19526 21144
23716 20781 20094
23710 19437 21384
23417 19834 21614
23385 21482 19279
23356 19465 21964
23301 19327 22073
23151 21846 18683
23007 20801 21251
22979 20925 21284
22872 21899 19607
22636 20778 21840
22509 20013 22532
22496 22736 17485
22408 22163 20038
22401 19945 22674
22279 21294 21533
22231 22708 18688
22152 22739 18726
21901 18792 23462
21898 18815 23506
21891 23033 18411
21833 21140 22047
21781 17534 23896
21684 23083 18833
21675 23119 18813
21640 20915 22187
21666 21177 22000
20993 21522 21959
20857 23835 18036
20811 22682 20672
20747 20604 22804
20634 17564 24428
20482 23258 20044
20303 18962 23900
20464 22133 21551
20116 19024 23926
19927 22314 21433
19783 21463 22302
19653 21500 22343
19375 21777 22072
19306 20242 23437
18840 18718 24273
18199 17448 24834
24389 19059 19864
24375 18001 20563
24081 18007 21262
24034 19712 20312
24026 19081 20858
23997 19946 20176
23920 20085 20473
23895 18608 21286
23553 18998 21760
23387 21073 20391
22946 21232 20845
22919 21919 19568
22843 22010 19310
22491 19960 22581
22482 22430 19522
22452 21239 21479
22442 21116 21619
22067 21468 21564
21882 19115 23420
21929 21030 22063
21848 23205 17444
21753 18020 23863
21707 20649 22513
21665 17396 23990
21634 21514 21668
21601 19262 23444
21587 21156 22062
21498 18712 23681
21450 23090 19773
21371 23265 19271
21362 23301 19251
21201 20881 22390
21170 23383 19040
21094 20848 22599
20980 23276 19689
20967 17295 24447
20779 23338 19840
20743 18229 24170
20573 22671 20854
20515 22718 20805
20494 17007 24586
20405 23230 20105
20220 20649 23061
20176 18390 24221
20135 24251 17821
20126 19017 23973
20104 22652 21015
19942 20926 22790
19904 18432 24242
19775 24110 18669
19695 21934 21840
19466 22314 21483
19455 21126 22701
19116 17158 24897
19425 22337 21514
19383 21406 22504
18910 23018 20790
24117 19618 20269
24116 20481 18766
23645 18781 21670
23598 20486 20720
23561 20720 20584
23547 19625 21469
23422 20950 20407
23205 21370 20101
23165 19182 22217
23012 21227 20668
22764 19007 22890
22721 20267 22169
22671 20901 21703
22670 22040 19762
22554 20621 22025
22545 21807 20371
22387 19982 22640
22371 21767 20757
22326 22542 19233
22249 19891 22889
22245 22885 17902
22135 21890 20864
22035 20227 22743
21999 21648 21386
21920 19837 23065
21904 22525 20016
21766 18977 23514
21616 21999 21063
21485 20923 22247
21482 19012 23595
21353 17917 24038
21270 20665 22575
21205 20760 22548
21201 19159 23619
21181 23583 18211
21069 23737 17804
21019 19338 23554
20969 22953 20409
20921 18061 24176
20724 22322 21195
20656 18586 23987
20605 22733 20712
20502 17726 24436
20264 16233 24765
20234 19733 23541
20117 23503 19840
19782 17587 24609
19776 18287 24396
19762 21668 22166
19737 18879 24071
19805 24220 18360
19698 23200 20448
19533 22048 21809
19224 22577 21246
19144 24575 16960
18973 23015 20630
18962 18817 24226
18547 24715 16181
18537 17523 24812
18474 19157 24121
18141 16687 25186
24028 18935 21079
23854 20974 18591
23828 20444 20143
23754 19605 21077
23518 20724 20543
23463 20586 20652
23234 19394 22014
23219 21777 18751
23179 19256 22123
23028 21379 20480
22999 22145 18096
22863 18691 22748
22834 22243 17786
22471 22071 19917
22321 21427 21364
22259 22263 19987
22010 19852 22972
21982 19902 22930
21919 21815 21138
21914 22868 19175
21864 20868 22169
21657 20664 22537
21552 20657 22573
21520 19734 23240
21467 18759 23708
21426 17703 24194
21366 18874 23689
21304 18706 23811
21199 21359 22029
21138 20656 22651
21061 21951 21525
21060 21429 22021
21053 18387 24020
20963 22356 21192
20876 23834 18193
20742 15839 24553
20705 23176 20179
20653 22265 21295
20555 22670 20962
20543 23853 18800
20493 23584 19409
20375 20193 23215
20207 23518 19747
20169 18462 24176
20107 19857 23515
20061 24371 17629
20021 17834 24474
19982 23194 20308
19917 23289 20281
19868 24228 18196
19813 24348 17903
19631 17917 24545
19242 19984 23522
19234 24590 16867
19155 19963 23536
18231 16702 25093
24225 20119 19253
24086 20249 19634
24018 20563 18476
23744 19178 21415
23689 19040 21524
23208 20685 21233
23120 21244 20472
23092 21954 18754
23001 22002 18557
22915 21943 19401
22890 21436 20652
22878 19976 22280
22741 17128 23182
22483 17839 23313
22047 22605 19588
22032 21950 20770
21976 22333 20404
21924 19248 23251
21913 20957 22092
21716 22837 19749
21629 21398 21774
21628 23048 19227
21610 21139 22078
21603 17739 24087
21472 22132 21015
21283 16950 24359
21155 20775 22572
21120 20284 22965
20831 23622 19042
20737 20262 23085
20714 23152 20183
20502 18193 24195
20499 22256 21414
20408 21970 21730
20341 23906 18673
20182 23589 19647
20168 24345 17116
20151 24386 17536
20130 22247 21459
19958 24243 18103
19568 19551 23854
19194 15805 25179
18673 17921 24657
18114 15981 25322
24245 19494 19788
24236 18011 20926
24167 17814 21196
24138 18162 20988
23957 19017 20916
23615 21281 18795
23586 19576 21433
23262 19996 21806
23215 22003 17795
23143 18398 22646
22871 19597 22377
22834 21505 20546
22829 22186 18586
22807 21132 21296
22645 18188 23221
22595 22550 17990
22569 19803 22557
22484 21984 20085
22370 21988 20403
22190 18848 23340
22043 22374 20055
21982 21529 21465
21885 21691 21329
21718 21246 21824
21345 17932 24002
21251 20907 22369
21206 20689 22582
20923 19779 23287
20919 23957 17348
20888 17829 24333
20365 22874 20679
20337 20159 23260
20128 22832 20735
20002 22518 21163
19724 22795 20892
19666 22842 20843
19608 17100 24838
19594 22193 21628
19571 22827 20852
19316 22470 21357
19072 24799 16042
19010 24585 16921
18819 22481 21379
23802 20182 20562
23651 21236 18387
23514 19667 21493
23505 19485 21619
23474 19806 21576
23455 21415 18770
23441 18721 22076
23408 20671 21108
23353 20533 21217
23348 21599 18405
23299 21644 18286
23210 17104 22729
23182 20234 21629
23109 21566 19813
23008 20471 21674
22975 22189 18376
22961 19612 22284
22669 21336 21117
22584 21072 21604
22556 19687 22607
22502 17435 23386
22434 22051 19981
22287 22714 18617
22162 22367 20120
22162 17690 23672
22108 19722 22968
21900 22518 20033
21871 21470 21589
21809 21783 21235
21575 20640 22589
21535 18841 23658
21528 21849 21347
21515 19590 23268
21493 21808 21398
21313 21046 22309
21233 23583 18086
21174 20879 22430
21017 23872 16939
20843 20880 22654
20825 23897 17856
20667 19513 23571
20567 16876 24668
20455 22889 20586
20383 23639 19401
20081 21843 21879
20033 17274 24737
19976 17071 24763
19791 21890 21913
19661 21927 21954
19633 20821 22997
19396 21819 21986
19355 21098 22726
19279 24298 18088
19225 21135 22767
19139 22638 21147
18899 21830 22008
18796 16623 25102
18020 16233 25324
24318 19936 19162
24174 19134 20808
24013 20670 18525
23792 20201 20453
23680 21015 19587
23605 20204 20904
23551 21653 17635
23506 18600 21924
23398 21538 18905
23304 21586 19570
23260 19228 22159
23249 21448 19679
22976 21223 20686
22774 17878 23137
22666 22027 19910
22524 22066 19888
22459 22325 19762
22458 19728 22738
22441 20674 22192
22349 21606 21072
22233 21374 21453
22051 22639 19532
21863 23196 16649
21851 22293 20694
21827 22343 20659
21826 21821 21155
21794 20844 22173
21786 22388 20667
21755 21856 21296
21709 18654 23701
21595 21583 21673
21568 23207 18568
21547 21374 21826
21544 20888 22268
21534 17757 24002
21476 22978 19716
21467 20718 22474
21443 22607 20464
21419 22657 20429
21378 22702 20437
21348 23229 19323
21144 18107 24053
21135 18738 23833
21051 18760 23831
21008 23554 19046
20957 23171 19929
20938 23631 18776
20817 22024 21553
20813 22512 21066
20792 23553 19051
20657 16891 24575
20581 24118 16846
20530 23945 18546
20385 19534 23602
20382 23125 20345
20337 23802 19113
20298 24057 18230
20172 22380 21290
20168 23026 20502
20049 23437 20019
20004 21984 21776
19806 24079 18636
19752 22464 21365
19611 24409 17793
19573 19302 23891
19533 19267 23919
19255 22475 21387
19206 22372 21473
19048 18589 24346
18659 18891 24232
18623 17295 24932
24430 18981 19856
24426 18163 20287
24048 20108 19900
23916 19673 20657
23882 20710 19570
23748 21186 17431
23655 19299 21493
23635 21143 18808
23563 20489 20766
23427 18155 22310
23400 21129 20017
23355 21492 19151
23301 19148 22129
23221 21005 20795
23202 19028 22280
23059 18061 22720
23055 21363 20391
22971 17411 22933
22864 22137 18616
22838 21503 20606
22509 22491 18834
22463 21514 21068
22384 21025 21794
22307 22207 20262
22133 22474 19757
22126 19379 23162
22103 21091 21906
21917 22358 20566
21803 16469 23962
21672 18837 23584
21650 23325 17396
21557 23331 18261
21509 22672 20336
21439 23558 17170
21265 22648 20548
21131 18273 23991
21129 23162 19551
21076 19958 23173
21076 16976 24427
21070 23526 19149
21001 22122 21306
20876 19693 23327
20789 19672 23341
20776 23933 17823
20597 24146 16698
20551 23719 19362
20449 22859 20671
20334 19499 23621
20189 24460 16468
20138 24190 18341
20097 22969 20602
20078 24201 18211
19982 24011 18843
19956 19507 23706
19885 24058 18778
19835 17072 24824
19791 21092 22734
19669 17826 24534
19524 16717 24940
19499 24427 17557
19358 22603 21188
19321 24031 18816
18872 19317 24016
18447 18023 24602
18226 15822 25305
24517 18700 19698
24038 18989 20952
23995 20513 18950
23991 18965 20989
23858 18782 21343
23749 18830 21549
23639 21049 19535
23612 20882 20308
23589 19340 21607
23245 16888 22727
23232 20195 21598
23063 20807 21225
22966 19397 22472
22925 22209 18513
22722 21063 21427
22649 19620 22602
22640 19438 22728
22635 22057 19831
22570 22380 18830
22560 21788 20533
22547 19365 22912
22537 21781 20552
22521 21962 20102
22499 21580 21004
22317 22458 19432
22309 20025 22670
22241 20419 22559
22162 19537 23025
22134 21318 21676
22110 22485 19664
22101 22805 18604
21960 20566 22583
21891 22763 19415
21860 18483 23707
21621 20970 22190
21585 19328 23460
21583 23350 17832
21570 22091 21059
21511 21991 21194
21359 22012 21348
21262 17511 24230
21173 23613 18281
21162 19691 23260
21138 20097 23113
21017 18830 23902
20964 19904 23191
20782 23568 19081
20679 19442 23552
20634 20710 22844
20338 22888 20629
20284 24328 17136
20220 23517 19691
20127 23324 20119
19975 24073 18685
19852 22674 21037
19574 22951 20766
19556 19404 23881
19469 24477 17409
19068 19744 23776
18981 19723 23790
18858 17655 24768
18759 17693 24777
18325 17178 24969
24129 19526 20363
24091 19684 20274
24074 19388 20472
23901 16760 21748
23602 19763 21360
23559 21287 19358
23471 19744 21588
23452 21378 18976
23416 19606 21697
23359 21163 19965
23261 21568 19632
23209 21766 18897
23203 20689 21091
23188 18462 22514
23161 21436 20221
23019 19188 22364
22978 20695 21565
22823 20084 22236
22816 21670 20595
22809 17662 23135
22752 22239 18965
22730 22393 17806
22710 21996 19766
22630 22257 19203
22620 22460 18495
22609 22201 19226
22582 22034 19999
22570 22588 17769
22522 22233 19641
22462 21852 20650
22451 19502 22980
22424 21883 20563
22313 16763 23606
22284 19650 22899
22257 18389 23449
21787 20739 22441
21601 22006 21101
21593 20904 22260
21449 22027 21255
21443 17921 23976
21393 20863 22354
21359 23433 18534
21328 18867 23726
21301 22518 20626
21285 18117 23998
21234 20229 22910
20953 22560 20781
20907 23607 18912
20779 19354 23554
20720 18280 24143
20641 21548 22043
20600 20190 23227
20564 19801 23366
20528 19083 23749
20479 21577 22068
20430 17806 24371
20360 16902 24736
20285 21297 22410
20170 24073 18579
20120 23934 18939
20046 22117 21607
20003 20675 23021
19957 23644 19626
19932 23436 20062
19876 24023 18790
19827 20068 23483
19788 19958 23516
19749 20550 23191
19720 23844 19292
19606 23013 20624
19595 20989 22791
19548 20882 22898
19458 22813 20860
19443 17780 24642
19071 19690 23712
18248 17150 25030
