70 3
21070
617 232 387 836
699 180 833 654
571 413 953 969
493 875 743 361
631 299 746 201
506 726 164 289
668 777 969 612
570 582 710 548
571 950 976 622
521 771 243 718
566 187 106 304
571 211 316 297
641 842 421 411
569 160 107 445
592 188 189 494
664 119 409 886
620 901 653 734
710 927 129 562
643 43 472 334
700 115 349 667
581 750 772 508
516 922 969 977
587 796 697 613
617 958 840 992
642 839 742 921
670 310 870 607
536 697 938 347
488 600 551 958
516 588 500 510
509 452 286 904
711 750 972 971
665 496 422 655
668 150 439 128
636 731 294 303
654 732 930 892
602 976 804 736
611 515 249 409
579 766 992 870
573 859 373 514
688 878 448 706
684 143 461 74
683 903 484 720
505 434 817 897
523 192 313 258
550 918 597 759
687 862 515 147
541 499 208 603
516 733 424 617
519 903 427 699
518 423 138 386
640 589 730 552
644 798 570 420
486 74 136 228
593 4 150 86
681 174 207 707
665 140 463 238
620 481 702 955
485 74 567 499
612 440 760 843
571 121 676 508
587 981 571 771
574 770 500 643
565 765 971 270
622 478 563 179
717 61 271 342
704 149 354 66
538 539 197 156
565 493 468 897
655 370 197 434
718 745 654 975
763
26773 24675 24040
27018 24432 25393
26366 24835 25603
26317 24682 25957
26108 24842 26089
26206 23481 26609
25434 24747 26402
25528 24149 26646
25148 25690 25294
25066 24595 26550
24875 24134 26829
24860 23098 27236
23879 26267 25206
24129 25203 26478
24020 26313 24447
23424 23786 27178
27432 23859 24903
27324 23831 25306
27115 24199 24829
27097 23875 25620
26739 24065 26043
26713 24330 25870
25839 25439 25497
25710 23425 26770
25751 24499 26373
25953 23790 26750
25274 25618 25176
25215 24093 26744
24968 25823 24889
24975 23326 27035
24722 24817 26591
25512 25230 26173
24283 25961 25458
24782 25785 25677
24178 26047 25158
24122 23401 27230
27623 23104 24510
27574 23423 24654
24999 25815 24430
24916 25744 25164
24913 25278 26312
24497 26004 24972
24037 26097 24951
24456 24054 26924
24903 25488 25992
24396 24848 26637
26973 24041 25733
26790 23780 26011
26882 24503 25437
26486 24374 26184
25540 25264 25990
24843 25588 25771
24303 25680 25913
24571 23380 27082
28060 22285 22971
27074 24049 25326
25798 25257 25504
25878 25135 25790
26136 24051 26472
25749 25104 25858
24298 26007 25398
24915 23891 26985
24254 25421 26194
27893 22859 23791
27140 24448 24263
27023 24587 25091
26457 23619 26227
26749 24709 25706
25562 25584 24376
25859 24388 26506
25026 25331 25979
24705 23683 27073
27344 23925 25042
27222 24204 23817
26929 24190 25742
27051 23729 25880
26652 24527 25776
25460 24514 26597
24814 23284 27079
24585 26134 24768
24263 22962 27278
24381 24555 26742
23554 23823 27131
24320 24131 26974
24257 22336 27331
27115 23991 25438
26164 24827 25963
26241 25124 24236
26072 25135 24889
25101 25742 25491
24114 23715 27123
24031 24413 26820
22973 22573 27326
27373 23512 25162
26389 23742 26331
24764 25951 24746
24536 25921 25170
24964 24426 26736
24439 25894 25519
27973 22374 23719
27816 22987 24172
26028 24964 25803
26058 25181 24589
25270 25688 24434
25254 25755 23875
25058 23828 26980
27711 23384 24204
27303 23983 24930
27056 23933 25508
25952 25370 23927
25520 25482 25683
25162 25545 25585
24579 22551 27279
24120 25937 25705
27481 23540 24759
26608 24897 24459
25330 23419 26902
26156 25095 25593
26350 24952 25633
25956 25300 24669
25860 24815 26186
27896 22502 24100
26406 24496 25898
25372 23758 26756
25651 24975 26318
27116 23181 25679
25026 25453 25792
23158 26322 23594
27985 22726 22707
27472 23384 24785
27156 24381 24822
25155 24887 26457
24753 25191 26353
27756 22898 24241
24814 25615 26121
23743 26053 25600
23838 26085 25213
27255 24190 24693
24927 25854 24316
23314 22377 27368
27241 23329 25361
27549 23720 24075
25435 25350 25690
25288 25648 23746
27887 23119 24085
26361 24533 25948
25548 22921 26883
25559 25442 24743
25406 25584 24799
25235 25701 24978
24143 25518 26237
27071 24140 25447
27290 23909 25198
26524 24878 24768
26371 24990 25301
23752 24553 26875
28013 22363 23272
26707 23278 26066
24743 25964 24513
24821 24489 26741
27933 22848 23344
27751 23373 23757
23525 23265 27272
27271 24123 25252
25340 25615 25278
26430 24973 24978
26224 25172 24133
27617 23469 24061
25542 25490 24640
27416 23926 24344
25688 25533 24273
28160 22273 22248
27638 23576 23772
28077 21771 22303
27787 23546 23481
27496 23804 24630
24983 25882 23871
27496 24012 24021
27062 24283 25384
24649 25866 25075
24032 25807 25909
27614 23334 24490
25432 25352 25887
26180 23746 26436
26889 23225 25993
26624 24830 25018
23153 22335 27412
23519 22639 27325
23128 22825 27320
28006 22590 22635
26982 24618 24518
27182 23881 25601
26495 25045 24137
23438 24799 26707
26651 24795 24702
23117 26353 23021
28071 22031 22597
25415 24171 26696
26084 24949 25677
23932 26183 24651
27991 22516 22669
23615 25270 26467
25984 25216 24413
23591 22040 27334
22880 22265 27429
24817 25613 25924
23159 22125 27374
25972 25233 25228
24215 25078 26546
26450 24854 25294
25586 25465 24310
24482 23566 27141
27351 23638 25180
25638 24521 26423
24863 25909 24589
25833 25457 24380
25986 25263 23798
25295 23230 27024
27561 23626 24436
25829 24982 26144
25627 22923 26825
27856 22513 24547
24163 26142 24440
27519 23030 24976
27072 23330 25688
25125 25764 24327
25091 25278 26087
27418 23188 25042
27202 22826 25543
27474 22991 25256
26330 25021 24728
25028 24604 26470
25140 25438 25784
22366 22332 27418
26708 24740 25133
23429 21768 27336
27596 23642 23774
23423 21978 27374
28053 22475 22693
26114 25235 23802
26663 23427 26075
24222 24874 26541
26515 23600 26126
24399 25345 26301
25109 25831 23768
28065 22241 22635
27235 23539 25399
26393 24066 26287
24457 25272 26405
24544 25952 24775
27622 23142 24553
25440 25640 24732
25407 23399 26867
25512 22695 27026
25100 24349 26686
25601 25103 26044
27513 23326 24897
26267 22581 26541
26279 23191 26418
24954 25299 26099
25137 25042 26307
25194 23751 26930
23622 24516 26922
26129 25140 24520
26504 24784 25032
24030 25540 26287
24709 25701 25821
27687 22756 24968
25703 25225 25891
26207 24514 26239
25414 25518 24956
24490 24250 26881
23676 25694 26235
27459 23666 24777
26131 25187 23905
24511 24592 26695
24776 24146 26840
26016 24053 26518
24766 23696 26992
28044 22218 23000
24837 24143 26749
23769 26150 25260
26803 24242 25649
25996 25221 23918
23673 25197 26571
25705 24620 26406
25095 25760 24374
24165 25791 25986
27388 23984 24424
23381 25716 26152
26785 22966 26213
25467 25552 24763
25160 23997 26794
23029 24902 26809
27727 22745 24521
27700 22928 24402
26853 22999 26136
24965 25528 25885
24602 25918 25272
24368 24980 26498
25999 25198 24912
25982 23016 26692
24537 23621 27113
26139 24675 26131
23308 24762 26754
23739 26127 25370
24000 24048 27017
27459 23130 25154
24177 24519 26777
27824 22647 24227
26350 22935 26350
26344 23145 26388
23499 25223 26475
26350 25121 24030
24414 25391 26241
24266 24811 26684
26389 24544 25795
26000 24930 25986
24337 25909 25432
26968 23227 25935
26592 23050 26267
25241 24089 26702
26833 23878 25831
25948 24261 26377
24889 24124 26790
23470 25346 26360
26434 24470 25925
26433 23437 26295
25249 24289 26701
28074 21985 22355
23358 21494 27387
23255 22519 27328
28012 22533 22581
26760 24252 25569
26696 24378 25767
25201 23828 26780
24717 24556 26644
24676 25821 24950
23724 24685 26736
24210 25877 25602
26636 23534 26134
25002 25151 26183
24969 23536 27073
27539 22645 25082
25385 24212 26651
27370 22888 25503
25652 24836 26182
25060 25560 25498
23338 26348 23473
26695 24214 26052
26183 24526 26122
23249 21893 27381
25564 25333 25674
24863 25406 26038
23191 24337 26976
26235 22707 26551
24847 24593 26597
24271 23921 27021
23526 21556 27347
23024 25373 26436
22301 21848 27431
25883 25290 25488
25498 23668 26846
27412 23448 25336
25055 24006 26785
26986 24115 25465
27751 22580 24245
26007 25132 25069
25857 24993 25991
23863 24440 26811
26255 25089 24417
23364 22120 27334
26578 24023 26087
25439 23857 26739
27636 23631 23327
27495 22794 25091
27214 22718 25592
27188 23621 25307
25291 24810 26407
25180 25520 25738
23813 24977 26643
23289 22998 27312
22449 22834 27363
27159 24235 23728
23767 24599 26815
23655 23878 27062
26365 25008 24184
26221 23680 26371
24307 24556 26730
24208 24884 26580
25964 25245 23944
27094 24143 25062
25435 23841 26749
25432 24550 26423
24946 24581 26586
24867 24900 26484
22831 24172 27065
24647 24515 26645
24231 25648 26033
27902 22242 23806
26482 22940 26310
24109 24896 26591
23569 23869 27071
23663 24261 26968
28090 21947 22259
26304 24433 25972
25324 22897 26922
25302 25315 25934
24868 24935 26411
24492 25801 25326
24048 26010 25205
26805 23979 25773
26235 24776 25695
25596 24182 26569
26746 23929 26020
25679 22990 26789
25126 23861 26903
22307 22474 27378
27329 22946 25391
26792 24280 25502
26385 24851 25474
26000 25151 24660
24992 25118 26200
24401 23958 26974
24302 24286 26824
23203 25967 25676
27576 23527 23949
27521 23715 24600
27014 23819 25641
26761 24128 25782
24702 25995 23940
26888 24035 25752
25571 25560 23592
24775 25794 24957
23820 24586 26798
23328 25027 26616
27533 23113 24767
27388 23776 25033
27285 23095 25400
25922 24064 26407
25887 25298 24768
25209 22669 27123
23746 25281 26427
23302 25490 26306
23376 24018 27117
28008 22045 23276
26500 22095 26300
24952 23887 26807
24558 24283 26804
24360 24213 26928
27178 24251 23599
27146 22685 25669
26844 24184 25761
26785 24251 25638
23649 26183 25263
27347 23834 24921
26905 24218 25635
25616 24023 26526
25091 25830 23934
23926 26215 25009
23598 26321 24119
27968 22056 23723
27415 23279 25163
27117 23197 25644
22932 24227 26996
22692 22475 27334
25337 25657 23432
25321 24769 26452
25253 25736 24331
24434 25691 25873
23584 24905 26664
23582 25824 25898
23485 25233 26514
23340 25309 26407
27655 22890 24648
27265 23151 25388
26994 24091 25506
25698 24782 26221
25584 25508 24280
25515 25506 24379
25070 24943 26324
24367 25967 25019
24162 23483 27184
24023 24426 26879
23493 25951 26027
23929 25024 26635
27928 22530 23348
27453 23598 24839
26614 22970 26169
26206 25034 25496
25600 25441 24839
24728 26021 23433
24551 24674 26649
24223 24930 26520
24079 26197 23298
24064 26164 24438
23914 23988 27042
22821 22407 27389
22171 21811 27478
27679 23518 23884
27582 23019 24853
27390 24040 23611
27326 23037 25512
23531 25770 26128
27406 23973 24170
25969 25311 23695
25837 24527 26366
25241 25628 24994
24667 25996 23486
23386 25245 26525
22815 21781 27442
22726 22497 27329
27888 22541 23795
27187 22627 25781
27046 24350 24825
26570 23119 26178
26177 23829 26380
25230 25498 25332
25152 23797 26795
25108 25812 24224
24873 25945 23540
24517 23893 26978
25921 25301 24215
24889 25878 24099
24744 25954 23992
24491 23696 27008
22940 24610 26902
28092 21617 22516
27537 23954 24133
25119 24252 26748
23921 24641 26729
21985 22259 27430
27143 22776 25790
26480 24912 24881
25231 22148 27069
24967 24923 26400
24477 25824 25376
24422 24300 26788
24269 25467 26134
24231 23839 27067
23678 24307 26908
23579 24635 26758
23562 23570 27165
25668 23862 26555
24826 25636 25668
27182 24215 24264
26435 22643 26501
26112 24079 26365
25877 25308 24371
25721 25070 26041
25007 24041 26789
24691 25791 25143
24300 23267 27171
24223 24605 26722
23246 24392 26948
23097 24935 26732
27638 23368 24381
26887 24373 25485
26845 23374 26002
26300 23294 26397
26248 23779 26359
26077 24477 26286
24950 25836 24267
24871 25658 25548
24642 26007 23766
24623 25154 26400
24535 25934 24829
24484 24978 26433
24103 25985 25602
27519 23770 24155
27447 23915 24282
26759 24159 25779
26501 23470 26218
26459 24725 25355
26439 24943 24308
26157 24101 26245
26145 24072 26274
26064 24875 25713
26024 25291 23695
25889 22708 26795
25624 24011 26564
25025 24850 26504
24909 22779 27092
24902 25826 24787
24753 25648 25687
24388 24164 26897
23835 24632 26738
24198 22478 27291
22821 23024 27273
22617 22896 27323
27978 22404 23083
27519 22694 25008
26652 24748 24450
26068 24228 26374
25935 25418 23824
25790 25494 23717
25217 23441 26952
25004 25787 24231
23812 25908 25841
23559 22721 27279
22552 22412 27336
27532 23636 24137
27165 24151 24842
26548 23199 26276
26086 25148 24239
26019 24550 26182
25672 23243 26793
25606 24632 26417
25023 25455 25989
24086 25565 26140
23784 25100 26528
23627 21561 27337
28087 21299 22520
28068 22195 22393
27987 21788 23341
26165 25065 24923
25773 25173 25542
25742 25484 24237
25507 23890 26662
25503 23874 26672
25271 25696 23643
24811 25758 25140
23560 26310 25392
27938 22415 23530
27641 23141 24364
27594 23517 24390
26378 24870 25065
26345 23891 26340
26092 25130 25356
25747 25076 25882
25619 25457 24710
25299 25646 24705
24741 25816 25104
24667 24721 26641
24461 23692 27022
24363 23746 27027
23813 24545 26854
26891 24273 25457
26394 24803 25624
26240 24154 26225
25549 25455 25146
25504 23070 26892
25192 25541 25285
24820 25604 25778
24304 25996 25055
24078 24531 26788
23979 24859 26638
23598 26129 25493
23226 24664 26813
27678 23279 24217
26487 23754 26108
26087 24975 25658
25973 25237 23925
25612 25255 25627
25479 25513 25110
25101 23443 27033
25067 25306 25980
24058 26084 25184
27293 23993 24029
26857 22438 26016
26425 24710 25554
26334 25019 25074
26011 25012 25700
25701 25515 23664
25558 25301 25784
24915 24626 26520
24901 25839 24446
24269 25308 26348
23876 23735 27117
23731 24294 26891
23533 24224 27015
27601 23230 24528
27478 22916 25100
27309 23926 24588
26413 24757 25302
26015 24534 26192
25317 24322 26624
25161 24773 26454
24928 22122 27166
24796 25781 25190
24524 24087 26847
23460 22781 27285
22390 22976 27323
27724 22583 24604
27634 23428 24226
27432 23473 24949
26162 23630 26618
25145 25593 25482
25007 25005 26354
24629 25985 24759
24469 23991 26897
24370 24319 26747
24177 24194 26979
23615 23815 27110
27964 22703 23072
27603 22822 24688
26751 23876 25864
26488 24247 25991
26350 24379 26011
25484 25491 24723
25262 23784 26853
22691 23435 27185
27682 23083 24476
27066 22278 25884
26741 23938 25850
26252 25038 24629
25639 23797 26622
25326 25676 23643
25190 25615 25362
25185 25012 26180
24854 25891 24643
24816 24219 26835
24442 25823 25732
24170 25320 26359
23839 24006 27061
23297 24662 26813
23198 24990 26663
27665 22871 24511
27368 23597 25345
26228 24390 26050
25904 24666 26177
25598 23860 26588
25586 22682 26892
25440 23791 26679
25292 23904 26754
25237 25803 23772
25107 25721 24721
25092 25879 23665
28078 21754 22978
27567 23158 24751
26962 23437 25973
25512 25508 24576
25186 25509 25395
25122 25118 26180
24908 25017 26365
24864 25535 25623
24333 26012 24996
24271 24331 26758
23023 25630 26361
22891 25446 26380
27744 23132 24299
26884 23749 25826
26880 23733 25836
26559 24219 25879
26253 24700 25834
25978 25160 25244
24673 24027 26862
23968 26140 25077
23432 26337 23231
27980 22770 23043
27231 23562 25457
26573 24898 24005
26377 24917 25317
25842 25321 24915
24841 25682 25608
24462 24382 26742
24314 24859 26526
24148 26007 25482
24135 26055 24877
24040 24911 26571
23825 23696 27135
23761 25327 26367
23073 26320 24528
