80 3
26198
634 910 519 703
759 94 803 531
733 67 218 135
688 438 858 934
707 68 949 514
599 882 423 102
656 168 63 839
670 489 940 158
611 46 300 22
606 645 262 715
689 796 65 422
614 685 36 219
628 291 746 768
613 416 847 922
715 10 426 99
680 779 994 955
623 774 125 71
621 492 706 276
721 95 178 530
633 233 814 140
739 232 108 7
632 851 938 499
626 89 104 217
552 28 330 35
594 272 488 736
557 1000 623 960
753 626 247 257
684 967 277 514
694 195 493 208
643 326 349 589
549 107 729 174
642 344 464 427
649 332 455 41
564 877 456 332
664 829 380 846
745 772 436 755
635 982 857 702
719 927 765 406
608 682 812 437
649 355 818 499
754 874 366 508
693 933 976 767
732 965 41 960
601 49 91 142
738 120 696 254
751 149 33 85
729 401 701 648
645 697 522 355
735 141 645 865
633 357 908 946
567 861 395 837
702 108 103 29
650 845 160 883
630 11 749 142
739 945 594 658
607 988 760 895
680 831 193 728
551 455 446 41
562 749 196 13
595 14 45 633
610 807 892 958
626 124 22 124
712 474 898 619
552 480 95 848
707 565 253 282
706 550 702 865
653 971 894 873
715 767 347 756
732 266 674 499
590 476 351 991
686 911 261 898
607 362 845 87
603 729 589 299
552 184 502 488
598 826 738 73
683 384 961 684
735 348 198 62
659 412 158 338
657 288 184 217
622 930 871 661
5226
31088 21485 25950
30962 22505 25784
30889 22958 25778
30904 23000 25317
30754 22398 26594
30811 23542 25317
30461 24300 25022
30604 23773 25865
30403 23813 26357
30419 24168 25642
30330 22808 27253
30394 22968 27047
30269 23691 26698
30099 24454 26211
30244 23667 27072
30128 22398 27370
29985 24948 25307
29917 23260 27770
30025 24790 26128
29830 24353 27046
29962 24566 26434
29801 25153 25215
29822 25058 26165
29856 24879 26404
29776 25175 26016
29515 25260 26023
29511 25709 24999
29705 25076 26697
29401 25754 25119
29232 25411 26837
29262 23840 28213
29280 25042 27078
29241 25297 27090
29275 25584 26617
29180 24192 28140
28889 25677 26975
28995 24291 28393
29129 24413 28052
28851 25580 27264
28804 26433 25227
28694 26478 25347
28615 26782 24906
28541 26592 25732
28781 24118 28759
28573 24536 28562
28450 26917 25280
28396 24692 28409
28396 25444 27694
28158 25881 27466
28495 24099 28932
28095 27075 25543
28135 26520 26621
28262 24570 28750
28281 23729 29275
28288 26076 27060
28105 24382 29106
28045 26163 27270
28271 25415 28060
28013 25337 28187
27725 26384 27025
27697 27451 24923
28057 24754 28671
27859 26232 27257
27666 25983 27633
27511 25937 27964
27645 25608 28337
27850 25424 28416
27399 24079 29437
27270 26761 26995
27179 27994 24467
27423 26317 27434
27291 25744 28339
27306 24168 29431
27387 25530 28464
27155 26717 27239
26988 26994 26828
26977 27959 25136
27123 26957 26959
27155 25660 28553
26833 27626 26015
27221 26767 27175
26890 27907 25637
26828 28289 24219
26843 28255 24419
27167 26271 27981
26918 25777 28530
26891 26907 27192
26750 27183 26980
26630 27851 25854
26932 25394 28894
26788 25916 28341
27002 26104 28114
26390 27303 26971
26452 28037 25623
26816 26173 28101
26261 28589 24441
26204 27372 26958
26134 28259 25554
26821 25628 28756
26430 24235 29864
26302 27256 27149
26393 25779 28714
26051 27816 26519
26366 25362 29127
26278 28561 24894
26018 27956 26160
26606 24636 29452
26487 23369 30008
25888 28815 24462
26013 27616 26924
26513 25424 28968
26284 26422 28124
25918 28553 25268
25934 27704 26663
25969 27121 27557
26474 26317 28137
25945 26935 27672
25651 28654 25075
25662 27947 26734
25725 28573 25208
25808 27021 27659
26134 25836 28752
25644 29048 24321
25662 27518 27044
25568 27793 26775
26192 24547 29649
25960 26516 28167
25271 29287 23853
25415 28237 26336
25378 28272 26294
25270 27754 27096
25352 27159 27683
25788 26645 28199
25346 27537 27221
24671 28992 25390
25089 27278 27738
24677 28806 25627
25539 26151 28748
24570 28752 25769
24710 28666 25986
24315 29759 23481
24787 28439 26300
25186 27427 27512
24144 28837 25921
25026 26949 28051
25018 27127 27886
24555 28245 26683
24189 28543 26291
23606 29739 24090
24032 29219 25228
23049 29915 23732
24653 27583 27377
31547 20961 24169
31232 22184 24987
30877 22347 26350
30930 22777 25458
30902 23547 24945
30886 23192 25660
30733 23636 25221
30513 23768 26237
30468 24327 24610
30300 24451 24287
30292 24389 25298
30314 24329 25649
30134 23712 27192
30146 24323 26620
30008 24449 26583
30122 24156 26841
30000 23590 27533
29720 25433 25149
29591 25570 25793
29476 24013 27847
29400 24410 27680
29397 24644 27562
29468 25542 26218
29461 25515 26630
29368 25773 25539
29314 24314 27799
29449 24904 27202
29141 25736 26385
29189 25037 27450
29446 23340 28196
29062 23767 28516
28978 26200 25834
29012 25193 27297
29055 25366 27077
28952 24687 28032
28632 26256 26199
28772 25949 26449
28799 25320 27624
28787 24709 28196
28839 24969 27836
28655 26098 26636
28665 25649 27251
28535 25788 27062
28393 26117 26719
28186 26750 25995
28339 26059 26843
28310 24198 29185
28189 24874 28399
27992 26585 26529
27831 26702 26541
27773 27060 25744
27752 26790 26280
27723 26557 26831
27496 27025 26273
27504 24781 29191
27522 27403 25396
27393 25348 28768
27440 26731 26843
27576 26815 26629
27357 26519 27213
27219 26531 27621
27158 25426 28671
27303 26355 27767
27349 27056 26391
27125 27193 26513
27299 24965 29112
26929 27263 26687
27201 23655 29806
27033 26600 27608
26661 28417 24367
26680 26542 27680
26705 27577 26200
26975 24322 29675
26751 25112 29183
26412 27768 26026
26564 27075 27108
26520 26580 27741
26603 25245 29150
26698 26923 27340
26606 26437 27923
26334 27233 27147
26760 25523 28926
26430 27404 26735
26012 28142 25923
26464 25930 28566
26432 25005 29410
26276 25541 28945
25752 28474 25338
25366 29166 23684
25599 25866 28912
25387 29142 24205
25567 23824 30165
26084 26238 28559
25036 28681 25710
26045 24485 29808
24993 29392 23705
24949 29272 24054
25255 27010 27909
25405 26303 28516
24776 29519 23708
25789 24307 29939
24934 28089 26646
24601 29167 24989
24467 29129 25135
24826 28237 26570
24391 29439 24611
24109 28992 25542
24689 27674 27167
24055 29703 23698
24170 28268 26581
24144 29066 25426
23449 29374 24960
23458 29293 25213
31550 20727 24287
31100 22096 25378
30918 22166 26030
30752 23070 26001
30629 23702 25923
30612 24103 24729
30528 23002 26643
30531 22768 26761
30592 23162 26437
30570 23222 26086
30200 24823 24745
29653 23990 27738
29712 25103 26285
29621 23439 28063
29522 23896 27996
29610 24135 27506
29179 26122 25218
29232 23167 28562
29118 25905 25933
28969 26298 24853
28837 26414 24807
28672 26388 25744
28603 25838 26996
28837 23803 28788
28264 26986 25267
28439 24414 28903
28074 27170 24593
28100 25922 27382
28054 24988 28553
27809 27365 24912
27797 24178 29318
27723 26148 27471
27702 24506 29176
27856 26678 26602
27506 26265 27468
27313 27276 26012
27469 27373 25652
27720 24956 28756
27374 26323 27614
27372 26087 28060
27233 27297 26178
27419 26461 27379
27037 26410 27792
27173 24047 29660
26989 27109 26727
26878 27616 25878
27207 25920 28193
26810 28185 24575
26659 27508 26528
26525 26035 28396
26713 27745 25938
26550 27285 26812
26391 27730 26139
26991 24761 29324
26527 28179 25370
26212 28072 25681
26688 23635 29939
26389 25969 28530
26128 25674 28912
25786 28066 26135
25412 28791 25012
25827 27685 26911
25583 26646 28115
25491 28576 25207
25776 26034 28771
25322 29033 24522
25508 27772 26785
25198 28239 26519
25647 27751 26934
25537 28354 25967
25215 28339 26168
25725 26316 28512
24909 28475 26080
25309 27889 26806
24677 29446 24123
24770 28650 25937
24376 29648 23835
24317 28986 25444
24505 29575 24155
23962 29394 24827
24806 27861 27110
23701 29655 24233
23799 29895 23468
23497 29792 23978
22845 30052 23477
31447 20761 25196
31190 22033 25313
31113 22685 24545
30798 22953 26150
30582 23833 25514
30458 23040 26778
30335 23672 26700
30137 23478 27310
29575 25215 26508
29225 25924 25685
29295 25749 26086
29436 23538 28316
29027 26230 25481
28744 25080 27920
28649 25882 26726
28622 25476 27471
28378 26492 26171
28418 25937 27249
28634 25153 27757
28335 26319 26391
28583 25170 27974
28322 25645 27434
28173 25618 27733
28192 25153 28187
27895 27177 25375
27722 26830 26370
27537 25791 27981
27483 27729 24800
27426 27507 25370
27598 26528 27197
27279 27866 24545
27035 26836 27162
26899 26752 27376
26882 27982 25068
27059 25316 28971
26569 26707 27622
26581 28049 25192
26645 27541 26373
26317 27917 25944
26626 25852 28553
25915 28992 23874
25876 28201 26050
25623 29143 23371
26418 26270 28356
25071 29028 24788
25240 28920 25044
25287 28762 25378
25123 26765 28110
25383 28170 26392
24995 28786 25388
26203 24771 29558
24253 28906 25684
24682 28370 26462
23144 29763 24123
23339 29265 25384
22095 30154 23542
31203 22622 24480
31187 22267 25195
30978 23092 24337
30896 22003 26090
30788 22258 26498
30688 22998 26270
30170 24553 25530
29192 24803 27568
29094 25493 27054
28949 25994 26209
28479 25022 28172
28295 26830 25511
28478 26053 26876
28126 26433 26761
28096 27099 24759
28263 25975 27084
28083 26260 26981
27959 26991 25757
27932 25928 27608
27798 26080 27376
27652 27640 24524
27767 25119 28568
27619 27638 24796
27454 27523 25175
27361 27612 25169
26982 28056 24543
26870 28099 24614
26908 27951 25142
27054 25861 28316
26652 27936 25449
26703 26378 27995
26631 28015 25501
26468 26904 27520
26229 28140 25614
26530 27477 26581
27101 24541 29481
25782 27399 27121
26156 28444 25263
25893 28904 24461
25540 28266 25970
25950 26390 28327
25681 28392 25881
25813 27718 26756
25467 28529 25566
25423 27310 27535
25666 27587 27020
25262 28875 24907
25218 28287 26156
24867 29017 24936
24576 29340 24358
25050 28601 25991
25109 27654 27198
24903 28010 26884
24017 28712 26142
23852 29285 25251
22652 30046 23652
23929 29058 25565
30985 22092 25942
30893 22702 25635
30665 22309 26742
30504 22923 26927
30210 24395 26351
29265 26012 25011
28790 24475 28314
28389 24877 28284
28215 26956 25620
28317 25354 27958
28327 26262 26797
28052 26902 25763
27777 27352 25183
27830 27591 23846
27966 23443 29393
27831 24722 28894
27643 26535 26974
27422 26752 26742
27442 26967 26397
27508 26171 27846
27165 28006 24440
26900 27545 26044
26875 28037 24791
27032 27282 26507
26616 27335 26748
26537 26825 27449
26549 28505 24447
26173 27933 26150
26546 27707 26129
26165 28230 25347
26321 27571 26678
26091 27995 25903
26088 28745 24220
26528 24846 29524
25522 28931 24690
25719 26903 27895
25804 25031 29475
25391 26284 28715
25603 25676 29096
24139 28748 25922
25006 26307 28613
23711 29531 24521
24214 28891 25827
23340 29911 23497
23966 28309 26551
31355 21371 24889
31029 21696 25988
30495 23580 26264
30250 24257 25918
29753 25199 25331
29354 25787 25041
29102 25550 26648
29101 24609 27909
28749 26630 25138
28339 26306 26434
27916 27384 24664
27949 26589 26608
27962 26671 26553
27977 24446 29051
27762 24181 29266
27214 27990 24526
27360 27118 26346
27259 26864 26886
27161 27851 25190
26905 26975 26973
26859 27438 26286
26825 27458 26277
26752 27419 26534
26288 27649 26625
26079 27875 26309
26131 26866 27685
25879 27945 26551
25879 24128 30121
25899 28108 26121
25916 28208 25770
25655 28748 24807
25578 27191 27460
25373 25794 29061
25012 27505 27424
25045 26600 28366
23253 29710 24235
22200 30174 23119
23354 28963 25808
31614 19975 24213
31415 20875 24958
30800 22869 25926
30188 24455 26000
29978 24921 25719
29485 24858 27157
29614 25071 27069
28992 26167 25989
28766 25726 26852
28050 26666 26209
28246 26148 26837
27911 27295 24665
27943 27213 25144
28198 25719 27709
27954 26488 26818
27607 27264 25611
27238 27624 25504
27024 28174 23852
26266 28678 24440
25997 27195 27312
26360 27056 27383
25546 28489 25528
25524 26936 27778
26118 25287 29341
25318 28358 25995
25649 27342 27312
24761 28837 25552
24892 29328 23963
24914 28564 26079
24529 29498 24024
24552 29417 24489
24021 28712 26067
23800 29025 25611
23758 28820 26006
29739 24348 27418
29161 26078 25713
28525 26237 26447
28542 25863 26974
27817 25105 28530
27885 26898 26239
27858 26914 26156
27716 25778 27958
27511 25962 27879
27610 23423 29658
26868 26433 27741
27233 26530 27366
26703 28166 24823
27088 23785 29825
26823 27772 25730
26138 27837 26237
25587 28108 26304
25385 26871 28098
25717 26494 28347
24369 28477 26268
23530 29901 23243
30998 22681 25109
30313 24422 25208
30197 23798 26663
29451 24480 27500
28564 26423 26184
28320 26479 26318
27796 25844 27822
27589 27305 25879
27729 26371 27068
27633 24997 28909
27114 28107 23983
27156 27524 25864
27394 23938 29608
26644 28207 25002
26249 27510 26723
26041 28542 24989
26134 28647 24752
25855 28646 24975
26000 26037 28580
26532 24119 29735
25439 28470 25776
25188 28660 25404
25482 27020 27872
25011 27862 26960
24286 27839 27165
24221 28839 25740
23991 29110 25394
23345 30000 23496
23735 29460 24799
24633 28058 26810
23534 28897 25785
31322 22065 24525
30934 22410 25907
30838 23387 25151
30049 24733 25926
29701 25525 25673
29131 26164 24779
28808 25654 27075
27938 25663 27926
28097 25161 28333
27694 26719 26477
27477 25675 28352
27320 27399 25717
27246 27568 25413
26896 27701 25505
26424 27590 26498
26162 27362 27179
25102 28840 25246
24684 29568 23373
24793 28377 26211
23424 28788 26209
24421 27884 27008
24036 28134 26952
23276 29621 24614
31424 21544 24678
31263 21580 25319
30595 22928 26555
30445 23945 25737
29751 24959 26846
29693 24465 27269
29422 25659 26069
28942 25832 26483
28792 26269 25821
28037 27143 24915
27990 26349 26975
27281 27725 25121
27115 28049 24723
26800 26527 27769
26482 26116 28328
26344 26456 27948
25949 27802 26542
25679 28047 26383
25779 25800 28889
24657 29183 24605
24487 29630 23449
24416 29088 25418
23455 29987 22843
24033 28415 26469
22810 30109 22485
22852 29576 24821
31465 20569 24853
31324 21574 25294
30994 22937 25252
29953 23721 27124
29859 25204 24364
30009 24435 26843
28858 26319 25757
27966 27044 25596
28034 25532 28037
27485 27140 26177
27348 27694 25243
27256 27553 25745
26942 26925 27156
26649 28296 25001
26427 28388 24816
26322 28694 24056
25649 28961 24101
25141 28514 25842
25006 28860 25214
24397 29304 24734
24078 29598 24094
23777 29800 23806
22688 29772 24260
31217 22086 25051
29850 24502 26913
29004 25136 27703
28392 26985 24652
27779 26442 26901
26884 26854 27353
26269 27662 26377
26530 27899 26011
25949 28920 24077
25682 28421 25590
25178 29119 24380
24955 29215 24454
24898 28977 24991
24497 28872 25650
24485 27283 27751
24194 28515 26367
23096 29687 24637
22788 30108 23386
31463 21116 24481
31082 22288 25721
30946 23340 24647
30729 22469 26536
30049 25020 25038
29622 24746 26934
29212 25835 25704
28410 23945 28993
28244 25683 27522
28118 25273 28197
27604 23895 29516
26937 27320 26281
25955 28347 25301
24478 28472 26369
23483 29179 25526
23502 28601 26336
31665 20057 23437
31269 22274 23337
28708 26692 24816
27875 26464 26838
27518 26741 26752
27311 27124 26526
26457 28554 24112
26588 24521 29614
26265 26714 27917
24703 28112 26716
24043 29327 24950
31340 21929 24579
30709 22864 26298
29531 24741 27306
29534 24532 27339
28842 24735 27954
28282 27030 24772
26622 26184 28170
26330 28001 25843
25929 27289 27340
25934 28379 25265
25840 28271 25955
25150 28981 24818
25366 27449 27288
25185 27449 27326
24292 28704 25954
24543 27634 27255
31214 22320 24933
29215 24509 27933
28250 26596 25967
27644 27160 25785
27597 26251 27340
27617 26575 26996
26754 27823 25851
25825 23224 30240
25193 27981 26782
25239 25946 28829
24789 27066 28028
31097 22330 25260
28469 26167 26623
27852 27538 24692
27632 26473 27019
27499 26352 27248
27078 27351 26179
27021 25989 28180
27236 23652 29858
26383 28265 25228
24457 29253 24847
23166 29512 25038
31462 20803 24735
31269 20777 25548
31155 22531 24971
30046 23473 27682
29819 24775 26434
29533 25638 25165
28492 25615 27282
28610 24865 28043
27233 23722 29750
25215 29271 24237
25733 25537 29285
24183 29872 22917
23385 29568 24726
31608 20778 23984
29212 24743 27815
28355 26661 25719
28125 26599 26269
27504 26340 27334
26458 28598 23986
26458 23503 29994
31548 21274 23915
31204 21791 25357
26906 27654 25793
26784 27537 26162
25698 27469 27193
24882 27644 27235
24659 28448 26166
24139 29238 24980
24184 28001 26985
23810 29602 24345
23802 29449 24613
24068 28430 26401
31474 21414 24163
30275 24186 25976
29220 24800 27409
28320 26421 26368
27756 27199 25523
27719 25544 28076
26290 25158 29309
24659 27205 27839
22700 30122 23138
31171 22736 24242
29605 24226 27759
28902 25810 26638
27850 25449 28331
27630 26873 26505
27469 26937 26468
26122 26677 27996
24988 29303 23706
25659 23362 30192
24467 27418 27613
31146 21686 25661
31178 21422 25885
31098 22643 25006
28466 23630 29022
26327 28440 24449
26296 27033 27552
24638 27956 26908
24541 27807 27134
30797 23103 25808
30483 24240 25373
29024 24870 27583
27317 25598 28356
26789 27682 25753
26288 27711 26319
26606 25011 29268
25603 27079 27708
26258 25091 29365
23351 29814 23733
31086 22032 25578
28791 23920 28639
28619 25922 26816
28545 26817 24888
27362 27354 25900
26340 26646 27764
26305 28352 25036
26000 28320 25451
25443 29158 23821
24678 28940 25303
24648 29474 23766
25056 27566 27323
24640 28841 25585
25257 26436 28483
22299 30017 23797
30732 23729 24780
27815 26741 26376
26653 28439 23745
24865 28252 26427
24300 28129 26770
29880 25109 25314
28174 27159 24200
27269 27443 25894
28251 27067 24916
25520 27126 27594
24873 27393 27612
31263 22276 24563
30218 22335 27305
28971 26262 25039
25878 25638 29200
25586 25248 29398
23843 27900 27066
22624 29881 24113
30982 22326 25824
29887 24916 26091
27043 27889 24809
23310 29654 24326
31388 20822 25220
29095 25141 27331
26290 28115 25636
26294 26548 27964
25765 27001 27695
29244 25088 27123
27226 27836 24801
27076 27115 26625
26522 28090 25371
26140 28073 25791
25267 28599 25808
23830 29843 23062
28856 26083 26203
28376 26256 26617
24885 29132 24774
24044 29275 24879
31456 21606 24506
28755 26006 26602
30704 23353 25555
28022 26285 26959
27616 26992 26077
25914 28078 25948
25615 28167 26094
25045 28343 26254
31627 20564 23380
30894 22087 26314
26150 26751 27751
22809 30136 22651
29332 25302 26718
29126 25838 26362
28361 25772 27411
27993 25903 27630
24278 29496 24262
25952 24898 29508
30406 23579 26475
28632 23365 28988
27131 27875 25057
25627 29076 23868
26658 25037 29187
30110 23545 27413
27601 26294 27315
26860 27931 25504
22915 29877 23878
31532 20919 24630
29097 25259 27172
26067 25569 29082
25423 25090 29508
28549 26732 24970
26636 26239 28124
23878 29499 24386
27479 25251 28650
24692 26917 28254
24137 28283 26651
31478 21158 24020
31119 21633 25923
30583 23868 24915
26439 27965 25775
25705 27412 27136
25519 27481 27123
23124 29829 24132
30483 22969 26836
29792 24008 27336
29345 24170 27976
29259 23812 28296
28945 25542 26852
28156 25956 27332
28308 23344 29272
23409 29806 23730
31357 20824 25261
31038 22541 25298
28006 26489 26674
27653 27151 25851
26866 27301 26377
26708 28053 24974
26252 27719 26530
22519 29861 24536
27557 24365 29187
24428 27336 27712
25024 26540 28503
22567 29937 24022
22667 29728 24569
31330 20771 25523
30969 21550 26096
30467 23885 26088
30120 24832 25245
27597 27846 23999
22583 29667 24770
29009 25639 26642
28406 25326 27821
27154 27399 26138
26308 28123 25481
21931 29927 24269
27808 25521 28108
27388 26471 27203
22560 29756 24391
30921 21932 26148
30962 23051 25014
29007 24927 27736
28819 25852 26574
26125 27975 25912
26166 27172 27363
24868 28856 25304
23521 28937 25983
22765 29339 25369
31290 22179 24287
28810 26622 24569
27483 26904 26623
27575 23426 29606
25618 28485 25588
25135 28700 25605
28491 24674 28543
27157 27311 26141
26666 26856 27396
27499 25326 28536
24685 28318 26450
29268 24431 27650
27375 25878 28093
29051 25924 25962
25345 28412 25935
22973 30009 23133
28772 26538 24788
28024 26886 25958
26461 28519 24199
28005 26718 26192
27860 27249 25432
27064 27042 26787
26292 25820 28756
25126 29403 23611
24856 29439 23341
24575 28685 25777
24088 29147 25122
24039 29167 25141
22804 29838 24134
30720 21972 26640
27310 27382 25795
27026 25444 28835
25017 29141 24502
24416 27700 27354
27357 27644 24834
26533 26756 27473
24319 27551 27580
29734 25360 25652
25228 25318 29330
23836 28236 26784
28824 26009 26360
28966 24019 28506
26518 23178 30084
25505 27228 27571
25881 25404 29318
23081 30053 22038
29376 25913 24058
28248 26384 26391
25234 27761 26978
25887 24918 29599
23643 29141 25465
28735 24235 28610
28274 25206 28093
26432 27117 27338
24645 27761 27212
27446 27466 25581
27480 26644 27041
23188 29635 24366
27802 26067 27419
27733 25847 27847
31397 21667 24530
29742 24114 27536
25376 28861 24917
24880 29453 23006
28118 25859 27621
27145 26967 26773
26763 28435 23258
25984 25616 28968
25733 25162 29469
30278 24511 23936
28550 24826 28173
27133 24608 29425
25987 24032 29924
25729 24632 29849
22692 29614 24882
29717 22769 27954
28126 25069 28411
27901 25432 28114
25248 28199 26527
31366 21669 24571
31230 22675 24218
28880 23661 28826
28048 23091 29466
27315 27512 25566
25995 28834 24214
25005 27515 27349
30825 22798 25984
28462 26680 25471
28066 25599 27981
24596 29078 24990
27248 27903 24689
27603 24324 29258
23478 29090 25527
30898 22345 25990
28201 25485 27827
27607 27349 25384
25077 26667 28310
31205 21475 25623
30701 23587 25437
29940 24308 26926
29719 23479 27744
27784 24909 28688
26077 27639 26755
25465 28293 26012
24024 29341 24888
25557 24761 29881
29838 23891 27485
28498 26373 26248
26861 27681 25643
26750 28008 25157
24409 27500 27626
31054 22896 24583
27975 24701 28765
27849 23419 29533
27163 27125 26378
26898 27584 25991
25183 29208 24379
24176 29133 25370
31424 21720 24268
29575 23556 27914
30772 23686 24756
30180 22707 27350
28456 25316 27807
27207 23183 29948
26348 26445 27955
26673 26720 27599
23314 29379 25071
31000 23085 24040
21794 30225 22323
28299 26614 25765
25696 28488 25270
24634 29298 24541
28659 26415 25855
27964 24843 28665
27573 27489 24928
25392 28628 25442
30609 23710 25006
28712 25833 26822
22387 30003 24045
30431 23508 26533
29786 23417 27899
28169 26089 26995
27499 25109 28695
31479 20177 24883
30163 24526 25942
30163 24063 26584
30153 24667 25224
28767 25253 27680
28676 24575 28290
28337 23616 29159
27296 25199 28994
26437 26585 27885
22404 30160 21689
26873 25888 28396
24979 27793 27009
24756 29231 24318
29766 25316 25298
28038 26319 26767
27022 27662 25675
25522 28256 26088
29434 25845 24686
23426 28997 25764
23952 27807 27368
25029 26715 28169
24769 26424 28590
31058 21639 25948
30968 21702 26013
26781 27625 26159
26531 28344 24600
30529 22852 26985
30130 22317 27437
28915 25673 26827
25569 27974 26626
24221 28610 26235
31647 20249 23780
29492 23223 28345
28501 26594 25235
25903 27470 27043
25401 24791 29765
23269 29440 24983
31386 20767 25221
31306 22220 23610
29806 24186 27267
27375 25853 28178
25386 28828 25230
31538 20116 24859
31095 22877 24888
29148 24125 28196
31368 21367 24996
25263 26598 28323
27978 26795 26233
26032 27501 26990
23310 29426 25180
23305 29337 25181
31623 20820 23523
28512 26163 26544
31663 20604 23065
31459 21372 24624
27331 24333 29410
24882 28497 26135
30315 23574 26847
28768 25962 26406
28360 27090 24213
26687 25957 28383
24926 23896 30240
30681 23376 25581
28482 24788 28290
28705 23562 28959
27455 27601 25162
27323 26887 26717
30989 22073 25805
29128 25763 26496
25374 28618 25560
30813 22187 26556
26703 27341 26646
30247 23433 27190
27482 27235 25977
29637 25453 25942
26725 26396 27820
25119 24936 29633
24787 25034 29723
31191 22011 25052
30507 24183 25171
29999 23604 27273
29619 25528 24958
29232 24452 27780
29148 23695 28313
27929 27246 24989
26026 28234 25558
23462 29341 25040
24971 25069 29600
30150 24067 26477
27813 26505 26822
26877 27448 26168
25331 27910 26752
25111 25677 29160
30712 23731 24271
27300 23198 29873
26532 27008 27164
25795 27618 26967
29329 25858 24983
27263 27273 26311
26895 22879 29992
26666 28271 24433
29841 23657 27603
28747 24871 27953
27025 27767 25404
26540 23768 29906
26590 26141 28324
28872 24505 28116
24025 29898 22156
31131 22244 25351
26736 27216 26825
26525 27810 26012
24840 26784 28287
25256 24315 30034
30668 22475 26561
30419 22897 27105
27645 26771 26528
26959 24694 29380
26770 25910 28497
26051 28850 23830
26215 25436 29115
25246 25808 28984
31351 21627 25032
29929 23871 27198
29390 23655 28167
28983 25280 27179
28434 26562 25995
24861 25949 28934
27939 24025 29419
29259 22585 28536
27706 23387 29610
26303 26786 27713
26072 27550 26756
22221 30202 22384
28925 24874 27830
27638 26696 26616
26749 26684 27534
22275 30088 23519
31023 22499 25759
30012 24201 26961
27605 27021 26254
26391 26364 28023
25035 28405 26191
23572 28655 26242
28936 23346 28855
27726 27453 24726
27844 26947 26001
27636 26460 27062
25955 24664 29626
25758 27500 27011
25728 26082 28630
31327 20978 25259
30604 22315 26767
29804 24619 26764
28089 27146 24660
22227 30012 24033
31395 21612 24531
29589 23372 28119
27302 27037 26666
26830 28328 24091
26373 23241 30159
25485 22956 30357
24556 28287 26503
31222 21215 25587
30540 23613 26071
30176 23844 26572
29656 22775 27979
28989 24477 28156
27461 27762 24213
26978 25492 28694
26635 23236 30041
24500 28027 26938
31611 20209 24095
30620 22857 26613
28461 22981 29052
24648 27894 26971
23888 28496 26424
21799 30069 23778
31173 21643 25384
28664 24898 28004
27928 24538 28953
27722 27100 25730
26465 22779 30186
23933 28385 26558
31021 22990 24990
28341 26694 25564
28202 24531 28880
27044 27064 26652
25965 28300 25589
24978 29110 24850
25354 26585 28257
30940 21607 26136
30198 23784 26923
29303 24748 27443
27893 26941 25821
27057 27801 25281
26558 27261 26871
26520 27164 27160
24588 29604 22503
23944 28939 25753
24133 28283 26726
29244 25063 27208
29094 23834 28460
22721 30150 22403
31472 21961 23791
27981 25292 28202
27670 27354 25303
25566 27347 27456
31471 21471 23885
27670 27041 25924
27599 26943 26286
27594 26541 27154
27348 27387 25745
27560 27048 26104
27027 28063 24475
25962 25965 28784
31413 22022 23815
30328 24163 26014
28546 25673 27158
27230 24757 29199
25139 28700 25530
22948 30104 23341
23280 28536 26338
22205 30141 22889
31067 22484 25258
29452 24670 27320
25550 28016 26436
31234 21826 25015
29346 25683 25936
31563 21316 23454
28330 25972 26983
28096 27346 24073
26462 25706 28709
26222 28765 23099
26181 26387 28333
24306 27751 27232
26345 26101 28419
24974 24460 29902
29929 23896 27113
29065 23365 28550
28676 23093 29049
28159 26045 27113
27842 26711 26447
26857 28027 24909
26604 26988 27306
25899 26672 28068
25282 27598 27100
29546 23084 28198
29011 25875 26196
28913 26330 24411
28269 25509 27682
22920 29966 23877
31290 21633 25057
30011 24215 26701
29409 25255 26990
28806 25748 26697
27674 25208 28562
24817 28685 25738
25641 24440 29906
22720 29718 24330
29987 24495 26492
28658 26421 25589
27989 27355 24106
30905 22848 25400
30548 22508 26725
28522 25195 27952
27824 26627 26629
27561 27542 24927
30904 21542 26219
30081 23076 27503
31554 20471 24144
24529 26326 28685
24451 28774 25850
26004 27989 26005
25952 27714 26545
23008 29701 24389
22272 30150 22810
30619 24130 24317
28436 23159 29226
26657 28097 25151
25896 28388 25480
30541 23463 26413
29934 23000 27734
26705 24567 29516
30490 24267 24961
29776 22558 27916
27936 25738 27792
24581 28635 26039
24630 26485 28515
24070 27057 28129
31367 21982 24317
31279 21935 24604
30271 24484 24348
30224 24766 24543
29849 23086 27799
28293 26769 25747
28201 25510 27742
25108 25911 29042
29704 23769 27826
28525 24961 28070
26511 27611 26216
24040 28134 26877
24561 28183 26594
23787 27640 27501
31511 21560 22910
29354 25015 27286
28288 26680 25748
27685 25257 28549
22621 29425 25227
31605 21012 23866
31532 21465 23860
29575 23553 28108
28232 25047 28179
25005 27700 27120
24567 25602 29239
24603 26067 28903
21874 29983 24178
28891 25602 27109
27689 24682 28938
27289 26600 27190
26065 26816 27749
25769 27223 27389
24364 28828 25778
24429 27876 27086
29926 24105 27080
28906 26386 25020
28531 25801 27019
28778 22863 29082
28077 23560 29376
25962 25317 29225
24055 27970 27038
23817 28530 26343
31030 21544 26071
30123 23076 27398
27440 22966 29803
27142 26855 26914
25772 22825 30342
29720 23828 27587
29503 25331 26283
26659 25700 28623
22874 29286 25481
29637 25572 24463
26577 26295 28036
26148 26084 28531
25139 27186 27722
23714 27867 27112
29268 24428 27844
27189 24486 29309
25124 23621 30225
21683 30243 22709
29813 22835 27873
28208 26216 26972
27480 25441 28470
26985 27440 26173
25572 26760 28073
24189 27690 27391
22687 29525 24883
30617 23091 26495
28161 25007 28305
26195 27800 26313
25916 25838 28795
23118 28396 26627
31374 20564 25225
27580 25694 28172
27219 24145 29460
26413 28421 24661
29674 22944 27951
29450 25617 25234
28758 24408 28370
26820 27040 26971
25840 28303 25545
23353 29394 24928
31596 20167 24556
31103 21772 25542
31007 22638 25378
30813 23458 25093
30214 24139 26208
29890 24151 27125
29128 22742 28665
25827 29006 23626
25070 27856 26928
24890 26692 28271
24704 27301 27636
24073 28972 25707
23599 28750 26110
23210 29049 25666
30834 22448 26010
30136 24751 25014
29007 24902 27821
27328 26786 26927
27037 22726 30093
23028 30010 22782
28965 23618 28742
27241 27703 25276
23130 29643 24369
28908 26367 24525
26426 28199 25422
31085 21692 25686
30271 23019 27291
28863 26136 26042
27640 25936 27841
26997 27329 26245
26066 28191 25796
28409 25403 27652
28248 25468 27791
23273 29531 24790
30994 21479 26154
30547 22660 26642
27592 27757 24000
27125 27597 25664
25296 23827 30142
23940 27196 27940
25404 24557 29883
24551 25244 29485
23370 29061 25640
29617 24837 27187
23713 27827 27299
31650 20015 23898
29834 24939 26053
29397 24619 27647
26021 23373 30118
23866 29414 24795
23609 29336 24899
23380 29479 24727
30331 24439 24833
27578 23356 29714
27019 26029 28132
26857 27202 26732
27126 25359 28727
26738 27452 26379
25885 26794 27973
25175 28630 25625
24735 29375 23794
24645 28510 26178
23936 29239 25196
22913 29785 24246
30890 22936 25517
28248 26631 25982
24743 27532 27423
24710 26923 28098
23877 28798 25925
21667 30182 23214
31231 21694 25081
30440 22763 27133
29874 24327 26924
29672 22133 28019
25712 28759 24690
24557 27367 27659
24947 26767 28189
30340 23503 26905
29534 24507 27424
28305 24743 28530
27391 27560 25525
26017 28619 25120
25532 26928 27856
25215 25508 29311
23567 29617 24379
22293 30178 22075
30829 22542 25841
30346 22700 27134
29141 25024 27480
28621 26158 26370
27614 27477 25255
27257 26628 27332
24956 24345 30064
30581 22526 26643
30210 23025 27316
28060 27203 24438
25896 27163 27397
25164 23133 30333
31307 21730 24595
30207 22125 27324
28881 25350 27426
28527 24653 28413
23173 29460 24951
27005 26343 27848
26628 23960 29849
25897 24243 29959
23531 29597 24544
21717 30230 21795
31411 21967 23816
31055 21473 26129
28529 25565 27465
27140 23811 29744
25654 26797 27967
25656 28743 25074
25326 28012 26654
25163 29011 24597
23470 28534 26392
30379 23646 26578
26569 26892 27393
26142 28477 25108
25410 28751 25099
25182 26037 28857
24325 27173 28042
30516 23534 26355
26346 26808 27604
26160 24480 29705
25025 28952 25184
24307 26940 28152
22431 29875 24288
30637 22597 26577
29073 26232 24151
25387 25853 28936
24734 23862 30290
31369 21435 24689
28729 25776 26669
27351 27865 24435
27276 26526 27287
26386 27390 26903
26598 25362 29097
25495 26987 27759
23818 29542 24311
30205 23811 26511
28888 24069 28413
27685 27500 24883
27575 25783 27936
27367 26201 27739
26691 25767 28567
26155 26206 28406
24940 27995 26739
24766 28926 25551
24261 27862 27098
22360 30136 23058
30965 21536 26194
30572 22094 26826
28732 22980 28933
26872 27300 26611
26353 25900 28610
26230 27195 27194
23458 27711 27386
22660 29547 24938
31328 21318 25151
31316 21707 24639
30178 24883 24394
28952 25154 27427
27230 26976 26711
26919 27684 25572
26684 26956 27185
25331 28445 25780
22888 29899 23933
23134 29445 25094
21974 29774 24725
30195 24482 25588
28523 26862 24065
28093 26839 25989
27627 25045 28750
27064 25985 28101
27005 27665 25437
26754 24878 29301
26254 27408 26821
26213 27546 26682
25411 26660 28175
30921 22140 26052
28044 26845 26169
27888 26438 26882
27802 27001 25990
27182 27093 26579
27125 27558 25958
30452 23374 26561
29167 25813 26031
28081 27108 25388
27913 26290 27133
27346 26796 26809
24959 27417 27549
23625 29026 25627
22970 30071 22424
30830 21927 26520
30633 23446 25780
28058 25031 28528
27966 26251 27009
27759 27093 25589
27360 27815 24609
26664 27667 26050
26155 23643 30034
31382 22024 23856
29884 25133 24422
30003 24850 25777
29793 22298 27880
29222 25761 25901
29132 24179 28170
29150 23519 28489
29149 25199 27207
28670 26152 26190
26218 24401 29666
22168 30159 23128
30906 22698 25742
29848 25060 25530
29188 23864 28199
28662 26125 26224
28671 25384 27569
28210 25849 27362
27021 26869 27007
26338 23244 30107
26102 23244 30136
24851 27838 27043
31612 20522 23841
27464 26680 26965
27560 24295 29295
26357 27443 26612
25715 25047 29631
24748 28765 25704
22592 29814 24169
23418 28274 26752
22454 29451 25052
22777 29137 25707
30474 23912 25676
30148 22336 27362
30080 24534 26162
28398 26657 25640
28363 26594 26148
26493 27527 26398
24511 28810 25638
22152 30098 23633
22183 30191 22728
22925 29004 25740
31488 21022 24193
31234 21637 25359
30347 22548 27217
28694 26148 26171
26225 25823 28686
23398 30043 22752
23117 28476 26464
29508 25240 26030
26661 27850 25743
26415 23790 29956
24966 23408 30348
23704 29350 24890
28830 25724 26740
28726 26197 25955
28191 24876 28330
28244 22783 29307
27835 27019 25760
27601 24930 28965
26889 26772 27264
26186 27963 25929
25913 26868 27728
30492 23814 26146
27693 26072 27593
26047 26539 28101
24356 27252 27804
23355 29132 25550
31251 21665 25135
31241 22085 24915
29290 25941 25069
27344 26560 27255
25223 27128 27736
31099 22028 25685
30274 23097 27047
29524 23835 27849
27174 26925 26841
24381 28949 25449
30091 23009 27454
29656 23756 27856
27885 26086 27274
27186 27500 25997
24993 28083 26614
24623 26709 28341
23170 28841 26038
31064 22318 25439
30154 23218 27274
29792 23983 27421
29838 23866 27570
29388 22798 28448
29276 22325 28500
28927 25289 27324
28963 22764 28829
28257 24898 28254
28172 26783 25840
27633 26200 27480
26478 27639 26371
25996 28917 23350
25913 28464 25269
25479 28083 26308
24504 28027 26863
23658 27609 27554
28107 26044 27257
27975 22894 29495
27721 25236 28419
26452 27649 26288
25499 28647 25194
24714 28666 25911
22997 29739 24191
29191 22411 28565
27902 26228 27178
27835 22330 29577
25922 27785 26572
25291 27774 26968
22111 30215 23037
29121 23050 28579
27644 27287 25603
26252 26355 28180
24667 29059 24893
24658 28408 26353
31250 21992 24644
28176 23103 29443
27319 26980 26513
26420 26506 27910
25421 26901 27987
31237 21041 25324
28197 26401 26608
27551 23496 29618
27641 24669 28968
27740 24563 29028
25065 28945 24856
23524 29393 24869
31337 22163 24461
31144 22833 24518
30260 24340 25514
29740 22638 27902
27765 25570 28004
24622 29012 25409
24038 29381 24683
22985 29036 25680
21534 30272 22490
30321 24356 25237
30188 24504 25141
29927 24978 25723
29118 23452 28545
28813 26476 25110
28674 25150 27687
28366 24718 28552
26784 26106 28157
26185 27487 26892
23205 29634 24749
30096 24889 25447
29905 25087 24513
29391 24053 28125
28635 26522 25503
27111 27226 26358
26642 26401 27964
26385 25785 28625
26064 27219 27211
25003 28759 25657
21959 30031 23717
30603 23775 25032
29926 24992 25463
28100 24927 28451
27853 25215 28449
26607 27248 26888
25436 27486 27267
25218 25274 29429
24528 28547 26164
24060 27659 27444
23002 29222 25392
30196 24517 24989
28940 25907 26349
28169 24659 28744
27539 27198 26053
27457 26558 27090
26651 27081 27006
23996 29199 25393
22706 28948 26052
31204 22337 24587
28491 25633 27600
27142 27136 26360
27264 27282 26192
27206 25054 29106
26528 27428 26651
26260 23778 30009
26119 27437 26956
31397 21320 25137
30024 24804 25868
29051 23976 28422
28323 26715 25463
27594 27402 25286
27510 26619 26863
24171 27913 27052
23129 28950 25822
30907 23484 24086
30634 22831 26459
30294 23620 26756
30058 24594 25811
30058 24084 27110
29905 23729 27334
28483 26660 25104
28286 24858 28464
25893 28666 24797
24722 28283 26492
29812 25237 24286
29815 25031 26577
28447 24086 28962
27657 24615 28994
27487 27383 25534
26472 26891 27563
26661 24967 29295
25063 28120 26593
22381 30164 22323
27863 26042 27441
25784 26033 28640
25809 27304 27251
23471 27850 27234
21890 30044 23673
21767 30054 23787
31551 20705 24026
30930 22985 25362
30907 22676 25481
30549 22459 26699
30342 23419 26681
29576 23757 27849
28025 24687 28727
27753 26659 26782
27629 26919 26419
26442 27060 27173
26651 27927 25568
23771 29480 24634
31415 20929 24957
31292 21688 25056
29016 22269 28717
28106 24662 28769
28045 27143 24897
28056 26608 26360
27017 24615 29341
26070 27945 26060
25419 25920 28880
24286 25361 29466
22983 28790 26042
30624 22838 26476
29185 25498 26682
27975 25453 28050
27877 27245 25133
27780 25624 27930
27473 27416 25379
27026 28213 23724
26226 27208 27151
26421 26036 28474
24854 26196 28773
21805 30216 22043
29490 23596 28192
29015 25528 26834
27497 25366 28488
27198 25833 28333
27226 27577 25612
26848 23597 29878
26711 27509 26384
26126 28091 25816
25676 28303 25882
24445 25781 29153
30734 22793 26356
30556 23505 25952
29056 26013 25961
28762 26117 26388
28717 25979 26623
28195 24919 28305
28152 26182 27022
27554 24599 29069
23597 29360 24894
31460 21350 24363
30947 23258 23590
29902 23963 27216
29176 23482 28533
28422 26254 26468
28386 25111 28166
27556 26600 26974
26992 27924 24869
26915 28151 24555
26286 27475 26765
24615 27144 27940
23093 29719 24223
29480 25354 26309
28843 24394 28225
27557 24529 29177
27416 27062 26319
26560 28528 23739
26641 25694 28779
24337 27557 27424
24110 28188 26783
28498 25291 27647
28381 25200 27930
28194 27136 24513
27722 27042 25780
27248 25247 28853
25820 26529 28138
25178 28374 26126
24245 29519 24372
23451 29112 25582
23340 28461 26625
22415 30151 21409
31128 22478 25233
30395 24001 25863
28434 23563 29078
28111 24754 28599
27766 26321 27251
26887 28388 23581
26251 27746 26277
23803 28973 25599
24248 27400 27728
24595 24224 30127
23785 28018 26964
22144 30207 21856
31238 20889 25407
30822 23032 25866
29756 24029 27466
28733 26334 25908
27509 26818 26730
26344 22772 30249
25750 27914 26604
24496 28927 25443
22016 29450 25094
30677 23420 25658
30677 23320 25871
29675 23300 27916
29519 23868 28079
29401 24363 27504
29135 25790 26084
28659 24632 28443
28708 24422 28408
28243 24932 28275
27725 27611 23966
26640 26049 28308
25122 28116 26568
23181 29210 25462
22992 29971 23641
31247 22415 24182
31039 22854 25044
30548 24031 24998
30335 23091 27022
29139 25500 26831
28728 25794 26987
28364 26525 26016
28250 27019 25112
27681 27423 25004
27123 25593 28609
26352 27495 26597
25488 26433 28489
24908 26969 27919
24608 28545 26136
22294 30173 22342
22091 29889 24208
30608 23797 24973
29905 25038 25372
28326 25466 27733
27124 24183 29449
26655 25271 29069
25616 27255 27440
24546 26158 28931
30982 21276 26158
30802 22697 26007
30339 24258 25707
30126 23900 26698
29479 24292 27635
29049 24349 28269
28190 26279 26733
27397 27948 23831
26803 25178 29176
26863 24853 29266
26488 26513 27797
24993 22637 30364
31542 20270 24306
28333 26083 26837
27988 25998 27432
27779 25730 27996
27396 25114 28886
26903 26739 27419
26374 27836 26161
26231 23309 30099
26334 24394 29750
25320 27662 27080
25287 27053 27755
24861 29505 23141
25038 26478 28491
22444 29947 24136
28246 26395 26428
28039 25947 27360
27145 27651 25396
27089 26670 27432
26788 26973 27027
24722 27534 27526
25052 24917 29742
30079 24548 25902
29207 26080 24383
28539 25264 27841
28651 25682 27096
28398 24437 28695
28158 24922 28409
28051 26193 27037
25649 28993 23691
24873 23497 30342
22668 29190 25595
31379 22081 23578
30411 22985 26824
29295 22836 28462
29220 25835 25686
28934 23952 28562
28455 26200 26468
27798 24486 28978
26001 28062 26182
24784 28825 25379
29311 24286 27882
28988 25715 26632
28668 26196 26185
28654 26456 25502
28355 27001 24214
27839 26017 27602
26025 27379 27115
24291 28664 26141
22211 30165 22839
30693 22404 26619
30129 24724 25426
29830 22575 27837
27656 27074 25769
27841 26253 27156
26886 27090 26907
26612 27666 26194
25876 28233 25640
25091 26079 28796
23054 29882 23502
22725 29514 24871
30873 22416 25932
29805 25459 24971
28845 24190 28490
28705 26298 26004
27350 26783 26852
31173 22339 24628
29685 25170 26388
29218 25796 25814
28303 24781 28403
27949 25225 28258
27328 27745 24834
27408 22899 29859
26854 27349 26287
26772 23939 29720
25914 26013 28643
24652 27894 26896
30222 23727 26721
29902 23938 27301
29186 24237 28046
28407 24347 28959
27736 23642 29464
27462 26444 27411
27212 26680 27315
27019 26633 27453
26256 26109 28527
25140 27893 26907
24808 24478 30031
22858 29308 25250
23098 29054 25654
31251 21377 25323
29331 25654 26441
29185 24098 28081
28513 25345 27573
28388 25967 26941
27749 26814 26453
26859 26067 28193
26928 26958 27001
26694 26454 27836
25031 27094 27773
29368 24343 27736
28661 24259 28596
28243 26135 26846
28076 23913 29196
27617 24244 29341
26565 28453 23497
23289 29588 24694
31473 20980 24654
30765 23659 25168
30344 23247 26762
30259 24455 24821
28623 26545 25172
28532 24376 28593
27662 26374 27169
27510 27312 25553
27187 26803 26931
25665 27499 27106
24922 25165 29547
25070 25407 29396
23904 26700 28442
30352 23412 26664
29755 24703 26703
29064 24867 27513
28869 24357 28269
28875 23012 28856
28645 26448 25700
27961 25077 28547
27697 25893 27892
27547 26699 26820
26781 27366 26375
26373 28094 25430
25765 28402 25421
25830 25686 29059
25358 26572 28300
24658 28223 26582
23824 29642 24140
23535 29066 25527
22971 30066 22691
30680 23086 25989
30604 23192 26187
30560 23843 25089
30531 22118 26796
28814 26359 25424
27724 25194 28524
27717 27196 25637
27631 27367 25328
27262 25443 28513
27393 26712 27118
26810 26334 27949
26186 26523 27968
25199 27603 27244
24951 28827 25298
22950 29709 24392
30074 24949 25096
29905 22771 27828
28755 24642 28252
28342 25969 27090
27765 24111 29374
27151 24723 29263
26617 27951 25510
26426 28628 23354
26100 28851 22648
26040 28201 25713
25339 27547 27146
25360 28111 26447
29867 24705 26235
29311 24261 27967
29145 25723 26428
28035 25325 28163
27783 26429 26944
27646 26159 27438
27609 26248 27447
27337 25404 28549
27097 25755 28408
26654 25987 28296
24409 26544 28581
23214 29674 24294
30209 24409 26091
29844 24268 26976
29810 24167 27130
29436 25650 25079
28616 24910 27949
28210 26275 26487
27968 24945 28615
27346 26870 26784
26895 27083 26822
26812 25135 29007
26548 27223 26950
26010 28694 24429
25129 26927 27950
24125 29440 24428
23575 29764 23860
31638 20955 22258
28562 23378 29032
28344 26205 26644
27226 25374 28593
26439 27031 27204
25693 28768 24629
25420 28155 26247
25334 27858 26740
25261 26423 28526
24181 29100 25140
24124 28690 25966
23886 29241 24983
31126 22081 25423
30491 23828 25886
29636 23149 27981
28229 26746 25916
28147 22634 29533
27654 26999 26018
26736 28026 25182
26635 27027 27039
25865 27978 26396
25956 26762 27820
25698 27654 26964
25661 27689 26922
25162 29303 23429
31515 21075 23931
30217 24422 25939
30151 23452 27156
29057 24021 28328
28658 24493 28478
28382 26302 26355
26930 27344 26271
25316 29245 23254
23429 29402 24922
22601 29742 24588
22470 29549 24884
21969 29685 24726
30479 23126 26481
30408 23219 26706
30260 24022 26357
29898 25060 24925
29645 22715 28045
28366 26341 26302
27984 25627 27739
27596 26622 26819
27277 25777 28184
26950 27113 26738
26700 28091 24963
26282 24368 29831
25898 26970 27705
25482 27584 27067
25254 27612 27144
24942 24768 29774
30353 24379 25184
29873 24989 25588
29689 21873 27983
29230 23343 28386
28706 26457 25358
28676 25534 27347
28017 26561 26405
27768 26557 26805
27656 27603 23972
27649 26511 26980
26820 27640 25894
26377 27748 26164
26274 25950 28567
25706 27057 27607
25237 27233 27570
24896 24670 29974
24562 27056 28065
24063 29030 25490
24945 25320 29473
30234 24338 26149
28407 22690 29316
28242 26408 26385
27685 27077 25738
27157 24419 29365
25755 24559 29739
22526 29828 24188
30499 23841 25734
29621 24581 27044
29607 24107 27589
27925 24772 28835
27529 27726 24333
26255 25679 28787
25801 26821 27931
25643 27528 27075
30903 22932 25624
30222 23784 26383
30189 24490 25401
29663 23792 27618
27192 27066 26624
26970 26037 28170
26662 26427 27842
26170 24899 29422
26187 25901 28614
25775 24730 29649
25435 26779 28082
25228 25693 29146
24162 26582 28473
24108 26333 28683
21872 29536 24952
30933 22751 25480
29906 25073 24773
28793 26086 26228
27877 24820 28694
27822 26615 26681
27696 27411 25110
27453 27221 26093
26487 27304 26801
26074 23772 30016
25988 26829 27764
25949 24644 29694
24506 27649 27400
31276 22169 24486
31163 21426 25625
28976 24653 27918
28524 26912 23938
27832 24861 28829
27603 25986 27658
25935 26955 27560
25965 25731 28902
25617 27275 27368
25660 28536 25357
25115 27067 27815
24573 28700 25757
24390 28078 26816
30842 22538 25948
30671 23735 24805
30137 22828 27345
29033 23495 28629
28036 24174 29193
26348 25811 28611
24765 26648 28367
23804 28354 26611
31536 20663 24487
31051 22953 24305
30016 24462 26431
28761 25741 26920
28576 24302 28680
28407 25711 27309
28065 25094 28389
27746 24460 29059
27676 25170 28689
27396 24313 29319
27032 28152 24474
26996 27162 26566
27246 24071 29575
26629 26738 27440
25986 27964 26303
25469 27408 27335
25399 29248 22633
30428 23742 26415
29803 24420 27149
29329 23316 28336
28408 25303 27837
26623 27388 26587
25990 25796 28768
25985 23186 30179
25314 26511 28401
24705 23393 30380
23655 28009 27005
30165 23854 26535
28808 26387 25111
28571 26450 25772
27881 26902 25909
27961 25836 27686
26395 27730 26071
26303 23885 29883
26262 26481 28020
31231 22390 24325
30355 24008 25848
28795 24381 28255
28576 26186 26375
28203 26412 26396
28057 26719 26048
27891 27212 25288
27850 27302 25138
26302 25769 28737
26658 25201 29177
25683 29092 23484
24759 29327 24175
23811 29099 25437
31478 21568 23610
30013 24179 26700
29605 25561 24803
27674 26977 26153
27451 24382 29293
27289 26388 27612
26805 26942 27092
25102 27664 27123
24878 28300 26295
23707 28205 26837
23636 28054 26985
23399 29995 23206
22832 29980 23629
30338 24272 25447
30095 24903 25187
29890 24682 26209
28259 26446 26346
28165 25050 28280
27929 25010 28603
27659 24851 28926
27580 27137 25954
27563 26222 27519
26537 24803 29355
26446 27572 26427
26388 26439 27966
25415 28535 25513
24209 27602 27458
31364 22216 24199
30641 22578 26440
29089 22983 28635
27710 26486 27002
27233 27323 25953
26827 26000 28249
26666 26598 27724
26012 24613 29672
25183 28043 26719
24606 27963 26942
24890 26611 28458
23967 27926 27039
22440 28949 25869
31599 21356 23139
30377 24322 24982
30339 23653 26563
29649 24674 26890
29349 24631 27592
29067 24267 28084
28453 24677 28399
28424 25249 27863
28154 27114 24668
28145 24990 28375
28022 24921 28609
27937 25383 28263
28092 23859 29222
27900 26863 25972
27735 26416 26974
27716 27454 24906
27619 26811 26550
27572 26017 27818
27049 28171 23434
27011 27119 26541
26936 27146 26583
26908 24976 29121
26774 26708 27472
26359 26777 27568
25256 26734 28120
25199 27394 27399
25025 28714 25520
24796 27620 27298
24296 28353 26547
29876 23655 27517
29405 24316 27621
28427 26440 26120
28129 26304 26711
27645 26059 27623
26990 27725 25489
26721 28138 24788
25818 27747 26619
25423 29213 23613
24714 29337 24117
24637 29238 24397
23577 28344 26648
23175 28294 26758
22232 30193 22104
31442 20982 24695
29105 23837 28275
28325 24741 28344
28274 25181 28178
28463 24032 28988
27683 26834 26381
27674 23320 29666
27091 26906 26986
26641 25319 28963
26440 24654 29581
26097 24511 29727
25453 26704 28113
25040 29048 24573
24725 27151 27763
21635 30167 23223
21606 30248 22181
30859 22377 26068
30370 24295 25394
30213 24433 25199
29855 24893 26144
28834 25437 27271
28480 26724 24976
28168 26647 26098
27721 27060 25917
27677 22899 29781
26986 26758 27274
26847 27416 26311
26209 26827 27613
25947 27566 26988
25739 27163 27494
25553 25768 29112
24843 25568 29274
24144 26201 28813
31039 22389 25381
29284 25085 27053
28811 25876 26402
27735 24927 28662
27552 27146 26105
27140 26619 27360
26934 28262 23389
26659 27249 26744
25808 25813 28799
26055 24529 29709
25610 26119 28595
25392 27635 27021
25172 28998 24662
25098 27235 27569
25262 29113 24571
24638 24021 30176
22382 30159 22590
31267 21732 24608
30444 24097 25700
29919 24965 25875
29543 24364 27366
29252 25776 25090
29137 24563 27864
28528 26459 25774
28321 26327 26333
28198 27276 23826
27792 26235 27358
27705 26169 27370
27323 26918 26498
26799 27565 26096
26538 26211 28128
26632 28324 24548
26270 26632 27828
25502 27529 27084
24541 29117 25052
24484 29670 23205
24265 23805 30333
23119 29740 24133
30545 23207 26270
30287 23998 26067
28490 23450 28962
28193 24621 28616
28182 25952 27184
27860 25278 28310
27353 25385 28538
27201 25599 28451
26859 27314 26490
26504 26640 27664
26325 27912 25844
25796 26410 28231
24216 28521 26236
23764 29299 25003
23387 29199 25494
22658 29686 24679
22283 29065 25723
30716 23374 25495
30282 24280 25865
29332 25716 25781
28234 26664 25827
27772 26367 26989
27651 25498 28173
26996 23839 29727
26691 27009 27024
26045 26904 27682
25933 25016 29399
25921 24916 29426
25747 25733 28945
25196 25626 29202
24080 29153 25338
22514 29772 24537
22265 28950 25885
28957 26295 24884
27885 27421 24808
27699 25855 27769
27724 24999 28731
26975 25726 28576
27317 24026 29531
26966 23897 29699
26679 26133 28216
26595 23724 29933
24416 26297 28742
30072 24521 26314
29447 25637 25268
28669 25459 27435
28429 25664 27186
28313 25415 27815
28279 26802 25592
27367 24012 29493
27392 27859 23832
24992 23262 30365
22992 30094 21956
30508 24169 25431
29789 25104 25686
28607 24775 28219
27934 23376 29449
27617 27400 25173
26795 23198 29980
26520 27225 26917
26488 27579 26383
26198 28741 23733
25673 28671 24919
25832 27140 27566
24888 29431 23628
24066 27281 27906
23433 27996 27074
30517 23512 26094
29256 23119 28365
29315 23497 28325
28828 26326 25579
28841 24742 28157
28740 26361 25496
28594 23445 28976
27719 26570 26788
27603 27044 26025
27256 26513 27433
26705 26614 27549
26798 28123 24923
26738 24439 29652
26418 27362 26761
26125 26443 28114
24823 29361 24042
24581 28826 25595
24052 29215 25009
29892 24634 26293
28563 23779 28796
28426 25793 27236
28397 26252 26632
27730 27700 23965
27309 26920 26562
27270 24496 29202
26608 25982 28364
26296 25630 28940
24866 24221 30150
23787 25456 29364
24033 26551 28526
31112 22617 24852
27527 27497 25298
27412 27540 25215
27226 28111 23892
27076 22483 29964
26940 27800 25362
26793 28034 24924
26014 26413 28158
26040 27089 27404
25820 27771 26595
25489 27789 26831
25102 27454 27470
24980 24349 29999
24585 28450 26193
23371 29328 25117
31418 22064 23541
31158 22297 25089
30472 22979 26799
29332 23113 28419
29220 24476 27703
29035 22780 28679
29006 25379 27060
28462 27020 23966
27840 26982 25914
27669 24270 29260
27080 24209 29527
26818 27683 25731
26355 26967 27384
26370 23311 30051
24992 28255 26379
24412 26310 28699
29834 25177 24637
29828 24562 26562
29809 23590 27659
29318 24357 27774
29103 23285 28562
29102 23506 28519
28946 25642 26667
27558 26836 26528
25236 27335 27496
24928 27927 26806
30738 22537 26213
29713 23220 27928
29159 22970 28591
28518 22807 29299
28448 24366 28625
28435 25880 27096
27915 26302 27081
27430 26975 26337
26945 27889 25361
26847 25132 29059
26845 27471 26131
26562 25736 28620
26333 25490 28991
26497 24985 29319
26138 25663 28801
26149 27700 26710
25989 23781 29986
25877 27741 26587
25180 26663 28169
23226 29099 25596
30646 23442 25887
28293 26800 25528
28050 27232 24896
27602 26669 26646
27576 25327 28491
27290 27423 25584
26896 27545 26119
26906 25994 28283
26475 27913 25762
25737 28408 25497
25639 27362 27200
25086 23858 30179
24698 27721 27142
24313 28305 26502
22312 30060 23572
31149 22770 23659
30645 23099 25930
30252 24428 25233
28633 24963 27937
28160 27192 24045
27925 27509 24134
26911 26429 27662
26880 23189 30010
26623 27551 26290
26227 26047 28543
25925 26443 28185
25409 26290 28559
25421 28336 26098
30515 24196 25019
30310 23975 26041
29251 26045 24856
28791 24752 28171
28451 26188 26522
27701 26841 26352
27577 27318 25481
27373 23540 29635
27084 26784 27111
26898 24850 29318
26626 24970 29243
26508 23701 29962
26342 23839 29914
21877 29625 24951
30919 23287 24909
30534 23847 25028
30398 23890 25783
29741 25387 25240
29712 23441 27885
29588 24368 27277
29482 25279 26443
28908 25840 26405
29001 24336 28299
28168 26771 25894
28047 25624 27714
26782 28126 24785
26641 28453 23215
26090 25752 28840
25866 28293 25628
24688 29533 23460
23168 29663 24328
23693 27915 27232
31659 20860 23208
31263 20818 25465
30636 23870 24281
30255 23158 26910
29413 24703 27323
29279 25394 26801
29281 25319 26935
28697 26370 25498
28495 26021 26640
28529 27001 23937
27932 24776 28721
26661 27751 25885
25804 28381 25602
25471 28649 25138
25520 29108 23509
24559 29606 23140
24534 29026 25161
24077 28925 25598
23428 29413 24837
23344 29459 24892
30320 24449 24796
30187 23947 26466
29014 26257 25592
28854 25867 26400
28586 24936 28092
28233 26615 26106
27918 25961 27453
27076 26596 27529
25607 24692 29706
25197 27796 26936
25275 25223 29475
24923 25118 29509
23511 29810 23688
30173 24492 25163
29357 24781 27404
27848 25518 28038
27826 26587 26767
27803 22263 29633
27688 24889 28812
27004 25680 28412
26812 27064 26967
26560 27406 26554
26442 26250 28193
26367 25670 28787
25956 28858 23656
25674 27173 27427
25393 26520 28269
25292 29179 23787
23978 29038 25546
30741 23080 25964
30738 23314 25846
30592 22112 26771
30032 24817 25716
29850 23489 27630
29399 25683 25384
29193 26113 24228
28129 24835 28529
28153 26645 26191
27964 26908 25639
27398 25763 28091
27391 25442 28390
27449 26841 26702
27395 28022 23616
27059 26454 27625
26535 24122 29716
26062 25880 28676
26028 27593 26842
24464 28034 26820
24235 29188 24849
24246 25953 29012
23073 28692 26264
22243 30073 23528
30308 23952 26158
29923 22790 27753
29915 24511 26480
29418 25207 26712
28858 25403 27157
28500 23746 28880
28495 24586 28469
28448 26713 25316
28068 24860 28507
27233 27805 24810
27112 24210 29452
26934 28184 24059
27000 25606 28634
26203 25653 28868
24282 25190 29584
24092 28394 26517
23774 29134 25395
23583 25823 29123
23414 24014 30206
31487 21512 23208
31478 21022 24380
29958 25015 25410
29271 24685 27523
27835 24627 28947
27604 25631 28129
27674 22969 29673
27430 23489 29681
26730 25953 28304
26815 26217 28002
26220 28761 23554
26033 25928 28620
25751 26946 27741
25892 27348 27243
25372 26510 28288
25309 26696 28123
24701 29369 23992
23536 28755 26008
30722 23453 25465
30590 23371 25953
30191 23859 26392
29228 25098 27100
28893 26534 24755
28747 24846 28038
28556 25925 26841
28389 25665 27362
28262 27122 23798
28108 25599 27736
27642 26172 27395
27516 27589 25159
27259 25677 28395
27109 26990 26804
27222 27601 25560
26922 23923 29777
26559 28572 23003
26432 25714 28726
26065 27908 26154
25909 28684 24498
25538 23355 30255
25468 27529 27113
25186 26024 28900
24770 25202 29477
24734 25186 29577
24450 25586 29253
30975 23094 24951
30104 24477 25960
30062 23828 26967
29899 24256 26982
29018 25238 27203
28916 25150 27455
28439 24865 28189
27910 27070 25615
27665 25484 28187
27422 26999 26333
27365 26758 26772
26779 25838 28455
26696 27647 25951
26491 27291 26844
26254 25371 29127
26380 27790 26123
25224 26643 28255
24122 27317 27769
24000 28923 25779
29794 25126 25627
29076 25503 26856
28929 25326 27187
28586 25041 27924
27499 27878 23584
26743 26051 28273
26755 26823 27406
26684 24891 29204
26487 26493 27869
26096 25607 28968
25895 28705 24669
25409 28033 26447
24706 22768 30379
23949 29671 23774
23479 29337 24904
23614 28472 26432
29399 24500 27477
28631 26931 23690
28525 25956 27001
27971 24711 28733
27655 26246 27298
27580 24598 29011
27406 25415 28530
27242 27603 25326
27219 23770 29644
27285 25531 28412
26811 24827 29347
26611 27997 25548
26539 22416 30144
26160 28721 23911
25524 28499 25445
25242 25278 29364
23922 28772 25923
30540 23120 26456
30246 24706 24894
29663 22734 27970
28388 25347 27720
28395 26095 26812
28277 24943 28202
28045 23142 29439
27179 27895 24695
26723 27230 26704
26561 28611 22875
26495 27931 25715
26383 26642 27685
26348 23367 30056
26239 25440 29050
25829 28030 26409
25275 26361 28514
25186 27991 26707
24369 28565 26067
24111 24049 30203
23484 29825 23639
23278 29359 25236
21710 30110 23696
31283 22266 24211
29131 25756 26273
29008 24880 27560
28408 26287 26313
28300 25649 27462
28279 26833 25373
28004 27395 23738
27533 26343 27222
27482 23515 29600
27428 25772 28089
27162 25528 28621
26931 27506 26044
26961 25950 28310
26920 28240 24554
26532 26927 27351
25921 25647 28990
25836 28303 25620
25667 26973 27699
25486 27806 26761
25371 27380 27339
25049 28343 26179
24427 28254 26549
24093 23934 30365
23526 29508 24545
21001 30280 22585
31090 22936 24268
30814 23308 25435
30681 22201 26623
30307 24209 25923
29621 25098 26657
29109 23544 28378
28768 25046 27806
28462 26711 25252
28339 26918 24762
28321 26374 26192
28004 23363 29405
27882 25769 27724
27957 24140 29257
27422 27531 25318
27181 25514 28570
26908 26194 28074
26528 28558 23107
25604 27419 27252
25449 29063 23933
24606 29134 24759
23999 28545 26237
30986 23114 24151
28888 25843 26483
28602 25086 27813
28548 25598 27292
28198 25997 27073
27740 25016 28661
27558 26712 26732
27312 27749 24661
26911 25960 28192
26845 27347 26335
26514 25730 28639
26307 26724 27696
25751 28046 26273
25573 28141 26149
25592 28788 24681
24268 26751 28333
24103 29247 24901
23500 29973 22505
29008 24372 28061
28500 24840 28211
28022 26321 26833
28036 26076 27410
27703 23438 29583
27412 24053 29446
27392 26970 26387
27377 24431 29210
27025 26856 27050
27044 26463 27631
26399 27523 26566
26523 25640 28903
26297 28427 24467
26253 23899 29921
26104 26488 28147
25808 26895 27787
25658 28497 25485
29892 23727 27423
28616 25662 27234
28337 26682 25618
28168 25529 27734
27589 26709 26599
27475 24312 29281
27420 26185 27598
27349 24448 29248
26864 25801 28536
26568 22885 30054
26391 27194 26970
26424 28624 23809
26286 28238 25248
26071 26543 28036
25905 25033 29437
24423 24353 30159
24114 29186 25050
24117 28742 26053
22121 29036 25743
22056 29655 24777
30648 23566 25567
29643 23233 27972
29618 24815 26926
28910 25584 26828
28032 24686 28755
27785 26107 27487
27149 26811 26976
26624 24072 29687
26616 28544 23355
26377 23836 29966
26108 27777 26342
26188 28837 22896
25457 25196 29434
25132 26392 28579
24564 29272 24599
24303 29145 25069
24284 25229 29566
23515 29242 25259
30331 23929 26132
30198 22822 27320
29103 26146 25085
28627 26167 26200
28592 24248 28706
28562 26219 26220
28335 26918 24837
27954 26229 27034
27882 24790 28759
27761 27668 23724
27721 25498 28137
27465 26210 27529
26686 28066 25174
26568 27574 26292
26408 27592 26396
26336 26682 27764
26037 27849 26364
25765 23549 30150
25591 26411 28388
25285 28770 25303
24534 28732 25934
23922 26815 28280
23621 25099 29677
23117 29648 24501
22492 29209 25509
30705 23015 26047
30557 23353 26035
29805 24572 26588
29028 24913 27558
28841 26555 24097
28531 24696 28388
27940 25641 27836
27874 25054 28576
27807 25707 27845
27627 23721 29463
27433 25087 28771
27245 27074 26590
27052 27712 25282
26640 26724 27450
26475 26657 27681
26287 27391 26813
26118 28831 23801
26018 25796 28764
25791 27189 27413
25732 23313 30234
25566 23451 30186
25492 27533 27048
25301 27108 27709
24433 27876 27011
23510 27971 27026
23002 29847 23929
22772 29048 25708
23083 29720 24298
30935 21690 26192
30613 23348 25927
30088 24876 25599
29110 24775 27577
28646 26011 26776
28305 25738 27461
28093 27131 24648
27787 26146 27359
27692 22146 29650
27394 27472 25528
26793 27179 26901
26486 27343 26829
26329 26560 27889
26004 27974 26185
25630 27193 27428
25755 26933 27784
25334 27600 27068
24850 28326 26257
24544 28861 25553
24353 25550 29281
23985 28645 26198
23621 27283 27814
23863 27425 27633
22116 30182 22807
31303 22222 24224
31151 21728 25564
30839 22772 25830
30161 24680 25072
28978 22474 28747
28908 25545 26956
28392 26163 26633
27723 27572 24094
27604 27540 24917
27614 27069 25950
27130 26833 26939
27267 24898 29168
27020 26938 27139
26283 28474 24674
26086 25220 29397
25787 22535 30260
25910 28128 25946
25083 28440 25965
24222 28528 26221
24397 29640 23533
23963 28361 26563
24703 25663 29184
23353 29501 24782
31399 21764 23820
29304 25701 25808
28368 26265 26468
28270 26097 26959
28211 24865 28331
28143 24821 28543
27678 26419 27058
27615 27377 25305
27552 26860 26522
27478 26292 27385
27455 27406 25497
27392 26878 26626
26993 27109 26659
26621 27152 27033
25974 27039 27468
25801 25865 28886
25609 24373 29962
25597 24273 29989
24255 28487 26208
23781 25517 29327
30249 24350 25477
29672 23702 27882
29059 25187 27376
29070 26312 23868
28710 25857 26748
28504 22839 29090
28076 25725 27622
28074 24595 28825
27772 24630 28972
27772 27263 25184
27552 27669 24674
27436 27153 26160
27372 26365 27424
26619 27014 27062
25792 28686 24849
25694 28127 26056
25658 26784 28010
25462 26252 28562
25203 23916 30136
24940 25546 29207
24547 26441 28523
24352 28389 26410
24184 28274 26555
23888 28681 26195
23894 28303 26657
22403 30064 23540
29193 23222 28497
28560 22524 29119
28508 25576 27447
28108 25574 27821
28032 24791 28587
27986 27209 25065
27728 27073 25659
27596 26693 26640
27283 23429 29720
27208 27648 25371
26946 23853 29765
26766 24864 29213
26418 25388 29046
26213 22072 30265
26162 25959 28567
26076 28131 25808
26007 28940 22642
25828 26294 28411
25762 26067 28616
25747 28392 25539
25911 28662 24591
25563 26155 28683
25127 26703 28173
24952 23750 30257
24783 26041 28954
24336 27727 27237
24240 28261 26550
24209 29765 22640
23299 28872 25985
22943 28831 26075
21694 30234 22429
29984 23611 27289
29578 23810 27787
29249 22907 28526
28245 24881 28256
27680 25585 28053
27522 24532 29125
27510 24309 29333
27096 28150 23543
27017 27573 25676
26997 28013 24868
26854 27023 26963
26726 26702 27491
26659 27384 26732
26525 25771 28578
26514 28614 23602
26428 25727 28683
26320 27266 26992
26270 25521 29013
24878 26060 28841
24692 28499 26081
24332 28260 26522
24126 24943 29816
23243 29285 25352
30504 23055 26539
29979 24583 26211
29261 25617 26462
29204 23380 28342
28931 22697 28885
28571 25771 27052
28493 26838 24230
28378 23878 29049
28235 25791 27281
28072 24670 28691
27864 25687 27912
27905 25475 28089
27723 23127 29574
27509 25975 27837
27432 22090 29867
26848 23972 29694
26789 25561 28812
26539 26250 28071
26518 26989 27363
26493 25968 28452
26478 27032 27170
26480 24093 29816
26453 27990 25564
26443 27285 26863
26050 25509 29168
24987 26760 28232
24906 23733 30258
24660 29580 22194
24370 28166 26749
24261 28047 26869
24550 23270 30410
30378 24308 25242
30217 24739 24955
29469 24595 27338
29247 25834 25215
29199 25862 25815
28800 24765 27949
28613 26546 25352
28334 23389 29193
28326 24880 28309
28288 26354 26424
28147 26093 27023
28114 24716 28557
27944 25605 27894
27759 25165 28478
27701 25780 27903
27377 26780 26747
27425 27625 25029
27300 25507 28493
27131 26545 27373
27068 25478 28680
27009 25972 28182
26834 27665 25683
26908 26379 27845
26506 26144 28184
26447 23857 29900
26392 28700 23151
26306 26017 28511
26368 28608 24193
26010 26424 28151
25905 29010 22889
25954 26377 28370
25197 27981 26707
25126 23370 30287
25100 25054 29524
24653 29213 24683
23791 29476 24415
23701 29626 24362
23535 29550 24435
31110 22892 24281
28721 25719 27075
28244 25658 27607
27952 27077 25441
27709 26156 27413
27596 25258 28469
27169 25532 28507
27028 25958 28131
26992 25067 28995
26574 24944 29324
26427 23620 29971
26259 25850 28669
25922 26495 28197
25685 28290 25672
25276 27578 27168
25226 27076 27724
24981 27911 26810
24963 29435 22894
24802 28997 24959
23942 25976 28996
23797 28154 26883
23020 29534 24793
30033 24378 26641
29803 23157 27863
29412 23646 28099
28199 27088 24258
27975 25924 27529
28050 27263 24677
27900 25242 28294
27747 26375 26957
27554 25856 27971
27291 27763 24840
27128 24156 29478
27040 26291 27817
26713 27040 27022
26456 27350 26778
26450 27413 26734
26316 25012 29326
25694 24649 29658
25335 28630 25363
24761 26661 28324
24755 28372 26356
24332 27727 27312
24041 28052 26863
23202 28723 26211
22304 30169 21795
31609 20756 23723
30230 24351 25609
30183 24561 25019
28927 25563 26751
28660 26405 25456
28571 24987 27998
28375 22623 29372
28154 26804 25739
28027 27143 25076
27786 26271 27134
27692 26507 26901
27629 26568 26819
27515 25747 28148
27481 26342 27366
27498 26963 26338
27456 26189 27570
27327 26481 27280
27050 27416 26211
26935 25769 28383
26925 25645 28598
26679 26235 28045
26629 26052 28238
26574 28154 25254
26440 26676 27675
26400 27616 26392
26291 28327 25247
26148 27958 25979
26154 26456 28024
26082 27999 25914
26461 25925 28606
25511 28857 24864
25479 23428 30215
24434 29577 23506
24339 29179 24971
23225 29696 24246
23200 29545 24750
21842 29968 24187
29532 25614 25949
28879 24490 28061
28878 24711 28018
28774 26337 25579
28615 22956 29073
28019 25757 27647
27975 24521 28917
27924 27095 25404
27895 25249 28264
27938 26721 26293
27900 25992 27624
27627 24784 28982
27497 27521 25165
27420 26262 27512
27421 27151 26318
27267 26629 27159
27198 26925 26738
27227 26797 26942
26965 28076 24682
26906 22026 30109
26715 22945 30015
26569 28024 25263
26425 23267 30078
26250 24301 29887
25808 28279 25668
25707 28272 25673
25492 28154 26137
25312 28045 26499
25454 29152 23932
25220 25313 29411
25034 26170 28824
24355 29743 22885
24157 27808 27218
23645 29103 25448
23384 29674 24092
29895 24929 25939
29465 25259 26487
29297 25674 26220
29001 25561 26679
29003 26331 23897
28937 26297 25350
28901 26401 24144
28757 26028 26389
28671 22641 29102
28603 26473 25719
27969 27272 24729
27992 22743 29541
27752 26354 27096
27448 25374 28526
26866 26473 27693
26629 28109 25123
26504 26615 27749
26285 28017 25662
26113 28742 23802
25416 28247 26099
25076 24921 29677
25071 23222 30327
25066 28381 26028
24766 28959 25009
24748 29566 22442
24678 28599 26042
23746 26414 28692
23874 28391 26590
22925 29301 25308
30886 22430 25806
30682 22049 26706
30171 24064 26381
29778 24623 26703
29772 24552 26820
29017 22625 28682
28762 26148 26169
28653 26775 23294
28418 24978 28192
27618 25956 27716
27466 23555 29560
27412 24428 29262
27321 23262 29738
27256 24611 29216
27072 25383 28733
26798 27097 26812
26536 26737 27535
26480 22489 30104
26320 24442 29644
26121 28756 23598
26016 24016 29898
26035 26756 27854
25635 28887 24550
25391 25909 28899
25744 25967 28827
25207 29131 24248
24982 26671 28233
24915 28482 26065
24877 28408 26136
24712 27293 27714
24729 28088 26796
24391 24826 29835
28998 25902 26307
28741 26039 26447
28585 25859 26895
28337 26957 24709
28384 26867 25344
27984 25602 27824
27927 27332 24273
27911 27516 23322
27765 26652 26605
27602 26397 27141
27366 26883 26638
27238 24429 29258
26955 28167 24339
26555 26740 27467
26456 24089 29881
26455 23302 30064
26441 27252 26899
26438 27682 26133
26302 24327 29806
25906 26425 28229
25905 25408 29253
25865 24716 29635
25754 27724 26788
25207 27058 27768
25184 26650 28212
25214 25374 29374
24674 26427 28600
24080 27571 27511
23630 29220 25253
23539 29286 25017
23567 29240 25325
30445 23482 26379
30253 23712 26454
29042 25511 26778
28659 25083 27729
28542 25899 26848
28529 24771 28254
28449 25499 27601
28181 25295 28087
27904 25671 27848
27770 26131 27435
27763 25129 28536
27792 26925 26131
27357 27926 23986
27284 24492 29207
27267 27936 24193
27137 25998 28080
26595 26746 27410
26638 26488 27896
26158 27835 26271
26182 27525 26749
25966 25770 28845
25952 28336 25434
25620 28053 26415
25448 28129 26285
25275 27672 27007
25255 24876 29642
23299 29697 24154
23282 29083 25622
31464 21558 23809
31068 22056 25843
30359 23034 26820
29925 23940 27190
29266 23720 28151
29012 24869 27591
28544 24235 28736
28334 24651 28608
28329 22937 29246
27432 27499 25426
27364 24246 29375
26993 24073 29609
26915 26416 27705
26896 25607 28712
26847 25482 28773
26313 28212 25480
26044 27902 26203
25179 26271 28739
24877 29321 24092
24733 28088 26721
24102 26394 28646
23897 27889 27060
23632 28587 26270
23040 28980 25849
22167 30130 23233
29619 24718 27017
29110 24750 27662
29068 25906 25734
28943 26485 23850
28618 24655 28235
28600 23920 28765
28598 25933 26798
28362 26289 26462
28242 26539 26373
27626 25633 28070
27592 27166 25732
27269 27319 26098
26934 27181 26598
26914 24840 29240
26608 24578 29463
26012 28530 25121
25353 27553 27120
25425 25129 29490
24804 27657 27146
24574 27896 26998
24349 28653 26000
24291 23659 30350
24892 25472 29327
24215 29198 24918
23644 29013 25639
22828 29152 25534
30693 23675 25156
30606 23726 25238
29238 24497 27686
28590 25857 26837
28540 25428 27488
28242 25696 27480
28081 27248 24194
28009 27294 24574
27735 25052 28624
27693 23753 29421
27625 26103 27506
27277 22199 29875
27244 25493 28543
26946 26735 27340
26936 26611 27555
26896 24725 29402
26882 28299 23582
26483 26245 28095
26478 25103 29210
26438 28070 25468
26352 26323 28050
26051 28482 25001
25762 27487 27054
25538 26942 27752
25397 28595 25212
25476 25995 28798
25242 27349 27392
25283 29393 22281
24970 28976 24881
24935 29273 23962
24872 26311 28611
24613 28443 26234
24571 24595 30008
24268 28062 26826
23406 28621 26304
22810 29037 25696
21492 29500 25079
30251 23414 27053
29915 24611 26267
29196 23889 28175
29046 23094 28592
29032 26047 25766
28520 25867 27002
28368 26512 26059
28317 25379 27873
27906 26215 27221
27745 26332 27233
27558 24642 29044
27382 25746 28161
27299 27154 26244
26920 28295 23234
27054 27292 26321
26831 26089 28121
26866 24783 29374
26697 28469 22831
26708 28021 25384
26495 24610 29608
26574 26347 28048
26404 26303 28201
26238 27752 26375
26065 24888 29443
26056 28496 24896
25461 29090 23511
24935 28837 25275
24908 27928 26795
24020 29659 23736
23098 29880 23647
21474 29385 25241
29072 23057 28636
28988 25264 27346
28858 25854 26443
28603 22896 29078
28373 25345 27813
28237 26450 26374
28154 26425 26379
28143 26998 25291
27987 25312 28193
27994 27413 23571
27878 27293 24937
27807 25522 28074
27774 22404 29578
27407 27927 23249
27392 25448 28375
26860 26373 27864
26539 27417 26536
26514 26766 27504
26111 25928 28588
25684 27687 26809
25535 28780 24733
25392 28970 24341
25287 28338 26058
25243 29228 24063
24531 29468 23878
23818 27855 27124
31244 22283 24248
29854 23950 27246
28978 24630 27934
28518 25828 27130
28334 26015 26958
28319 26623 25764
28237 24502 28834
28036 27265 24741
27511 23984 29510
27510 26075 27652
27451 27433 25351
27354 26873 26676
27056 26982 26838
26843 28277 23598
26555 28339 24413
26344 27665 26241
26269 27381 26931
26135 26853 27728
26040 26722 27763
25973 25736 28854
25839 27260 27368
25455 29264 22249
25401 28270 26181
25272 28566 25578
25225 26369 28539
25158 27022 27808
24920 29437 22410
24870 27674 27129
24858 25394 29420
23535 28438 26496
23157 29730 24203
22879 29857 24043
21845 29558 25007
30771 22138 26558
30225 24752 24803
29910 23635 27275
28734 24276 28425
28515 25322 27589
28218 26845 25376
28187 25493 27769
28158 27266 23830
28094 23300 29340
28065 26281 26880
28000 26613 26265
27799 24655 28950
27540 25086 28903
27404 27578 25204
27082 26819 27126
27052 27881 24944
26880 28260 23710
26773 27390 26371
26723 26068 28163
26694 25981 28307
26678 28436 23327
26575 23561 29951
26494 27767 26068
26272 23497 30001
26349 27754 26240
26047 28038 25989
25951 28721 24285
25726 27433 27067
25525 26184 28593
25435 28400 25906
24942 26952 27911
24826 26817 28132
24838 28902 25242
24700 29055 25017
24587 28257 26501
24462 29220 24617
24229 29761 22411
24088 25667 29262
23517 28323 26658
23158 30054 21933
23141 29673 24299
22535 29922 24031
31139 22670 24590
30959 22339 25965
30629 23843 24693
30469 23213 26681
29778 25128 25389
29734 22509 27918
29217 24710 27585
29205 25096 27211
29150 25363 26854
29147 26111 25558
28243 25888 27255
27925 27234 25043
27638 24903 28850
27444 27230 26027
27405 26285 27520
27359 21893 29896
27110 25931 28140
26839 26462 27781
26725 28415 23436
26625 26962 27217
26607 23244 30029
26600 27756 26002
26387 24255 29683
26170 25547 28981
26008 28852 23346
25994 28878 23478
25451 28555 25367
25212 28473 25919
23759 29685 23968
23706 29307 25006
23686 29947 22112
23503 28770 26078
23258 28983 25776
31540 21417 23163
30360 24212 25798
29880 24822 26202
29490 25233 26296
29455 24125 27856
29099 23740 28401
28867 25946 26226
28589 26580 25483
28516 26150 26587
28347 24719 28436
27944 25650 27711
27821 25148 28505
27587 26744 26606
27493 26835 26633
27459 27856 23739
27413 25106 28739
27301 27203 26174
26734 25940 28347
26688 28340 24164
26665 28076 25038
26489 26638 27757
26505 28250 25204
26360 24248 29767
26186 28087 25701
26151 28239 25335
26051 26526 28144
25882 28421 25325
25671 28839 24463
25128 27243 27547
25016 25680 29170
25042 28790 25309
24923 29152 24596
24222 27894 27008
24241 28135 26802
22859 28504 26491
30286 23708 26475
30199 23759 26557
29662 22455 28009
28813 22466 28903
28812 24466 28246
27838 27571 24537
27730 22066 29662
27606 24273 29285
26709 23970 29742
26405 26518 27941
26427 27314 26911
26226 28698 23596
26099 26799 27741
26079 25876 28618
25989 28220 25695
25803 27206 27381
25379 27032 27717
25172 27077 27762
24780 28259 26362
24077 28696 26093
23784 25690 29246
23329 28848 25990
22973 29851 24013
22781 29090 25598
30642 23631 25593
30628 23135 25985
30595 23841 25003
30399 24262 25333
30194 24041 26355
29157 24970 27506
28945 26399 23269
28847 24437 28200
28392 24572 28569
28160 25859 27376
28156 27227 23958
27694 26432 27035
27472 26273 27390
27432 24387 29237
27408 27564 25163
27148 23256 29908
27111 25810 28362
27059 27898 24787
27052 27232 26390
26755 24033 29691
26831 28372 23965
26697 28143 24975
26761 27046 27003
26541 26635 27633
26312 26389 28004
26308 23855 29948
26171 25847 28692
26170 28027 25710
25760 28916 24184
25656 25764 28971
25435 28233 26117
25397 25798 28996
25479 29229 23229
25243 26646 28187
25118 29199 24429
24889 27660 27134
24927 27535 27376
24727 29008 25006
24544 27279 27726
24477 27932 26995
24444 25647 29216
24385 25077 29605
24433 27025 28118
23241 29030 25693
22054 29208 25551
30288 22759 27255
30282 23956 26097
30276 23885 26214
29742 25373 25500
29344 24211 27791
28714 23120 28859
28512 26469 25751
28508 24990 28023
28468 23679 28936
28304 26431 26345
27951 27362 23946
27917 26264 26992
27692 26754 26492
27604 27270 25612
26873 27935 25184
26700 23730 29845
26694 27345 26657
26622 27250 26756
26531 27609 26250
26592 28302 24703
26450 26049 28384
26289 28449 24664
25993 27827 26394
25402 28575 25386
25309 29286 22004
24954 28409 26018
24904 26309 28635
24871 29221 24263
24801 29168 24515
24712 25703 29154
24644 28118 26748
24266 28954 25552
23992 29651 23998
23906 29523 24192
23804 28169 26840
23611 29074 25521
23446 29837 23540
22652 29221 25483
29089 26179 24930
29042 26215 24757
28853 25823 26621
28542 22759 29102
28541 22980 29059
28106 27325 23491
27967 25356 28076
27964 27307 24412
27634 26847 26364
27459 27756 24412
27278 25864 28125
27013 25782 28366
26777 24966 29200
26776 27037 26997
26751 28226 24754
26679 24028 29714
26625 26722 27543
26623 25204 29125
26383 27181 27096
26352 27610 26411
26314 28098 25471
26280 27952 25902
26201 27970 25896
26186 25593 28954
26018 28505 25111
25851 25131 29417
25734 26244 28470
25581 28917 24345
25573 26144 28572
25514 23425 30267
25211 23361 30317
25024 24507 29900
24519 27678 27253
24245 27950 26956
23806 27362 27748
23245 28521 26406
22596 29634 24850
22435 29534 24952
30558 23304 26009
30235 24373 25550
29709 23675 27767
29079 24878 27512
28860 26280 25425
28643 26522 25485
28598 22444 29131
28378 25780 27266
28255 25543 27703
28197 26679 25972
27750 26840 26309
27336 26463 27281
27134 28082 24227
26521 28552 23181
26521 27640 26197
26361 27345 26976
26140 25660 28824
26030 28059 25853
25772 24964 29531
25334 28509 25699
25220 27794 26823
25182 29419 23227
24949 24417 29917
24572 29484 23861
24269 28954 25481
24081 25100 29589
23357 29554 24737
30655 22508 26360
30097 24450 26372
29921 24601 26232
29716 24380 27254
29186 23615 28325
29185 23836 28282
29061 24763 27674
28839 23684 28618
28715 24317 28472
28372 26603 25825
28296 25943 27162
28342 27046 24708
28225 27209 23429
28079 27164 24493
28079 26872 25834
28023 27385 23046
28000 26350 26802
27650 23039 29685
27554 25933 27885
27480 27035 26250
27347 22975 29735
27325 24819 29129
27326 27902 24446
27053 23788 29773
27045 26277 27894
26971 27581 25791
26408 24587 29637
26403 27697 26194
26346 26910 27433
26222 25304 29183
26200 23500 30023
26147 28289 25333
26117 27076 27389
25982 25727 28844
25978 24865 29472
25821 27483 27029
25595 28590 25192
25621 27004 27739
24904 25050 29709
24721 28960 25174
24600 26332 28619
24409 25316 29489
24406 27781 27143
24379 22774 30441
23848 28959 25721
23688 28847 25835
23589 29482 24554
23129 29796 23902
30663 23923 24019
29976 24505 26455
29242 23300 28354
29060 24821 27732
29002 24507 27935
28733 26341 25623
28569 26214 26218
28378 25434 27812
28304 26367 26401
28256 24756 28513
28149 25421 27973
28111 27224 24327
28074 22437 29562
28040 27379 22678
27800 26091 27345
27666 26917 26204
27642 22902 29729
27629 27442 24988
27638 27749 23630
27345 26965 26471
27269 25547 28373
27179 26962 26747
26962 27861 25257
26929 25455 28782
26924 24704 29335
26802 26682 27510
26795 27991 25087
26837 27012 27019
26683 27455 26450
26511 25833 28590
26449 27905 25787
26513 28212 25215
26329 28632 23635
25905 28719 24305
25650 25917 28886
25556 29053 23929
25528 24292 29971
25447 28132 26165
25508 28964 24535
25402 27797 26786
25177 27839 26830
24892 27044 27927
24595 26304 28637
24556 29646 22896
24479 28514 26189
24189 24506 30043
23824 29544 24275
23726 28753 26062
23608 29370 24858
23513 29037 25651
23504 29952 22758
23322 28294 26720
31040 22239 25723
30950 21768 26056
30542 23441 26152
30085 23748 26967
29798 24028 27327
28181 25270 28172
27918 23627 29446
27910 22751 29510
27906 25134 28360
27714 24393 29115
27654 27091 25795
27567 26032 27703
27419 23518 29625
27371 26981 26369
27273 24426 29310
27240 25792 28329
27068 28204 22938
27001 25914 28294
27004 27614 25744
26654 28209 24781
26600 27875 25721
26519 27265 26882
26337 24324 29858
26148 27395 27024
26183 28219 25428
25908 27818 26417
25434 28678 25076
25564 23209 30272
25119 28380 26158
24569 25734 29139
24516 29468 24245
23892 29483 24397
23879 29920 21911
23853 29447 24456
22555 29072 25709
29328 25751 25694
29243 24898 27303
29237 25817 25458
29012 26380 23240
28849 26169 25887
28786 24085 28529
28785 26465 25130
28463 25702 27164
28445 22610 29328
28292 24888 28231
28327 27139 23182
28237 24955 28201
28180 25740 27608
28050 26130 27040
27799 27006 25787
27761 27077 25456
27747 25538 28090
27601 23123 29695
27472 26547 27067
27448 23987 29535
27386 26972 26363
27309 25426 28477
27270 24196 29434
27181 25715 28351
26784 28156 24768
26723 27504 26216
26508 26627 27707
26362 27194 26973
26349 27608 26424
26177 25986 28564
26166 28143 25639
25918 26323 28383
25622 26730 28023
25372 27419 27282
25334 27382 27344
25243 26294 28570
25038 27789 26984
24051 26666 28364
24004 28252 26779
23931 29753 23959
23778 29946 22857
23276 28546 26360
30227 24135 26315
30065 24564 25632
29393 23934 27955
29293 26001 23872
29055 22545 28694
28644 25467 27403
28637 25392 27491
28504 26829 24561
28497 23980 28762
28281 22924 29276
28107 26962 25405
27897 26323 26980
27661 26005 27649
27692 26383 27105
27396 27541 25217
27253 28034 23689
27269 27772 24725
27120 26429 27647
27018 27315 26352
26678 26533 27682
26669 27278 26725
26600 26014 28352
26506 27542 26318
26396 27779 26065
26210 28224 25325
26178 22910 30201
26138 26734 27753
25961 29026 22505
25780 28690 24671
25633 28848 24678
25550 27205 27504
25001 25199 29483
24732 25918 28987
24387 29735 23172
24292 29337 24637
24505 29187 24957
24042 25572 29277
23826 29655 23996
22925 29933 23647
22621 29791 24289
28841 25193 27443
28650 26760 24188
28258 27157 23711
28224 25573 27726
28220 25789 27374
27929 26374 26953
27843 25827 27786
27646 25586 28076
27258 27454 25617
27149 25447 28626
27225 26754 27218
26920 28028 24733
26896 28068 24688
26558 26074 28380
26499 28364 24507
26367 28652 23457
26319 27618 26416
26306 26416 27967
25874 28459 25314
25757 25166 29404
25656 28505 25410
25657 28772 24783
25556 29082 23685
25523 28174 26074
25456 28673 25102
25265 26612 28211
25246 27167 27591
24970 29344 23710
25131 26319 28598
24741 27676 27135
24735 29523 22667
24538 28685 25825
24112 28770 25977
23517 29744 24023
30529 24123 25522
30320 22980 27196
29456 24324 27471
28947 25287 27138
28759 25356 27339
28615 25490 27367
28608 26185 26481
28499 25489 27587
28370 24892 28196
28120 25460 27834
27832 27630 23718
27495 26642 26871
27453 25063 28932
27434 27808 24045
27398 25129 28747
27386 25716 28201
27337 27898 24280
27197 28018 24073
26932 27010 26841
26921 27717 25495
26759 27635 26076
26743 27269 26664
26561 23976 29733
26513 25100 29262
26284 27479 26810
26229 23969 29933
26228 28420 24954
26272 27882 26100
26075 26530 28079
25926 23905 29983
25779 26937 27719
25739 25051 29566
25525 27604 27031
25512 22185 30373
25239 26112 28775
25072 25071 29562
24581 28450 26268
24404 26724 28292
24068 29175 25084
23653 29917 23223
23629 28604 26288
23542 29393 24830
30244 23792 26364
30059 24062 26849
29172 26242 23621
28999 22860 28665
28461 25663 27292
28444 24381 28673
28126 26816 25711
28103 22906 29472
27980 27123 25363
27846 24490 28970
27735 25965 27688
27686 26531 26895
27671 23371 29639
27562 27707 24393
27530 26552 27025
27401 25707 28195
27022 28248 23637
27026 27906 25043
26903 23928 29721
26822 26170 28137
26810 27360 26398
26620 27834 25932
26590 27021 27151
26526 26577 27777
26493 24863 29333
26464 27672 26216
26291 28427 24574
26221 23832 29977
26364 26866 27567
26158 28570 24621
26108 25867 28678
26056 27456 26945
26054 26407 28169
25917 26597 28099
25663 28802 24476
25569 27438 27246
25358 28429 25805
25344 27187 27572
25232 28947 24775
25054 24956 29724
25025 28081 26616
24735 27662 27239
23662 28563 26275
23092 29762 24188
22983 29569 24751
22962 30014 22830
22482 29705 24593
31380 21779 24370
31247 21734 24717
29579 25581 23734
29051 24230 28099
28997 25807 26415
28219 27145 23862
28220 23592 29299
28067 26206 27014
27939 23220 29420
27792 26266 27139
27695 27722 22911
27571 26699 26717
27512 27647 24829
27496 27332 25771
27400 26177 27631
27318 27163 26163
27312 27726 24904
27127 27189 26525
27093 26777 27026
26930 27328 26285
26809 26804 27385
26692 26984 27090
26568 26208 28176
26529 25863 28500
26339 25470 28961
26306 26976 27387
26343 28409 24714
26165 26434 28075
26192 28770 23393
26112 24860 29447
26083 23442 30066
26029 28203 25555
26020 28483 25021
25936 26600 28031
25884 27912 26321
25640 27007 27671
25634 27180 27471
25392 28858 24923
25372 25876 28944
25338 27587 27111
25286 28021 26618
25229 26541 28353
24941 27640 27210
24771 28893 25321
24530 27174 27892
24476 29034 25164
24430 29686 23358
24447 25820 29135
23759 28465 26477
23587 29383 24888
22989 28365 26680
22693 28810 26123
30613 23160 26077
29410 25208 26814
29247 25327 26857
28547 25318 27629
28540 25243 27717
28507 26258 26346
28454 24124 28821
28396 26970 24030
28287 27129 23186
28258 27057 24384
28255 26600 25933
28238 26317 26465
28198 26307 26469
28157 27024 24992
28063 27177 24586
28000 24619 28811
27982 26022 27426
27784 26789 26386
27776 26020 27627
27730 26364 27013
27664 27227 25687
27435 27393 25643
27382 26853 26692
27280 26513 27330
27274 24101 29487
27134 26820 26982
26973 27096 26805
26957 27443 26103
26748 24483 29553
26526 27387 26757
26500 24052 29791
26497 28325 24635
26347 28343 24863
26465 24918 29375
26274 27729 26344
26111 27993 25937
26094 24745 29609
25954 27229 27230
25897 27637 26761
25843 27449 27053
25640 28216 25985
25602 27377 27345
25485 28360 25914
25357 27590 27043
25068 28278 26170
24899 23351 30359
24955 26355 28603
24730 28662 25767
24531 29660 22412
24497 28123 26684
24298 28038 26831
24247 27757 27264
24205 25683 29248
24195 29265 24829
23331 29387 25044
23002 28541 26412
31041 23025 24067
29545 25608 24295
29276 25974 24914
29160 26130 23741
29127 25791 26186
29183 24446 28013
28869 25871 26360
28638 25196 27732
28539 26678 25016
28510 23809 28850
28118 26106 27212
27955 26900 25837
27952 25379 28084
27970 25617 27772
27915 26890 25841
27813 25969 27653
27699 26605 26798
27628 27767 23463
27493 26603 26999
27447 26947 26385
27195 25944 28116
26948 27121 26610
26756 26955 27075
26738 25843 28553
26671 26496 27822
26575 28107 25195
26226 28381 25082
26207 23379 30111
26182 28298 25280
26126 25463 29069
26100 27974 25962
25976 25894 28630
25917 27735 26598
25904 23315 30161
25777 26394 28282
25372 25307 29354
25244 25995 28828
25078 27027 27821
25071 27087 27816
24910 26987 27918
24640 29160 24705
24614 27394 27558
24554 25417 29404
24220 28914 25636
24256 26988 28142
24015 28621 26203
30026 24175 26807
29376 25727 25392
29102 25357 26873
29102 25350 26884
29004 25414 27067
28962 25946 26157
28666 26353 25797
28400 24740 28307
28195 25081 28183
28087 25585 27803
28071 27202 24482
27906 27318 24754
27830 25476 28051
27691 26529 26837
27641 26100 27488
27611 24800 28943
27595 23654 29519
27581 27380 25310
27638 27671 24300
27549 26255 27364
27386 26000 27900
27291 28030 23341
27279 27428 25772
27232 28045 23348
27119 24656 29319
27084 22503 29955
26894 28326 23160
26790 27360 26428
26760 27946 25288
26455 26426 27925
26416 27971 25677
26192 27540 26731
26226 26517 27979
25933 25664 28958
25779 28908 24088
25693 24845 29667
25692 28280 25651
25684 27502 27038
25449 24406 29956
25396 28687 25291
25378 29017 24548
25296 28936 24660
24930 28610 25718
24816 28270 26340
24732 22622 30396
24073 27835 27176
23777 28242 26816
31489 21335 23939
30404 23575 26636
29954 24223 26856
29940 23727 27248
29548 24422 27354
29225 26005 25367
29114 26310 22993
29071 25598 26658
28902 25168 27465
28887 26395 24883
28752 26690 23941
28547 24359 28572
28279 26267 26564
28124 25889 27388
27864 23654 29441
27766 25527 28040
27740 27679 23383
27724 27165 25646
27654 27565 24581
27454 27247 25949
27439 25287 28666
27430 27633 24894
27418 26051 27873
27143 25643 28555
27141 26427 27634
27068 27878 25082
27059 23316 29915
27034 27216 26417
27006 26971 26984
26893 23454 29867
26847 26050 28195
26661 28502 22756
26327 26595 27904
26297 26493 27945
26248 28786 23009
26226 27287 27046
25725 29025 23339
25725 28722 24475
25637 28298 25927
25415 28564 25288
25375 28505 25594
25294 27693 27006
25215 29033 24573
24776 24411 30087
24555 25421 29335
24381 28801 25679
24375 27811 27145
24312 28667 25936
24181 28674 26006
24150 25424 29353
23712 29519 24452
23503 28556 26323
23079 28314 26726
31551 21115 23616
30528 24125 24689
30375 23106 26726
30154 24653 25484
30147 22057 27401
29952 24593 26157
29096 26202 24431
28554 24869 28148
28378 25329 27980
28212 25961 27120
27879 27282 24936
27447 21800 29785
27430 25833 28018
27303 25203 28880
27244 27670 25291
27151 27935 24677
27019 24072 29551
26993 26985 26863
26882 28019 24917
26797 27934 25529
26529 25154 29184
26324 27253 27035
26063 28956 22258
26044 27178 27276
25974 25928 28653
25911 27840 26380
25761 28437 25334
25537 29145 22301
25047 23541 30245
24698 29409 23748
24658 27889 26925
24583 24771 29809
24537 25306 29497
24305 29657 23724
24301 29324 24702
24074 28288 26549
24018 29440 24479
23931 28294 26619
23838 25939 29036
23485 28441 26485
21578 30223 23132
31384 21722 24281
28489 26849 24446
28239 25778 27324
28003 25258 28219
27950 25340 28212
27859 27563 23321
27835 26689 26584
27809 27071 25584
27724 22676 29643
27583 27031 26171
27523 25614 28250
27264 23627 29633
27188 25382 28638
27078 27906 24740
26996 26457 27650
26901 27795 25407
26892 27039 26861
26884 27664 25710
26884 26051 28124
26874 25927 28339
26867 27133 26742
26815 27349 26367
26788 27667 25832
26647 27927 25643
26522 27733 26023
26389 26958 27416
26265 27122 27222
26112 23911 29976
26062 28815 24185
25895 28717 24343
25856 28566 25138
25767 28393 25361
25424 26518 28224
25160 25915 28973
24931 28837 25350
24849 26975 27951
24730 26193 28808
24714 25835 29054
24161 25405 29430
24150 27608 27490
23989 27508 27592
23923 29816 23134
23892 29461 24444
23844 27216 27908
23528 24415 30136
30766 23009 26022
29944 24894 25933
29589 24247 27515
29464 24095 27770
28827 24993 27759
28423 25904 27019
28367 26695 25515
27827 26613 26623
27785 26953 26033
27776 25454 28164
27690 27291 25189
27166 26953 26880
27170 27300 26203
27096 28187 23392
26932 28346 22982
26926 27444 26214
26900 25327 28950
26892 28287 23288
26813 27316 26639
26763 25723 28611
26697 27542 26229
26616 25995 28341
26607 25967 28487
26604 25734 28590
26534 27287 26765
26414 28316 24968
26320 26402 27981
26311 26374 28127
26307 27604 26523
26106 27541 26788
26065 27373 27126
25990 27406 27009
25982 27705 26594
25886 22078 30327
25875 26980 27587
25783 28322 25634
25606 28086 26260
25593 23678 30182
25481 27085 27621
25373 24169 30001
25366 25793 29073
25283 28338 26133
25268 28877 24870
24813 26838 28144
24667 26426 28612
24517 27245 27784
24250 27343 27667
24174 29161 25057
23946 29711 23530
23856 28614 26251
23414 29284 25293
30420 23830 26134
30333 23881 26216
29389 25887 23512
28853 24094 28450
28394 27120 23153
28276 25382 27830
28239 24504 28765
28140 26487 26391
28123 27297 23655
28029 24920 28637
27647 26535 26906
27617 27036 25965
27501 26842 26558
27496 26313 27368
27427 27066 26300
27401 26300 27532
27303 24402 29313
27251 23362 29776
27042 27052 26704
27031 27890 24841
27022 28170 24307
26979 27319 26363
26776 25899 28343
26764 28037 25000
26731 27484 26219
26690 28474 22231
26561 23728 29893
26417 25783 28649
26346 26441 27963
26294 28741 22790
26288 28563 24673
26242 26142 28372
26233 26450 28058
26062 23732 30028
26044 28923 22754
26014 24862 29444
25946 26549 28012
25937 26857 27698
25751 26430 28219
25636 28408 25700
25534 27083 27597
25521 29162 23084
25497 26361 28447
25370 24809 29683
25249 28241 26347
25238 27490 27237
25157 27111 27753
24880 27294 27586
24756 29045 24852
24497 26259 28741
24496 28480 26220
24205 28739 25858
24199 28810 25864
23968 29806 23192
23628 28956 25735
22939 29806 24156
31196 21360 25629
29983 24944 25468
29910 23842 27261
29116 23628 28369
28897 25705 26711
28837 26555 24172
28835 23979 28612
28744 25358 27284
28715 26412 25382
28691 26510 25236
28686 26744 23128
28593 25563 27353
27979 25911 27572
27866 25013 28628
27838 27036 25627
27797 27652 22664
27751 26362 27000
27731 27550 24716
27610 26101 27599
27591 25073 28753
27360 27248 25985
27210 26786 26998
27175 27653 25340
27044 26278 27860
27021 25665 28474
26991 27438 26012
26979 27965 24937
26763 27077 26950
26596 27899 25669
26544 26604 27637
26450 25120 29248
26437 26908 27372
26342 26895 27536
26247 28233 25293
26031 28271 25464
26006 26822 27781
25903 25777 28801
25832 27025 27594
25710 27229 27421
25705 28632 25004
25660 28765 24637
25654 28136 26052
25523 28143 26122
25363 28909 24765
25320 27810 26772
25307 27455 27320
25205 27384 27350
25034 29126 24466
24850 27762 27062
24781 28694 25659
24650 28701 25729
24574 25632 29237
24460 28305 26464
24071 25827 29080
24287 26266 28795
23537 28400 26479
23470 29091 25551
23406 28407 26549
23211 29218 25408
31117 22884 23421
30702 23249 25929
30569 23897 25026
29862 24999 25551
29860 24567 26349
28931 25550 26794
28891 23664 28641
28661 25871 26632
28652 26725 23421
28614 26288 26083
28457 24720 28374
28453 25762 27152
28444 26468 25829
28138 27183 24453
28027 26184 27169
27902 26892 25871
27598 25766 28003
27537 27323 25396
27116 27043 26643
27003 27217 26528
26953 26788 27179
26910 25461 28746
26504 27022 27208
26483 27635 26247
26417 27676 26182
26238 28725 23174
26216 27142 27241
26059 27478 26908
25852 29003 23208
25824 26273 28442
25796 26045 28597
25685 28414 25444
25656 27704 26807
25571 25794 28923
25528 26680 28082
25517 27775 26780
25505 26272 28526
25388 28558 25572
25378 27024 27745
25323 26439 28359
25322 26076 28802
25143 28848 25236
25141 28856 25161
25102 26498 28425
25090 26738 28131
25059 28775 25273
24921 29306 23807
24806 26905 28065
24676 28166 26573
24647 29592 23388
24389 26747 28300
24363 26449 28596
24338 28099 26805
24322 28558 26132
24094 26631 28380
23430 29045 25591
23388 28292 26711
23106 29855 23555
22817 28598 26339
29247 24543 27659
29039 26227 25103
29018 26080 25611
29017 24282 28325
28954 24494 27965
28484 25836 27052
28435 27038 22890
28424 26589 25744
28294 24813 28365
28284 27114 24080
28258 25642 27506
28213 26756 25893
28198 26295 26620
28014 24605 28825
27990 27428 23583
27937 27022 25746
27906 25109 28445
27899 26323 26978
27508 26449 27210
27493 25244 28569
27377 26908 26563
27205 25524 28542
27132 27668 25389
27128 26597 27385
27094 27239 26323
27036 25411 28736
26968 26779 27173
26914 23786 29821
26880 28010 24976
26777 25778 28565
26710 26431 27834
26670 27371 26551
26616 28444 24028
26562 28461 23626
26522 26110 28339
26481 26185 28205
26447 26458 27913
26429 27230 26924
26403 23690 29983
26365 28336 24987
26249 23928 29908
26159 27618 26678
26147 28145 25603
26037 27141 27416
25933 27725 26613
25913 24772 29616
25888 26044 28569
25581 24765 29816
25391 27675 26986
25265 29089 24431
25234 28358 26152
25079 28475 25878
24980 28864 25261
24978 28872 25186
24894 25604 29227
24842 29472 23186
24653 29262 24316
24651 29270 24241
24532 29616 23111
24518 29424 24198
24191 28965 25478
24171 27309 27731
23037 29296 25320
22799 28483 26501
31297 22256 24138
31243 21601 25265
30624 23808 24942
30283 23630 26719
29508 25422 25995
29279 25752 25694
29004 26297 24364
28956 26325 24964
28914 26328 24486
28793 24754 28102
28735 26663 24983
28708 26704 24004
28622 26590 25202
28513 26824 24206
28511 24390 28594
28479 26871 24075
28449 26238 26551
28425 26624 25496
28387 26119 26640
28287 25577 27614
28232 25741 27464
28174 24958 28226
28129 27031 25136
28071 26017 27287
28036 27296 24522
27905 23104 29562
27858 25121 28390
27767 27276 25324
27738 24811 28888
27670 26241 27271
27543 27172 25912
27396 27502 25511
27323 26968 26399
27158 27158 26316
27051 28142 23782
26845 27180 26757
26764 26031 28271
26685 27362 26545
26508 26602 27792
26432 28306 24669
26405 28591 24305
26390 27985 25794
26351 28257 25245
26324 28105 25433
26277 23400 30045
26205 26391 28268
26152 28159 25498
26146 27813 26296
26116 26017 28587
26109 26925 27581
25968 27224 27352
25914 28669 24479
25909 26798 27908
25801 24402 29845
25756 28928 23898
25693 26249 28568
25525 27478 27159
25417 26650 28126
25364 28305 26139
25279 28684 25399
25227 29377 22665
25061 25418 29342
24994 26882 28107
24633 29306 24209
24543 29073 25005
24300 27845 27139
24153 27194 27893
24055 28058 26837
23988 25247 29527
23956 29402 24766
23888 27892 27103
23547 28864 25865
23322 28080 26965
22735 29943 23901
22678 29515 24902
29331 25955 22884
29195 24885 27333
28874 26209 25728
28591 25524 27481
28493 24275 28756
28451 22869 29144
28402 26110 26634
28379 27022 23274
28216 27176 24071
28162 22344 29451
28104 26702 26012
28014 27352 23688
27868 25175 28350
27803 27318 25029
27714 27283 25363
27629 27189 25724
27527 27687 24461
27333 27596 25364
27323 26573 27132
27249 25357 28660
27203 24471 29234
27183 27134 26377
27177 24577 29280
27170 27808 24835
27079 27650 25416
26927 27608 25861
26899 27161 26736
26871 26414 27803
26774 26370 27908
26560 28428 24412
26400 27492 26596
26246 28343 25066
26208 28698 23683
26121 26886 27573
25922 26974 27640
25707 28458 25370
25655 28936 24091
25639 27078 27569
25626 27381 27280
25400 26212 28673
25294 26697 28161
25282 24169 30051
25276 27784 26863
25006 29067 24676
24940 27711 27108
24753 27939 26887
24691 24796 29805
24347 28448 26392
24261 25074 29640
24093 29145 25144
23531 28866 25903
23304 27965 27127
23170 28656 26267
23039 28663 26337
