80 3
24825
550 621 473 486
636 262 426 116
700 246 838 794
692 727 211 937
580 364 676 31
703 720 264 623
585 465 573 624
644 849 929 551
635 993 980 998
656 452 990 230
708 605 548 927
595 659 123 520
532 249 481 388
622 910 925 636
613 266 771 389
689 874 583 729
684 236 83 64
565 751 607 386
572 24 184 193
623 751 603 358
603 59 108 388
666 214 871 379
588 459 905 406
510 257 851 331
717 386 88 6
670 780 883 762
574 983 709 460
652 123 94 14
588 299 278 370
533 901 896 991
596 93 132 119
708 91 386 244
705 835 815 970
580 448 894 773
670 547 33 95
565 734 128 304
520 377 207 184
615 641 369 952
574 98 761 773
656 322 421 319
507 171 646 384
681 432 935 557
603 618 528 179
613 547 181 924
546 364 219 363
653 981 935 873
576 486 941 531
631 282 339 624
635 394 732 161
677 616 496 897
613 547 15 295
591 794 586 439
703 217 667 144
700 235 805 539
521 116 749 35
597 356 173 470
659 722 637 826
591 766 575 705
649 833 624 991
526 307 700 34
557 327 102 648
534 523 59 900
567 982 854 874
621 427 980 794
527 513 562 677
660 732 901 756
675 745 518 685
639 157 37 126
656 286 618 246
719 971 943 651
611 676 851 980
629 371 323 44
694 240 220 344
547 647 589 709
683 594 560 270
659 231 248 491
510 992 971 997
599 160 469 371
709 18 11 101
708 965 320 588
1967
24642 31032 26225
28834 26627 27942
28674 26659 28231
28643 27424 27157
28722 25702 28963
28579 26599 28774
28481 27799 27444
28495 26514 29000
28528 28178 26790
28257 28003 27426
28270 27730 28040
28111 27640 28482
27901 28922 26411
27969 28387 27910
27965 28696 26870
27946 27083 29387
27768 29271 25744
27905 27488 29046
27692 28983 27150
27660 28689 27908
27727 29342 26099
27564 29022 27378
27233 29261 27638
27211 29610 27007
27016 29892 26468
26977 29995 26105
26865 30090 25923
27023 28915 28426
26814 28296 29149
26774 29193 28329
26636 29767 27440
26754 30056 26304
26641 30294 25905
26643 30326 25187
26792 27067 29628
26478 30162 26859
26450 30343 25906
26441 29883 27784
26261 30359 26563
26085 30563 26235
26108 30404 27008
25878 27548 29624
25874 30928 24886
26282 29787 27931
25821 29664 28096
25835 27322 29730
25704 30872 25877
25949 30477 27386
25906 30252 27391
25484 31098 25231
25450 31020 25729
25751 30140 27625
25393 31044 25732
25499 30650 27284
25142 30779 27087
25336 31204 25864
29409 25049 27845
29076 25931 28420
29056 25876 28747
29015 26281 28406
28769 27128 27510
28596 27515 27140
28586 27794 26726
28559 27413 27864
28064 27578 28604
27902 26391 29581
27961 28032 28038
27753 29028 27044
27845 28432 27913
27923 28046 28333
27659 28335 28150
27712 28781 27246
27898 28040 28655
27544 27811 29198
27717 27894 28897
27512 29122 27368
27431 29371 26711
27484 29323 26727
27364 29059 27770
27189 29780 25618
27245 28198 29070
27287 28523 28687
27083 29649 27235
27140 29263 27752
27204 28564 28539
26888 29931 26696
26893 28785 28554
26859 29853 27217
26697 29980 26697
26700 30302 25184
26687 30101 26120
26666 30167 25960
26612 29375 28019
26473 30284 26289
26353 30675 25182
26317 30343 26269
26274 30482 26054
26140 30428 26487
26192 30551 25871
26584 29867 27430
26234 29273 28486
25882 29860 27970
27053 26314 29915
26129 29573 28088
25808 29568 28408
26163 29270 28505
25694 31067 25104
25599 31293 24874
25212 31466 24498
24985 31418 25340
25252 31013 26493
24728 31621 24885
29035 26336 28079
28788 26602 28354
28695 25732 29114
28321 28403 26367
28443 27813 27739
28227 27240 28607
28328 28350 26681
28200 28389 26909
28013 28442 27529
28085 27987 28035
28022 28583 26724
28047 28805 26647
27707 28687 27467
27714 29114 26315
27746 29081 26730
27639 28280 28477
27388 29582 25853
27513 27472 29463
27379 29620 26623
27340 29226 27360
27126 28950 28119
27014 29985 25855
27045 29951 25705
27028 28013 29379
26845 29540 27584
26825 29941 26469
27031 28481 28840
27010 26335 29862
26581 29922 27123
26449 29300 28239
26332 30200 27026
26515 28683 29021
26129 30338 27168
26168 29890 27704
25991 30056 27682
25926 30636 26613
26003 30950 24674
26160 28981 28924
25544 30967 26005
25612 30863 26161
25481 30343 27536
25388 31067 26143
24930 31489 25155
24809 31307 25779
24464 30942 26683
24708 31725 24419
24617 31159 26170
29242 25469 28369
28963 26678 27406
28762 27217 27122
28735 27311 27080
28558 27059 28106
28212 26787 28923
28141 28403 27301
28000 28853 25927
28177 25614 29479
27738 27361 29094
27401 29271 27254
27449 28620 28504
27333 29279 27046
27441 28775 28113
27169 29847 26023
27120 27310 29488
26845 28262 28999
27160 29365 27578
26787 30034 26103
27277 26526 29712
26739 30199 25547
26900 26742 29816
26676 28779 28743
26521 30119 26845
26628 30171 26414
26445 30516 25313
26123 30437 26367
26007 30507 26415
26076 27693 29591
26390 27795 29439
26001 30918 25392
26147 29956 27544
25987 28868 28971
25740 30861 25664
25655 30550 27146
25559 29086 28762
25920 28237 29327
25631 30158 27725
24702 31640 24746
29235 25554 28193
29177 25906 28119
28881 27070 27106
28463 25753 29328
28317 28109 27386
28386 27330 28165
28134 28115 27737
28038 27292 28700
27531 28228 28804
27487 28270 28538
26900 29782 26862
26728 28091 29202
26398 29658 27789
26345 28032 29415
25964 30632 26159
25788 30659 26489
25763 30665 26706
26139 29047 28764
25615 30808 26468
25516 31065 25646
25925 29151 28654
24974 31030 26367
28538 27004 28433
27832 27140 29264
27765 28524 27487
27240 29688 26486
27068 29792 26478
27041 29886 26251
27051 29682 26820
26802 30100 25696
26794 30249 25460
26723 30143 25957
26656 30151 26662
26493 30180 26755
26415 27283 29732
25351 30213 27664
24969 30666 27134
29147 26278 27675
28755 27366 26753
28681 26107 28622
28593 27741 27040
28474 27852 27130
28343 28054 26998
28018 27237 29027
27894 28975 26097
27733 28574 27519
27810 25911 29743
27369 27006 29550
27345 26016 29895
27012 29302 27980
26843 30154 25296
27097 29207 27988
26742 29505 27891
26484 30399 25565
26294 30502 25496
26329 28464 29180
26448 28052 29377
26085 30744 25652
26166 29066 28597
25987 30461 26724
25727 30713 26650
25879 28637 29078
25393 27712 29627
25197 31116 26144
25302 30145 27910
24919 31541 25185
28654 26604 28558
28372 27466 28484
27860 28993 26766
27797 28342 27980
27493 28675 28123
27166 29697 26120
27059 27979 29229
26525 30184 26299
26385 30065 27195
26159 30500 25968
26264 29480 28183
25950 30531 26418
25911 30779 25856
26185 26318 29895
25658 30577 26906
25459 31225 25176
25447 31430 24313
28672 27002 28229
28585 27567 27170
28420 26509 29216
28318 26773 28772
28195 28699 26014
28294 26805 28863
28205 28518 26246
27554 29226 26809
27345 28009 28963
27077 29769 26198
27077 27330 29536
27145 26798 29781
26719 29105 28455
26271 30551 25517
26406 26986 29761
26229 30165 27333
25990 30406 27031
26012 29990 27842
25369 30520 27412
28738 24976 29226
28310 28415 25710
28209 26941 28671
27682 28681 27789
27713 26690 29577
27398 29613 25641
27221 29747 26033
27129 27230 29546
27039 28822 28406
26536 29074 28478
26342 30378 26210
26324 29366 28227
25800 30745 26237
25921 27527 29677
25855 31056 25307
25434 31109 25506
25277 29921 28102
24623 31244 25843
28175 26424 29262
28101 28750 26520
28037 28826 25424
27926 28604 27166
27778 29037 26626
27869 28628 27169
27614 27062 29515
27179 29643 26592
26942 27808 29432
26551 30306 25602
26237 29461 28350
26225 30714 25410
26135 30575 25874
25424 30857 26469
25644 29741 28119
29362 24504 27870
28951 25043 28838
28541 26855 28577
28152 27235 28823
28309 26417 29237
27458 27606 29251
27261 29622 26646
27347 29653 26208
27373 26299 29762
27142 29971 24936
27023 30015 25078
26783 30261 24803
26405 28073 29324
26557 29008 28638
26250 30099 27493
26272 29466 28217
25479 30754 26818
25570 29449 28557
25608 31419 24516
25298 30679 26949
24808 31110 26169
25326 30537 27331
29324 24911 28040
27814 26280 29629
27075 27547 29464
26697 30353 24583
26807 28381 28973
26494 30330 25605
26697 27752 29467
26353 30134 27186
25868 30822 25436
25408 30913 26355
25341 30777 26694
24943 31217 25630
25099 30796 27006
28810 26723 27851
28288 25706 29458
28221 26306 29285
27929 29015 25467
27477 29525 26265
26406 29999 27355
26209 30269 26867
26139 26907 29841
25635 29455 28455
25860 28196 29418
25184 31341 25303
25324 31409 25001
28322 27709 27886
28032 26358 29378
27718 28175 28184
26702 29958 26877
26573 29936 27089
26421 30409 25338
25771 30790 25783
25817 28217 29365
25537 29041 28869
25278 30833 26737
28918 25405 28771
28531 27648 27147
27719 27624 28899
27490 28730 27816
27159 27993 29123
26809 29985 26489
26827 29886 26802
26546 28649 28871
26518 30174 26538
26399 27715 29497
25967 30465 26648
25823 31089 24892
25635 30704 26934
24439 31564 25391
28712 27368 27419
27420 29549 26268
27158 29859 25366
26804 30045 26029
26434 30387 25926
26068 30069 27611
25787 29634 28248
28643 27590 26743
28637 27363 27635
28484 27408 28080
27522 26582 29677
27299 27755 29233
27290 29237 27635
26898 29405 27753
26651 27042 29726
25791 30604 26796
28410 27958 26981
26529 29970 27081
26316 28881 28786
26106 30497 26395
28105 27173 28945
27701 27027 29422
27393 29673 25181
27322 29325 27047
26498 30278 26072
26223 30752 24577
25720 30828 25857
28974 26665 27305
28768 26043 28540
28538 25758 29112
28238 27942 27590
27996 26008 29506
26105 30459 26701
24444 31046 26217
28708 27457 26736
27596 28769 27501
27216 27568 29338
27046 26988 29672
26520 29303 28220
26457 30228 26699
25822 30487 26880
25523 27846 29527
26096 29064 28683
25059 31511 24943
25749 28503 29178
24173 31252 25818
24323 31799 24377
24346 31640 25150
27660 29030 27158
27179 28815 28288
26859 29088 28137
25831 30711 26087
28859 26949 27609
28370 28305 26200
27559 29332 26483
26605 29801 27590
26367 29692 27939
26552 30002 26929
26604 27508 29641
25207 31182 26076
26832 28679 28605
26241 29105 28509
26111 30809 24972
25528 29120 28912
28747 27007 28013
27872 29039 25470
26495 30347 25535
27702 29120 26176
27499 29176 26896
26561 27529 29588
25367 28390 29263
28180 27178 28729
28132 26676 29009
27358 28870 27942
26574 30538 25101
24962 31577 24567
27951 28951 26094
26578 28186 29277
26358 30446 25763
25209 31214 25358
25533 29744 28139
29021 26574 27322
27373 29740 25586
26581 29409 28169
25943 29534 28110
25795 30669 26250
26323 26799 29866
26243 28259 29233
26681 30024 26717
26608 27063 29673
26314 30357 26667
25576 31452 24101
25039 31243 25554
24903 31189 25904
25074 29597 28424
28227 28454 26873
27505 29175 27054
26836 30012 26444
26243 29546 28023
25936 30652 25911
25295 30228 27850
27251 28283 28743
26402 30299 26514
26345 30323 26517
25505 30574 27062
24727 31331 25508
26801 28713 28755
26720 29921 27080
26339 30230 26722
25288 30834 26518
28909 26632 27726
25797 30837 25661
25629 29334 28618
24799 31040 26171
29001 26519 27649
27341 29773 25171
26971 30115 25068
25743 30769 26240
24987 30403 27469
25607 30715 26590
28606 26102 28838
27620 29377 26377
26922 30118 24485
26954 26504 29806
26182 29373 28476
25678 29434 28508
25165 30094 27950
28357 27608 27792
28310 28162 27072
27422 28834 27660
26993 30051 25695
27278 29723 26030
26957 29758 26859
27012 29808 26772
26560 29475 28009
25726 31034 25519
27040 28401 28898
27100 25960 29930
26429 28478 29074
25905 27959 29442
25470 30916 26195
25470 31271 25086
25247 29710 28377
24069 31947 24229
27740 26660 29426
26148 29068 28539
26084 30782 25017
25936 27805 29562
25122 30883 26621
25410 28369 29316
29110 24666 28611
27147 29911 25396
25951 30509 26668
25830 29960 27960
25691 27749 29597
28872 27083 26976
26793 29640 27574
26830 27491 29499
25006 31352 25500
25397 29336 28604
24020 31035 26331
28138 25110 29525
27517 29569 25499
26191 28359 29223
27021 29983 25796
26303 30549 25414
24857 30273 27597
27685 29036 26836
27667 29116 26756
26896 27210 29621
25749 28749 29120
25277 30886 26548
26971 28620 28558
25882 29168 28573
28641 27021 28164
27230 29316 27331
28924 25073 28989
26783 27957 29414
26333 28130 29312
26071 30140 27396
27546 28627 28139
27491 29578 24823
26581 29578 27849
25581 30258 27584
26912 28888 28525
26470 30339 25982
25486 30972 25785
26819 30122 25515
28246 27762 28131
26793 28362 28989
26941 29461 27517
25147 29787 28202
28156 28107 27618
27617 28974 27394
26957 29214 28106
26293 29400 28377
26203 30778 24783
25852 30645 26247
28088 26488 29344
26994 28995 28232
26697 30080 26307
28523 27211 27995
26647 30173 26004
26366 30257 26677
25148 30864 26760
24793 30955 26498
24943 27885 29525
24661 31454 25353
25049 29373 28616
24716 31383 25538
28352 26907 28670
27825 29247 25741
27569 29469 25509
27497 29458 25860
26351 30478 25493
28623 27369 27484
28113 27706 28306
28025 28432 26979
27643 28170 28400
26614 30444 24150
26286 28481 29099
26021 30608 26156
25237 28256 29363
27895 29001 25971
27077 29669 26588
26660 29989 26907
25659 29850 28005
24797 30421 27459
28941 26557 27909
27652 29131 26451
27477 28981 27512
24876 29260 28663
27825 27225 29088
27519 29480 25784
26808 26258 29950
26030 28847 29024
27667 29374 25151
24509 31045 26255
27042 29391 27325
27477 26819 29653
27219 27101 29625
26578 30095 26842
25030 30386 27550
24971 31548 24939
27246 26206 29786
26964 29556 27321
26962 28630 28597
25299 28922 29018
27557 29075 27064
26892 30154 25102
26735 30115 25851
24821 30813 26880
29218 25501 28460
27380 28305 28531
26451 28766 28780
28649 25850 29091
27194 29364 27275
26507 28313 29078
25079 30900 26540
28021 27088 29171
27237 27828 29127
27065 29847 26171
26158 30416 26647
24192 31927 24600
29218 25898 27318
27213 29812 25399
27250 28818 28269
27835 28636 27344
27042 29310 27639
26926 29904 26165
26494 28749 28861
25792 28728 29173
25456 29221 28665
28774 24477 29056
27759 27883 28692
25204 29731 28324
28247 26578 28902
27631 27689 28950
26988 29943 26075
27298 25664 29928
26747 27304 29604
26134 30650 25745
25552 30818 26241
25413 30940 26198
29127 26223 28002
27080 29991 25075
26662 29702 27434
26259 27827 29468
28102 25609 29695
26683 29636 27594
25006 29394 28563
25342 28901 29071
27972 28184 27619
27421 29575 26142
26255 28142 29364
24753 31213 25820
27925 27543 28719
27394 29324 26940
27292 29776 24588
27267 29396 26862
26838 29593 27270
28643 27894 26486
25765 28317 29355
24949 31277 25537
27588 29410 25962
26717 28383 29020
26216 30487 25834
28399 26969 28548
27783 28168 28069
27381 26669 29705
26676 28600 28863
26120 29969 27621
25258 30937 26271
29136 26290 27018
27624 28462 28143
26641 29542 27662
25996 29154 28635
26741 29855 27240
26296 30410 25802
26118 30849 24264
26061 30595 26326
25440 30818 26272
25407 28907 28969
23959 31713 24823
24435 31329 25707
28810 27229 26643
28220 28506 25774
27982 26584 29217
27976 28593 26891
25601 29758 28038
25827 28737 29068
27606 29141 26618
27363 28415 28557
27147 28874 28079
26565 26837 29779
26744 30077 26117
26423 30580 24686
26277 28564 29170
24655 30893 26682
28556 27468 27557
28369 26810 28647
28395 27250 28223
28374 26728 28625
27838 29057 26139
27715 28535 27762
26018 29576 28108
28697 27509 26766
26270 30534 25587
24574 31176 26089
29229 25886 27975
28509 25635 29351
27426 28779 27731
27295 26464 29758
26684 30156 25813
25786 27064 29758
28566 26861 28255
27880 28791 26862
27663 27535 28930
25447 30355 27416
25064 31490 24245
25104 29808 28149
27652 27156 29147
27078 28860 28186
25995 30476 26595
26869 26422 29890
24984 30906 26497
29341 24590 27891
28700 27566 26740
28599 26654 28447
28182 27998 27642
27427 27267 29516
26489 27586 29576
25169 28788 29118
28689 26064 28896
28200 27642 28224
27946 26153 29431
27838 28485 27599
26944 30054 25112
26736 30254 25240
26132 29473 28335
24900 30252 27650
24765 31127 26088
27812 27835 28708
29330 24579 28258
27653 28742 27594
27455 29589 25638
27486 28831 27714
26540 30397 25312
25866 29054 28684
28415 27093 28107
26747 28603 28844
26781 27176 29626
29267 25479 27805
28848 26154 28454
27442 28673 28190
26118 30582 26192
28205 26872 28747
28117 27596 28229
26989 27342 29517
27063 27645 29361
26370 25845 29981
28790 26668 28178
28693 27619 26426
26854 30102 25266
26701 29980 26627
25358 28469 29306
29215 25499 28520
28286 27261 28537
26472 28700 28940
25706 28523 29226
28216 28466 26216
27900 28072 27937
27232 28435 28813
26777 29897 27077
26718 30014 26467
25423 30189 27622
24356 30828 26768
28760 27321 26516
27564 28336 28200
26982 30063 25038
27168 28525 28606
26214 30766 25440
28282 26038 29240
27993 28906 25613
27891 28093 28341
27617 28630 28120
27175 29042 27992
26973 29501 27356
26615 28494 28914
26596 27138 29698
26407 30443 25448
25762 29753 28071
29289 25848 27715
28920 26931 26152
28750 27420 26966
28374 27498 27766
28010 27982 28251
25307 27507 29680
28807 26559 28113
28594 27558 27250
28270 25913 29283
28217 25937 29399
27553 28388 28230
27532 29069 27386
27104 29634 26836
27090 29856 25753
26707 26981 29684
26771 29248 28022
25951 31050 24664
25626 30816 26057
28196 26901 28872
26308 30232 27117
24507 30921 26736
29073 26489 26849
28521 27510 27356
27026 29366 27525
25913 27157 29734
25990 28330 29318
25804 27002 29804
25679 30511 27066
24820 31255 25749
28545 25136 29181
28141 28542 26585
27034 29459 27403
27202 28215 28989
26155 30471 26340
25228 31492 23825
28761 25972 28590
28646 26234 28615
27125 29768 26475
26510 29575 27868
26316 30389 25949
26079 30470 26440
26043 30891 24795
25820 30846 25594
24573 31074 26205
26398 26616 29818
26377 29156 28415
26347 30498 25793
26091 28178 29283
26234 28581 29089
25768 30763 26023
25185 28356 29353
28427 28281 26197
28400 28030 26995
27433 26127 29847
27091 29939 25045
26481 30095 26958
25752 31248 24429
25688 30961 25654
25077 31772 24210
25087 30882 26738
24729 31659 24579
28963 26717 27335
28861 27015 27433
28245 28548 25717
26475 29570 28001
25853 28059 29432
28006 28495 27215
27875 28697 27083
27813 28644 27463
27648 27579 28924
26351 28886 28653
25654 31287 24105
28749 27073 27837
27870 29007 26188
27031 29749 27225
26289 26461 29888
26092 30593 25931
25836 30734 26024
25583 29555 28445
25481 30864 26165
28459 27863 26817
27836 28736 27243
27536 27441 29255
27484 28979 27453
27286 28172 28839
26409 30026 27115
26285 30391 26344
25566 30895 25753
25187 31472 24715
24865 31086 26166
28988 26895 26806
28567 27915 26073
27475 28774 27810
27537 27896 29022
27046 29856 25851
25960 29695 27974
25559 26946 29839
24573 31618 24958
24181 31477 25559
28094 28803 26206
26309 30249 27047
25880 30162 27413
25821 27883 29497
25284 30918 26410
24891 27985 29515
28569 27773 27131
28215 26638 29067
27562 29158 26731
27077 28628 28406
27070 29960 25287
27029 28839 28204
26748 29429 27669
26634 29544 27721
25709 31184 24454
25780 30060 27819
28865 27136 26662
28741 26224 28487
28120 28694 26230
27978 27373 28657
27270 29788 25396
27053 25384 29959
26753 28792 28672
26630 30306 25248
26707 30270 25454
26154 27681 29539
25252 30245 27769
28815 27282 26436
28668 27402 27026
27445 29558 25850
26734 27642 29541
26150 30323 26769
25863 30272 27439
25117 31552 23662
29497 24159 27734
27883 28182 27963
27491 28811 27476
27445 28023 28857
27000 28142 29105
26881 30166 24445
26758 29412 27871
26780 28779 28595
26674 30170 25623
26518 30188 26308
26314 30398 25962
26107 29181 28536
26044 29668 28080
24109 31191 25977
28906 25280 28814
28636 27477 26843
28557 25261 29138
28167 27595 28335
27316 28969 27837
26734 30091 25927
26555 30254 26069
26478 30621 23925
26374 30319 26266
26129 30797 24234
24895 30374 27572
28931 26919 26809
28369 27945 27022
28091 28056 27949
27089 26967 29725
25901 30924 24896
26230 29887 27921
25580 29020 28922
24819 31685 24378
27048 30024 24660
26930 29852 26632
25916 29543 28159
28737 25704 28805
28026 26690 29160
27958 28898 26408
27806 27560 28817
26633 28900 28508
26705 25526 30014
26621 29744 27566
26221 28312 29183
26196 29582 27984
25783 30511 26918
25315 28490 29253
29024 26348 27422
27423 29622 25223
27049 29737 26487
26964 28788 28535
26738 27007 29633
26256 30023 27271
25848 30580 26793
25476 30809 26511
25745 30055 27952
24549 31798 24797
28744 26075 28631
28542 27997 25893
28724 25855 28875
28005 27654 28633
27315 29359 26966
27134 29745 26195
26481 29655 27674
25873 26972 29764
24222 31902 23784
29023 26640 27146
28862 26723 27709
28586 27664 27066
27796 26487 29454
27205 27677 29336
26451 30348 25662
26372 30412 25653
26107 30861 23607
25993 30628 25908
24221 31893 24132
28280 26986 28646
28218 26828 28763
27651 27179 29230
27466 29537 25608
27240 29876 24578
26837 28696 28585
26175 30306 26678
25397 27378 29759
25293 30788 26641
27569 26224 29664
27218 29752 25859
27093 29801 26060
26358 26431 29848
26343 29469 28198
26090 30586 26172
25035 27142 29785
28363 28358 25886
26762 28023 29254
26550 29904 27241
26488 30093 26899
25977 27115 29757
29076 26437 27212
28738 26222 28547
28692 26254 28592
28111 28141 27341
28043 28531 26874
27940 28963 25437
27733 28578 27491
27061 29713 26608
26884 27547 29466
26859 29997 26128
26716 29516 27630
26281 27831 29416
26260 30603 25547
25672 30784 26465
26046 28415 29259
28607 26456 28596
28466 27597 27478
27695 28809 27398
27562 29077 27045
27633 25345 29961
27032 27564 29383
26542 30053 27005
28785 27160 26783
28371 25164 29375
28077 28142 27644
27272 29843 24993
27199 29811 25406
26717 30263 24920
26651 27154 29656
28909 26983 26182
28186 27247 28643
27450 29649 25178
27290 28780 27967
26886 30024 26083
25983 28193 29332
25863 30980 24916
25355 29007 28959
28709 26119 28569
28097 26803 29002
27626 29445 25506
27507 25961 29693
27075 29900 25747
27007 28079 29219
26810 27005 29674
25912 29568 28260
29065 24903 28587
28306 28414 26054
28279 27650 28098
27973 28602 26725
27378 28925 27615
27242 28253 28763
26896 28581 28646
26365 30219 26983
25235 26360 29899
27724 28244 28098
27582 27461 29232
27379 29471 26701
26790 28761 28564
25774 27991 29471
25672 31131 24477
25551 26576 29896
28582 26450 28918
28536 24893 29231
26853 29973 26180
26420 29482 28127
26282 30293 26723
26116 29990 27694
25239 28039 29435
29156 25985 26561
28753 26963 27760
28651 26659 28251
28418 27150 28081
28169 28235 27227
27011 27346 29465
26722 29293 28319
25918 30649 25999
25517 29507 28466
28605 27438 27452
28056 26887 29061
26880 29022 28297
25859 30817 25522
25684 29020 28774
25744 29651 28167
28943 26623 27733
28672 27636 26711
27830 28230 27947
27389 29608 25727
26761 29439 27631
26507 30240 26338
26413 30352 26116
26058 30619 25757
25634 30185 27485
25455 30362 27397
25325 28244 29382
29125 26342 27048
29086 24698 28702
28198 28570 25147
28202 26815 28878
28163 27937 27806
27759 29096 26173
27707 25179 29807
27429 29426 26378
26623 30308 25307
26497 28366 29073
26263 30536 25646
25485 29141 28859
28636 27513 26769
28602 26505 28591
28251 28485 25869
28024 25988 29435
27751 28222 28073
27595 29038 26767
27479 26599 29596
27441 28250 28561
27131 25219 29963
26909 29865 26856
26345 27655 29502
26280 26820 29813
26212 30819 23632
25982 30528 26542
28779 27117 27066
28421 27877 27112
28189 27961 27591
28154 27301 28647
28020 28053 27968
27868 28490 27317
27501 29283 26633
27172 29097 27685
27153 29412 27235
27119 29888 25438
26373 28389 29105
25972 30635 25822
25759 31139 24131
25480 27620 29633
24489 31807 23727
28911 26698 27550
27368 29632 25966
27245 29779 25814
27092 28749 28307
26621 30329 24943
26654 30417 24253
26253 29029 28585
25444 30753 26935
25311 29796 28085
28682 27631 25769
28616 27422 27170
28539 27985 26044
28378 28199 26384
28148 28489 26899
27953 26025 29425
27782 27577 28720
27708 25350 29745
27642 27184 29102
26795 30258 24225
26615 26501 29846
26434 29936 27470
28377 27555 27740
28299 28467 25740
27936 28962 25781
27645 29386 25959
27379 28855 27543
27258 29270 27290
27246 29756 25615
26508 30324 25659
26459 28594 29052
26479 28264 29169
26200 30431 26244
26047 30382 27028
25566 27825 29580
28775 25093 28941
28015 27292 28720
27049 28241 28818
26983 29368 27412
26864 28507 28712
26601 30372 24680
26619 30358 25278
26050 28371 29227
25440 29315 28657
28874 26993 27132
28399 27847 27346
28256 27003 28549
28161 28366 26939
27996 28897 25779
27808 26612 29411
27728 27389 29049
26760 30133 25707
26269 28194 29227
26191 29290 28405
26359 27452 29676
25366 31131 25516
29308 25152 27252
28892 26370 28080
28116 28721 25095
28023 28456 26951
27123 29017 28020
26852 29570 27280
26735 28485 28924
25921 29485 28189
23604 31962 24117
28561 26910 28250
28173 27263 28553
27947 28578 26940
27499 28469 28207
27102 29927 25702
26870 30218 24475
26698 30035 26320
26663 30222 25653
26656 28021 29281
26645 30163 26005
26530 30260 26286
25961 30687 25852
25725 30163 27470
25600 30891 25906
28994 26572 27335
28657 26139 28713
28616 27679 26747
28361 27478 27827
28015 28838 26232
27966 27138 29060
27875 29096 25444
27713 28624 27477
27286 29676 25826
27103 27904 29154
26758 29956 26624
26614 29797 27252
25904 28125 29371
25886 29403 28412
25748 30839 25804
25373 30063 27854
24653 29847 28135
29247 25424 28132
28911 26864 27136
28690 27432 26792
28661 27648 26054
27924 27777 28304
27553 28717 27709
27046 28396 28835
27028 28870 28215
27020 29761 26568
27004 28568 28624
26850 29935 26252
26747 29460 27680
26628 29355 27893
26538 28674 28786
28647 26689 28382
28126 28557 26280
27660 27432 29081
27141 27480 29365
26853 30219 24488
26801 29655 27445
26717 29976 26773
26476 30306 25687
26518 27303 29694
26624 28879 28733
26350 29301 28221
26286 30377 26419
25647 29641 28366
28440 26564 28889
27650 29220 26166
27292 27840 29057
27189 28109 29101
26772 30313 24833
26950 25582 29979
26494 30218 26449
26078 28762 28935
25938 30489 26729
25814 29154 28674
25652 30605 26839
25096 31219 25551
24174 28047 29444
28960 26331 28295
28398 27203 28133
27239 28872 27861
26802 29554 27337
26425 29077 28498
26215 30392 26644
25916 30114 27469
25880 30668 26205
25732 27059 29792
25499 29200 28718
25455 28378 29282
25461 31136 25461
25255 27607 29670
28977 26907 26149
28787 26718 27925
28694 27123 27726
28511 27659 27282
28350 24796 29468
28139 25726 29410
27819 25442 29724
27468 25646 29747
27406 29178 27010
26921 28805 28454
26911 30078 25263
26785 30127 25490
26553 27159 29645
26073 29664 27982
26003 28436 29206
25252 29665 28166
29188 25951 27122
29077 25028 28544
28851 26775 27739
28546 27932 26358
28129 28548 26446
27653 27555 28932
27591 28190 28544
27253 28663 28252
27068 28929 28146
26631 29611 27622
26535 28203 29196
25924 30656 25896
25706 30862 25967
25642 27434 29724
25227 25990 29956
28889 26928 26509
28889 26577 28053
28857 25357 28827
28803 26646 27877
28367 27958 27089
27854 29113 25729
27643 27133 29337
27160 29725 26053
27070 29671 26647
27003 29997 25198
26866 29464 27544
26670 29709 27415
26660 30195 25893
26643 30225 25537
26178 30303 27017
25953 29171 28554
25747 30822 25874
25627 30611 27056
25341 27812 29617
25293 30795 26520
24705 31780 24112
24551 31220 25947
24685 31631 24811
24291 31711 24965
29013 26400 27452
28491 26856 28471
28253 28345 26897
27915 27676 28390
27260 29527 26709
26592 30508 23523
26502 29589 27834
26418 30042 27011
26224 26989 29757
25735 30716 26313
25607 30561 27093
26053 26702 29894
25425 31494 23686
25106 31285 25483
28837 27444 26382
28727 27137 27210
27777 28196 28114
27491 28730 27790
27257 28650 28292
27210 29320 27255
27033 29793 26373
26538 29083 28457
26486 30407 25535
25943 30597 26349
25887 27468 29682
25549 30873 25934
24901 31555 24587
24066 32002 23922
28862 27191 26453
28732 25308 29008
28342 27916 27146
28180 26711 28944
28117 26559 29166
28007 28527 26955
27942 26031 29452
27731 29092 26417
27651 27636 28898
27182 29789 25587
27154 28872 28020
26933 29335 27639
26795 29117 28289
26760 28362 29073
26589 29642 27652
26384 26963 29806
25944 28642 29077
25852 27826 29475
25800 31092 24249
25577 30485 27288
25156 29205 28724
24840 30400 27512
25144 30899 26578
28697 26166 28614
28149 26839 28994
28011 27322 28851
27721 28742 27120
27578 29038 26807
27261 29459 26710
27084 29976 24716
27195 24932 29992
26668 30004 26778
26436 30193 26889
25978 31077 24619
25825 30739 26020
26055 29281 28526
25376 31095 25888
24830 28654 29256
28788 27108 27146
28510 27562 27386
27842 29058 25795
26864 28216 29011
26610 30183 26254
26462 26574 29841
26124 30549 25897
25851 30063 27800
25484 30746 26519
29338 24536 27961
28924 26842 26835
28811 25475 28804
28684 27489 26827
28654 26137 28773
27881 24532 29734
27796 28751 26876
27767 25928 29662
27765 28389 27988
27699 28582 27694
27418 29172 27159
27411 29225 26845
27308 29124 27446
27210 29905 24632
27192 28823 28049
26806 30102 25576
26710 28809 28591
26563 28594 28904
26475 28162 29287
26469 27045 29722
25893 30791 25696
25683 31119 25134
24374 31848 23687
29089 25795 28167
28950 26733 26859
28678 27630 26113
28231 28409 26270
27648 29175 26303
27528 28297 28267
27042 28467 28722
26654 30171 25945
26534 29960 27127
26421 30367 25987
26066 27939 29462
25740 30824 25933
29105 26287 27375
28269 24712 29492
28017 27430 28642
27902 28948 26285
27493 29181 26915
26964 28096 29138
26754 28435 28867
26357 30126 27105
26247 30480 26056
26195 30444 26157
26160 30517 25898
25904 30700 25986
25720 30774 25970
25382 29799 28066
25149 31519 24077
25031 30351 27511
24783 29981 28035
24040 31240 25875
29045 26325 27635
28239 27815 27817
28173 28008 27523
27667 28271 28005
27653 27984 28690
27521 29480 25456
27407 28857 27520
27103 29496 27092
27029 29769 26508
26827 29327 27791
26546 29917 27256
26515 28306 29108
26465 30231 26362
26455 30321 26086
26286 30408 26274
25908 29795 27964
25457 31141 25354
25236 31427 24418
29246 25565 27826
28711 27497 25757
28576 26654 28467
28122 28601 26132
28013 27756 28351
27797 28143 28062
27393 29178 27376
26673 30112 26398
26617 26983 29731
26602 29856 27283
26316 30401 25815
26046 29677 28059
25956 31141 23992
25498 31185 25110
25355 29756 28106
25313 31363 25091
29207 25950 27348
28882 26630 27739
28608 26255 28750
28169 28468 26657
27947 28451 27283
27847 29166 25415
27586 27238 29237
27573 27786 28929
27283 27848 29104
26876 30098 25512
26807 27345 29513
26696 29529 27659
26661 30006 26837
26307 30000 27337
26301 30234 27176
26021 30224 27253
25589 31097 25233
25341 30894 26407
25034 30665 27172
24991 31254 25501
23999 30953 26543
23977 31270 25899
28503 25967 29133
28246 28398 26583
28096 25941 29477
27877 28954 26502
27531 28425 28173
27289 26185 29839
27097 29665 26664
26681 30036 26583
26331 30739 24555
25947 30515 26553
25827 31119 24204
25831 27637 29626
25452 31370 24773
25353 31254 25115
23934 31840 24768
28886 27025 26869
28800 26644 27937
28546 25118 29155
28061 26799 29083
28093 28313 27368
27867 28604 27205
27632 28333 28163
27251 28978 27792
27173 29329 27465
26970 29568 27257
26920 30086 25203
26862 28988 28384
26799 30104 25635
26522 28243 29222
25736 28476 29186
25663 29209 28601
24970 31211 25697
28855 27244 26139
28770 25880 28463
28753 25926 28697
28674 27068 28053
28174 25954 29318
28125 26856 28897
27724 29145 26103
27688 28197 28179
27315 29378 26733
27293 28109 28953
26893 27550 29460
26786 29693 27260
26773 30124 25777
26667 28832 28560
26648 27437 29594
26612 30360 25337
26603 30298 25461
26388 30615 23960
26353 30469 25352
26230 29514 28036
26137 30814 23848
26013 30172 27262
25774 29871 27991
25728 30852 25678
25598 29683 28160
25572 30714 26707
25559 30939 25866
25197 30348 27420
24924 31396 25360
29048 26650 26582
28046 28813 25368
27731 28268 28059
27524 28281 28490
27497 28341 28255
27295 29684 25766
27243 28871 27955
27190 29275 27391
27168 29283 27510
26841 29546 27469
26771 30133 25462
26749 29932 26739
26731 30146 25620
26633 28617 28782
26603 30496 24180
26552 30323 25532
26371 30374 25959
26347 27815 29487
26093 28350 29280
26077 30897 24224
25764 30769 25908
25704 31098 24892
25471 27946 29517
24841 31189 25909
29330 24597 28058
28781 27161 26832
28442 27973 26843
28098 27888 27972
27962 28440 27596
26634 30215 26035
26526 30174 26415
25936 29529 28180
25885 26386 29897
25787 29977 27879
25655 30119 27645
25672 31073 25224
25405 30968 26048
25389 27008 29816
24263 31861 23522
29026 26529 27085
28882 26887 27316
28153 28580 26227
28061 26014 29354
28060 27665 28368
28015 26046 29399
28019 28236 27613
27627 26485 29630
27506 29391 26253
27378 27009 29544
27186 28898 27862
27146 28230 28866
27133 26896 29678
27050 29398 27306
26824 29941 26495
26638 29310 28013
25916 29479 28217
25816 30851 25487
25494 30192 27603
25235 31307 25271
25234 29938 28021
25055 31374 25199
25036 31514 24300
24855 31595 24301
29034 25940 28120
28985 24147 28753
28671 27683 25799
28596 27624 27074
28224 28462 25956
27675 28734 27475
27669 29144 26327
27488 26037 29737
27317 28070 28873
27192 26440 29768
27162 29420 27175
27009 29813 26598
26901 29772 26978
26848 29973 26317
26832 27274 29571
26775 29990 26464
26615 30397 24443
26273 28898 28705
26244 30786 24047
26531 29509 28028
26144 29682 27974
26074 28776 28977
26032 30845 24885
25988 30788 25660
25286 29339 28624
24614 30928 26546
29335 24534 28021
28808 25473 28864
28762 25505 28909
28588 27624 27144
27763 27577 28736
27701 28625 27499
27420 29215 26964
27330 25395 29911
27297 28020 28910
26751 29739 27302
26419 29947 27157
26396 30206 26719
26351 27082 29733
26277 28187 29257
26034 30112 27446
25960 30698 25733
25475 27213 29763
29276 24922 27987
28758 27249 26787
28534 27091 28197
28493 27662 27442
28224 26897 28677
28108 26708 29100
28101 26337 29274
27933 28406 27600
27667 26699 29439
27643 28784 27426
27533 29101 27126
27396 29581 26359
27222 27563 29275
27102 26815 29700
27039 30039 25035
26913 30088 25262
26619 30384 24610
26581 30362 24834
26047 30671 25787
26036 30832 25052
25927 30631 26193
25927 30541 26759
25859 30766 25872
25743 30615 26743
25543 31051 25436
24304 31583 25156
28953 25144 28811
28834 27261 26424
28098 28121 27402
27876 28104 28028
27527 25740 29744
27232 26763 29688
27045 27729 29253
26679 28396 28955
26336 29353 28204
26089 30873 24345
26055 30961 23597
25990 27488 29644
25834 30823 25739
25715 30988 25609
25634 27064 29781
25373 31173 25457
25360 30924 26302
25259 31268 25191
25080 31445 25103
24674 31585 24901
24235 31357 25731
28789 26259 28422
28562 27826 26817
28486 26905 28466
28237 27003 28565
28162 28521 26343
28098 27258 28769
27940 28504 26969
27723 28050 28418
27514 28762 27638
27125 29061 27786
27072 29951 25146
26785 28796 28575
26745 29908 26874
26573 28576 28873
26461 30187 26672
26268 28956 28675
26213 30460 26074
26123 30406 26668
26114 29166 28587
25979 30982 24765
25953 30700 25792
25833 29756 28052
25586 29017 28792
24721 31246 25835
24333 31423 25462
29115 24769 28524
28812 27140 26927
28676 27166 27550
28582 26134 28929
27940 28833 26448
27857 28796 26770
27756 29101 25999
27710 28538 27611
27546 25481 29751
27437 26496 29733
27406 28634 28257
27016 28968 28112
26922 30066 25920
26735 29558 27577
26447 30347 25845
26349 30140 27071
26277 30504 25452
26069 30814 24478
26063 30808 25025
25735 30522 26865
25498 28357 29335
25455 31043 25666
25330 30848 26497
25130 31246 25403
24951 31423 25315
24630 31667 24634
24545 31563 25113
24498 31586 25053
24170 31529 25589
24089 31843 24695
23561 31979 24036
29491 24491 27516
29155 26097 27149
28741 26073 28691
28615 27427 27008
28547 26811 28324
28350 27530 27857
28215 25264 29513
28212 26998 28645
27961 27696 28367
27561 29039 27070
27338 29281 27027
26859 29505 27377
26715 29346 28005
26645 28440 29008
26547 29959 26934
26298 30760 24143
26295 30416 26214
26191 30807 24147
26169 27937 29417
26135 30483 26097
26083 29515 28129
25802 30105 27594
25736 30867 25549
25318 29713 28145
25019 31553 24564
24820 31590 24524
29168 26006 26435
28650 27700 26084
28572 26684 28598
28519 27553 27466
28468 26040 29010
28420 28334 25883
28092 27590 28551
27934 25661 29509
27811 28180 28016
27791 29042 26214
27778 28831 26796
27764 28663 27464
27752 29149 25859
27722 28750 27119
27660 27921 28804
27652 26712 29549
27593 27261 29115
27297 29664 26483
26558 29992 26908
26453 26933 29766
26146 29904 27615
26084 30012 27587
25725 31140 24434
25664 30555 26838
25623 31226 24641
25330 30080 27773
24730 31583 24648
24593 29995 27997
24693 31416 25539
29059 26515 26449
28993 26345 27779
28184 27964 27440
27911 25922 29562
27819 27557 28870
27799 29016 26384
27777 29191 25802
27624 28078 28511
27378 28779 28041
27338 29362 26713
27173 29758 25980
26968 29018 28077
26963 30268 23841
26796 29965 26550
26673 30358 24706
26670 30014 26777
26635 30201 26110
26434 30583 24368
26412 29949 27216
26331 30258 26572
26140 29951 27614
26131 30581 25759
25856 29770 27992
25796 31254 24004
25765 29585 28327
25481 30760 26588
25436 31482 24343
25201 31236 25284
23881 31655 25038
28811 26540 28061
28804 27334 26466
28735 26405 28473
28686 26424 28474
28651 26633 28293
28619 27622 26834
28189 27098 28787
27739 28200 28118
27707 28690 27371
27426 29280 26836
27419 26319 29739
27381 28262 28690
27100 28852 28155
27081 26597 29782
26775 27587 29471
26714 30318 24613
26616 28918 28461
26585 29804 27407
26561 27152 29675
26401 29311 28186
26363 30312 26370
26120 29901 27651
25868 28337 29317
25772 30780 25899
25604 29658 28285
