90 3
25682
517 380 450 653
508 499 424 723
501 848 963 550
561 893 557 461
693 583 214 484
669 102 150 931
483 395 947 893
501 813 411 547
604 897 754 937
692 852 392 414
570 94 279 327
544 404 99 468
465 288 829 549
646 420 430 42
542 166 722 116
463 630 472 326
547 874 932 279
517 153 939 461
565 525 364 46
663 673 472 80
559 318 554 947
598 991 832 914
477 562 421 932
580 902 863 985
578 940 892 469
637 626 476 706
645 889 304 778
469 874 872 340
518 830 402 314
653 802 738 174
672 838 920 943
596 579 217 774
487 239 339 174
614 166 919 207
552 923 709 837
574 649 985 700
502 467 220 534
614 694 970 916
458 491 736 535
464 351 936 601
587 591 142 71
658 839 689 560
693 209 849 940
531 142 434 294
521 643 812 793
689 252 468 792
672 573 346 390
463 766 152 830
696 830 464 723
610 581 54 503
637 187 852 760
629 272 924 457
617 10 447 332
521 312 21 22
504 461 236 397
568 575 79 327
520 845 834 479
502 380 823 40
542 920 751 244
543 442 719 147
587 729 518 977
600 560 485 807
449 920 368 762
484 198 429 619
525 86 223 442
508 7 510 450
533 462 214 248
550 875 563 391
566 107 595 422
593 413 794 981
650 575 124 562
570 737 741 963
502 868 927 373
599 369 830 441
483 775 949 789
674 95 107 520
489 958 873 617
578 235 935 553
690 811 912 508
468 19 514 116
475 112 393 590
653 448 506 724
453 343 805 25
641 593 186 192
690 238 240 686
581 784 147 472
647 379 267 317
633 37 504 2
603 936 688 701
689 670 526 366
4670
29558 35792 27811
30318 32839 31866
29788 33646 31378
29472 35951 26879
29671 31148 32780
29937 35355 28932
29562 32873 31953
29428 35562 28546
29264 30436 33035
29649 33660 31409
29367 32966 31994
29562 35391 29283
29511 32532 32155
29441 30900 32836
29517 32685 32100
29273 35675 28734
29406 32964 31945
29778 34658 30254
29340 31707 32686
29473 34792 30372
29108 32067 32548
29667 33654 31479
29554 35796 28191
29015 34128 30952
29552 33746 31243
29339 32249 32348
28986 32754 32192
28918 33136 31880
29760 34459 30673
29071 33664 31478
29162 31737 32704
28801 32774 32231
28887 34266 30928
29003 34109 30963
29146 35467 29194
29162 32336 32459
28977 31301 32902
28265 33763 31381
28949 31524 32850
29100 34479 30782
28543 34119 31109
28425 31797 32830
28584 32340 32528
28541 35778 28687
27983 30368 33389
28409 35986 28212
28388 36226 27476
27990 30004 33407
28126 35615 29131
28391 30711 33246
27894 31203 33133
28206 36255 27197
27123 29642 33517
27867 30984 33226
28736 35585 28885
34680 27955 27181
34596 28803 28015
34250 30380 28581
34218 30895 28139
34187 29895 29604
34158 31166 27601
34094 30195 29782
33837 30625 30167
33751 31965 28161
33617 31881 28533
33537 31766 28993
33606 31888 28934
33483 30393 30717
33503 32260 28427
33433 32317 28435
33338 30878 30617
33266 31832 29754
33274 31473 30227
33115 32015 29819
33149 32708 28178
33078 32026 29915
33031 32336 29556
32930 32191 30006
32927 30620 31124
32851 32515 29723
32829 31230 31031
32753 32803 29315
32669 32649 29675
32805 32885 29233
32750 30450 31313
32691 32534 30222
32558 33668 28463
32597 31787 30981
32396 33902 28504
32408 30807 31536
32345 33626 29010
32266 34012 27920
32370 32276 30789
32253 33204 29921
32272 33737 29304
32064 32127 31132
32208 32972 30249
32043 33500 29691
32088 33980 28745
32111 33066 30265
32042 34350 28255
32026 32994 30568
31928 33999 29244
31742 33923 29587
31611 31582 31836
31506 33520 30231
31615 29922 32062
31567 31052 31871
31648 34784 27655
31488 30538 32112
31519 33326 30630
31509 30284 32060
31512 33475 30484
31495 34091 29511
31365 34568 29135
31303 34299 29641
31168 33737 30424
31278 35002 28531
31317 34348 29292
31257 35069 27978
31193 32453 31553
31158 31119 32132
31216 34733 29037
31035 30007 32402
31120 34964 28557
30902 34319 29696
31093 31503 32100
31068 30266 32319
30836 30981 32338
30784 33361 31029
31035 33608 30978
30649 30219 32537
30653 33650 30979
30849 31201 32267
30642 35183 28564
30881 32276 31987
30608 34251 30429
30795 34375 30018
30480 31962 32182
30441 34450 30382
30392 32962 31636
30189 31227 32516
30614 33185 31483
30404 32072 32203
30441 34823 29769
30266 33040 31730
30273 32651 32013
30204 32142 32215
30192 35231 28903
30322 34849 29699
30100 30571 32741
30260 34662 30023
30063 33264 31680
29777 35143 29571
29427 30061 33045
29847 33856 31167
29611 35501 28767
29540 35033 29794
29597 35305 29508
29687 31694 32591
29471 30367 33006
29681 33306 31681
29329 34875 30058
29379 32770 32162
29547 34246 30819
28911 36103 27380
29637 33919 30978
29517 32219 32330
29181 31961 32641
28978 30932 33014
29292 30213 33087
29174 33933 31229
29070 35477 29010
29260 34579 30518
28762 31711 32755
28639 36216 27091
28866 35013 29918
28754 31117 33030
29409 34101 30971
28400 30936 33083
29089 33658 31548
28695 35139 29879
28954 34302 30839
29099 31842 32711
28371 31528 32919
28357 31299 33010
28531 35211 29771
29123 34818 30167
27794 36004 28284
27738 36362 26445
28664 35342 29515
28241 36014 28121
28240 36137 27668
34534 28719 28487
34513 29158 28116
34400 30232 27838
34356 30383 27799
34247 30892 28163
34158 30601 28807
34275 31132 27430
34152 30952 28958
34071 31204 28313
33990 31203 28852
33953 31558 28224
33595 32225 27807
33768 31183 29611
33555 31612 29440
33544 31992 28827
33317 32108 29248
33202 32564 28502
33102 32977 28433
33061 31902 30056
32933 33250 27758
32648 33388 28154
32667 33560 27543
32695 31335 31143
32640 33106 29313
32631 31930 30753
32648 32054 30612
32644 32275 30290
32421 32543 30420
32549 33614 29027
32367 33220 29606
32435 32483 30441
32287 32657 30395
32225 33478 29372
32587 30198 31521
32186 32975 30069
32243 31555 31531
32221 32163 30908
32212 30769 31604
32168 32337 30909
32076 32648 30808
32162 32717 30407
31985 32451 30849
31991 34074 28761
31934 33728 29613
31811 31512 31824
31715 34347 28698
31744 30769 31979
31593 33086 30835
31800 34419 28395
31444 30232 32151
31436 34251 29456
31229 33866 30212
31312 33897 30013
31239 33534 30586
31152 33968 29982
31269 34168 29723
31342 32901 31295
31055 32373 31688
31073 30349 32297
31058 34203 30090
30863 33037 31312
31222 32810 31457
30957 30899 32328
30809 31333 32318
30580 34914 29070
30880 34447 29715
30732 35604 27100
30605 33430 31136
30530 32295 31964
30673 34459 30021
30790 32767 31750
30711 33091 31467
30386 32078 32133
30270 35417 28053
30173 33387 31429
30431 32994 31605
30204 31070 32637
30070 35702 27587
30016 33005 31748
30054 30752 32776
29742 35549 28370
29758 35722 27799
30041 34486 30326
29804 31306 32620
29849 31243 32693
29873 35105 29448
29740 31471 32703
29427 35744 28208
29503 30887 32900
29800 34952 29939
29686 32063 32479
29412 33154 31847
28958 35556 29045
29357 29829 33119
28709 36203 26610
28602 35954 28013
29290 34853 30151
28721 35928 28083
29437 33761 31301
28886 33490 31608
28705 29992 33319
28399 35829 28480
28604 32796 32193
28595 32571 32356
28267 35833 28727
28726 35611 29009
28739 32137 32517
27116 30006 33499
34493 29628 28289
34335 29810 29026
34360 30268 28109
34181 30127 29433
33991 30515 29765
33982 31529 28354
33928 30934 29759
33924 30395 30048
33703 29711 30377
33610 30011 30555
33347 31993 29311
33320 30141 30925
33152 32211 29648
33244 30736 30933
33124 32905 28124
32966 33120 27799
32820 33030 28852
32736 32179 30366
32389 33676 28670
32287 32648 30532
32418 32359 30582
32162 33342 29759
32194 30721 31640
31894 32782 30760
31837 33519 29836
31906 34002 29064
31752 33737 29776
31880 31373 31751
31828 34622 27718
31651 33719 29937
31736 33791 29634
31665 34171 29172
31669 34717 28208
31560 33945 29906
31576 33042 30907
31476 31743 31748
31319 34965 27684
31448 31330 32044
31403 31840 31886
31105 35237 27147
31267 32300 31615
31228 33206 30871
31226 30690 32243
31040 34471 29569
30921 32478 31800
30819 34328 29881
30739 30568 32467
30612 34261 30173
30763 31514 32353
30681 31518 32261
30530 35244 28166
30491 30426 32562
30456 35284 28359
30526 33754 30853
30397 32751 31780
30252 35463 28236
30403 34001 30693
30476 32427 32063
30498 35537 27663
30372 30997 32483
30204 29831 32790
30181 30760 32695
30264 34690 29802
30078 34268 30602
30257 31837 32330
30042 31521 32535
30025 34556 30106
29980 34087 30923
29745 30744 32797
29726 33494 31534
29510 32481 32212
29280 32638 32214
28950 31155 32962
29046 29661 33191
28780 36055 27777
29240 35809 28367
29385 32960 32064
28964 35812 28336
28587 30122 33396
28896 35287 29551
28492 35708 28954
28629 34101 31049
28917 34540 30561
28600 35905 28381
28036 32127 32640
28263 33306 31824
27899 29588 33488
28399 31305 32971
27090 29596 33567
34334 30289 28657
34354 29327 29276
33637 32155 28315
33396 31784 29531
33481 32536 27617
33348 32375 28629
33156 32986 27363
32907 33171 28580
32908 32719 29104
32811 33219 28535
32836 32049 30322
32821 32949 29223
32373 33352 29559
32331 30242 31658
32253 32505 30760
32118 30154 31735
31979 32735 30636
31853 31792 31547
31717 34626 28477
31566 32092 31678
31672 32762 31118
31558 31739 31840
31346 29746 32270
31422 33420 30646
31371 30541 32162
31246 33158 31178
31046 33601 30577
31097 33504 30684
30946 35332 27637
31050 34285 29758
30971 31954 31998
30878 34711 29190
31035 34892 28860
30971 34637 29486
30884 35239 27840
30748 33941 30677
30594 32729 31818
30505 35078 29143
30430 34495 30054
30307 34143 30623
30534 33339 31356
30367 31322 32429
30484 35145 28590
30408 31687 32409
30115 35036 29308
30326 31691 32317
30047 35257 29169
30094 33711 31146
30243 33915 30995
30031 30442 32834
29936 32881 31867
29954 34920 29722
29717 33269 31697
29648 33895 31034
29840 34554 30361
29713 32257 32262
29429 32417 32214
29668 32069 32409
29094 36042 27601
29216 32204 32360
29891 32693 32014
29136 32473 32298
28604 30924 33100
28249 35715 28770
28335 32970 32050
29327 34615 30429
28745 30907 33078
28487 32434 32544
28889 32455 32378
28288 36141 27504
27882 30165 33480
34416 29803 28374
34077 30600 29346
34015 30704 29640
33751 31776 28421
33510 31244 30019
33441 31991 28933
33363 32122 29051
33331 30506 30814
33274 32752 28023
33188 32440 28861
33098 32826 28946
33081 30484 31141
33240 31330 30455
33015 32295 29674
32687 33054 29335
32636 33011 29521
32477 30668 31463
32303 32159 31000
32154 33971 28644
32229 34100 27556
32081 32251 30991
32195 33382 29577
32286 33786 28955
32029 34140 28690
32019 33800 29310
32030 31984 31360
31918 34185 29055
31614 32175 31471
31657 33851 29890
31510 33981 29577
31409 33614 30247
31450 32925 31009
31509 32510 31326
31143 33902 30400
31134 32049 31971
31102 30974 32251
30902 33946 30309
30835 31350 32226
30883 32976 31398
30750 32882 31573
30793 34639 29493
30517 34839 29553
30468 35127 28757
30710 32921 31623
30000 31344 32552
29991 34871 30108
29708 33500 31464
29817 35624 28263
29564 30203 32952
29699 30925 32832
29178 35540 28873
29035 35915 27907
29558 35027 29864
28959 31307 32832
28800 35022 30019
28545 32956 32138
27983 30428 33328
28237 29797 33424
28127 32729 32350
28098 36330 27040
34437 29796 28156
33705 30413 30359
33493 31716 29333
33140 32295 29409
33049 31567 30593
32840 30850 31243
32773 33276 28692
32749 33323 28829
32677 30598 31451
32564 32866 29552
32636 33384 28908
32509 32668 30174
32432 32163 30632
32507 33247 29447
32303 32650 30330
32210 32543 30696
31957 32674 30738
32069 30110 31795
31937 32368 31056
31855 30640 31853
31744 33248 30384
31672 33442 30319
31439 34547 28758
31554 34186 29340
31521 31233 31906
31497 33827 30036
31159 33592 30574
31012 29965 32440
30926 31766 32145
30828 35050 28870
30799 30537 32398
30640 30972 32390
30714 29835 32569
30722 34422 29897
30664 33270 31191
30799 30101 32521
30880 34074 30328
30359 29504 32742
30425 31287 32394
30294 30616 32597
30289 30683 32622
29939 35654 27984
29826 35773 27193
30005 35377 28442
29820 35465 28392
30072 34284 30465
29804 35447 28559
30064 34760 29814
29645 31698 32499
29841 29425 33006
29312 32055 32565
29916 32425 32202
29371 35857 27970
29333 30759 32958
29021 36144 26939
28932 35739 28657
28623 29996 33227
28753 31486 32918
29127 31619 32763
28667 34891 30275
34453 28933 28743
34391 29883 28246
34052 31472 28346
33845 31688 28752
33422 31308 30136
32863 32895 29100
32764 33295 28659
32803 32432 29930
32720 32813 29536
32779 31765 30662
32717 32634 29780
32574 33115 29414
32412 32891 29777
32434 32888 29957
32153 30770 31724
32080 31303 31739
32107 30951 31759
31795 30671 31922
31779 34522 28183
31705 30322 31992
31899 32273 31310
31860 34372 28574
31521 30797 32029
31465 31156 32031
31340 34898 28237
31126 35170 27700
31003 31154 32170
31158 33923 30235
30757 34233 30143
30558 32072 32016
30583 35441 27827
30291 35350 28606
30062 29998 32769
30108 31150 32581
30238 34912 29535
29946 35537 28387
29979 33828 30996
29444 35877 27603
29244 35805 27987
28850 35667 28794
28614 32196 32538
28781 31263 32970
28298 33838 31323
28346 30774 33173
28559 35459 29375
28293 35650 29115
27886 31809 32779
28801 34584 30620
28017 32575 32425
34294 30864 27397
33861 31817 27980
33689 31507 29328
33527 31495 29581
33482 31723 29734
33412 32107 29019
33423 30127 30918
33303 31821 29658
33123 32327 29333
33078 32399 29302
32967 31571 30501
32836 31444 30765
32918 32045 30414
32645 31870 30774
32669 32537 30042
32620 33564 28169
32613 31528 30922
32566 32614 30029
32568 31576 31067
32089 33069 30085
32291 31638 31324
32153 31155 31601
32040 33897 28952
31914 33526 29715
31955 30276 31826
31854 33420 30000
31690 33438 30085
31659 31665 31629
31496 33180 30851
31318 33210 30869
31353 32521 31507
31343 33437 30549
31284 33079 30951
31026 32772 31525
30551 34357 30103
30370 32557 31997
30221 33607 31272
30030 30811 32722
29982 32409 32096
29476 32676 32146
29226 35416 29017
28661 36081 27707
28947 35409 29355
28513 35974 28022
27912 35887 28594
34658 27511 27588
33837 30998 29554
33588 30754 30300
33493 31343 29946
33479 31403 29925
33351 32646 27033
33246 32614 28162
33347 32641 27729
33277 31793 30036
33183 31462 30481
33194 31082 30693
33043 32099 29788
32717 31549 30828
32671 30614 31314
32468 32013 30822
32420 31930 31029
32111 33485 29398
32016 32044 31339
31932 34234 28706
31817 32277 31218
31861 33044 30592
31422 32740 31445
31358 30981 32114
31231 33765 30280
30962 31013 32194
31044 31700 32041
30523 35209 28494
30354 30149 32651
30300 32845 31796
29919 33071 31753
29146 30566 33112
28231 35498 29271
28605 34739 30431
28388 33640 31591
34441 29598 28527
34273 29541 29532
34248 30413 28532
34077 30973 28733
33655 30759 30119
33571 32303 27394
33541 31299 29631
33379 31722 29840
33404 32346 28305
33083 32837 28630
32945 31211 30826
32836 31860 30451
32523 30923 31305
32425 31533 31212
32359 33134 29798
32140 33345 29579
32164 31879 31248
32158 30853 31702
31835 33339 30202
31687 32346 31383
31610 33592 29958
31638 32523 31192
31143 34275 29787
31368 34624 28786
31182 32132 31764
31012 30625 32321
30808 31702 32206
29985 35966 26386
30181 32176 32217
29127 35182 29586
28787 35919 27982
28641 36152 27216
28408 32758 32261
34356 30516 27514
33588 32042 28487
33472 30773 30505
33285 32183 28896
33277 32698 27737
33222 30739 30753
33189 32318 29232
33063 31371 30643
32817 32183 30080
32634 32250 30562
32358 33959 28661
31741 34579 28340
31585 33317 30529
31046 33228 31190
30710 34614 29684
30533 33121 31485
30129 35542 27642
30121 34041 30789
30091 35289 28724
29830 32134 32301
29805 30937 32732
29655 30619 32871
29832 32853 31959
29672 33081 31844
29596 35419 28855
29162 36093 26995
29264 35762 28230
28146 32281 32565
33763 31692 28660
33689 32069 28054
33692 31110 30067
33291 31970 29473
33005 32405 29321
32992 32460 29099
32932 32676 29280
32765 33478 27562
32850 31800 30472
32753 33340 28391
32579 31196 31279
32572 32743 29691
32208 30877 31548
32280 32018 31112
32209 31642 31232
32252 32910 30276
31806 32657 31006
31553 32451 31495
31430 32834 31043
31335 34035 29646
30603 29964 32695
30491 34065 30600
30652 34788 29402
30226 34987 29302
30134 35471 27983
30096 35752 27109
30172 35006 29489
30229 35081 29112
30108 33452 31533
29361 32776 32092
28870 35470 29163
28761 35844 28281
28570 30589 33157
28434 32022 32667
28544 33128 31966
34483 29877 27737
34291 29961 28987
34135 31117 28245
33785 32178 27256
33544 31619 29440
33401 31958 29236
33120 32754 28637
32922 32564 29478
32975 33064 28236
32900 31454 30712
32586 33191 29018
32434 31681 31179
32108 34341 28154
31958 33323 29963
31867 33238 30223
31737 34344 28878
31598 31941 31653
31519 33699 30017
30272 33852 30884
30240 33177 31569
29866 35714 27570
30023 31896 32353
29924 33043 31681
28977 36094 27279
29427 34095 31041
29044 33470 31695
28603 31892 32743
34098 31193 28096
33757 31563 28998
33610 31114 29975
33319 31477 30020
33076 31716 30180
33064 32086 29894
32774 32451 29829
32849 32205 29988
31526 30880 32007
31122 34458 29464
30976 33706 30514
30315 35368 28016
30249 31258 32490
29820 31958 32367
29714 34216 30821
29362 36023 26983
29337 35112 29868
28623 32348 32408
28456 36277 26870
28453 31574 32882
28472 31199 33064
33950 31170 29155
33928 31307 29146
33425 32362 28033
33520 30509 30358
33406 32123 28882
33444 31777 29302
33208 32351 29079
32933 32410 29525
32871 31786 30482
32697 32325 30079
32492 33677 28564
31667 31802 31580
31007 33882 30429
30417 30934 32556
30062 31331 32616
29721 35470 28708
29618 34558 30518
28841 33302 31755
28769 33128 31959
28403 35513 29231
28904 35268 29624
34055 31418 28060
33751 31403 29034
33743 29570 30446
33535 32403 27592
33393 32353 28706
33420 30998 30401
33214 32480 28741
33090 32995 27464
33161 31465 30301
33240 31141 30584
32995 30865 31066
32896 32048 30234
32886 31514 30691
32533 32759 29850
32495 33733 28215
32387 32773 30035
32090 33343 29883
31803 32473 31168
31957 34278 28558
31661 33114 30604
31570 34285 29286
31152 33288 30781
31222 33490 30658
30977 35007 28427
30966 30146 32475
30410 34631 29949
29805 30035 32895
29841 35398 28945
28283 33757 31451
28119 35519 29188
28308 33494 31677
27875 31578 32951
34564 29249 27282
34211 31086 27503
33603 31740 29039
32984 31695 30360
32945 33114 28423
31993 33437 29899
32047 31517 31599
31870 31916 31406
31957 32787 30709
31527 34851 27803
31195 31557 32060
30822 35167 28437
30001 30975 32664
29624 35783 27710
34005 30840 29027
33661 31931 28193
33484 32482 27331
33240 31746 30141
33149 32641 28395
33219 31971 29692
33185 32596 28827
32691 31929 30665
32478 32882 29676
32359 33507 29185
31867 31732 31568
31839 33047 30412
31769 33348 30303
31814 32105 31459
30171 35422 28369
29300 33094 31879
34169 30594 28837
33899 31799 27362
33791 31368 29064
33705 32198 27282
33419 32267 28524
33047 32868 28444
32927 33266 27621
32470 31029 31309
31859 31595 31617
31343 33064 31162
31273 30279 32285
30895 35056 28143
30747 35009 29003
30514 34263 30142
28671 35412 29324
28526 33134 31896
33256 30882 30525
33214 32107 29354
33154 30336 31003
32886 31098 31005
32920 33200 27774
31672 33488 30065
29785 31659 32556
29482 31446 32707
29067 35711 28468
28932 32485 32281
28999 33856 31280
26395 29669 33595
34181 29965 29663
33627 31611 29221
33462 31996 28735
32755 31458 30747
32482 33124 29637
32207 34172 27865
30964 34215 29803
30435 31881 32192
30041 31890 32423
29735 30172 32881
29901 34522 30178
34690 28043 26749
34509 29691 28033
33942 31565 28625
33684 29997 30567
31958 33669 29379
31854 32740 30799
31776 32972 30895
31678 33158 30532
31135 33244 30853
30726 33684 30841
30252 35694 26493
30357 33539 31218
30232 33227 31484
30404 34499 29996
29991 29743 32867
29261 35396 29179
34190 30960 28006
34156 31531 26747
33177 32846 28039
32702 33064 28897
31824 33745 29380
31933 33096 30283
31878 29436 31944
29444 33907 31017
29228 36084 26894
28861 33753 31382
33501 30984 30419
33481 31888 29199
33435 31464 29802
33192 32756 27931
32836 32720 29323
31245 32995 31311
30684 31838 32070
30260 33653 31165
29112 30704 33064
27894 35893 28524
34096 30332 29313
34128 31441 27604
34016 30016 30152
33384 32630 27633
33288 31413 30248
32500 32879 29856
32520 33403 29113
31874 34449 28299
31081 29826 32367
30844 31770 32053
30711 30791 32415
29193 35887 27988
28991 33724 31352
27827 32042 32691
27584 35809 28840
27545 36355 26683
34716 27655 27100
31554 33813 29953
30077 33993 30907
28815 35753 28569
33884 29804 30344
34034 30436 29607
33506 32046 28395
33538 32241 28193
32008 32403 30866
31700 30239 32014
31438 32593 31204
30340 35619 27094
30134 35695 26952
29364 36021 27517
29291 30582 32975
28571 33322 31749
34710 27680 26924
33830 31079 29317
33651 32228 27466
33400 31727 29642
32896 32421 29621
31968 32407 30921
30955 33381 30995
30743 32508 31818
29738 35805 27279
28871 32461 32308
33896 31853 27648
32754 32609 29739
32757 32184 30168
32253 32878 30147
30300 30233 32749
34686 27599 27248
34066 31545 27497
33754 31379 29160
33654 32033 28386
33570 30163 30598
33329 32488 28625
32514 32168 30587
31655 34357 28983
30397 33869 30740
29872 30013 32915
28982 35693 28471
28243 30840 33175
33747 30225 30237
33706 30914 30117
33543 32195 28045
33447 32086 28843
33381 32437 27830
32623 32289 30280
32612 32253 30382
31291 33985 29881
31112 34083 29967
30972 33794 30674
30719 30984 32388
29735 35666 27967
28996 35176 29791
27843 34139 31010
34645 28662 27639
34560 29152 27647
33697 29781 30436
33659 30655 30185
33314 32687 27641
33325 30522 30677
32778 33352 27817
32507 32777 29663
30868 33258 31208
30348 33784 30871
33961 30790 29367
33312 32605 28061
32986 33191 27673
32981 32493 29318
32887 32698 29203
32666 30966 31160
32287 33747 28866
28272 33075 32057
27555 36423 26224
27886 31882 32746
33816 31275 29267
33220 32202 29264
33059 33080 27379
32345 32953 30011
30542 31582 32297
29697 35723 28124
29682 35186 29279
29304 31351 32794
29373 30820 32926
27940 36019 28017
27994 36093 27738
33390 32381 28267
33115 32388 29206
33015 33116 26839
32330 31325 31412
32115 32056 31057
30003 35760 26333
29782 35271 29251
27955 35501 29240
27327 31438 33030
33281 32126 28959
33157 32075 29585
30217 31004 32568
29897 32849 31898
29676 35939 26896
29866 31654 32494
29341 31338 32798
29050 36034 27693
28396 35180 29913
33823 31964 27942
33530 31332 29850
32802 33434 27114
29634 35943 26789
29160 36033 27500
29645 29387 33074
29485 33268 31749
28939 35814 28263
28092 30752 33280
34250 30595 28298
33304 31753 29752
33195 31797 29944
30444 30934 32458
29606 35890 26968
28152 33936 31273
34097 29802 29896
32411 29753 31572
31723 33093 30461
31408 34525 28907
31055 33503 30812
30204 35083 29039
30237 32775 31868
29880 34180 30700
33789 29402 30540
33662 29784 30702
33247 32492 28533
32916 32432 29525
32839 32180 30260
32352 31685 31087
32160 32889 30456
31820 32597 31027
30454 31506 32374
30160 34031 30692
29214 33882 31187
28399 32533 32424
34662 27893 27551
33513 31990 29115
31888 32545 30865
31833 34113 29358
31496 30064 32131
31313 34113 29830
30477 35604 27110
30209 35571 27491
29823 30029 32965
28898 32680 32215
28216 35711 28923
33838 30046 30170
33415 32135 28673
33193 32975 27267
33125 31829 30008
32699 33487 27663
31350 33715 30105
31416 33990 29801
30722 29910 32526
30453 31875 32262
29720 33703 31232
28651 32456 32370
33746 29893 30273
33362 32126 28779
33152 29789 31007
33019 30241 31228
33042 32583 29001
32481 32542 30332
30061 35544 28067
29314 35557 28715
26792 29258 33613
28996 33963 31247
27787 36247 27283
34162 30394 29217
33528 32532 26991
33176 32478 28889
31553 32788 31048
30567 32926 31551
30228 34237 30528
29632 35550 28563
29668 35833 27370
29128 31250 32875
29490 32025 32547
27778 31672 32967
32911 33322 28067
32422 30946 31516
31175 32551 31525
30534 31059 32384
29695 31534 32630
29402 35964 27360
29096 30175 33155
28390 31080 33134
28041 35380 29639
34192 30916 28687
33122 32449 28962
32975 31836 30150
32514 32159 30724
31390 30276 32235
31308 33427 30672
30939 31326 32193
29586 35973 26448
33608 32292 27298
33064 31559 30317
32898 32318 29816
32129 34120 28136
31679 33818 29873
31054 33340 30945
31070 33309 30957
30612 34486 29891
30805 33360 31124
33174 32624 28125
32045 32726 30535
31926 34393 26673
31398 30413 32186
31135 34357 29455
30766 30216 32487
30948 31988 32000
30199 35694 26923
30341 30108 32701
28726 36194 26377
28804 36146 27165
32616 31659 30860
32142 33847 28720
31852 33845 29325
31102 34367 29676
30220 30360 32699
30253 33828 30939
28012 36087 27808
33232 32289 28900
32372 32729 30092
32077 33270 30062
31959 33475 29803
31190 32269 31715
30420 33626 31050
29442 30531 32948
29022 34954 30058
27808 36349 25964
34626 28930 27672
34250 30007 29194
33627 31238 29834
33266 32216 29067
33062 30870 30885
32661 32210 30278
31404 30800 32079
29608 30509 32913
29470 36015 26754
29064 29655 33261
28859 33296 31825
28442 36019 27901
34728 27742 26554
34670 28203 26947
34320 30867 26989
33640 32101 28029
33288 31224 30377
33106 31547 30200
31945 30989 31783
31466 32067 31736
30748 33743 30699
29535 36014 26725
28569 30128 33326
34279 30313 29181
33692 32131 27791
31852 32014 31378
31603 32555 31259
31068 33188 31196
29952 29296 32880
29828 35771 27727
29927 32656 32030
29446 35813 27728
29149 33318 31680
29000 35570 28891
28281 33300 31894
34305 30292 28633
33900 31664 28228
32748 32325 29958
32572 32933 29539
31268 30196 32307
29765 35774 27518
34005 31213 28414
33198 32507 28565
30930 34137 30120
30500 32488 31832
29910 35764 27230
28197 34124 31126
27513 29595 33517
28501 35063 30053
32381 32976 29692
31732 31836 31541
30408 32385 32104
29623 30099 32977
28257 31536 32950
28199 35791 28768
33617 31917 28476
33487 32287 28251
32805 33380 26828
32610 31943 30647
31217 33269 30762
27002 36448 25867
34498 29194 28582
34438 29652 28813
34301 30540 28038
33376 31873 29313
30016 35189 29216
31338 33860 30020
30772 35175 28026
33754 31006 29773
33394 32637 27103
32993 33089 27480
32445 33729 28542
28814 30376 33210
33467 31257 30333
33379 32095 29227
32755 31918 30446
31378 33551 30485
28611 33728 31397
27671 32219 32632
33737 31652 28780
33281 32240 28785
32804 30216 31289
31863 30250 31866
30802 32600 31704
30732 32888 31503
30661 34375 30073
29997 33825 31093
29100 31473 32823
29352 33486 31620
28782 30894 33082
33795 31826 28081
33432 32423 27789
33321 32748 27397
32340 32601 30415
30872 30228 32387
30186 32148 32145
30132 35138 28940
28368 34996 30113
33961 31297 28592
33157 32775 28165
32430 33408 29070
32200 33250 29604
31981 33226 30180
31240 31745 31913
30980 32882 31382
30559 29434 32730
30611 30543 32535
29812 34956 29605
28230 32788 32279
33157 31702 30198
33013 31819 30263
33017 31225 30741
32695 31524 31014
32684 31557 30862
29732 31882 32444
33911 31602 27822
33932 31085 29246
31534 31017 31958
34672 27981 27119
34179 30187 29491
33903 29191 30274
33498 32414 27688
33357 32371 28417
33138 31985 29674
32647 31441 31221
31415 31544 31904
29264 29585 33249
27825 36340 25731
28071 31497 32962
27308 31813 32848
32747 33504 26892
32696 32865 29652
32387 32400 30648
29622 35847 27585
29122 33124 31897
28588 34307 30962
34289 29977 28663
33654 31870 28437
33441 32335 28209
33310 31882 29414
33191 30949 30757
33032 32396 29425
32981 32120 29931
32894 32838 28929
31428 33509 30246
30910 32858 31588
30424 29120 32774
30415 32745 31850
29792 32561 32066
29164 35461 29264
28851 34135 31034
26934 36397 26473
33888 31806 27763
33701 31423 29567
33395 30686 30543
32851 32928 28635
32497 32752 29935
32315 31707 31109
32203 32687 30369
32030 33002 30267
30916 34007 30295
30550 30187 32583
29332 32511 32230
27008 36042 28245
34337 30651 27832
34100 30498 29110
33993 31149 28967
33612 30130 30462
33351 32416 28316
33339 32594 27844
33196 32921 26981
32067 31973 31264
31857 32586 30931
31840 32462 31072
30785 31874 32028
30693 34323 30126
27121 34074 31133
33763 31319 29273
33066 30766 30951
32815 32699 29422
32673 31943 30520
32400 32556 30314
32021 33125 30107
31902 31733 31426
28848 36106 27171
27021 29748 33557
34512 29637 27747
33507 30768 30282
33301 30527 30669
33239 32553 28406
33179 32612 28690
30998 33657 30592
31187 33896 30119
30601 33829 30746
30431 30457 32631
29918 32887 31797
29294 32061 32495
28249 32215 32563
27363 36384 26404
34422 30294 27539
32982 33096 27881
32552 32254 30470
29530 33456 31602
28064 30975 33228
28176 33417 31754
28170 33930 31343
33967 30577 29944
33706 31287 29504
33564 30179 30461
33524 31892 28842
33215 32699 28077
32565 33769 27760
32545 30913 31405
32005 33582 29549
31968 29836 31874
30340 33821 30979
29876 35869 26884
33848 31634 28466
33740 31066 29752
31736 33111 30433
31638 33311 30401
30696 34733 29509
29970 34938 29555
28692 36167 27082
28603 31965 32710
33387 32576 27347
32858 31441 30945
32460 32749 30053
31630 33075 30739
31255 31885 31747
30659 34782 29123
30549 30556 32471
30519 31054 32400
30052 30099 32819
29480 35659 28499
29090 32073 32478
28009 36058 28007
28961 34620 30552
27977 35943 28505
34279 29516 29708
33671 31661 28881
31735 33446 29930
31427 32973 30992
31507 32812 31142
31385 32234 31511
29340 33879 31109
29169 33694 31334
27295 36333 27010
28036 32200 32607
26752 36426 26194
33203 32982 26737
32835 32998 28874
31684 32499 31098
28075 35493 29327
33736 32065 27428
32533 32386 30463
32224 32294 30846
31226 34547 29226
30073 35035 29436
29000 35687 28541
28607 35637 28939
28375 31293 33080
34000 31554 27598
33826 31005 29955
31319 30098 32250
30786 35308 27783
29181 36082 27296
28816 31980 32666
28542 30812 33105
34392 30627 27308
33795 29332 30481
33177 32284 29313
32947 32697 29115
32543 33773 26994
29996 29826 32845
29492 35527 28697
28337 32116 32683
33781 31501 28819
33269 32025 29455
31610 29839 32084
29917 31983 32347
28774 32555 32324
34199 30027 29293
33706 31987 28084
33644 31718 28590
32918 32418 29801
32337 32982 29973
31428 33136 30859
31381 33665 30136
29067 30767 32991
27507 36058 28123
34766 27370 27381
33826 31910 27656
33530 31705 29237
33447 29759 30763
33146 29859 31066
32472 32472 30345
32245 32961 30153
32315 32774 30254
31837 32696 30871
29432 36072 26911
28388 33971 31190
28262 35295 29635
27757 32974 32119
33919 31739 27170
33679 31813 28583
33325 31402 30152
33098 31891 29960
31735 32429 31176
31594 30986 31889
30321 35640 27070
30299 30602 32637
30282 35652 27439
29173 31438 32728
29021 33823 31263
34032 30254 29841
33560 32310 27795
33214 32808 27510
32881 30554 31153
32455 32348 30486
31723 32691 31043
31452 34519 28626
29201 29797 33168
33881 30675 29827
33628 30413 30386
33585 32237 27567
33027 31570 30413
31059 32558 31665
30787 29526 32558
28429 35330 29619
27497 33795 31412
34784 27432 27011
33302 31599 29949
32401 31226 31297
32458 33134 29619
32002 31638 31472
31398 34185 29527
30983 29564 32490
30702 34477 29733
29574 36002 26356
29723 35627 28395
32802 31717 30679
32305 32960 30065
30192 32587 32015
29979 32374 32161
29472 29998 33118
28883 33753 31329
27796 36345 26298
33915 31585 27615
33931 31253 28860
33349 31097 30516
33242 32156 29145
33191 31854 29833
32128 31386 31532
31676 31198 31868
31423 29279 32204
30769 33126 31260
28349 36320 26655
27459 30641 33369
27523 30658 33305
34231 29945 29264
34138 31063 27959
33956 31590 27058
33144 32862 27439
33113 31025 30883
32338 32577 30457
32304 32781 30254
30270 33293 31413
29716 35931 26527
34734 27717 26730
32304 33154 29655
32129 33062 30031
30927 32095 31952
30649 29783 32660
29916 33741 31164
27533 36153 27719
33030 31943 30122
32681 33513 26993
32709 33021 29318
32102 31663 31414
32095 34131 28589
31963 30138 31773
30726 35076 28450
30327 35337 28151
28799 36124 27297
28713 32873 32111
27801 35736 28842
34213 31236 27323
33798 31429 28820
33713 32124 27573
33623 31668 29110
33531 32337 27911
33072 33054 27146
32477 33688 28248
32269 31731 31203
32033 32168 31198
32019 32364 31148
32068 33623 29501
31746 33605 29823
31764 32383 31222
30423 33530 31117
30007 35705 27378
27602 33678 31552
34425 30240 27253
32946 32193 29804
30895 34095 30163
30644 33425 31142
29693 35930 26663
27666 36287 27333
34211 29645 29826
32981 32467 29500
32835 32778 29241
32568 33131 29277
31553 33468 30249
31341 33570 30255
31199 33236 30799
27487 36372 26830
34094 30568 29169
33611 32238 27012
31416 34631 28373
31182 33181 31007
30565 34615 29582
30602 34911 29250
29972 34110 30767
29040 34948 30128
28485 33288 31911
27608 35536 29395
33618 32299 26768
33180 32792 27753
31102 34740 29063
30150 29481 32832
28931 31530 32780
28786 30480 33137
29049 32227 32493
33350 32673 26563
33350 32488 28014
32493 32695 29998
31836 30843 31786
31474 34516 28806
30717 34125 30181
30087 35541 27770
29882 32468 32177
28619 36237 26162
28490 36159 27341
29005 32379 32374
27909 36331 25768
34070 30680 29116
33870 31960 27316
33517 30269 30602
32587 33697 27451
30918 30452 32341
28808 32784 32210
28300 30295 33327
33991 30888 29152
33078 31837 30044
32379 31278 31370
32449 32669 30142
31132 32461 31527
30540 33495 31240
27520 36173 27535
26871 36400 26264
26999 30931 33285
34441 28801 29054
33359 31995 29242
33253 31486 30121
28254 33081 31987
27893 36113 27738
34188 30405 28853
33445 31260 30153
31548 30507 32043
31076 33282 30794
29939 35760 26466
33594 32523 26890
33127 32984 27368
33151 32376 29113
32905 33338 27930
32784 33493 26796
32029 32389 30876
31105 31157 32130
29951 29229 32891
28828 32968 32014
27440 31089 33154
27414 36307 27080
33500 32038 28513
32989 33137 27387
32720 32277 30096
31618 34441 28714
30534 33676 30909
30248 30137 32751
29685 35824 27137
29232 35878 28076
27967 32960 32207
29369 34276 30837
27665 29935 33490
34008 31508 27806
33793 30684 29998
33358 31453 29858
33291 31597 30086
32391 30160 31589
32198 32022 31020
30795 34002 30631
29748 32215 32323
29583 32509 32211
29278 35799 28160
27813 36336 26065
34199 30948 28332
34190 31093 27721
33195 32056 29433
32985 31059 30783
32477 33782 27095
32393 33952 26643
31462 31337 31881
31370 32054 31746
30434 35287 28179
30068 33768 31070
30140 32869 31884
29910 32245 32229
29900 35404 28546
28926 33086 31965
33792 30183 30240
33657 31979 28100
33579 32229 27685
33417 30143 30781
32426 31398 31238
32161 29946 31675
31662 29398 32050
31133 29882 32351
30657 30362 32500
30432 33820 30851
30269 29447 32822
30136 35693 27486
28914 36097 27070
29071 29291 33279
28531 35968 28092
28453 31647 32849
28614 29576 33400
28628 35388 29458
27888 34343 30826
33706 31408 29000
32758 30587 31264
32363 31317 31378
31378 33848 29926
31192 33961 29928
30771 30760 32346
30172 35376 28536
29552 35912 27079
29538 32828 31990
29491 31656 32659
29031 36045 27392
29109 35501 28898
27525 30987 33177
34686 27084 27493
34071 30989 28596
33581 31981 28731
33424 32022 28886
33075 30500 31004
31872 31750 31435
30913 30369 32363
30621 30442 32485
29925 33513 31312
28980 33288 31724
27495 33338 31855
32132 30041 31781
31377 33206 30781
29955 32433 32082
29395 35810 27833
33737 31279 29393
33586 31506 29434
31428 33482 30275
31010 33983 30247
30087 31709 32388
30093 33541 31302
29845 35762 27494
29784 35982 25921
29233 32379 32282
28887 35826 28099
28764 34951 30097
27475 33399 31797
27866 31426 33081
26673 32086 32753
34172 30482 28785
33967 30950 29331
33530 31679 29419
32416 30962 31379
31467 32230 31603
31311 34619 28923
30596 30816 32432
30356 33369 31374
27293 36164 27817
27249 31973 32793
33729 32004 27672
33001 32508 29049
32135 33057 30070
31920 33510 29852
31738 33433 30218
30607 35393 27280
30555 30270 32561
28839 29887 33207
28895 29419 33332
28258 33508 31656
27230 32421 32578
27566 35815 28770
34112 30257 29412
33932 31324 28708
33847 31542 28648
31992 33092 30195
29906 29041 33038
28512 33482 31694
27737 34567 30627
34388 29937 28532
34245 30936 27482
33962 31581 26989
33634 30532 30198
33501 31357 29806
33168 32619 28690
32730 32790 29446
31790 33603 29761
31547 32831 30993
30888 33908 30359
30734 33613 30874
30364 31157 32444
30453 30181 32605
29614 30254 32891
28017 35653 29084
33558 31762 28962
33387 31381 30009
32920 32967 28518
32644 30812 31311
32492 33304 29177
31628 33497 30212
31597 33547 30181
31615 29537 32185
30404 34872 29383
29545 35891 27293
29483 31077 32819
29050 36114 26912
28073 33334 31786
27575 33484 31769
33033 32610 28965
32833 33186 28518
32744 31838 30535
30254 35399 28220
30090 33458 31463
29263 36075 26799
29332 31128 32846
29219 36025 27139
28912 36071 27322
27758 33166 31927
34794 27520 26579
33752 32194 26656
33291 32670 28053
32439 33745 28405
32245 30623 31583
31290 33640 30177
31265 33614 30297
30841 31064 32316
30575 34051 30479
30403 34919 29165
30163 29466 32810
30008 34979 29525
29101 35906 27806
28418 32158 32606
34038 30229 30017
33943 31849 27022
33449 32341 27819
33385 31817 29750
32961 32556 29282
32482 31817 30872
30988 33349 31046
30547 32470 31886
29033 32414 32369
27195 29719 33491
26833 31858 32868
34501 29140 28296
34271 30373 28363
33905 28632 30277
33537 31393 29606
33276 32376 28848
33096 32993 28296
32189 34221 26745
31665 32812 30899
30874 31043 32207
30828 29667 32534
29947 35135 29352
29740 30158 32921
29661 29916 32983
27858 35441 29418
27321 32828 32253
34443 29913 28008
34156 30419 29041
34107 31448 27822
33931 31655 27409
33346 32646 27529
33241 32508 28396
33300 31857 29686
33043 32389 29425
32742 32274 30276
32028 29754 31805
31691 32494 31085
31607 33361 30370
31561 34082 29410
31385 34956 27583
31056 34709 29183
30972 31585 32110
30729 32473 31838
30862 34501 29587
30548 33714 30859
30197 35542 27559
28846 36046 27676
27454 36175 27629
27507 35688 29076
34744 27805 26298
34528 29078 27963
34370 29390 29020
33797 29492 30462
33698 31882 28425
33230 29741 30995
32895 32565 29383
32730 29679 31317
32756 33424 28126
32555 32340 30344
32241 29842 31728
32123 34136 27999
31137 32369 31780
30645 34850 29025
30180 31129 32583
29814 30184 32879
29894 31431 32546
29901 33077 31683
29695 32655 32082
28741 36149 26956
28018 31085 33085
27484 36083 27986
34569 28583 28172
34416 29430 28987
33947 30666 29726
33554 31027 30214
33332 31463 29908
32482 31618 30982
32448 31485 31229
32302 32232 30797
32288 32765 30300
32155 31034 31552
32023 30521 31768
31689 31762 31586
31729 32713 30963
31586 30849 31938
31475 30978 32064
30434 30352 32571
28914 36187 26724
28467 33294 31841
28128 34750 30463
27554 33662 31640
34100 30125 29723
34071 30616 29209
33842 31883 27832
33592 31601 29344
33373 30473 30678
33354 32097 29152
33343 31113 30379
32777 31548 30740
32553 31846 30812
32588 32660 29804
32532 31272 31222
32286 33554 29064
31427 34464 28841
31314 33938 29909
30099 33697 31186
29272 36134 26554
28673 36098 27562
28663 33258 31893
27521 32026 32702
26962 36261 27356
26921 31539 33015
34099 31468 27720
33899 31885 26482
33825 31588 28767
33674 30373 30375
33075 33000 26860
31398 33072 30925
31313 31491 31956
31144 32999 31200
31058 30444 32286
30909 32940 31401
29589 33904 31087
29082 34609 30536
28596 29582 33330
28212 33320 31755
27351 35238 29837
27314 35545 29294
27161 33059 32110
27620 32012 32715
27797 31297 33149
34473 30040 27665
33931 30880 29473
33781 31128 29432
33618 30101 30477
33510 31768 29201
33491 32136 28503
33302 31642 29847
33031 30830 30901
32004 29041 31827
31933 32425 30945
31752 29747 31980
31193 33279 30744
31108 33497 30684
29289 36125 26321
29484 33715 31258
28371 36280 25908
28510 35702 29024
27581 35216 29736
27847 31801 32899
27590 35542 29325
27690 31844 32814
27081 36235 27426
34538 28650 28542
34524 29285 27553
34154 31444 27196
34022 31581 26957
33171 32848 27316
33091 31028 30703
32989 30881 30929
32571 33542 28718
32125 33969 28649
31653 31862 31559
31604 33398 30327
30701 34236 30073
30521 34685 29825
29882 29971 32877
29827 34344 30621
29127 30941 32930
28745 32290 32462
28130 35371 29653
27149 35600 29143
34604 28040 27800
34277 30490 28215
34264 30476 28276
33403 32351 28105
33261 32804 26884
33176 32105 29502
32718 30078 31357
31360 30809 32065
31008 30801 32271
30904 34400 29578
30859 30243 32409
30689 35346 27767
29936 35814 26752
29773 30417 32838
28870 36137 27064
28029 36161 27577
27561 35277 29678
27425 35597 29174
27512 31874 32832
34126 29316 29948
33185 32223 29440
33135 32403 28937
32326 30544 31557
32118 33442 29819
31874 31389 31614
31564 33953 29605
31379 28749 32239
30832 34981 28626
30709 29752 32591
30486 30795 32483
29322 31713 32616
27636 36118 27804
33947 31571 27427
33723 31377 29448
33737 31635 28927
33484 31577 29630
33217 32754 27224
32994 32568 29074
32678 31573 30725
32664 33459 27843
32594 32644 29941
32324 31341 31275
31751 30141 31957
30008 32104 32283
29929 32759 31943
29477 32307 32258
29250 35143 29572
28982 36063 27518
28727 36072 27606
28592 32616 32315
28190 35275 29694
28783 34650 30570
27626 36032 28193
33990 28961 30155
33665 31653 28999
33501 31455 29701
33077 31224 30653
33046 32442 29311
32383 33460 29048
32257 33241 29706
31984 31729 31518
31757 32218 31326
31518 33163 30763
31297 33807 30059
31255 33335 30691
31131 34016 29850
31077 34478 29311
30986 32094 31832
30861 31109 32276
30825 35112 28146
30725 34773 29022
29426 35917 27223
29413 31123 32784
29356 30198 33007
28650 36211 25999
27878 35101 30177
27283 34188 31008
25988 28978 33619
34411 30359 27275
34126 31180 27789
33418 32159 28619
33296 32447 28722
32994 32941 28461
32287 33374 29479
31899 29959 31907
31742 33441 29917
31274 33265 30762
31162 30943 32182
31007 30230 32350
30391 32861 31665
30371 35212 28662
30141 32198 32108
29620 32747 31968
28972 35918 27698
28440 33073 31998
28127 30412 33312
27866 31353 33114
27881 34929 30236
34503 29070 28548
33558 32236 27903
33538 32349 27306
33035 32487 29043
32005 33955 28936
31729 33050 30516
31256 33498 30558
31250 33166 30877
31145 33600 30584
31095 34802 28686
31138 35095 27908
30902 33266 31108
30705 30588 32422
30575 31605 32255
30232 32105 32142
30133 29131 32884
29401 32378 32230
29385 30535 32916
29384 35092 29654
29067 36105 26679
28603 31293 32988
28057 35499 29257
27342 36234 27550
26639 35635 29135
27337 30276 33451
34595 28947 27358
34338 29963 28344
34267 29557 29395
33647 32133 27674
33563 32256 27509
32723 32668 29643
32020 33219 30070
31907 33020 30498
31779 32367 31203
31790 30588 31944
31732 33436 29939
31056 29093 32469
30639 32348 31912
30476 33517 31012
30381 30981 32433
30371 35329 28123
30337 33083 31553
30309 35481 27957
30012 35343 28944
29691 35800 27450
29606 35024 29693
28933 31977 32570
28447 30579 33224
26239 28138 33626
34218 30522 28752
34092 30790 28997
33916 31793 27456
33312 32196 28755
32682 31859 30678
32623 32612 29902
32624 32769 29654
32328 31627 31228
32191 33960 28548
32101 32116 31036
31756 33429 29984
31464 34879 27077
31131 33643 30463
31057 33536 30669
30922 29840 32514
30062 32202 32147
29639 33928 30930
29734 32597 32106
29609 30140 33025
29181 33337 31629
28982 34806 30180
28556 36150 27240
27994 35121 29922
28410 34337 30980
27819 34777 30392
34522 28587 28798
34247 30519 28776
33216 32756 26945
33193 31487 30209
32857 32911 28963
32382 33615 28914
31581 33595 30124
30968 35132 27726
30958 32467 31704
30605 35232 28178
30335 31162 32468
30250 30889 32602
29974 32947 31796
29547 28916 33118
29189 34103 30910
28953 33280 31748
28763 31342 32867
28711 33136 31890
28670 32008 32585
34055 31045 28673
34078 30285 29646
33678 30022 30391
33240 32971 26641
33117 32343 29196
32888 32504 29627
32642 33531 28152
32576 32671 29728
32453 32913 29723
32446 33867 27010
32248 33430 29389
31399 34300 29070
30877 30311 32365
30858 33475 31011
30926 32464 31840
30591 30733 32454
30436 33215 31501
29862 35718 27696
29620 33395 31547
29102 32668 32232
28668 36076 27694
28563 35332 29547
26881 35701 29050
34335 30017 28630
34360 29302 29452
34018 30650 29354
33864 31420 28719
33654 31164 29635
33537 31699 29210
33527 30443 30377
33348 30503 30629
32943 32136 29827
32329 31329 31311
32338 32924 30026
31806 33337 30207
31375 32481 31513
31390 33696 30135
31284 33759 30152
31297 34734 28498
30672 33220 31276
30522 33501 31170
29789 34432 30557
29208 32155 32424
29139 33273 31766
29185 34970 30011
29093 33954 31119
28462 31680 32798
34273 30871 27615
34098 29780 29747
33787 29624 30368
33725 30646 30084
33473 32000 28661
33064 31488 30411
33030 33040 27712
32826 33191 28365
32705 30960 31155
32708 31280 30964
32650 33598 26908
32526 32764 29697
32204 34116 28214
32057 34065 28660
31480 34722 27949
31344 34635 28582
31289 28349 32309
31055 33234 30994
30829 33912 30447
30587 31770 32150
30008 29569 32854
29562 35882 27060
29061 36175 26029
28482 32462 32390
34005 31146 28631
33764 31706 28197
33524 31048 30069
33246 30573 30662
33108 31118 30647
32268 30645 31553
32199 30784 31626
31795 32704 30862
31635 31930 31557
31520 31166 31917
31246 33531 30565
30983 34766 28993
30201 34258 30441
28950 30304 33176
28958 36147 26730
28827 32409 32392
28303 33696 31509
27362 30735 33385
27695 35162 29956
34557 29206 27933
34354 30284 27972
34192 30119 29214
33831 31981 26493
33602 30710 30137
33573 31509 29384
33469 32412 27693
33074 32427 29080
33021 33096 27275
32121 32293 30952
31958 32950 30576
31686 31581 31699
31654 32484 31184
31604 32718 31126
31547 33456 30345
31165 33094 31180
30809 32499 31717
30526 34558 29738
29700 32858 31896
27848 31432 33011
34708 27902 26752
33846 31000 29264
33418 32539 27408
33271 32530 28109
33130 32487 28838
32943 31963 29960
32848 32077 30074
32714 29816 31359
32659 31587 30813
32104 32436 30845
32135 32720 30517
32152 31139 31612
31304 32289 31519
30921 30209 32402
30924 32662 31638
30748 33080 31371
30503 32217 32021
30054 31923 32248
30010 34603 30075
30054 33509 31333
29868 35763 27358
29351 30115 33029
29246 29591 33179
28168 30804 33191
28335 36004 28040
28199 32600 32345
34294 29907 28701
33689 31696 28667
33509 29277 30720
33462 32185 28475
32718 33502 26897
32395 33280 29250
31723 30991 31845
31597 34544 28502
31051 33781 30407
30775 31916 32066
30065 35138 29070
29905 29410 32926
29967 35104 29573
33586 32313 27387
33119 31191 30517
33092 28638 31074
33071 31495 30284
32866 29734 31246
32767 31203 31068
32263 31292 31436
32128 33572 29388
32152 33612 29377
31992 30782 31760
31878 32809 30584
31621 30788 31892
31363 30628 32215
31193 33238 30811
31014 30453 32272
31029 32724 31475
30883 35060 28029
30447 33773 30752
30073 35548 27733
29916 30273 32835
28454 31205 32994
28454 36217 27375
33903 31610 27942
33582 30770 30163
33380 30845 30481
33106 33076 26753
32983 32100 29876
32653 31648 30764
32612 33568 27550
32411 33926 27313
32284 31259 31441
32069 33826 29070
31886 33632 29664
31183 33464 30696
31183 34174 29714
30488 35258 28214
30262 34908 29266
30094 31297 32493
29976 35755 27129
29352 35122 29645
28877 29425 33262
28554 36124 27492
27493 32249 32650
34525 29652 27200
34330 30300 28048
34289 29604 29276
33445 32357 27743
33242 31158 30406
33030 31754 30251
32939 31227 30689
32888 30926 30956
32796 32566 29628
32568 33346 28994
32423 31316 31290
31790 33571 29814
31694 34450 28486
31449 33607 30193
31097 33380 30741
31076 29938 32326
30556 33306 31339
30536 32003 32161
29941 35552 27980
29887 34349 30433
29701 32811 31966
29371 28652 33134
28549 36102 27624
27455 34011 31127
27724 35740 28985
26884 36087 28108
34492 29772 27632
34145 31095 27604
34009 31840 26921
33950 31582 27176
33847 31169 29261
33857 29413 30376
33340 32666 27093
33067 32459 28962
32783 32635 29533
32599 31615 30932
32449 33813 26724
32372 32104 30740
32245 31383 31482
32127 32990 30083
32071 33946 28835
31948 34389 27439
31814 32853 30594
31703 32235 31378
31436 34051 29512
31129 30622 32271
30916 30534 32348
30567 30013 32570
30465 29485 32754
30302 35167 28909
29978 35503 28366
29899 34023 30925
29196 33888 31117
29121 33279 31696
29036 29878 33209
28658 31718 32730
28378 30256 33301
27486 33113 32018
27710 34373 30844
27102 34381 30787
34355 29305 29127
33655 32288 26672
33339 31500 29871
33092 32212 29616
32760 32270 30042
32578 33124 29031
32366 31637 31187
31700 32502 31049
31565 34794 27646
31159 33965 29961
30642 34810 29177
30373 30628 32595
30306 35013 29181
29578 35749 28054
29545 32337 32221
29305 30982 32906
28651 31196 32996
28786 29009 33343
28827 35961 27846
27984 30059 33440
28099 36065 27914
27326 33757 31474
26968 30341 33417
27665 34888 30323
34299 30308 28496
34109 30323 29301
33405 31780 29319
33352 32435 27835
33305 32636 28045
33058 31880 30093
32871 31597 30611
32833 32317 29993
32825 31824 30553
32591 33562 28174
32340 32650 30215
32336 30477 31574
32382 31947 30916
32166 33051 29935
32178 29860 31746
31999 33971 28799
31861 33106 30270
31908 33738 29589
31675 33484 29879
31661 29741 32027
31569 32412 31487
31254 33857 30035
30986 35263 27077
30897 31465 32168
30547 33551 30992
30292 33560 31080
30127 30219 32761
30107 31519 32469
30028 35701 27715
29984 35390 28425
30052 34260 30629
29741 31353 32595
29717 30967 32745
29782 29664 32985
29453 30373 32936
28917 35890 27957
28791 35521 29061
28584 31741 32773
27466 33174 31960
27425 35211 29792
27443 32634 32432
34678 27956 27295
34382 29953 28395
34040 29665 29967
33798 31056 29433
33720 29989 30255
33686 29433 30517
33643 31877 28838
33504 29913 30662
33128 31491 30284
32958 32317 29728
32825 33100 28710
32631 30827 31333
32389 32228 30599
32280 32698 30313
32168 32674 30462
32088 29511 31816
32035 31996 31149
31901 30459 31818
31865 32822 30593
31626 32696 31147
31442 31346 31907
31380 33053 31066
31025 34552 29480
30947 28706 32532
30012 30817 32652
29830 31691 32478
29521 33701 31255
29513 35576 28493
28094 33108 31990
28071 32245 32581
27749 36357 25353
34525 29461 27442
34435 28817 28917
34107 31075 28435
34094 30357 29552
33831 30754 29783
33502 30320 30390
33062 33112 26213
32729 32809 29324
32728 32999 29073
32691 33071 28897
32485 31948 30810
32119 34044 28517
32043 33741 29076
31972 33993 28963
31899 33788 29330
31450 33195 30717
31405 33333 30656
31227 34372 29305
30520 35281 27861
30587 31932 32086
29909 32662 31960
29895 31062 32658
29600 34688 30272
29286 31357 32724
29205 34909 30069
28913 33338 31712
28522 36268 26769
28843 33759 31312
27763 36140 27585
27706 33581 31597
27773 35497 29336
27343 31183 33170
27090 35473 29449
27461 35932 28630
34423 30284 26572
33983 31283 28622
33813 29923 30183
33558 31389 29575
33466 29746 30770
33360 31429 29855
32444 28756 31541
32251 30295 31605
32186 32986 29995
32118 31624 31406
31331 32228 31648
31297 33487 30487
31090 33278 30850
31002 31087 32181
30795 32993 31320
30675 33172 31226
29433 35589 28523
29048 34017 31046
27026 36036 28315
34724 27965 26496
34418 30064 28189
34394 30248 27701
34283 29620 29139
33750 31337 29164
33545 32410 27062
33507 31529 29647
33462 32007 28661
33460 32628 27002
33404 32367 27791
33323 32504 28488
32823 30203 31296
32630 33400 28771
32508 32767 29739
32195 32626 30616
31973 34389 26047
31799 32832 30759
31706 29928 32015
31603 33235 30460
31599 32872 30978
31288 33481 30557
31200 33581 30503
31015 34209 29817
31096 34608 29110
30934 33249 31107
30766 34732 29107
30431 35609 26996
30420 34517 29829
30122 32875 31814
30035 31906 32286
30074 35460 28353
29812 32140 32231
29433 35531 28785
29407 35827 27688
29158 35125 29628
28824 35308 29423
28821 32846 32090
28746 34957 30027
28559 31586 32782
28343 33452 31738
28168 35838 28484
27986 32585 32389
27900 36108 27725
27798 36070 27810
27497 29215 33529
27231 32052 32690
27211 35869 28637
34514 29197 27985
34504 29697 26929
34419 30402 26654
34273 30498 28228
33611 32324 26132
33260 32121 29157
33242 32557 28225
32803 33444 26703
32706 32526 29946
32655 33116 28875
32198 34021 28304
32111 33112 30011
32071 32810 30500
31990 32367 30927
31849 33141 30354
31712 33435 30265
31400 33510 30324
31384 33201 30768
31257 34696 28591
31252 31292 32112
30798 30470 32409
30605 35241 27916
30677 32057 32012
30444 30274 32577
30525 33114 31519
30293 33478 31267
30008 34862 29875
29831 32503 32090
29699 33275 31627
29549 30706 32865
29173 30020 33116
29136 34220 30890
28923 35936 27824
28886 35274 29554
29005 32513 32280
28862 35291 29513
28845 35955 27916
28340 35566 29097
27857 33357 31796
27041 36239 27446
26748 33761 31543
26680 33212 31921
34598 28110 27859
34285 30095 28745
34253 30541 28012
33802 31979 26498
33628 30602 30257
33471 32036 28518
33348 32002 29242
33319 31118 30371
33041 30643 30964
32992 33110 27797
32990 32126 29735
32794 33500 26266
32702 33026 29165
32639 32555 29802
32630 33027 29384
32481 30560 31519
32147 33394 29431
32063 32983 30472
31792 29615 31929
31272 33144 30898
31271 32192 31671
31208 30762 32147
31179 32443 31581
31110 33478 30674
31097 29458 32449
31003 30718 32293
30969 33056 31248
30684 32536 31765
30527 35055 28766
30220 33689 31085
30143 34008 30772
30188 30647 32664
30068 34510 30179
29766 32107 32341
29603 33707 31181
29536 31844 32512
29517 30186 32971
29207 34097 30980
29122 35955 27602
29042 30917 32934
28684 32942 32107
28746 30538 33190
28617 35896 28148
28568 30497 33214
28349 32918 32206
27863 30540 33298
28356 31668 32898
27621 32604 32414
27783 35867 28679
27291 35953 28406
34332 30792 26286
34054 30347 29825
33881 30981 29431
33573 31136 29997
33564 31484 29485
33516 31936 28829
33097 31712 30149
32879 32839 28654
32711 32502 29827
32652 33328 28462
32418 33869 28487
32388 32231 30697
32395 33398 29193
32355 32614 30305
32161 32720 30505
31909 30069 31831
31896 31584 31521
31861 33417 29979
31793 32848 30622
31781 33168 30268
31722 33096 30559
31690 31697 31574
31505 34513 28723
31279 33774 30162
31357 30914 32125
30981 35072 27947
30834 30655 32339
30556 32053 32040
30101 33095 31579
30053 32228 32121
29714 35714 27891
29622 31732 32501
29788 34960 29874
29783 32336 32229
29495 35439 28855
29224 35365 29305
29045 35246 29524
28959 30751 33044
33401 32508 27704
33207 32524 28518
32930 31593 30523
32923 32241 29787
32836 32959 28785
32514 33771 26999
32353 33523 29048
32340 32974 29802
31780 32980 30594
31723 33718 29813
31227 32258 31619
30901 33103 31241
30558 33404 31194
30504 32380 31888
30495 33307 31387
30258 35222 28802
30185 31518 32422
30008 34606 30138
29833 30820 32720
29581 32180 32339
29372 31189 32814
29105 30201 33132
29136 31090 32914
29037 30834 32956
28888 35464 29233
28795 33126 31947
28624 32237 32463
28282 30301 33257
27611 34004 31141
26943 36456 25256
26883 31473 33086
26424 32520 32481
34576 28725 28026
34133 28688 29840
34108 30988 28418
33598 32171 27521
33539 31338 29654
33343 32712 26185
33361 32158 28908
33283 32603 28066
33063 32470 28977
33055 32473 28974
33010 32146 29725
33005 31815 30295
32882 32220 29846
32455 30564 31475
32445 33356 29155
31937 33917 29022
31926 32466 30863
31789 30957 31832
31450 33527 30230
31347 34691 28233
31241 31376 32025
30945 33259 31048
30871 34256 29934
30648 30152 32548
30530 35259 28086
30512 35348 27913
30202 35666 27000
29684 35971 26282
29664 30645 32848
29509 34713 30121
29278 32087 32388
29318 32476 32250
29005 29759 33236
28525 30606 33134
28513 35530 29083
27921 31179 33101
27864 30171 33410
27817 33490 31712
27461 34158 30990
34726 27743 26668
34405 30375 27138
34350 29730 28873
34175 31263 26714
33860 31325 28927
33637 31782 28928
33581 31608 29344
33416 32664 26462
33136 32238 29472
33027 33106 26368
32937 31443 30616
32887 32325 29816
32710 31932 30424
32454 32765 29916
32192 32306 30807
31948 32000 31347
31932 31348 31600
31922 32458 31164
31863 32608 30851
31780 33672 29619
31778 33634 29626
31736 32021 31518
31406 34889 28136
31318 33767 30052
31291 34358 29268
31014 33675 30425
30552 35241 28346
30128 35010 29298
29994 29230 32881
29972 29213 32962
29847 35767 27021
29785 34710 30152
29767 31665 32486
29379 33169 31762
29163 31368 32816
29157 30892 32917
29128 30572 33042
28722 30597 33136
28423 30615 33126
27340 35653 29092
34329 29826 28889
34326 30349 27839
34271 30506 28078
33899 28702 30336
33855 31666 28111
33607 32319 26828
33588 31669 29100
33418 31738 29412
33221 32452 28653
33206 32758 27546
33009 31961 29972
33005 31681 30370
32936 33254 26630
32976 32834 29021
32542 32678 29929
32483 32940 29532
32443 33898 27878
32117 34059 28280
31969 33289 29992
31899 33300 30080
31703 33127 30394
31660 29725 32038
31531 30003 32085
31444 32830 31099
31393 32851 31029
31477 34387 29001
31331 34673 28400
30771 28270 32573
30575 33839 30722
30338 35683 26969
30141 33393 31287
29877 33041 31812
29741 29789 33033
29380 32401 32274
28695 32675 32244
28667 35985 27934
28564 32581 32320
28131 34363 30812
27919 35547 29183
27898 32980 32068
27765 33519 31604
27910 30948 33273
26992 36169 27713
26705 35968 28327
34483 29998 26913
34163 30610 28700
34052 31099 28959
33878 29820 30207
33397 32413 27912
32930 32200 29869
32915 32196 29887
32649 32242 30286
31476 32724 31186
31377 34580 28625
31369 33761 30066
31237 31574 31922
31228 29682 32331
30701 35236 28086
30389 35323 28193
30352 33676 30927
29860 33517 31373
29840 34927 29748
29624 35508 28692
29495 31242 32714
29227 34375 30682
29094 33085 31913
29163 31967 32571
28919 36066 27309
28709 36158 26849
28609 35949 28000
28211 35918 28331
28064 32235 32602
28352 35391 29427
28101 34556 30680
27916 36179 27533
27587 31910 32816
27134 36118 27920
34776 27458 26949
34666 27601 27510
34028 30452 29470
33965 31876 26381
33785 31084 29283
33707 31404 29272
33656 31887 28282
33634 31933 28401
33623 31295 29723
33208 32837 27220
33095 31927 29988
33038 31202 30704
32847 31667 30536
32736 32552 29753
32724 29749 31376
32704 31874 30486
32471 31670 31083
32437 32054 30888
32305 31761 31030
32240 30540 31605
32218 31991 31149
32134 33437 29415
32078 31664 31295
31625 33869 29661
31537 33726 29963
31656 34507 28643
31297 33635 30164
31285 33714 30282
31263 34409 29157
31216 34053 29836
31077 33935 30057
31164 32931 31313
30872 34315 29776
30614 33705 30758
30157 35280 28623
30032 35053 29311
29680 34243 30735
29654 30328 32878
29158 30523 33029
29127 35510 28878
29015 32420 32299
28839 32840 32160
28049 35864 28414
28277 32448 32456
27791 35491 29406
27529 35208 29819
26977 35966 28582
34815 27089 26275
34437 29929 27871
34481 29645 28195
34067 30292 29646
34019 30721 29202
33983 30910 29235
33756 31399 29043
33520 32109 28387
33514 31140 30085
33122 31887 29704
33013 30527 30972
32871 31103 30886
32821 32528 29520
32783 32262 30146
32661 33368 28250
32652 33539 27641
32454 31055 31298
32014 32466 30812
31940 33872 29010
31501 33689 30111
31088 34119 29796
30834 34779 28884
30924 34770 29081
30693 33166 31296
30570 30178 32555
30559 32373 31849
30450 32546 31820
30332 32862 31657
30241 32131 32119
29813 35872 26675
29740 35846 27126
29632 29402 33096
29455 36028 26286
29100 34852 30169
28859 35938 27873
28811 35343 29469
28568 30570 33181
28417 35823 28550
28426 31428 32942
28646 35382 29528
28268 31840 32745
27734 36338 26727
27414 36179 27649
26924 34411 30805
26902 31025 33301
26501 30318 33462
34774 27680 26777
34576 28938 27900
34406 30231 27795
34175 29981 29526
33706 30923 29980
33661 30472 30190
33596 32080 28363
33573 30759 30181
33493 29548 30773
33479 31412 29788
33352 30691 30530
33232 31916 29513
33127 31992 29674
32947 32324 29728
32936 32532 29510
32792 33352 27272
32683 33441 27707
32592 33420 28368
32534 32741 29839
32276 31122 31490
32188 31667 31205
32165 31744 31274
32090 32253 30968
31863 32742 30776
31801 34489 28166
31781 32488 31067
31776 33345 30282
31752 34336 28602
31677 32436 31201
31635 33530 29955
31627 33318 30401
31584 32001 31632
31501 34062 29498
31273 33086 30951
31233 33594 30317
31164 30771 32133
31157 34324 29438
31071 33372 30768
31062 34438 29552
30606 34757 29522
30378 35609 27426
30363 29396 32798
30170 33945 30746
30066 30591 32696
30109 33083 31645
29786 31290 32668
29723 32052 32383
29534 33752 31173
29242 30343 33039
28628 35271 29593
28604 31523 32855
28411 29483 33431
28132 33658 31571
28153 35333 29588
27822 31047 33153
27461 31469 33017
27249 32046 32760
34523 28565 28649
34354 29828 28646
34328 30305 28520
34305 29842 28965
34013 30737 29065
33770 31697 28128
33644 31139 29907
33560 32212 27900
33080 31306 30601
33063 31380 30506
33004 33003 27752
32933 32055 29976
32850 30005 31299
32726 31074 31151
32734 31211 31102
32651 31583 30845
32606 33634 26368
32597 30131 31538
32277 29021 31666
32291 33469 29271
32184 32298 30901
32127 32388 30862
31943 33991 28968
31830 32066 31451
31840 30228 31896
31745 32674 30955
31742 33443 29909
31723 33038 30612
31632 33589 30138
31552 30926 31912
31391 32442 31505
31423 30597 32146
31189 31573 31923
31185 30325 32263
31268 33590 30423
31053 32574 31528
30906 35236 28020
30716 33757 30708
30362 33525 31258
30315 34097 30433
30467 35169 28649
30285 34898 29313
30266 33705 31021
30048 30768 32639
30012 34701 29930
29919 29806 32892
29830 34289 30455
29595 35740 27821
29544 32879 31883
29398 34249 30721
29308 35860 27761
28566 33524 31581
28358 35560 29167
29223 34903 30139
27388 31959 32762
27332 35539 29364
27568 32285 32634
27686 35807 28857
26474 29382 33587
25613 28965 33664
34576 29215 27391
34561 28189 28418
34502 29730 26880
34487 29644 28152
34037 31505 27830
34009 30720 29503
33395 32371 28003
33210 32580 28169
33104 31552 30263
32937 31777 30381
32586 33436 28231
32126 34224 26536
32108 33816 28973
32017 28601 31875
31841 32394 31166
31804 33079 30479
31742 29155 32023
31614 29906 32073
31608 31770 31584
31654 30369 32049
31458 34417 28860
31182 33995 29903
31060 31661 32033
30967 30028 32367
30777 33411 31013
30784 34690 29330
30557 33486 31007
30138 33081 31576
30133 35489 28166
30050 34725 29834
29531 33087 31714
29477 35445 28785
29477 33710 31259
29363 29588 33129
29281 32269 32326
29204 36083 27160
29189 35451 29080
29170 32219 32392
29118 36085 27087
28962 28881 33290
28799 31305 32883
28747 36188 26205
28005 34997 30077
27428 35804 28896
27106 28904 33541
26692 31638 32968
26592 30279 33479
34796 27357 26308
34545 29517 27315
34433 30283 26632
34386 30643 27171
34048 31125 28443
34048 30363 29688
33579 32252 27631
33554 31617 29240
33496 31536 29647
33431 32626 27007
33392 32406 27926
33381 32658 26617
33364 31911 29341
33294 31994 29419
33105 32792 28356
33068 33092 26649
33118 32921 27987
32999 31831 30158
32990 32463 29288
32956 33133 27928
32911 31443 30628
32684 31932 30436
32645 33380 28679
32285 31233 31437
31993 33810 29286
31934 32533 30850
31797 34254 28704
31712 33071 30831
31601 32125 31491
31532 34080 29415
31493 34455 28740
31479 33881 29908
31262 33492 30557
31227 33363 30674
31200 33954 29890
31184 34180 29646
31053 29916 32356
30615 29803 32615
30581 32191 32014
30139 34262 30401
29909 35712 27236
29767 31738 32453
29928 35283 29099
29556 32720 32008
29338 35416 28894
29272 35543 28869
29157 32980 31906
29113 30780 32972
28960 28695 33350
28711 29997 33225
28608 32990 31971
28543 32099 32585
28256 33772 31330
28167 29098 33443
27842 36023 28023
27251 32082 32684
26798 35847 28801
34669 27190 27405
34457 28864 28798
34084 31477 27064
34022 30553 29420
33974 30982 28976
33844 30960 29492
33440 31793 29226
33256 30615 30638
33215 32383 28724
33211 32246 28923
33200 30795 30764
32846 32230 29843
32733 31510 30820
32644 33123 28875
32583 33708 26612
32363 32926 29819
32258 29080 31659
31912 33373 29901
31970 31978 31368
31813 31340 31775
31738 30785 31842
31675 28958 32098
31392 34315 29304
31245 33320 30729
30917 35053 28323
30597 29980 32558
30671 32889 31654
30517 32021 32071
30334 34886 29338
30245 30377 32661
30189 35697 26284
30134 34041 30668
29963 35528 28154
29828 32524 32082
29614 35413 28925
29431 32706 32062
29378 35448 28809
29355 35116 29630
29334 33492 31550
29299 33045 31881
29244 34307 30674
29184 33276 31741
29033 33174 31779
28801 31514 32857
28744 33494 31563
28642 32231 32533
28471 31616 32795
28155 34719 30455
27699 33326 31872
27472 36169 27699
27315 34594 30641
27288 34044 31135
27123 36380 26517
26980 36255 27426
26817 33123 32011
34457 29661 28271
34386 30270 27784
34369 28966 29031
34290 30325 28117
34331 30667 27695
34204 30564 28493
34203 30928 27623
34024 31187 28622
33554 32322 27482
33352 32540 27679
33212 31974 29463
33187 32605 28326
32938 32888 28589
32842 32955 28599
32659 32056 30475
32590 33769 26368
32201 33482 29367
32155 33116 29925
32079 34032 28643
31998 29111 31886
31974 33277 29903
31832 29280 31949
31719 32986 30632
31713 33988 29431
31587 34053 29475
31447 34008 29718
30716 33077 31507
30332 35378 27886
30291 34977 29219
30178 35745 26612
30102 33633 31202
29912 33488 31481
29891 31671 32456
29616 33992 30953
29531 33974 30975
29292 30273 33026
29356 29361 33139
29233 35148 29575
29206 35122 29672
29137 30721 33026
28808 32522 32278
28649 35991 27864
28495 35997 27798
28394 36000 27952
27914 34842 30285
28238 31984 32735
27861 35765 28790
27435 36113 28024
26224 36201 27744
34696 28018 26925
34231 30863 28331
34273 30329 29044
34118 31200 27687
33726 32058 27958
33617 32304 26568
33548 31043 30077
33539 31675 29207
33251 32469 28645
33108 32990 27106
32440 33797 28178
32395 33771 28580
32189 34127 27898
32106 33888 28851
31999 33087 30182
31918 33505 29854
31877 34505 27950
31821 31477 31726
31820 32299 31186
31805 33795 29429
31786 29461 31984
31594 31966 31534
31560 33463 30236
31464 34176 29426
31062 34065 30165
30999 31295 32124
30761 34473 29645
30673 31863 32118
30437 33150 31489
30405 31703 32315
30463 30753 32521
30194 32685 31870
30115 33508 31285
30098 29918 32784
30198 32998 31771
29753 35917 26859
29814 30963 32709
29696 31165 32742
28689 30574 33153
28574 32622 32245
28530 32682 32233
28441 30609 33196
28137 35762 28821
27679 33387 31814
27977 34749 30473
27569 31916 32746
27481 35434 29419
27268 31598 32975
26567 31987 32766
26546 35577 29325
34514 29474 27476
34451 29677 28134
34427 30077 26982
34332 31005 26160
34285 29977 28850
34100 28261 29951
34052 28902 30096
33984 29031 30214
33550 32256 27801
33516 31563 29442
33436 32145 28595
33304 32052 29252
33272 31880 29562
33234 32265 28897
33196 32531 28518
32833 32813 29131
32734 32962 28916
32648 33494 27995
32634 33122 29176
32271 31429 31387
31971 28782 31910
31887 33030 30312
31772 33206 30289
31656 29468 32109
31603 31927 31693
31587 32321 31441
31539 33130 30543
31436 30095 32200
31286 33740 30142
31047 32718 31545
30959 30998 32212
30845 33617 30849
30462 31122 32409
29922 30032 32845
29850 34567 30157
29841 33872 31030
29243 29786 33136
29162 31475 32772
28581 30138 33259
28563 34959 30160
28558 33375 31753
28199 30259 33369
27958 32136 32615
27757 35431 29450
27502 36077 28056
27201 32467 32466
27100 28555 33549
26822 35574 29356
27797 32186 32681
34797 27027 26645
34383 28841 29328
34377 30296 27422
34216 30530 28602
34184 30976 27869
34097 30447 29133
33966 31578 27298
33424 31910 29253
33398 31454 29807
33384 31990 29160
33117 32558 28913
32980 32666 29129
32625 33391 28908
32353 33150 29661
32155 34041 28415
32033 34011 28694
32001 33133 30111
31989 33082 30204
31872 33328 30106
31804 34192 29081
31764 33890 29570
31683 33447 29997
31658 33512 29933
31643 33501 29993
31594 34387 28748
31452 33965 29629
31197 34336 29312
31007 35196 27630
30799 35360 26395
30804 30184 32499
30475 33872 30688
30413 30463 32561
30368 35612 26787
30272 35373 27990
30156 34722 29778
29841 29485 32945
29802 30230 32852
29721 31919 32488
29693 31699 32497
29560 34189 30866
29423 36013 27156
29368 35558 28580
29276 31376 32708
29203 33559 31484
29200 35564 28741
29189 31771 32607
28813 30745 33098
28740 35964 27803
28791 35404 29411
28395 33486 31643
27862 33077 32067
26366 36008 28372
34413 30418 26517
34255 30935 27542
34046 28918 29959
33908 31813 27354
33809 31333 29076
33480 31994 28634
33387 32662 26467
33290 32288 28735
33195 32402 28849
32836 32586 29398
32823 33375 26470
32384 32940 29711
32382 33325 29277
32344 32638 30200
32342 32633 30202
32297 33543 29217
32012 28713 31834
31629 29139 32133
31590 32440 31399
31504 30201 32082
31425 33404 30530
31377 33745 30061
31197 33710 30308
30905 33035 31256
30818 33638 30762
30710 35058 28617
30651 33837 30715
30624 35351 27382
30620 33257 31270
30548 32405 31874
30514 35289 27930
30317 33337 31405
30275 34529 30002
30103 34755 29820
29898 32431 32132
29835 31820 32424
29817 34366 30396
29734 35444 28698
29716 32603 32036
29424 33357 31615
29391 35144 29552
29108 28840 33252
28900 32783 32082
28742 29981 33223
28739 36089 27461
28709 34296 30946
28682 35559 29014
28837 35037 29894
28325 36229 27267
28082 35563 29136
27921 29344 33444
26623 32471 32535
34551 28474 28237
34502 29549 28179
34469 30117 26935
34434 30169 26152
34421 30358 27335
34382 30720 26441
34335 30290 27883
34147 31039 28164
34124 30248 29332
34033 30815 29054
33925 29284 30258
33276 31958 29501
33183 32334 29095
33173 31981 29573
33158 31819 29966
32931 32308 29774
32802 32550 29765
32770 33279 28796
32732 31513 30918
32619 33407 28771
32529 33175 29138
32515 32871 29580
32505 32002 30726
32480 33776 26785
32334 32617 30278
32281 34005 27678
32157 33846 28685
31958 33296 29992
31838 32813 30639
31802 32958 30615
31759 29813 31964
31618 32067 31527
31599 30409 31986
31520 33261 30618
31484 32581 31189
31481 31390 31849
31466 33232 30632
31373 34345 29163
31156 28971 32338
31053 35023 28211
31011 30334 32328
30895 31020 32232
30502 33206 31400
30458 31018 32431
30406 35094 28886
30336 35356 28122
30301 33652 30980
29335 32189 32356
29286 35394 29252
29266 29413 33200
29175 31198 32812
29051 34618 30398
28827 29789 33254
28748 29471 33288
28748 35895 28094
28587 31621 32777
28464 34727 30444
28179 35441 29386
28014 32620 32384
27942 29205 33448
27766 31907 32748
27748 32749 32282
27410 35810 28826
27231 35691 29045
27091 30176 33459
34606 28874 27799
34495 29802 27034
34463 29799 27748
34350 30399 27662
34251 30358 28432
34060 30066 29812
33798 31362 29037
33706 29834 30362
33593 30434 30276
33518 32181 28245
33188 32067 29474
33174 32603 28827
32933 32037 30138
32886 32194 29892
32777 32278 30009
32515 32276 30492
32362 32999 29710
32350 32770 30153
32278 33010 29834
32161 32044 31042
32135 33249 29781
32081 33491 29433
32076 32652 30546
31995 33135 30083
31846 33330 30153
31445 34514 28811
31472 32506 31503
31259 32799 31361
31175 33926 29953
31161 34046 29843
31153 31890 31916
30763 34505 29567
30762 34724 29408
30602 33764 30734
30581 35256 27857
30496 34853 29306
30457 33612 31047
30402 34090 30473
30255 28884 32845
30176 31416 32423
30157 35601 27586
29888 35731 27308
29836 35803 27113
29825 29857 32916
29841 35463 28492
29703 28948 33069
29639 35838 27352
29329 30052 33067
29310 33866 31115
29254 31736 32576
29006 31023 32940
28999 36111 27017
28921 32865 32069
28890 30428 33121
28876 33697 31362
28622 31517 32925
28567 35054 29952
28167 33192 31917
27822 35487 29361
27739 35188 29817
27541 34529 30695
27422 30455 33396
26893 33425 31775
26011 33222 31914
34590 28819 27878
34582 27758 28114
34558 29265 27145
34516 28657 28857
34465 28450 28869
34463 30133 26798
34367 30169 28225
34351 30255 28319
34273 29532 29571
34205 29661 29689
33904 30037 30069
33811 29615 30405
33529 31719 29108
33207 32177 29321
33194 32064 29489
33121 32709 28400
33121 31167 30514
33111 30078 31017
32892 33182 28264
32856 32921 28591
32602 33581 27679
32501 33115 29494
32362 32568 30262
32318 33013 29808
32290 32494 30664
32123 33444 29415
31998 33360 29844
31936 32262 31214
31886 30047 31861
31860 29592 31909
31754 29730 31986
31709 32751 31022
31740 33613 29852
31536 30086 32063
31476 31307 31871
31316 32349 31514
31134 33272 30869
30950 32114 31866
30882 35077 28263
30814 29328 32561
30732 28841 32578
30695 33648 30923
30634 35217 28167
30427 29528 32736
30396 30010 32676
30338 33018 31541
30252 34525 30072
30226 30948 32548
29808 30200 32880
29763 33653 31220
29751 31679 32511
29688 33044 31799
29638 35487 28711
29449 36063 26678
29431 32779 32029
29386 32518 32209
29455 31300 32767
29288 33677 31326
29233 31737 32599
29194 34125 30884
29172 34282 30695
29078 36166 25796
28988 32986 31926
28842 35836 28241
28590 30442 33205
28557 31522 32866
28491 36127 27283
28323 36045 27831
28153 33480 31700
27995 34683 30523
27843 36090 27767
27785 35222 29703
27649 35542 29199
27587 33549 31622
27108 34941 30188
27742 35421 29673
26876 35745 28912
26716 36115 28017
26601 36352 26835
34571 29281 26927
34555 28288 28183
34489 29818 26897
34484 29884 26433
34400 29859 28451
34352 30288 28007
34351 29873 28770
34336 30126 28386
34313 30462 27957
34265 30891 27513
34249 30729 27892
34154 31071 27809
34083 30530 29335
33905 31586 27939
33764 31911 27996
33740 29963 30332
33707 31031 29885
33697 29942 30388
33418 31365 30025
33272 30592 30635
33211 32755 27814
33203 31951 29702
33136 32909 27370
33119 33050 26520
32980 32851 28583
32917 31355 30785
32799 32601 29452
32786 33223 28350
32785 33179 28655
32660 33095 29084
32642 31737 30838
32531 33677 28084
32522 32126 30585
32415 32226 30646
32365 30164 31545
32344 32786 30016
32328 32829 30152
32325 32184 30814
32310 33699 28883
32295 32615 30393
32134 33064 30028
32118 32615 30672
32094 32762 30517
31994 33960 28946
31929 33507 29717
31927 34013 28810
31904 34358 27587
31889 33205 30206
31584 33224 30530
31545 34023 29534
31488 34389 28864
31407 34769 27828
31367 34374 29052
31333 28879 32274
31253 33809 30121
31171 35228 27046
30905 33909 30352
30667 30246 32527
30367 30644 32596
30322 31832 32271
30269 35454 28003
30240 35690 26827
30088 35439 28372
30115 35094 29012
29902 33547 31314
29536 33430 31597
29456 33673 31331
29530 32084 32370
29411 34199 30826
29398 32341 32234
29379 31711 32548
29367 35108 29695
29149 30886 32921
29108 32678 32164
28870 34047 31064
28779 34278 30850
28706 35286 29569
28687 34830 30333
28623 34987 30025
28570 35606 29065
29014 35170 29861
28407 33599 31554
28391 35487 29284
27958 32735 32370
27864 33314 31816
27838 33312 31841
27739 30549 33285
27607 36151 27641
27556 30560 33285
27448 35743 28954
34698 27731 26937
34560 29154 27490
34502 29834 26679
34432 29668 28676
34417 29781 28225
34415 30437 26185
34471 30073 27616
34175 31006 27740
34092 31485 26820
34004 31276 28404
33951 31601 27049
33932 30951 29321
33705 31440 29129
33532 31722 29082
33440 32349 28080
33345 32432 28179
33273 31953 29503
33179 32239 29303
33166 32397 28948
33063 32231 29515
33006 33055 27417
32881 31607 30455
32876 32845 28605
32710 31256 30961
32693 31550 30709
32685 30320 31381
32548 32311 30359
32537 33210 29075
32349 32893 29881
32303 30590 31537
32155 33020 29995
32066 34129 28594
32042 32220 31011
31914 33015 30485
31899 34433 27641
31788 32112 31320
31678 33481 30154
31434 35056 27118
31407 34923 27566
31383 34339 29191
31330 33581 30385
31146 34331 29438
31024 34301 29717
30708 35174 28463
30676 34401 29948
30552 35053 28839
30521 35254 28151
30469 33060 31534
30313 35327 28229
30297 33623 31056
30123 33345 31445
30104 35649 27556
29943 35552 27814
29878 29264 32986
29858 35389 28712
29892 34552 30213
29831 32020 32285
29779 34191 30640
29759 31816 32462
29724 31683 32495
29641 35499 28459
29581 32300 32237
29305 28592 33164
29236 32190 32419
28964 34799 30278
28717 35785 28388
28535 35692 28840
28531 36218 26265
28415 33764 31345
28370 35385 29497
28287 34962 30129
28234 35705 28993
28160 36321 25383
28021 32630 32363
27825 33766 31358
27749 36100 27848
27641 36018 28243
27621 36414 26123
27487 34918 30341
27096 31686 32940
34808 27328 26213
34565 29297 26790
34529 29275 27388
34406 29858 28408
34394 29875 28314
34389 29039 29019
34346 30304 27870
34345 29889 28633
34322 30704 26718
34305 30857 27427
33655 32250 27000
33574 30702 30309
33524 32276 28155
33486 30989 30300
33389 31834 29312
33259 31478 30108
33245 30157 30936
33194 32162 29384
33138 32833 28259
33132 30757 30850
33030 32459 29077
33013 33116 27173
32997 32790 28988
32989 33009 28097
32926 32342 29578
32850 32791 29131
32839 32945 29084
32727 32390 30048
32695 32551 29784
32694 33032 29002
32565 32001 30638
32539 33135 29080
32505 33650 28487
32465 31575 31173
32241 32582 30561
32234 30569 31597
32207 30921 31577
32182 34174 27967
32087 33489 29393
32050 29554 31798
31945 33840 29186
31863 30502 31800
31803 33610 29686
31743 34550 28021
31723 34662 27503
31668 33490 30158
31647 33342 30400
31450 29697 32148
31449 34665 28298
31448 32726 31165
31441 34629 28446
31439 29101 32226
31347 32093 31666
31324 33752 30098
31353 33289 30733
31267 34674 28816
31157 33951 30051
31139 33616 30447
31120 32582 31474
31002 35005 28500
31002 32530 31692
30991 29236 32497
30831 29832 32519
30791 32884 31518
30744 28613 32563
30582 33478 30980
30582 31822 32126
30371 32804 31681
30017 34346 30404
29995 29584 32876
29970 33846 31006
29752 31310 32623
29714 30521 32813
29700 35676 27941
29491 32300 32242
29234 31368 32711
28886 35577 28917
28729 34154 30940
28613 32006 32635
28558 35769 28454
28426 35977 27979
28356 31741 32865
28260 33997 31111
28208 35230 29643
28134 31392 32955
28121 36270 26872
28090 31870 32763
27904 33107 32008
27491 30303 33406
27592 35948 28510
26448 30038 33487
34680 28071 27041
34539 29533 27178
34496 29850 26542
34418 29455 28925
34415 30152 27685
34392 30254 27921
34357 29480 28995
34343 30268 28240
34294 28576 29470
34256 30871 27746
33885 30305 30102
33846 31905 27366
33781 31690 28158
33760 31967 27733
33554 32179 27966
33476 31739 29250
33352 32397 28163
33285 31391 30285
33249 32228 29058
33209 32307 29003
33208 31978 29692
33204 32771 27539
33031 31585 30300
33029 32061 29957
32931 31159 30835
32746 32727 29354
32564 31813 30964
32479 32421 30468
32432 32350 30505
32396 32374 30481
32360 32590 30186
32337 32302 30772
32207 33248 29657
32205 32839 30313
32190 33841 28882
32166 33638 29317
32133 33079 29994
32125 32189 31018
32008 32604 30816
31946 33631 29576
31906 33329 30065
31898 32678 30826
31874 33424 29904
31806 33517 29878
31774 33704 29759
31766 33215 30367
31719 34120 29384
31709 34648 27648
31677 34324 28966
31626 33187 30477
31621 32805 30953
31447 34424 28860
31382 32881 31017
31308 29789 32252
31177 33324 30706
31132 33491 30602
30943 33257 31071
30924 31004 32269
30844 31396 32170
30825 33097 31254
30738 33700 30760
30669 34779 29169
30538 29014 32733
30525 34695 29569
30515 35270 28014
30254 34678 29886
30171 34463 30119
29965 35704 27506
29955 32701 31907
29897 33503 31370
29828 35161 29282
29720 30235 32903
29639 35227 29316
29431 32127 32374
29356 33782 31191
29239 31011 32847
29224 34992 29918
29174 32977 31883
29158 33371 31631
28877 35202 29721
28826 32516 32348
28678 34305 30808
28558 36120 27420
28412 35994 28022
28074 33300 31904
27785 31459 32963
27644 31077 33171
27641 30578 33282
27376 35814 28788
27032 36442 25419
26981 30738 33293
26560 36190 27561
26235 29786 33518
26141 28167 33623
34552 29549 26960
34475 29937 26919
34465 30152 26466
34439 30149 26874
34317 30454 27944
34037 31132 28443
33989 31561 27999
33904 31779 27939
33741 32214 26716
33627 31800 28961
33514 30740 30369
33410 32271 28736
33352 32656 26622
33242 30762 30628
33132 32849 28122
33114 32981 27679
33099 31823 30054
33097 31523 30278
33078 32425 28991
32903 30514 31159
32648 33287 28871
32594 33165 28913
32251 29775 31745
32167 30372 31672
32059 32344 30870
31960 33869 29039
31949 32418 30880
31902 30382 31830
31832 32833 30678
31813 30580 31876
31810 30043 31899
31807 34248 28732
31802 33782 29533
31708 29911 32021
31685 34218 29011
31521 30859 32023
31430 31488 31906
31393 33209 30732
31363 34158 29587
31246 34594 29065
31024 33616 30476
30934 35051 28149
30881 34277 29806
30808 34771 28911
30731 32970 31419
30730 31728 32213
30704 34630 29547
30669 29238 32615
30629 34081 30251
30593 35389 27780
30368 31173 32433
30290 34506 30022
30278 35113 28943
30242 33656 31068
30188 34963 29398
30181 35027 29207
30092 35107 29062
29929 31549 32487
29849 31941 32388
29798 35785 27147
29778 32909 31864
29761 34206 30630
29760 31447 32574
29373 35829 27769
29265 35705 28230
29139 35911 27804
29002 33684 31339
28906 35595 28882
28817 31611 32778
28743 35301 29510
28738 34026 31068
28688 35043 29936
28612 35285 29630
28480 35493 29155
28440 35825 28384
28344 36298 26787
28300 36030 27928
28148 36150 27557
28015 34622 30581
27638 34694 30540
27487 30551 33327
27363 33743 31471
27117 29293 33525
26886 32299 32607
26638 36303 27221
34660 28115 27379
34643 27953 28013
34496 29565 28042
34467 29314 28549
34447 28949 28606
34337 30284 28103
34222 29607 29347
33853 31264 29171
33600 31387 29609
33562 32328 27092
33543 30662 30325
33552 31633 29300
33461 32011 28790
33425 32018 29158
33386 31492 29835
33360 32479 27806
33291 31606 29949
33243 32244 28921
33243 32152 29110
33159 31981 29643
33133 32882 27499
33114 31213 30557
33110 31474 30314
33086 32415 28969
33071 32045 29656
33064 32095 29757
33049 32091 29775
32899 31145 30855
32767 32728 29262
32583 33652 27805
32456 32280 30580
32434 31535 31189
32291 30987 31416
32255 32188 30840
32072 33774 28988
32070 33451 29452
32028 32677 30648
32021 31718 31422
31971 31952 31364
31809 32259 31311
31800 33533 29741
31770 33853 29413
31755 34475 28229
31639 33205 30449
31393 34720 28177
31358 30545 32237
31369 34290 29540
31262 33119 31170
31253 33766 30189
31138 34454 29336
31121 32841 31315
31079 33919 30268
30628 35326 27833
30603 34849 29153
30552 35249 28007
30235 33938 30839
30153 35049 29173
30152 34503 30119
30092 35285 28644
30250 34904 29600
30059 29065 32913
29995 35494 28133
29883 35540 28178
29746 35436 28763
29567 35317 28982
29530 35551 28539
29523 31277 32709
29499 32861 32000
29493 36052 26113
29454 33693 31293
29454 31669 32655
29450 34586 30427
29450 32331 32244
29461 33749 31260
28958 31120 32932
28827 31026 33008
28781 35761 28461
28756 35490 29186
28620 36115 27391
28583 34314 30798
28462 35812 28467
28397 30716 33152
28313 31319 32976
28172 35032 30061
28119 34525 30626
28050 28570 33444
27798 31817 32793
27737 34342 30836
27707 34157 30984
26934 28851 33570
34718 27770 26846
34546 29565 26823
34398 29867 28301
34277 31029 26684
33841 30622 29877
33757 31190 29611
33753 31983 27458
33560 30898 30259
33496 28524 30764
33487 30390 30427
33404 32570 27441
33286 32109 29169
33270 29620 30936
33194 32592 28598
33172 31097 30592
33028 31633 30387
32996 33005 27862
32967 33081 28406
32957 31844 30135
32945 31586 30400
32900 31119 30851
32870 32447 29641
32774 33307 28171
32860 29938 31316
32747 32914 29305
32692 32546 29786
32667 32654 29738
32653 33472 27667
32648 32063 30475
32624 33435 28291
32611 33104 29318
32527 33210 29229
32459 33779 28042
32421 32552 30283
32068 34039 28643
32049 31345 31550
31877 33378 29971
31849 31839 31430
31808 30497 31898
31803 32796 30790
31753 33106 30385
31683 34678 26461
31610 31721 31604
31549 33958 29486
31486 34142 29348
31424 33874 29915
31397 31856 31749
31198 34305 29324
31138 28938 32355
31076 33974 30146
30970 34300 29767
30794 34504 29519
30658 34824 29015
30620 33272 31180
30602 34020 30471
30579 32493 31830
30363 31090 32455
30334 34513 29951
30187 28960 32839
30142 34512 30123
30110 35694 27218
30108 35495 27828
30058 31716 32410
29980 35503 28200
29980 34281 30501
29977 31559 32445
29961 34292 30419
29791 33313 31550
29785 32201 32320
29523 28992 33107
29517 31564 32648
29429 35056 29616
29373 33122 31878
29221 36074 26927
29112 34520 30524
29111 33948 31189
29017 34998 29920
28965 34984 29971
28893 35344 29363
28881 33692 31440
28864 35697 28698
28839 35582 28975
28733 35681 28818
28723 36153 27071
28696 32891 32091
28656 36207 26858
28562 32385 32406
28480 33067 32015
28435 33899 31308
28406 33965 31260
28379 33415 31754
28315 33761 31362
28314 34517 30743
27584 35423 29458
27517 36144 27734
28221 32563 32442
26775 36271 27361
25982 29033 33652
34617 28372 27711
34572 29292 26661
34540 29289 27375
34539 28628 28393
34485 29895 26167
34317 29591 29192
34269 30406 28314
34155 30984 27792
34042 31576 26667
34019 28475 30207
33871 30501 30052
33784 31104 29558
33563 31253 29913
33561 31520 29513
33397 32631 26793
33333 32191 28745
33197 32499 28790
33196 31389 30286
33183 32644 28120
33171 32000 29532
33145 32651 28241
33072 32415 29219
32795 33263 28138
32725 29732 31340
32705 33359 28289
32645 32566 29783
32526 31302 31283
32424 30774 31467
32384 33778 28580
32299 33996 28520
32299 31791 31091
32103 31894 31151
32074 31319 31602
31999 34186 28516
31814 33564 29667
31760 32591 31035
31753 33354 30036
31702 31102 31835
31467 30984 31982
31392 33713 30083
31373 34025 29594
31329 31452 31948
31279 30940 32132
31095 29925 32333
30960 34309 29771
30917 30385 32352
30784 34465 29612
30700 34768 29135
30633 30651 32447
30558 35447 27489
30486 34256 30227
30341 30164 32673
30167 34453 30375
30107 34477 30225
30084 35065 29191
29850 31572 32500
29808 30273 32847
29386 32591 32176
29299 32106 32378
29181 35452 29031
29155 34696 30378
29019 35016 29874
28978 30992 32953
28703 31871 32700
28481 32053 32599
28416 33308 31772
28004 28792 33455
27860 35420 29489
27745 35249 29732
27597 35612 29134
27585 35586 29187
27425 35956 28292
27413 35829 28729
27152 32834 32273
27115 31238 33155
26514 36049 28158
26239 36198 27555
25687 28441 33676
34687 28100 25722
34516 28922 28177
34503 29707 27896
34300 29882 28877
34239 31176 26646
34200 30959 28066
34151 30967 28230
34103 31190 28125
33443 32102 28513
33378 31887 29305
33251 32096 29258
33118 31879 30005
33033 32237 29578
33024 33160 26654
32977 33089 27895
32949 32594 29310
32920 31710 30439
32874 30726 31128
32766 33358 27254
32712 33460 27586
32697 33594 26282
32676 31934 30546
32644 33115 28930
32610 31542 31040
32605 33120 29181
32446 32820 29859
32358 31471 31230
32322 31702 31096
32109 34221 27846
31966 32736 30605
31944 33009 30402
31910 33240 30170
31692 33143 30430
31643 32405 31214
31630 34202 29124
31527 33112 30659
31507 32196 31653
31497 31200 31919
31410 34261 29432
31255 33134 30918
31213 31466 32014
31207 32196 31743
31140 34047 29849
30617 34405 30036
30521 35050 28874
30409 32016 32216
30198 31086 32500
30079 28448 32886
30030 32326 32138
29893 35369 28874
29833 35725 27600
29818 30497 32780
29741 35489 28503
29727 32075 32372
29725 35643 27995
29516 32098 32364
29398 30375 32990
29381 30495 32979
29244 32282 32322
29193 31192 32882
29042 34106 30922
28960 36148 26464
28866 36004 27712
28820 29288 33333
28813 30818 33065
28770 34701 30383
28632 31558 32850
28273 35069 29938
28257 31609 32917
28255 28738 33434
28245 30347 33260
28216 36030 27970
28137 35389 29434
28074 35862 28487
27846 36334 25559
27249 35685 29115
27229 33128 31976
27080 31464 33042
26597 36141 27947
