90 3
25018
509 526 597 362
501 659 611 404
494 671 847 968
548 775 416 817
663 605 284 344
643 606 723 37
479 618 973 756
494 765 409 651
585 956 893 837
662 734 301 698
556 142 335 125
533 512 204 154
463 314 786 606
622 115 106 532
531 63 398 504
462 482 339 599
536 550 628 968
509 146 866 663
551 168 83 549
637 283 138 693
546 751 899 304
580 989 863 971
474 863 805 374
564 980 973 876
563 780 669 968
613 717 606 524
621 922 485 610
467 618 589 943
509 652 251 702
628 445 345 875
644 920 963 901
578 777 491 292
483 158 221 289
594 74 696 689
540 932 773 863
558 572 952 948
495 558 338 276
593 807 980 910
457 468 679 655
463 350 888 772
571 282 42 380
632 750 590 826
663 595 970 457
522 149 393 245
512 726 853 753
659 530 736 263
645 509 317 460
461 903 443 336
666 851 565 667
590 674 146 167
614 361 906 505
607 226 830 730
597 32 526 67
513 109 5 93
498 462 269 308
555 545 107 224
511 683 650 906
495 67 291 779
531 650 379 931
532 190 374 692
570 953 899 515
583 746 705 462
449 930 502 701
480 362 600 237
516 190 373 87
501 38 657 62
523 364 171 319
537 719 379 814
551 155 600 278
575 844 976 510
625 672 254 243
555 925 934 694
495 610 689 961
581 307 715 679
479 763 925 925
647 266 306 46
484 875 725 966
562 244 883 708
661 639 760 930
466 15 346 141
472 263 585 158
628 613 670 426
453 46 235 759
618 411 114 385
661 482 506 152
564 755 194 419
623 346 254 298
611 1 48 283
584 899 648 885
660 528 391 651
2171
28731 31996 35610
29076 30977 35981
33281 31219 33771
32964 31320 34043
32901 31488 34072
33042 32859 32489
32885 30745 34159
32696 30530 34286
32682 31973 33927
32456 33494 32403
32470 33425 32896
32374 31434 34448
32454 33622 32632
32340 32270 34079
32334 33382 33252
32401 33118 33693
32372 32124 34383
32234 32494 34187
32230 33239 33721
32023 33700 33432
31962 32233 34538
32032 30853 34730
32044 33731 32787
31903 33961 33070
32119 33538 33160
31873 34063 32139
31861 33099 33994
31984 33846 33019
31766 34041 32670
31739 33463 33927
31665 34066 32829
31589 32838 34345
31460 34086 32923
31354 32665 34585
31486 34223 32443
31139 32294 34772
31288 34191 33139
31324 33415 34107
31177 34408 32259
31027 33949 33771
30894 31140 35252
30875 34530 32178
30809 31388 35301
30806 33404 34246
30876 32769 34701
30710 32308 34904
30751 34578 32201
30548 31861 35195
30550 34846 31348
30599 33709 34099
30473 34055 33759
30330 34992 30785
30374 32374 35095
30474 34859 31574
30718 34134 33587
30231 33302 34597
30511 34322 33161
29913 32730 34969
30139 32961 34819
29898 33480 34545
29825 32448 35235
30052 33951 34022
29649 33302 34657
29606 35021 31643
29645 32573 35175
30405 34613 32773
29891 33120 34843
30178 33605 34362
29903 34789 32280
29813 32795 34990
29291 35067 31411
29468 32301 35370
29618 32926 34952
29984 34509 33036
29200 35039 31578
29071 35213 30848
29659 34543 33005
29292 31575 35715
33394 31483 33505
33332 32510 32954
33073 32410 33527
33051 32113 33654
33041 31678 33733
32762 32973 33066
32763 31858 33876
32826 33125 32915
32822 32516 33597
32536 32055 34108
32453 32009 34332
32097 32309 34313
32233 32793 34142
31861 31689 34707
31945 32538 34364
31999 32729 34190
32095 33163 33946
31750 33737 33388
31669 30770 34903
31618 33023 34211
31723 34178 32307
31580 33825 33285
31534 33584 33841
31605 33504 33784
31688 31516 34858
31574 34279 31775
31333 33243 34135
31261 31930 34839
31346 34303 32617
31147 33143 34302
31341 31814 34975
31174 32790 34525
31104 34503 32162
31278 31625 35013
31362 33617 33953
31493 34070 33225
30797 32944 34551
30714 34428 32957
30312 33224 34580
30466 32476 34972
30584 33485 34229
30426 33171 34635
30163 33381 34492
30147 32715 35053
29937 34960 31312
30090 34218 33424
30066 33805 34096
29935 31485 35550
29742 33501 34522
29719 30887 35816
29550 31686 35593
29708 33823 34145
29918 33992 33879
29207 32512 35318
29809 34129 33747
29280 31171 35951
29277 34815 32295
33982 31152 32906
33591 32057 32744
33471 32318 32382
33310 32213 33081
33212 32771 32592
33231 32650 32139
33080 32746 33033
32916 32925 33167
32960 33007 32671
32862 32734 33341
32833 31740 34031
32624 32527 33635
32694 32409 33790
32580 33276 32972
32574 33361 32994
32540 32449 33934
32439 33285 33219
32319 33546 32857
32290 33124 33489
32274 33497 33484
31978 32899 33977
31878 32794 34168
31828 32274 34395
31865 33573 33508
31689 32943 34154
31780 31804 34758
31476 32301 34652
31512 31253 34911
31370 31913 34913
31262 33323 34192
31315 31564 35113
31228 33658 33810
31064 33802 33624
30997 32518 34720
31061 32253 34832
31000 34567 32064
30903 33311 34370
30917 32829 34572
30963 32225 34940
30967 34362 32735
30889 34405 32533
30605 33577 34144
30376 33016 34677
30670 34651 32092
30325 32509 34947
30581 32895 34763
30159 31701 35392
30126 33442 34392
30349 34822 31688
30256 34714 32241
30154 33075 34755
29793 34891 31904
29754 32216 35355
29463 32107 35528
29741 34187 33648
29589 33665 34361
29257 34757 32447
29263 31476 35777
29356 32845 35093
29357 33337 34750
29208 35133 31248
29320 30809 35913
28681 30462 35996
34226 30704 32576
33609 31757 32713
33355 30521 33772
33366 31348 33615
33035 32912 32100
32923 31785 33945
32744 33273 33097
32690 33082 33271
32672 31891 34015
32497 31093 34375
32368 32869 33917
32293 31549 34499
32297 30844 34614
32216 33727 32391
32061 31309 34659
32185 31219 34575
31680 33115 34126
31359 34111 33082
31278 34383 32100
31231 32582 34672
31176 32233 34872
30953 31504 35146
30959 31864 35094
30923 31596 35181
31154 33503 34004
30665 31249 35368
30636 31150 35430
30698 33432 34284
30763 34247 33376
30748 33328 34420
30487 33909 33833
30551 32646 34900
30282 32086 35195
30543 33449 34334
30474 34613 32656
30407 34386 33063
29905 32897 34867
29855 32112 35327
29831 34949 31739
29948 33165 34718
29693 33601 34459
29612 32440 35303
29084 32048 35563
29212 32706 35160
29173 31287 35808
29765 34755 32595
29141 32786 35217
33613 31365 33188
33646 31965 32522
33474 32034 32947
33344 31051 33742
33275 32603 32563
33255 32152 33264
33233 31634 33489
33431 31844 33353
33138 32561 33011
33159 31583 33704
33026 32555 33207
32983 32365 33613
32817 32068 33717
32819 33178 32526
32083 31278 34606
32162 33697 32859
32314 32678 34091
32213 31585 34432
32138 33860 32059
32149 33354 33772
31823 32902 34297
31549 32185 34617
30753 32686 34788
30905 31710 35135
30690 31977 35141
30795 34688 31978
30497 33091 34578
30253 31987 35257
30200 34881 31366
30034 32812 34930
29993 31240 35595
30284 32379 35155
30141 34684 32521
29935 34885 31837
29526 32585 35174
29670 32724 35107
29438 35136 31204
29404 34925 31766
29038 35003 32006
33749 31908 32239
33165 31886 33448
32986 31617 33916
32822 30913 34188
32748 32600 33616
32211 33312 33504
31903 34007 31993
31641 32473 34517
31794 32803 34359
31560 32739 34407
31672 33214 34037
31353 32218 34739
31283 33544 33981
31075 31140 35213
31109 32386 34807
31118 33044 34364
31108 34408 32376
31126 32081 34981
30885 33477 34218
31184 34255 33041
30411 33222 34468
30485 33729 34094
30290 32935 34725
30289 32491 35105
30119 34794 31841
29997 32239 35260
30000 33173 34649
29819 31807 35547
29930 35030 30809
29836 31502 35721
29330 32595 35231
29503 33944 34059
29143 32952 35077
33708 30938 33073
33481 32274 32665
32887 31931 33857
32536 33194 33468
32491 31597 34227
31399 30670 35081
30987 32750 34740
30960 34636 31373
30820 32533 34853
30782 32871 34654
30670 32057 35060
30698 32337 34988
30513 31705 35336
30294 32685 34947
29989 32575 35138
30184 33070 34651
30476 33626 34186
29823 35094 30759
29952 31180 35724
29176 32336 35463
34320 29674 31630
33537 31866 32918
33395 32342 32925
33219 32077 33274
32939 32539 33394
32701 32885 33325
32700 33015 33334
32646 32824 33508
31919 33764 33334
31574 31894 34711
31518 34198 32401
31555 32545 34565
31408 33930 33501
31041 33278 34228
31157 33738 33867
30930 30433 35369
30428 31822 35346
30148 32524 35080
29702 32365 35322
30105 33648 34257
29542 34600 32789
29180 33065 34945
29187 33425 34647
29628 33508 34522
34287 30180 32317
34243 30390 31844
33710 30891 33257
33471 31841 33195
32784 32454 33704
32785 32155 33749
32565 32939 33559
32603 32634 33914
31892 31484 34720
31828 31309 34854
31651 30717 34925
31479 33850 33444
30986 31660 35106
30670 33003 34567
30086 30762 35638
29586 32190 35441
29923 31081 35786
28953 31656 35798
34043 30628 32647
33843 31821 32665
33434 31096 33656
33814 30827 33355
33191 32303 33315
33008 30828 34072
33023 31978 33764
31969 33509 33606
31769 31401 34807
31730 33744 33374
31710 33364 33989
31236 30989 35229
31156 31025 35162
31050 34296 32898
30847 32329 34865
30840 33080 34439
30589 32559 34885
30603 34545 32470
30287 31855 35321
30018 34819 32000
29266 34891 32081
34058 31151 32583
33491 31729 33121
33494 31676 33324
33164 32185 33403
32976 32810 32935
32475 32894 33645
32217 30880 34547
31883 31658 34654
31955 33717 33294
31933 32134 34600
31259 33011 34389
31014 34442 32419
30967 34583 31762
30299 33354 34381
30446 33873 33938
30247 32820 34862
30432 32183 35192
29772 33385 34570
29180 31669 35645
34182 30914 32103
34087 31373 32335
33617 30971 33212
32008 32491 34200
31966 31528 34653
31865 30984 34822
31642 32174 34562
31401 31708 34926
31408 32854 34477
30392 31318 35498
30496 32010 35162
30585 33748 33975
30344 31185 35523
30068 34936 31389
29678 34861 32184
29210 35208 30723
28907 31776 35758
33996 31193 32851
33675 31496 33114
33505 31146 33354
31515 31916 34806
31497 32030 34760
30891 33674 34006
31002 32999 34500
30106 32017 35363
29490 35069 31394
33453 32141 33226
32574 31054 34400
32675 32525 33709
31816 31793 34613
31449 31146 35027
31245 30478 35186
31026 32703 34586
30968 32419 34782
31304 33994 33403
30676 32015 35124
30755 33688 34122
30486 34106 33672
29929 33868 34109
29271 33229 34832
33191 30700 33906
31588 30885 34954
31441 32989 34283
30853 32791 34597
30886 30925 35340
30204 32760 34928
29180 35184 30924
32457 31304 34447
32363 32210 34014
31684 30468 34969
31417 34223 32560
30325 34918 31252
29096 35103 31480
33168 32513 32829
32945 32832 32866
32057 31656 34585
31770 31848 34653
31757 32354 34452
31446 33051 34174
31253 34402 32694
30515 31401 35411
29824 32001 35389
29747 35107 30985
33584 31721 33238
33408 32509 32631
33062 31704 33626
32889 32957 32886
32378 30729 34563
31653 32573 34457
31797 34116 31867
30646 34754 31358
32610 32970 33420
32180 33873 31912
31349 34304 32256
31104 33028 34439
31004 34079 33422
30421 31417 35436
29943 33238 34605
29146 31376 35865
31649 33762 33547
31452 33253 34111
30912 31193 35230
31170 34035 33260
30979 34466 32276
30503 32415 35072
29814 34056 33781
32521 32156 34010
30693 31710 35298
30280 31450 35411
29469 32793 35027
29986 34282 33326
28671 35251 30872
29318 33058 35022
28480 30764 36081
34014 30893 32820
31547 32185 34718
31322 31133 35042
30866 34608 31921
30722 34741 31132
30941 33800 33814
30554 32379 35057
30577 34508 32557
30350 33972 33846
29306 33160 34920
32680 31389 34195
32104 33585 33381
31382 34287 32345
31127 31890 35008
30967 30810 35289
29992 30818 35686
30076 32483 35173
29697 32171 35480
29104 31391 35803
28641 30824 36034
33800 31455 32812
33767 31596 32794
32550 32255 33948
31582 34132 32666
30610 34492 32859
29717 31171 35739
29258 32228 35442
28702 31897 35672
33603 31775 32928
33512 31376 33293
31899 32630 34271
31866 34116 31750
30765 34462 32394
30640 32149 35095
30137 31379 35528
30170 33741 34194
30028 32980 34780
29963 30719 35748
29104 35197 31150
33526 32226 32160
32415 32314 33977
29949 33196 34669
29798 34965 31437
29087 33544 34477
27912 30337 36107
33676 31197 33159
32154 32218 34258
31516 31725 34833
31060 31311 35202
30857 30826 35402
30051 34982 30834
29106 35272 30625
28972 32131 35580
29136 32592 35375
33525 30771 33441
31890 30446 34875
31785 33805 33191
30765 34020 33666
31067 33454 34154
30203 31103 35625
30229 32100 35276
30165 34888 31793
29975 34995 31060
29936 32878 34903
29489 30613 35955
32535 31105 34256
31377 30701 35134
30419 32976 34702
29897 32287 35238
29389 32978 34965
32168 30458 34670
32045 33959 32136
31581 30814 35027
30761 31458 35225
29813 31849 35483
29646 33731 34230
29037 32183 35478
29767 34528 32885
31990 31077 34779
31804 34063 32256
31273 32529 34591
30680 30658 35459
29469 31847 35520
29357 32876 35044
29193 32637 35250
29434 32008 35590
33975 31205 32517
33084 32001 33499
32609 33197 33322
31953 30278 34846
31745 33834 33146
31198 33761 33767
30671 32890 34615
30381 32734 34797
30330 30594 35570
33122 31222 33856
32945 32670 33258
32410 33540 33128
31783 33721 33690
31374 31208 35028
31219 31279 35146
30799 32098 35037
29719 31161 35734
32712 31273 34199
32564 31672 34181
32529 33085 33471
31503 32843 34321
30780 31289 35363
29968 34358 33189
29619 33418 34609
32236 33610 32940
32135 31064 34617
31989 32046 34393
31765 30353 34918
31233 33224 34254
31151 32893 34524
29798 34253 33517
28651 32181 35548
33571 31858 32755
32053 33761 32551
30705 33492 34125
30278 31696 35351
30009 30488 35687
29833 35024 31214
28664 35304 30483
29074 31261 35904
32147 31822 34441
31712 32519 34374
30868 34683 31396
30514 33828 34032
28936 31961 35624
28960 35330 30361
33964 31452 32937
33723 32082 32303
32583 30543 34357
31200 34405 31724
31061 30794 35264
29957 31374 35566
29884 32211 35265
29631 31623 35635
32706 33386 32553
32246 33543 33003
31578 33842 33604
31076 31926 35023
30398 34666 32384
30036 31618 35479
29893 31547 35596
30055 33522 34449
33608 30917 33308
32278 32752 33950
32139 33421 33709
31500 30784 35047
31372 31609 34988
30833 32391 34817
29615 33009 34877
29493 33764 34269
32633 30698 34315
32628 32771 33530
31743 33134 33980
31660 34196 31467
29101 33281 34834
31287 32086 34779
31116 34530 30971
30853 33156 34412
30484 31606 35398
32209 33780 32002
31580 31186 34934
31119 33536 34021
29942 31890 35460
32952 32779 33255
31270 33226 34215
30857 33381 34226
30912 34089 33459
30636 31788 35249
30548 33532 34269
33143 31589 33575
32046 33814 32162
31451 30456 35092
30297 33295 34427
29074 34785 32349
32626 33274 32702
32501 30388 34490
32397 30462 34471
29686 33241 34757
29512 33061 34878
33919 31820 32342
32134 32954 33814
30425 31159 35451
30587 34717 31929
30525 34352 33135
30108 33608 34240
33152 30944 33917
32781 32849 33392
31551 31087 34996
30679 34492 32742
30308 31826 35250
30129 31452 35529
29728 32912 35000
28979 35160 31264
28719 31592 35846
32428 32754 33685
31285 32773 34498
30645 34281 33304
29990 33067 34795
29741 33009 34865
29754 33162 34862
28744 32961 35105
33211 32326 33045
31610 34005 33012
30426 32225 35128
30345 32275 35157
30587 34471 33011
33008 32502 33229
32837 31035 34146
32482 33003 33642
32029 30293 34767
31905 33357 33757
30720 32226 35004
30447 30935 35557
29436 32660 35155
33725 30937 32997
33523 30846 33323
33034 30724 33944
32036 33602 33243
31958 32978 34072
31062 33260 34312
30859 34661 31532
30319 33584 34282
29425 35026 31554
28945 35062 31677
33679 31824 32540
33303 31516 33644
32543 32642 33686
32369 32570 33962
30626 33132 34555
30258 34789 31716
29998 32048 35287
29457 31443 35756
32212 33186 33743
30647 34297 33058
30475 33134 34529
30270 31682 35431
29730 35153 30430
32108 30868 34651
31637 32112 34671
31613 33809 33587
30440 32665 34861
30118 32275 35217
29586 33285 34737
32006 31741 34567
31336 34384 31534
30937 32595 34782
30205 34955 30899
29682 35008 31417
32356 33349 33302
31618 31666 34802
30923 34013 33673
30257 31606 35458
30552 34921 30823
29603 35240 30196
33205 31720 33501
32847 32286 33675
31329 34437 31145
31033 34541 31470
30587 33002 34616
30570 31018 35470
30128 33437 34409
29965 33821 34069
31119 30648 35242
30941 32820 34596
31020 33589 34069
30907 34210 33409
29989 31753 35394
29497 32486 35236
28971 32457 35377
33846 30568 33269
33567 30332 33528
32762 32157 33831
30249 33525 34305
30005 34423 33126
28017 30022 36152
32614 32225 33886
32627 32665 33594
32352 32266 33986
32307 32974 33702
32038 31961 34512
31751 31348 34829
31056 30263 35313
30663 34704 31703
30519 31050 35518
30317 32582 34948
29613 32732 35110
32967 31293 33974
31930 33862 32536
31718 31997 34620
31437 34359 31375
29993 32800 34952
30123 33871 33965
33730 31388 32985
33177 31283 33673
32075 31356 34554
31961 34119 31471
31484 30041 35134
29281 35159 30765
32902 33124 32592
31989 32796 34127
31472 31609 34835
30960 30680 35298
30831 31308 35281
30698 31904 35140
30646 34508 32440
33602 31421 33207
32356 31381 34470
31732 31024 34887
31109 31654 35066
30128 31906 35379
29332 35085 31225
34432 29055 31166
33463 32090 32966
33416 32496 31858
32332 32378 34060
31304 33144 34197
31145 32691 34587
31120 32601 34633
30843 34296 32939
30479 34322 33298
29996 32079 35352
29440 31748 35582
28869 31382 35818
28745 32635 35308
30793 33086 34480
30975 33113 34376
29459 33686 34296
31140 33997 33278
30949 33624 33918
32110 30178 34716
30724 32587 34850
29492 32292 35394
30293 34324 33220
29178 32413 35380
28757 32533 35410
33553 32170 32200
32704 32270 33800
31714 33885 33248
30491 30443 35586
29317 31744 35621
33707 31237 33028
33075 31367 33724
32699 33439 32164
32317 33702 32232
31265 34464 31591
30643 33698 33887
30522 34546 32292
34041 30736 32723
33227 32017 33374
32613 32524 33841
32228 31707 34390
30550 33809 34036
28750 32829 35150
33519 32279 31771
33114 31945 33625
30813 31422 35235
30261 32836 34787
29727 33264 34657
29593 33645 34439
29619 32800 35005
29141 31840 35710
29231 33683 34410
29616 33847 34182
28751 33321 34807
33693 31196 33083
33485 31882 33140
30468 32992 34640
30262 33328 34444
30224 34177 33567
29820 34855 32117
29293 35142 30886
29097 35250 30761
29179 32905 35037
28580 32261 35605
30956 33397 34161
30497 32457 35008
32128 31888 34465
30568 32819 34790
29996 32935 34840
28534 32081 35636
33758 31542 32890
33091 32110 33496
31072 33966 33488
30821 31987 35053
30174 32511 35065
29459 34666 32626
28513 31682 35799
28527 35384 30083
33197 31780 33401
33035 31370 33741
31756 32323 34491
31658 34119 32440
31568 32692 34390
30853 32287 34929
30041 33172 34632
29622 35070 31099
29363 33205 34795
33058 32449 33160
33023 32839 32642
32678 32718 33461
31430 33648 33743
29907 34936 31513
29157 33541 34599
28796 32351 35432
34399 29561 31853
33327 31908 33255
31011 30318 35318
30881 31096 35282
30354 32694 34813
33497 32144 32318
32804 30860 34210
32654 30993 34245
31986 30029 34890
31424 32104 34739
30823 32907 34549
30645 34527 32222
30565 31556 35369
30254 30741 35645
29407 32561 35217
29481 34984 31757
29153 35033 31726
32752 31855 34082
32016 32424 34364
31576 30138 35045
31377 33501 33898
31151 34271 32739
31232 32469 34720
30777 33657 34030
30591 33845 33931
30234 32899 34727
30027 34741 32257
29914 35062 30434
32945 30996 34101
32911 30337 34147
32479 31601 34320
32401 29757 34586
30694 30879 35419
29529 34962 31652
29024 31576 35741
33599 30073 33442
33116 30151 33941
32484 31795 34162
31299 32950 34355
31258 34517 31202
30369 33269 34455
30342 34875 31299
33295 31765 33415
33255 32584 32808
32832 33040 32893
31187 33885 33537
31011 33283 34332
30069 34390 33103
29901 34513 32788
29399 34008 33961
29195 35165 30825
33875 31562 32579
33474 31314 33400
32995 31106 33873
32700 31277 34121
32310 33755 31843
31624 30694 34963
31477 31436 34900
30985 32114 34956
30284 33388 34388
30240 31911 35284
30073 35016 29809
30078 30270 35685
29694 34317 33419
29888 33954 33897
33595 31312 33210
33313 31598 33556
33159 32882 32286
31622 31319 34876
30982 30219 35380
30938 30711 35351
30901 30334 35431
30315 31919 35223
30159 31299 35508
29716 34919 32019
34098 31126 31915
33456 31981 32969
32940 33128 31845
31849 33770 33244
31484 33253 34020
31215 31989 34861
30544 33975 33702
30152 34778 32143
29968 32140 35322
28722 33222 34869
33663 31660 32696
32641 31633 34206
32104 31573 34536
31758 33967 32752
31499 31301 34985
30849 31926 35083
30796 32365 34880
29580 31907 35511
28978 34821 32253
32497 31517 34361
31262 32377 34685
30124 34894 31592
30026 32328 35215
27934 29517 36168
34073 30477 32637
33487 32121 32646
32506 33378 32856
31566 31880 34791
31340 33947 33363
31356 34150 32825
31172 33622 33812
31008 33106 34353
30729 31699 35153
30223 34207 33438
30176 32588 34982
33760 31887 32502
33111 31998 33422
32549 31272 34223
32145 33807 32448
31986 33718 32790
31491 34343 31858
31384 34370 31720
30652 33406 34334
30567 31896 35162
30467 33207 34530
29942 32836 34967
29183 35082 31531
29070 35099 31563
33142 31888 33530
32668 32785 33398
32554 31866 34120
30682 34431 32548
30147 32864 34842
29709 32725 35024
29613 32932 34960
29567 31381 35767
31493 30654 35056
31450 31640 34888
31075 33407 34137
31053 33802 33769
30977 33753 33774
30831 32834 34548
30590 32368 34912
30559 32573 34899
30345 34923 30361
30362 31071 35569
30026 33423 34511
33613 31865 32595
33629 32169 31877
33546 32223 31811
33325 32563 32565
33156 32745 32710
32641 32222 33809
32370 30808 34478
32076 30361 34759
31587 34198 32284
31569 33134 34087
31175 33911 33511
31004 31481 35130
31020 34622 30961
30822 34277 33118
30715 32789 34684
30235 34160 33518
30254 33504 34340
30205 33052 34735
30088 33904 33982
29145 34939 32056
28107 31369 35888
31708 31832 34658
31550 33888 33123
31557 34301 31566
31414 34262 32303
30804 32292 34879
30643 31555 35340
29727 31958 35398
29203 35278 30220
32881 30119 34189
30679 34738 31660
30320 32315 35105
29831 35128 30271
29573 35037 31341
28835 35293 30475
28451 35397 30309
33836 31874 32276
31910 33542 33483
31626 32926 34234
31297 32873 34438
31198 34220 32717
31170 34461 31870
30384 32680 34799
29958 30850 35667
29841 31696 35563
28588 35317 30709
32292 33197 33453
32013 30529 34788
31438 33103 34340
31020 32885 34546
29871 35059 30962
29532 32036 35482
29529 30251 35917
32562 33519 31764
32397 32724 33867
32350 33686 32534
32129 33503 33166
31423 33154 34173
31474 33906 33506
30926 34213 33216
30863 34426 32637
30799 33044 34544
30693 34613 32015
30846 32783 34715
29883 34218 33465
29795 33198 34757
29548 34405 33196
29696 34012 33837
29626 35217 30332
28560 35368 30385
28886 31077 35992
34146 30957 32152
32631 32224 33810
32251 32493 34111
31716 34277 30841
31640 34290 31067
30876 32367 34817
29947 35046 30736
28540 32756 35222
34299 29892 31782
32967 32929 31962
32461 33544 31923
31862 33144 33956
31268 32335 34749
31306 34340 32073
30949 30757 35311
30520 32667 34798
29998 32994 34794
29150 33181 34897
28533 35217 31187
33478 30604 33685
33251 32188 33083
33215 32246 32985
32507 32200 34158
31975 33424 33584
31506 33444 33937
31359 31072 35142
31246 34501 31228
29972 34789 32163
30078 34276 33409
29585 34920 31855
29300 34989 31668
34285 30288 32393
33147 31833 33470
32767 32102 33771
32717 31875 33898
32445 33200 33197
31991 33227 33848
31722 32358 34466
30926 33513 34113
29699 34965 31464
28966 35163 31465
32726 30460 34261
31997 33845 32708
31759 34141 31297
31449 34242 31889
31370 30571 35143
31082 31545 35123
31010 32663 34622
30967 34095 33177
30951 30728 35299
30420 33378 34340
30117 34993 30126
30013 34947 31086
29988 31485 35504
28813 29720 35994
33978 31404 32159
32829 32413 33512
32613 32087 33919
32124 32872 33902
32062 32561 34161
31822 31580 34709
30783 31175 35306
30783 34428 32840
30755 34725 31434
30433 32016 35188
29511 35187 30612
29528 32931 35012
29689 34200 33578
28673 31412 35877
28393 35063 31597
32576 32163 33993
32378 32332 33972
30937 34688 30798
30761 32519 34890
30594 34352 33018
30527 32121 35100
30003 34132 33603
29562 32755 35130
28539 32275 35478
31619 33724 33565
31440 30533 35105
30730 31604 35190
30006 31371 35550
29674 32758 35041
29578 33421 34569
29429 32542 35183
29188 35218 30436
29384 32784 35123
33201 32393 32982
33152 32935 31897
32621 32334 33883
32492 32724 33623
31291 33632 33788
31198 33620 33828
30880 31289 35210
30380 34496 32810
30294 30379 35607
33742 31961 31850
32848 30505 34176
32524 32059 34030
32188 33024 33751
31747 30300 34940
31675 34031 32835
31587 34245 31420
31137 31894 34923
31071 33975 33413
31029 33304 34202
30936 31505 35148
30585 33120 34577
29906 34749 32259
28795 31870 35688
34072 30811 32527
33733 30876 33006
33282 31909 33245
33186 31836 33420
33132 31645 33594
32920 32180 33633
32063 32418 34252
31597 30433 34975
31274 33260 34149
31148 33030 34350
30998 32563 34682
30997 31351 35139
30693 34335 33018
30724 34816 30607
30504 30243 35520
30449 33373 34378
30238 34693 32283
30069 34844 31980
29848 32345 35236
29640 32379 35333
29066 35341 29934
28972 35213 30875
28927 33101 34955
28715 32862 35167
33292 32160 33103
33143 32578 33004
32825 31989 33802
31554 34183 32342
31495 30253 35096
31421 30209 35163
31375 31495 34931
30770 34290 33009
30100 31353 35591
30074 34570 32779
29971 31578 35496
29927 34850 32047
29838 35075 30660
29286 35195 30497
29234 32673 35145
29001 32230 35518
28841 35126 31579
28444 35450 29920
33159 31718 33508
32965 32933 32343
31718 33317 33972
31521 34199 32040
31436 31341 34922
31202 32483 34734
31055 34172 33149
31009 31008 35253
30954 31391 35194
30709 31672 35214
30656 30081 35473
30413 33018 34638
29611 34383 33256
29763 34479 33103
28920 32741 35253
33085 30365 34111
32663 30628 34290
32110 33500 33359
32089 33711 32724
31896 34060 31604
31493 31996 34826
31292 33146 34195
31290 32224 34765
30200 34386 33104
29183 32696 35165
28484 35381 30611
33171 31436 33692
31873 32368 34390
31121 34597 30802
30889 33096 34377
30341 33553 34190
30315 34325 33173
29990 32121 35288
29779 34282 33367
29146 35086 31337
32689 31942 33895
32381 31613 34340
32339 30620 34565
31729 32214 34548
31557 33034 34147
31091 32502 34695
30924 31405 35208
30827 32893 34555
30668 34250 33134
30572 33778 33944
30435 33629 34146
29408 32853 35024
33243 32658 31280
32804 32463 33619
32517 33454 32603
32210 31654 34412
31758 33208 33858
31590 32883 34307
31496 33511 33874
30766 32379 34894
30426 33336 34404
30258 30424 35596
30111 31166 35533
30110 32862 34881
29998 34015 33762
29955 34731 32308
29854 35043 31035
29625 31665 35571
29615 35123 30710
28679 32909 35207
28450 35283 31024
32508 33544 31433
32073 31896 34387
32045 30566 34746
31442 34141 32939
31339 34402 31151
30853 33143 34417
30651 34821 31189
30560 32460 34947
30467 34912 31185
30071 33392 34534
29980 30389 35749
29690 31062 35796
29590 33319 34671
29381 32311 35355
29276 32441 35272
28896 31864 35651
28526 35270 30798
32867 32500 33480
32900 33186 31550
32722 31165 34146
32646 30375 34328
32587 32900 33449
31854 31559 34716
31849 32695 34230
31811 31599 34771
31853 33393 33747
31807 32309 34486
31124 34418 31950
30343 33653 34183
30320 30565 35571
30220 33426 34367
30099 33780 34212
29795 34966 31379
30110 34304 33315
29551 31731 35555
29334 31362 35777
28953 35221 30802
32524 29840 34499
32165 33698 32498
31635 32718 34385
31414 31421 34942
31366 34306 31972
30410 32679 34875
30114 33705 34196
30021 35021 31004
29906 34039 33799
29833 34197 33581
29710 34957 31741
29435 32500 35247
29195 32031 35536
29127 35291 30446
33210 30053 33838
32988 31140 33872
32776 33014 33011
32668 32416 33712
32412 33412 32899
32288 32685 34013
31819 32446 34367
31626 33808 33276
31260 34051 33235
30815 33006 34460
30806 34471 32370
30641 32904 34629
30346 32767 34814
30002 30358 35696
29873 31998 35373
29824 35002 31350
29393 35198 30342
29660 34566 32861
34117 30735 32400
33930 31573 31922
33015 33015 31497
32229 30966 34514
32231 33697 32742
32166 32214 34336
31672 32268 34530
31430 34412 30986
31398 32342 34630
31083 33949 33439
30784 32265 34940
30861 34736 31007
30348 32744 34822
30261 34746 31984
30064 31772 35384
30020 30027 35711
30030 34901 31641
29785 34797 32234
29770 32733 35005
29820 32888 34963
29162 34955 31983
33761 30914 32993
33312 32658 31163
33179 31727 33423
33052 32809 32612
32975 32889 32626
32799 31996 33724
32463 33478 32507
32368 31076 34494
32039 33827 32271
31689 33808 33264
31358 32699 34519
31292 33133 34200
31042 32642 34611
30952 33968 33469
30856 34479 32248
30691 31786 35168
30642 31093 35408
30620 33174 34491
30428 32565 34921
29566 35056 31168
29090 35141 31202
28805 35210 31015
33506 32322 31552
33435 31450 33377
33406 32571 31589
33307 30811 33759
33055 31719 33678
32927 31080 34060
32740 30277 34225
32717 32710 33508
32027 33789 32562
31990 33736 32711
31877 33093 34123
31433 30403 35114
31273 34317 32482
31014 30560 35270
30528 30539 35475
30430 31878 35202
30363 31994 35197
30028 34973 30845
29853 34180 33483
29756 32556 35148
29240 32488 35312
29204 35186 30811
29153 30801 35965
28573 33111 34960
33897 30873 33131
33154 31942 33467
32198 33760 32111
31840 33979 32230
31359 30648 35156
31135 31904 34928
30993 30265 35340
30164 33390 34369
30200 32940 34785
29802 34813 32161
29720 34580 32784
29816 33643 34333
33929 30614 33045
33355 32620 32325
33015 32611 33226
32769 33218 32524
32722 32976 33224
32650 33360 32671
32048 33618 33217
32056 33710 32912
31936 32020 34543
31905 31197 34736
31872 30393 34897
31795 30856 34858
31655 30713 34929
31376 32585 34565
31052 33867 33556
30547 31270 35373
30449 34496 32693
30053 34509 32919
29918 32916 34855
29743 33286 34632
29711 32760 35002
29774 30504 35875
29318 32112 35515
29192 33404 34682
28918 33729 34310
34371 29579 31425
33411 31482 33429
33217 32697 32264
32615 30884 34247
32360 33668 31305
32117 33584 33070
31797 32689 34302
31751 34073 31947
31722 30526 34932
31711 31867 34629
31645 30989 34893
31590 30303 34984
31580 32320 34524
31170 34514 31454
30914 33791 33822
30455 33241 34423
30291 32216 35167
30031 34786 32145
29944 34807 32094
29792 34906 31793
29391 34928 31967
29182 35259 30399
28933 35179 31163
28340 35514 29822
33667 32056 32421
33622 32222 31488
32594 30589 34317
32362 33264 33280
31807 30551 34882
31554 30973 34939
31373 34141 33056
31342 32306 34632
31375 34340 31956
31221 34060 33240
30951 34236 33051
30935 34142 33160
30682 32656 34812
30470 32940 34687
30467 34666 32267
30292 32708 34824
30189 34388 33122
30163 33368 34497
29910 34834 32120
29768 32656 35088
29462 35154 30854
29069 32013 35569
28895 34887 32090
28482 31268 35894
28477 35434 30222
34058 30379 33025
33517 31142 33432
32613 29568 34342
32442 33281 33042
32306 33238 33398
32233 29837 34643
32180 33584 33058
32150 31857 34412
32048 33889 31637
31874 31431 34742
31840 33539 33588
31815 33191 33901
31623 30829 34925
31546 33560 33697
31535 34042 32862
31389 34268 31895
31348 33402 33960
31345 33369 33968
31257 33746 33642
31203 32975 34391
31109 34579 31276
31056 31332 35163
30730 32206 34950
30626 33156 34472
30445 34723 31996
30208 35003 29961
30256 34502 32864
30266 34642 32607
29999 32881 34842
29879 32637 35127
29759 31900 35390
29058 35045 31645
28759 29971 36096
27165 29524 36203
33285 32536 32626
32945 31746 33835
32883 32604 33338
32779 33151 32587
32711 32239 33768
32135 30005 34674
32027 33621 33084
31907 32979 34034
31677 32539 34390
31606 30880 34895
31464 33971 33287
31311 32309 34647
31040 34579 31393
30927 33298 34223
30847 33275 34372
30820 34578 32084
30731 33727 33886
30632 32971 34639
30561 30508 35480
30327 34143 33536
29704 32531 35182
29685 32973 34867
29347 34818 32190
29275 31923 35616
29200 33362 34673
29172 35090 31254
29042 35150 31239
28997 33345 34736
28688 31178 35941
28313 35363 30624
33646 30929 33236
32876 33020 32600
32831 33186 31667
31912 33917 32552
31775 29523 34918
31727 32224 34553
31585 30585 34965
31551 33279 34015
31438 31327 34902
31301 34190 32828
31237 32401 34616
31157 33847 33555
30859 32289 34842
30594 33496 34186
30575 33179 34492
30565 34317 33048
30559 34768 31605
30419 32963 34707
30321 31320 35451
30300 33517 34295
30287 30249 35616
30186 32190 35183
30000 33160 34654
29264 32869 35130
29067 34637 32723
28549 31847 35700
33007 32975 31679
32532 32202 33970
32116 32529 34173
32011 34030 30959
31792 34124 31506
31366 33288 34006
31371 34193 32723
31211 32002 34798
30920 30658 35373
30719 29913 35444
30598 33217 34442
30050 34002 33832
29747 34861 32067
29175 33472 34567
28932 34791 32416
28566 32751 35258
28134 30286 36121
34482 28990 31012
33724 30932 33202
32546 31945 34035
32429 33668 31188
32423 33444 32693
32343 33739 32145
32202 31643 34423
32044 33830 32268
32036 34006 31123
31820 34073 31830
31646 33801 33290
31477 33345 33999
31276 33184 34279
31183 32893 34433
30883 32536 34792
30800 34768 30398
30569 30046 35479
30541 33349 34341
30241 32992 34700
29925 33975 33834
29861 34906 31676
29456 32957 34883
29363 31187 35797
29385 34775 32417
29234 32620 35267
28553 30061 36049
28422 35334 30700
26959 29614 36156
33196 30236 33874
32446 32305 33943
32043 32987 33953
31729 34196 31350
31641 29941 35004
31577 32434 34581
31570 31533 34865
31508 34306 30792
31341 32275 34671
31282 31111 35117
31131 34092 33302
31025 34474 32213
30851 31190 35272
30548 29751 35549
30504 32224 35099
30051 31696 35411
30049 34997 30208
29970 31084 35635
29889 34855 32000
29513 34424 33213
29217 35055 31505
29470 34446 33137
28661 35343 30226
27713 31275 35929
33539 32089 32643
33120 32508 33033
33113 31299 33828
32956 31399 33958
32215 31149 34550
32045 32279 34314
31988 31825 34526
31447 33096 34136
31312 33449 34000
31273 34216 32662
31198 32122 34888
31077 30558 35243
31032 30795 35259
30716 34503 32432
30668 32924 34599
30435 34816 31628
30213 30494 35658
30193 34894 31475
30185 34759 32210
30043 34218 33458
30036 35007 30357
30036 35108 30177
29630 31592 35674
29521 33875 34027
28689 35292 30550
28275 30885 35995
33563 32120 32323
32963 33000 32125
32607 33353 32697
32584 31988 33981
32275 33464 33353
32107 33139 33802
32096 33621 32967
32078 33921 31487
31906 32948 34073
31857 32648 34213
31668 34084 32446
31440 34386 30275
31279 33713 33692
31111 33388 34141
31091 33396 34117
31052 30284 35274
31038 33743 33799
31101 34321 32878
30732 34704 31586
30726 31845 35104
30625 32864 34665
30617 33698 33929
30542 34604 32140
30497 32587 34910
30396 34143 33419
30385 31883 35213
30330 34746 31867
30293 33783 34068
30238 34939 31201
29867 32243 35241
29834 34755 32478
29684 35123 30593
27919 31185 35976
27625 29638 36153
34355 29771 31380
33263 31166 33793
33221 32627 32467
33201 32024 33296
32945 33020 32483
32883 31435 34094
32792 33244 31228
32506 33493 31882
32499 31136 34237
32206 33819 31745
32118 31354 34534
32117 33889 31520
32104 33708 32456
32087 30573 34721
31858 30854 34831
31751 33439 33783
31451 32609 34467
31282 33200 34137
31291 34439 31066
31211 31628 35015
30816 31075 35284
30788 34137 33482
30754 34538 32180
30711 33774 33885
30563 34574 32277
30488 31831 35212
30246 32552 34972
30059 33445 34394
30037 31663 35441
29964 31779 35476
29602 33258 34660
29269 35039 31461
28891 33547 34489
27780 31854 35735
34328 29865 31427
33579 32215 31514
33547 31068 33314
33474 32311 31836
33386 31562 33420
33124 31835 33552
33062 32693 33055
32912 32429 33404
32844 33160 31668
32744 32104 33853
32682 32962 33356
32650 32732 33420
32556 33308 33016
32399 32655 33747
32305 33283 33314
32234 33768 32069
32112 32858 34120
31986 33921 32494
31607 34206 31158
31512 30978 34998
31495 34145 32700
31418 30716 35057
31298 34388 31209
31293 30297 35192
30936 33606 33972
30924 32519 34809
30868 34583 31789
30861 33096 34400
30532 34022 33622
30349 32500 34971
30241 34840 31584
30132 32131 35193
30035 34472 32931
29977 31272 35612
29970 34634 32681
29730 34263 33434
29473 33906 34077
28986 35205 31104
28798 35263 30626
28834 35179 31190
28514 30454 36048
34423 29406 31195
34241 30498 31920
33732 31938 32178
33576 32062 32624
33547 31840 32872
33372 30166 33686
33247 32231 33179
33237 32753 31734
33092 31004 33898
32634 32420 33744
32508 31737 34125
32292 33673 32537
32137 33577 33084
32020 33842 32173
31788 33977 32273
31506 34069 32914
31495 34131 32807
31407 31532 34889
31367 32983 34351
31066 34525 31772
31043 32398 34760
30927 30891 35296
30499 34380 33146
30494 34574 32394
30121 33077 34707
30111 33918 33885
30067 34352 33195
30018 31968 35368
29981 34711 32420
29826 32940 34892
29710 35176 30246
29614 34368 33194
29582 30732 35872
29558 33871 34025
29214 34939 31939
28585 31797 35760
34291 29955 31368
33437 32325 32442
33205 32824 32203
33028 32778 32932
32990 33039 31333
32974 32740 33145
32623 32169 33831
32468 32240 33949
32351 32517 33984
32301 32290 34111
32233 30261 34629
32068 32210 34375
32029 33615 33410
31984 31772 34620
31951 30968 34781
31929 31086 34711
31836 33970 32280
31804 29608 34903
31577 34306 30675
31160 33288 34204
30986 31428 35152
30938 33984 33426
30907 34456 32327
30906 33833 33831
30666 34752 30765
30348 32876 34773
30081 34670 32598
29952 34986 31071
29932 34924 31580
29845 34538 32870
29503 33689 34233
29043 34069 33776
28717 33028 35027
28697 35259 30790
28650 30048 36091
28418 35187 31467
27056 29601 36198
33934 31597 31080
33682 30747 33403
32916 31786 33807
32731 33368 31695
32592 32917 33442
32546 33424 32573
32206 31514 34505
32086 33532 33403
32043 30074 34765
31929 32879 34134
31845 32441 34379
31829 34135 31196
31689 31898 34682
31579 31557 34804
31482 33857 33333
31452 34167 32624
31188 34412 31678
31005 34647 30484
30969 32464 34744
30828 34612 31596
30739 33184 34467
30613 33530 34127
30308 34673 32169
30222 31912 35299
30210 34684 32404
30195 34715 32207
30175 33266 34599
30049 33612 34259
30021 30722 35655
29819 32246 35298
29449 32597 35181
29128 33442 34661
28274 30854 36034
33716 32135 31914
33439 30745 33492
33413 32435 32303
33213 31621 33491
33097 32441 33207
33035 32924 32003
32779 31852 34005
32608 32057 33946
32442 33050 33477
32413 32828 33725
32220 33790 31109
31648 30583 34938
31547 30039 35107
31501 31325 34875
31489 32741 34360
31345 33823 33614
31283 34407 31308
30875 34471 32253
30705 30925 35379
30693 33494 34123
30613 32764 34725
30583 33975 33685
30364 30073 35600
30318 32627 34910
30262 32710 34840
30223 34664 32531
30022 31729 35388
29727 35192 30173
29637 34362 33152
29500 35059 31175
29356 31240 35778
29256 30594 35965
29231 34955 31866
28926 35232 30774
28396 30159 36118
34130 30635 32608
33962 30310 33057
33756 30928 32963
33588 30603 33412
33533 32309 31745
33427 31097 33518
33370 30643 33730
33246 32634 31543
33047 31366 33819
32990 30912 34031
32843 31822 33943
32717 30825 34216
32257 33764 31873
32242 33215 33577
32018 31547 34587
31830 33606 33525
31761 34215 30679
31702 31404 34809
31682 32261 34493
31617 31857 34775
31516 34039 33055
31366 34194 32667
31163 33805 33619
31010 32952 34483
30924 33719 33877
30863 34433 32544
30710 32595 34842
30487 31800 35251
30327 31278 35515
30268 30906 35584
29984 33968 33884
29847 35096 30646
29802 34560 32794
29107 35003 31889
29000 31540 35759
28955 34785 32374
33991 31304 32367
33620 31605 32906
33608 31752 32918
33546 32235 31714
33398 31242 33568
33018 31511 33869
32963 32003 33689
32704 32491 33702
32541 30601 34404
32167 31405 34507
32076 33648 32960
32010 31036 34682
31940 31315 34658
31909 30492 34851
31885 30617 34817
31873 33963 32532
31698 34061 32344
31676 34206 31041
31584 34209 31693
31543 32930 34252
31438 34265 31877
31306 33581 33955
30834 34462 32277
30747 34483 32226
30742 33701 33882
30650 32204 35013
30648 34829 30833
30535 34871 30871
30385 33411 34357
30307 34939 31084
30247 30611 35654
30193 33152 34645
30163 31350 35499
30122 33608 34219
29869 33340 34568
29785 33322 34596
29659 33668 34256
29581 34073 33768
29529 30987 35827
29295 34815 32282
29188 35156 31064
33436 32440 31732
33427 32236 32878
33259 31911 33327
33202 32844 31070
33047 32505 33179
32921 32851 32839
32785 32808 33195
32772 33204 32198
32609 30135 34345
32247 32934 33895
32146 31110 34577
31999 31852 34514
31687 33477 33762
31519 31211 34921
31504 34175 32464
31443 31510 34897
31345 31109 35090
31325 34332 32078
31142 34567 30884
30916 33653 33971
30881 34607 31424
30832 34247 33259
30813 34631 31695
30772 31504 35185
30738 34488 32232
30707 30896 35367
30678 32935 34556
30562 34669 31988
30438 33108 34592
30265 30280 35669
30205 32665 34965
29832 32247 35255
29780 34030 33809
29758 34808 32206
29744 31653 35572
29701 33504 34482
29528 33190 34785
29514 35088 30995
29307 35034 31508
29243 34882 32092
29097 34779 32307
28306 35416 30235
33638 31035 33175
33492 30534 33444
32985 32937 31680
32479 33552 31641
32396 29928 34528
32094 33714 32721
32049 33880 31788
31905 33970 32163
31785 30358 34903
31700 32115 34610
31586 32196 34591
31578 31748 34777
31191 33442 34104
30862 33538 34097
30834 31480 35189
30815 34403 32798
30798 32794 34617
30716 34297 32941
30686 30601 35437
30643 34755 31300
30539 31343 35374
30446 34719 31670
30150 34916 31399
30150 34670 32481
30063 34691 32430
30031 35005 30650
29998 32970 34818
29864 35112 30573
29825 35169 30234
29811 34898 31798
29774 34541 32811
29696 34348 33204
29575 35112 30816
29489 34864 32029
29403 34360 33280
29230 31814 35620
28983 35424 29657
28766 35259 30673
28513 30423 36087
28487 35187 31350
