90 3
27414
628 746 902 644
581 299 788 669
567 413 576 277
695 917 620 862
542 309 526 486
652 374 501 598
630 190 568 694
632 352 116 134
677 991 687 535
537 98 183 197
591 547 577 932
567 671 871 876
490 893 487 699
647 648 295 328
718 940 258 104
511 404 439 873
715 806 741 786
610 425 951 543
714 34 271 309
533 368 321 627
659 363 759 852
539 790 825 704
538 718 671 300
623 850 629 996
701 472 790 668
622 882 818 381
564 39 162 484
707 516 185 57
569 265 462 817
665 620 819 937
512 84 563 173
680 153 177 461
538 504 193 186
571 161 376 322
504 807 461 533
732 131 449 328
518 228 104 132
617 748 662 121
600 832 969 325
534 477 95 295
634 380 150 292
659 873 584 273
684 86 12 329
490 672 949 437
531 303 356 520
570 989 1000 448
590 671 231 754
565 106 350 139
643 667 880 307
592 770 897 568
532 59 531 397
679 445 966 606
570 370 651 243
592 692 925 988
725 858 716 961
608 644 546 730
517 472 939 847
586 39 231 218
624 543 31 330
511 726 647 821
495 156 619 253
562 776 12 243
652 542 314 408
529 737 226 235
677 471 60 117
712 787 607 538
608 580 613 699
723 198 434 100
609 804 967 664
551 973 62 207
582 324 658 551
731 728 190 198
698 330 82 264
634 465 117 739
625 912 111 248
613 462 158 242
639 66 40 631
715 173 636 374
646 841 654 839
605 286 255 946
490 334 70 12
600 702 711 408
639 237 240 409
652 82 252 189
630 264 371 171
606 458 238 800
493 600 71 757
710 577 959 584
638 208 727 199
632 833 914 424
3890
27438 29629 31285
28042 32767 28562
28337 31454 30257
33062 27463 26259
33106 28373 25671
32876 27587 26469
32766 28897 26533
32682 29160 26331
32764 28585 26649
32724 27856 26975
32697 28032 26913
32594 28914 26679
32521 28527 27253
32481 29361 27057
32347 29781 26808
32341 28023 27464
32353 29644 27142
32194 30194 27011
32030 29390 27768
32004 30137 27483
32029 30007 27365
32032 29487 27605
31984 30345 26842
31865 29441 27886
31837 29614 27785
31811 30361 27500
31721 29592 28101
31578 30594 27458
31592 30900 26968
31612 30902 26757
31343 30875 27407
31304 30800 27728
31300 30950 27373
31296 30537 28093
31271 29821 28615
31105 30008 28727
31257 28675 29170
31117 31305 27248
31057 30232 28700
30980 31150 27770
30960 30837 28181
30955 29251 29262
30897 29947 29044
30857 28407 29625
30839 28841 29566
30878 30370 28907
30557 30225 29147
30710 29415 29490
30553 30603 29028
30376 30717 29191
30164 30077 29726
30194 31230 28958
30050 31964 28133
30185 29203 30171
29910 30576 29716
30049 31542 28797
29954 29476 30212
29958 31394 28986
29896 32459 27046
30007 30372 29828
29878 31743 28626
29621 29931 30307
29626 31381 29489
29637 30446 29999
29732 30823 29783
29496 30987 29811
29685 31176 29630
29419 31836 29140
29507 31423 29697
29402 31994 28898
29382 32810 27486
29313 31345 29723
29329 32325 28347
29252 31220 29966
29216 31878 29426
29127 31082 30203
29238 32680 27880
28940 29993 30760
28881 31792 29582
28874 32486 28747
28757 33017 27820
28740 31077 30252
28758 33159 27204
28581 30149 30933
28725 30795 30640
28272 31489 30150
28539 31807 29776
28351 32557 28792
28089 32273 29272
27891 33271 27276
28011 29921 31180
33089 27287 26321
32935 28556 25939
32883 28260 26398
32704 28705 26842
32565 29437 26665
32393 29774 26500
32322 29911 26926
32101 29020 27563
32038 28327 27949
31827 29358 27899
31817 28191 28314
31959 30475 26960
31581 29516 28316
31606 30741 27314
31389 29920 28333
31390 29300 28521
31355 29594 28481
31195 30761 27947
31147 29558 28787
31239 30825 27616
31157 30358 28342
31268 30557 28145
30976 31300 27415
30960 30436 28588
30988 30984 28037
30871 31111 27989
30869 31026 28245
30810 31564 27294
30768 31611 27299
30595 29825 29525
30685 31755 27144
30642 30534 28935
30480 30638 28976
30290 31576 28305
30302 29446 29816
30317 31212 28903
30106 30609 29519
30054 31081 29238
29919 32148 27921
29730 32090 28375
29774 32154 28044
29712 29547 30448
29546 32157 28471
29638 32445 27711
29599 30493 30146
29632 32321 28087
29397 29730 30578
29439 32545 28104
29358 31711 29383
29479 30032 30391
29200 29404 30734
29259 32462 28555
28980 31700 29505
29074 30421 30438
28844 30753 30432
28858 32180 29137
28978 31380 29894
28597 30109 30825
28719 30615 30669
28371 32553 28717
28600 33126 27733
28381 32612 28527
28408 32312 29180
28079 32993 27980
28075 31963 29825
28122 32434 29064
33267 26955 25225
33049 28121 26125
33139 27660 25928
32998 27671 26180
32846 28792 26403
32607 29447 26402
32583 28719 26944
32424 28731 27141
32242 28298 27667
32214 28948 27545
32199 29654 27167
31893 28791 28008
31870 30557 27234
31668 29908 27768
31419 30586 27945
31478 28649 28951
31442 30857 27485
31379 29224 28751
31360 30390 28211
31263 29287 28888
31173 29825 28700
31198 29224 28976
31054 28645 29381
30957 29865 28907
30937 30566 28641
31037 31552 26958
30522 28914 29846
30405 29053 29933
30302 29110 29995
30279 30481 29324
30411 29223 29899
30154 31072 29128
29855 30805 29728
29964 31810 28444
29914 30310 30016
29687 31506 29246
29701 32471 27454
29350 31090 29786
29404 32324 28514
29332 29829 30487
29343 32199 28757
29109 30252 30539
29132 32141 29224
29003 32544 28567
28924 32933 27603
28747 30957 30320
28915 32298 28915
28628 30999 30528
28584 32062 29426
28701 32925 28020
28539 33001 27976
28935 32611 28504
28441 31504 30048
28073 32744 28446
28609 32212 29269
28291 32626 28791
26009 28151 31667
32657 28866 26717
32276 29140 27236
32170 27939 27808
32100 28736 27696
32144 27515 28027
32030 29948 27150
31917 28077 28333
31712 30174 27707
31591 30569 27799
30850 30927 28280
30745 28998 29477
30766 29932 29253
30663 31422 27873
30572 29368 29674
30498 29703 29597
30505 31672 27595
30498 30029 29413
30420 29940 29512
30466 31806 27462
30128 30232 29573
30168 29570 30001
30156 30827 29353
29730 31431 29280
29622 32418 27765
29691 31356 29601
29550 32007 28826
29423 31686 29495
29311 31015 30107
29504 31861 29121
29167 30248 30399
29126 31971 29258
29058 30461 30546
29198 32877 27582
29133 31262 30174
28704 30157 30788
28966 32367 28825
28797 32055 29380
28418 32947 28122
28157 32176 29357
27915 32446 29231
28190 31730 30128
33022 28297 26063
32349 28544 27399
32309 29378 27203
32189 29398 27281
31869 29012 28129
32019 28954 27882
31870 28901 28042
31914 30220 27310
31691 28230 28592
31708 29059 28378
31529 29996 28118
31589 28872 28705
31113 31455 26893
31092 31034 27828
30809 29414 29440
30778 30003 29114
30677 29421 29462
30513 30442 29079
30454 30366 29337
30257 31113 29107
30141 29746 29939
29886 29286 30223
29990 30084 29945
29714 29993 30119
29745 32535 27123
29687 32162 28304
29595 31669 29349
29516 29762 30391
29507 32082 28792
29275 31673 29567
29134 32990 26866
29068 31287 30062
29046 32469 28601
28925 30319 30635
28958 32882 28044
29017 32677 28185
28613 32679 28368
28678 32654 28480
27982 30260 31045
27889 32150 29617
28492 31367 30230
27618 29736 31258
33174 27080 25851
32591 28051 26993
32545 27994 27182
32444 28023 27347
32355 29198 27183
32135 30416 26446
31970 29811 27631
31857 28652 28224
31747 28432 28467
31555 29298 28480
31601 29906 28023
31516 29463 28395
31265 28874 29159
31160 30091 28510
31060 28815 29347
31070 29966 28890
30698 29684 29335
30734 31257 28095
30703 30485 28894
30806 30150 28970
30537 31641 27684
30514 31894 27284
30329 31651 27984
30427 31731 27783
30276 29627 29857
30324 32159 26795
30296 31847 27881
29981 32371 27095
29767 29705 30230
29697 29705 30236
29776 30486 29859
29648 30882 29885
29343 30836 30107
29268 30541 30391
29255 32612 28200
29277 32003 29183
29402 30631 30248
29172 31337 29853
29102 32705 27967
28882 32146 29135
28913 32627 28394
28601 32223 29113
28717 31795 29751
32850 28973 26141
32671 29418 26585
32170 29466 27553
32064 30256 26449
32072 28653 27801
31678 28790 28431
31624 29796 27989
31316 29808 28473
31296 28574 29145
31072 29049 29099
31096 30574 28291
31074 31380 27214
30834 30130 28918
30779 31897 26481
30602 30957 28701
30653 31375 28097
30417 31238 28541
30351 29394 29893
30110 30231 29638
30108 31401 28793
30023 30618 29538
30022 31247 29104
30087 31618 28591
29864 31038 29423
29802 32270 27741
29513 29772 30332
29387 30173 30367
29224 30878 30315
28976 33041 27549
28771 31557 29906
28555 32270 29010
28842 31717 29903
28543 32985 27830
28506 32329 29048
27574 32661 28771
26802 28958 31508
27687 32911 28337
31508 29404 28456
31542 29730 28308
31398 30793 27816
31328 31097 27229
30470 31441 28175
30334 30580 29286
30239 32112 27263
30051 30035 29904
29937 32307 27426
29816 29597 30239
29852 32395 27377
29828 31511 29079
29727 32376 27618
29656 32604 27216
29150 31363 29748
28744 32850 28054
28881 32451 28677
28653 33327 26806
28426 30236 30960
28439 32299 29069
28259 31896 29729
28282 32443 28879
28281 31910 29620
27960 33125 27874
32279 28598 27489
32145 28069 27926
31737 29019 28151
31503 28519 28833
31255 31362 27005
31078 30025 28829
31019 30632 28322
30978 29658 29036
30815 29584 29406
30490 30572 29132
30416 31121 28620
30372 30983 28891
30300 31697 28236
30359 29989 29553
30212 31451 28584
29848 29927 30108
29962 31480 28828
29225 29678 30624
28673 31254 30178
28382 31709 29907
28250 29879 31068
28141 33266 27365
28169 32824 28307
28310 30480 30860
28107 32732 28669
27488 29478 31341
27375 29250 31403
33158 27517 25423
32425 27438 27368
31816 28106 28498
31727 29281 28334
31713 30592 27212
31261 30203 28418
31107 29595 28998
30848 28941 29415
30906 29720 29029
30833 28671 29600
30620 31497 27839
30320 30276 29480
30110 31493 28756
29981 32005 28109
29849 30625 29757
29961 31296 29145
29743 31783 28809
29351 30181 30303
29417 31506 29524
28630 31329 30144
28901 31512 30044
28639 33201 27412
28161 32990 28098
27821 33390 26665
28213 30684 30748
26852 28807 31564
32627 28201 26936
32526 28089 27028
31435 29270 28742
31378 30281 28181
31350 30134 28325
31158 31117 27416
30916 30773 28512
30202 31330 28653
30198 32078 27593
30126 29748 29833
30187 31818 28027
30028 30487 29550
30095 30876 29394
29508 30289 30153
29432 30622 30069
29523 32282 28306
28829 32231 29097
28627 31878 29578
28683 33265 27081
28230 32017 29546
27878 33128 27756
28338 33357 26605
31521 29937 28179
31299 30606 28023
31063 28111 29591
30483 31352 28288
30374 31313 28507
30307 32133 27063
30036 29577 30023
29479 30828 29917
29448 32388 28183
29304 32124 29078
28316 30650 30826
28496 32475 28869
28365 32387 29146
27733 30083 31241
27629 33272 27302
33226 27278 25117
32806 28063 26729
32777 27927 26783
32335 27992 27531
32059 28120 28078
31983 28607 28072
31831 29115 28034
31546 30907 27276
31416 30684 27786
31162 30957 27844
30926 30130 28755
30712 31785 27079
30586 30275 29065
30579 29247 29613
30408 30828 29044
30330 31961 27380
30071 32297 27091
29923 31998 28276
29912 31907 28376
29364 32651 27981
28330 32701 28470
28541 32137 29392
28092 33160 27746
28327 32105 29402
27733 32586 29065
28048 32368 29148
27638 33409 26706
32545 29255 26711
31609 28500 28615
31140 31138 27339
31080 31477 26992
30331 30009 29605
30431 30376 29398
30290 30917 29210
30042 32130 27866
29684 32641 26939
29045 31675 29617
28813 31925 29487
28660 30820 30528
28451 32755 28324
28235 30814 30606
28569 31204 30387
27997 32512 28912
32992 27491 26209
31678 29848 27855
30795 31382 27852
30782 30683 28655
30936 31753 26671
30610 30700 28801
30311 31032 28932
30384 31434 28438
29920 30991 29381
29708 29813 30148
29806 32120 28096
29775 31752 28898
29506 32559 27627
29246 31050 30000
29320 32587 28312
29275 32332 28662
28792 33108 27645
28416 32215 29240
28544 33288 27025
33167 27201 25912
31278 29115 28951
31125 31139 27515
30772 30937 28514
30641 31691 27475
30648 31103 28406
29961 32434 27158
29819 31948 28485
29814 31827 28577
29657 30022 30155
29726 30268 30025
29708 31457 29175
28588 32356 28947
28214 31575 30111
28375 30445 30967
28147 31805 30094
32927 28818 26115
32262 27449 27800
32265 30057 26585
31871 29940 27637
31798 29828 27777
31727 30725 26830
31277 29482 28679
31061 29396 29171
30937 31225 27736
30602 31616 27796
30234 30213 29493
30088 30049 29791
29915 31635 28737
29669 31965 28618
29576 30624 30029
29298 31954 29112
29145 31718 29429
27796 33358 26889
32809 27313 26620
32362 27816 27593
31662 29298 28130
31530 29077 28564
30920 31051 27974
29773 31422 29282
29826 30635 29818
29430 32646 27462
29063 32630 28288
28672 32133 29228
28398 31579 30014
28373 32692 28472
28239 32518 28845
28048 29900 31111
28434 31250 30369
32711 28584 26781
32321 28872 27331
31956 28509 28181
31832 30154 27629
31532 30373 28065
31346 28656 28973
30856 31333 27811
30708 31084 28396
29828 32464 26862
29478 32463 27871
29156 31533 29714
28831 32561 28713
28897 31662 29689
27939 33253 27513
33159 26811 26061
32618 27875 27055
30690 31203 28353
30565 31788 27540
30093 31889 28167
29626 32040 28584
29408 30811 30219
28587 32407 28815
28200 33065 27777
27960 33367 26721
32198 28816 27675
32151 28239 27892
31464 30788 27297
30767 31061 28198
30341 31509 28404
30005 32302 27610
29903 31685 28687
29780 31274 29327
29462 31761 29174
29273 32771 27705
28681 29627 30867
32721 29235 26010
31008 31297 27626
30502 31507 27965
30196 31647 28445
30007 31735 28478
29552 29952 30229
29230 29553 30589
28754 32130 29346
31904 29227 27894
31699 29641 27984
31371 31022 27263
30614 30554 28987
30210 29935 29705
30232 32239 26940
28859 31628 29708
28890 32356 28854
28036 33068 27946
27835 33049 28208
30438 31031 28670
29809 30141 30100
29540 30650 29887
29129 31412 29819
32511 28929 26859
31068 30427 28435
30918 29601 29140
30834 31467 27458
28064 32902 28242
31683 31062 26754
31049 31109 27794
30860 31183 28166
29984 31567 28685
29782 30972 29742
29589 31489 29378
29442 32107 28680
29264 32872 27063
29045 30162 30676
28867 33198 26985
28029 32811 28417
32625 27889 27052
32492 29103 26803
31942 27964 28371
31223 30908 27803
29405 32808 26635
32342 28665 27460
31801 29561 27945
31879 30694 26638
28366 32839 28176
27811 32622 28870
31160 29621 28766
31064 30887 27972
30620 29695 29407
29171 32216 28903
28033 30051 31038
28375 32363 28993
28304 32127 29435
27245 28992 31486
31455 28882 28610
31393 29677 28468
30357 31558 28135
28984 31550 29860
28799 30872 30393
28837 32770 28168
31580 30133 27913
30828 31186 27955
30689 31605 27499
30438 31690 27765
30478 31664 27882
30399 30956 28991
29916 30756 29687
29152 30061 30518
28516 29947 30995
28258 32934 28145
28486 33250 27212
31789 28841 28192
31368 30127 28204
31116 30428 28434
30409 32071 26844
30303 31269 28739
29607 29378 30532
28793 31486 30078
32221 28505 27538
31487 30711 27542
30841 30879 28389
30381 29796 29773
30433 32002 27359
30168 31500 28589
30192 31797 28090
29644 32237 28270
29715 30535 29900
29035 32836 27690
28338 33136 27752
33224 27453 25458
33237 26725 25652
31025 30812 28293
30395 31762 27694
30291 31886 27701
29043 31345 30001
28769 30458 30716
27829 32258 29398
32118 29925 27091
31622 29699 28152
30661 30375 28986
30676 31250 28262
29876 32356 27467
29356 31270 29757
29247 32940 26743
31303 29277 28764
30787 29641 29219
30191 31668 28382
30084 32304 26965
29634 31744 29028
29452 30474 30295
29016 33052 26443
28783 30912 30501
28975 30162 30682
28415 31475 30200
28535 33151 27621
31321 31357 26486
30950 29057 29289
30536 31101 28542
30421 30562 29234
28193 33330 27089
30930 29381 29380
29890 31256 29208
29452 32238 28538
32839 28119 26474
32235 27625 27738
32073 29670 27441
32026 28833 27821
31635 30232 27875
30623 29972 29381
29818 31677 28932
29591 31819 28994
28363 33389 26381
26672 28700 31591
31306 28327 29323
29891 31011 29523
29530 31694 29237
28443 32010 29500
27774 29605 31291
28361 31312 30378
27251 29162 31452
32436 29699 26534
31166 31043 27686
30633 30228 29130
31152 30032 28571
29128 32291 28869
28123 33449 26478
32046 30498 26720
31580 28007 28838
30944 30920 28368
30440 31414 28290
30103 32081 27825
28802 30992 30309
28629 32208 29194
30364 31460 28255
28017 30091 31146
31782 28770 28406
30624 31347 28194
30073 31839 28298
29500 32708 27035
28338 32687 28493
31417 31015 26955
30520 29931 29402
29862 32413 27303
29880 32073 28242
27504 32967 28233
30987 30409 28688
30646 28178 29847
30179 30442 29505
29960 30419 29763
29794 31215 29411
27983 33317 27182
30922 28652 29403
29006 32895 27670
31638 30807 27104
31438 30380 27977
31387 28109 29137
31310 27895 29174
30366 31606 28026
29714 31627 29141
28030 32301 29302
31753 28602 28433
31382 31482 26243
32889 27632 26399
31916 30550 26926
31186 31264 27272
31139 29499 28848
30729 31278 28032
30142 31327 28890
29683 32312 27949
25516 28139 31717
31272 28945 28985
30477 32066 27028
30015 29845 30066
30023 30497 29716
32091 27816 28108
31138 29295 28984
30686 31353 27998
29870 29386 30301
31278 31432 26452
30673 30750 28721
30560 31995 26767
29338 32746 27817
27591 33224 28085
31738 29427 27992
31609 29009 28517
31141 31602 26749
30469 30779 29003
30477 31623 27987
30561 28024 29994
29880 31414 29147
28467 32284 29150
31160 27459 29393
30572 30638 28813
30506 31270 28449
30541 31491 28039
29790 30830 29616
29376 32640 27520
28166 32704 28639
32255 28831 27390
29470 32783 26747
28830 31352 30047
30526 31277 28322
28753 32374 28871
28458 31400 30234
31579 31012 26963
31036 31413 27323
30225 30028 29685
30147 32145 27494
29999 32031 28034
28903 30548 30573
28620 29676 30908
33283 26680 25038
31028 30996 27976
30981 30229 28717
30296 31857 27808
30148 31743 28348
28084 30900 30696
31124 30721 28010
30758 31564 27523
29466 32547 27688
28087 31943 29656
27606 32926 28480
32527 29666 26080
31267 30972 27472
32183 29215 27329
32179 28231 27696
31802 29374 27915
30471 31795 27452
30246 32182 27104
30899 31258 27845
30822 30780 28561
30273 30629 29327
33185 27615 25314
32960 28105 26372
32227 29481 27268
30795 31208 28054
29161 29967 30541
28390 32805 28174
28077 32594 28801
32295 28826 27335
32331 30048 26330
31106 30830 28040
30257 31772 28202
30043 32196 27313
28300 32422 29039
30577 31063 28469
30626 29027 29714
30340 31911 27550
28676 32602 28599
28138 32719 28558
32242 30130 26604
31459 27764 29067
30849 31639 26973
30229 31451 28548
30191 28725 30202
30104 30924 29285
29771 30536 29856
29511 30670 30029
28177 31860 29829
31729 31055 26446
30928 31609 26795
30838 31307 27886
30218 30530 29365
29841 30862 29564
29707 29865 30202
28943 31365 29910
28969 32038 29234
32031 28770 27956
31501 30652 27626
31330 29416 28714
29954 30714 29445
32121 28312 27769
30568 31220 28390
30467 29199 29758
30385 31573 28073
30221 31953 27758
29191 31936 29365
28581 32566 28624
27502 32832 28640
32474 28688 27128
30378 31163 28862
29490 32690 27109
28468 31405 30100
32417 29390 26874
31930 28610 28056
31309 29447 28730
30526 30176 29269
30112 31924 27904
30254 32058 27445
28993 30496 30439
29075 29314 30800
28126 32899 28273
32117 27045 28133
31240 30410 28289
30301 31836 27871
30133 31279 28999
29977 29353 30184
29861 32655 26240
29839 31470 29061
28665 32787 28314
31717 29634 27863
31096 28679 29369
31002 31117 27655
29560 31841 28973
29107 32594 28358
28600 31932 29533
28023 32336 29372
32375 28349 27316
30422 30826 28938
29965 31150 29331
30803 30476 28784
30054 29372 30041
29451 30719 29980
28177 32038 29569
27578 32030 29771
26304 28605 31623
32676 28980 26360
32501 29466 26482
30832 31036 28310
30578 30818 28784
30506 30818 28842
29820 31069 29435
27526 33259 27978
33277 27094 24817
31740 30321 27563
31009 30376 28573
30612 30799 28762
30481 31392 28243
30280 31384 28647
29154 32813 27913
28848 32662 28287
28005 32443 29114
31994 27932 28144
31185 30505 28198
30366 31780 27824
28752 31800 29730
27838 30252 31157
31568 27795 28883
30467 31081 28588
27981 31088 30621
30395 31106 28636
30186 29365 30019
29958 30664 29538
29355 31079 29776
28451 32220 29219
28151 29647 31139
31530 28421 28756
30795 31392 27779
30626 31990 26248
30252 31237 28791
29920 31488 28808
27935 33335 26945
31205 27842 29386
31101 29425 29032
30884 31645 26725
29873 32523 26620
29763 32195 28062
28391 30405 30859
30049 30280 29679
29805 31243 29282
31921 28171 28242
31798 29169 28065
30356 30482 29275
30195 30540 29426
30242 31318 28780
30116 30411 29609
27946 31905 30005
30536 31861 27169
30045 31692 28442
29700 31858 28775
32538 27321 27253
30988 30583 28444
30575 31845 27243
30542 30612 28989
30444 31500 28132
30126 31867 28068
30051 32390 26729
29728 31974 28472
29238 31451 29600
31680 30487 27525
30540 30415 29179
30534 30235 29208
29175 32941 27156
31421 30865 27310
30611 28757 29899
30334 31640 27974
30206 31180 29008
29542 32404 27914
31934 28974 27844
31264 30703 27959
29985 29183 30275
28546 30318 30832
28001 32977 28121
32113 28836 27637
29812 30331 30012
29407 31056 29904
28563 31034 30421
31684 30800 26796
30567 30769 28801
29775 28947 30341
30660 31939 26689
28463 32609 28645
27844 33340 27126
31044 29699 28977
29923 31866 28358
29911 32309 27522
28339 31784 29873
31289 29553 28540
30564 30579 28874
30448 31218 28569
29988 31421 28871
29620 30287 30105
29359 32069 28864
28896 30668 30505
28164 30927 30643
31139 31272 27133
31074 30721 28119
30088 30154 29642
31000 30849 28120
30539 30660 28864
29314 32407 28341
28265 33040 27889
28219 30854 30714
32774 28229 26582
32273 27885 27686
30903 30140 28816
30812 30524 28675
30701 30730 28669
30563 30405 29118
30449 31919 27172
31608 27736 28870
30729 31536 27620
29955 31832 28410
29655 32196 28252
30405 31886 27662
28870 32636 28392
28687 31835 29623
28285 33156 27532
30989 28400 29603
30698 30946 28453
30250 32078 27364
28494 30403 30759
32551 28885 26797
29626 32577 27331
29050 32763 28122
28724 31117 30360
28764 32266 28990
31332 30947 27584
31047 30779 28178
30965 31372 27592
30680 30937 28540
30554 31393 28019
28197 32809 28297
27585 33054 28119
31925 30687 26330
30748 28294 29721
30268 31700 28025
28718 30947 30394
30744 30159 29032
30145 31229 29049
29551 31086 29773
28885 29587 30864
28267 32161 29495
27201 29313 31396
31417 30067 28189
30190 31551 28461
30074 28864 30289
29771 31899 28506
27567 32797 28747
32943 28140 26205
32462 27021 27527
31201 31042 27450
30201 31510 28443
27348 32610 29257
32420 29952 25922
31943 27306 28358
31499 28225 29024
31267 31146 27270
30944 29332 29184
30735 31833 26812
30344 31761 27905
31440 30065 28211
30900 31397 27480
30504 30209 29384
30088 31617 28476
29914 30881 29470
29530 30060 30215
29045 32970 27349
28834 30703 30494
28644 29892 30817
30898 31141 27924
30652 30957 28592
30248 28603 30064
30073 30461 29585
29867 32245 27853
29446 31957 29035
28170 32688 28493
26124 28498 31650
32391 29444 26884
31906 28853 27899
31844 29648 27757
31775 30644 26847
31127 30623 28169
30853 30829 28439
30229 30966 29251
29713 32339 27834
29531 32734 26706
29001 32214 28951
32903 27411 26531
32209 29011 27410
31991 29604 27760
31834 30836 25935
29970 32498 26804
28617 32529 28723
31442 30456 27892
30670 30681 28791
30515 31318 28340
29795 32660 26759
28425 30558 30680
28226 30733 30653
27835 33203 27722
30645 31541 27830
30890 28401 29653
27615 33459 26245
26808 33264 27749
30540 30166 29318
30398 29775 29561
29707 31078 29619
28902 30777 30423
30781 30061 28975
30754 28464 29687
30485 31025 28713
29599 32729 26890
33198 26887 25508
32289 29673 26959
31348 31174 26944
29204 31513 29570
28668 30165 30724
31155 29835 28595
31055 29226 29205
30959 28491 29470
30139 30281 29556
30116 31774 28259
30064 31347 29051
29735 31019 29677
31970 27776 28252
30649 30071 29340
30482 30513 29193
30198 32290 26499
29955 28565 30382
29555 32665 27221
28836 31547 29937
28040 33052 27800
30824 31364 27722
30365 28464 29977
29579 32262 28158
28428 31080 30403
27670 32357 29270
27121 33442 26766
31144 30575 28290
30421 32141 26170
29874 31657 28784
29635 31883 28663
28807 30861 30321
32404 28857 27151
32210 30223 25806
32075 29672 27312
30744 30790 28658
30584 31956 26857
28604 32837 28164
27790 29565 31183
32863 28847 25932
31352 29687 28493
30781 31439 27688
28823 33134 27316
27827 29247 31183
32977 28635 25540
31695 30659 27040
31640 31137 26720
30574 31491 27966
30422 31227 28531
30005 30674 29413
27985 31397 30562
27627 31043 30741
33107 28090 25593
31481 31235 25826
31191 31445 26796
30991 28510 29453
30313 31362 28548
29673 32355 27757
29583 32112 28513
28924 31783 29584
28805 32975 27811
31917 29289 27785
31667 29954 27802
30654 30021 29259
30286 31723 27913
29976 31760 28494
29864 29216 30335
29169 29602 30630
27381 29420 31369
32397 29624 26855
32098 29005 27681
31357 30488 28052
30340 30760 29257
30009 30813 29407
29134 30961 30142
32524 28201 27053
31788 30843 26243
30772 31697 27141
30370 30425 29439
27836 31685 30248
32687 29342 26272
32106 29495 27370
30302 31981 27432
30502 28482 29956
28459 32140 29274
33166 27484 25990
30993 31488 27289
30272 31550 28380
30179 29033 30205
30053 31396 28983
29420 31033 29776
29177 30925 30250
28411 29778 31079
28137 31103 30581
31004 31447 27271
29796 31545 29027
28940 31587 29723
28216 31905 29727
31522 29222 28522
30963 31042 27976
30713 31902 27000
30297 30796 29149
29969 30692 29409
29821 30379 29903
29616 31462 29478
32160 27732 27954
31271 29044 29125
30732 30465 28821
30546 30976 28672
29496 32492 27694
29404 32741 27298
28631 32281 28981
28175 32069 29615
27663 33441 26482
32160 30286 26328
31169 29328 28820
30617 30993 28467
30190 30550 29417
27938 31163 30587
32315 28179 27540
31357 30013 28264
31168 31450 26253
30329 31509 28527
30146 31413 28732
28332 30610 30718
28443 33325 27178
28188 29964 31011
28104 31355 30354
31315 31196 27043
30757 31142 28187
30608 31713 27574
30073 32357 26614
31649 29666 27871
30417 28745 29930
30152 32189 27016
29457 30899 29951
29437 29998 30403
29295 32898 26734
29062 32339 28708
30676 29607 29339
30447 30622 29108
30110 30507 29508
29997 31875 28216
32647 27352 27069
31836 30231 27382
30704 29864 29306
29491 30001 30270
29035 33011 26795
30728 28618 29812
30461 30245 29276
30427 31072 28688
30356 31287 28582
30296 28940 30029
30116 31764 28332
29872 29657 30121
29815 32098 28130
32801 29130 25880
32370 29838 26074
31425 29847 28254
29937 30871 29409
29822 32378 27615
29448 32805 26967
31652 30734 27006
30793 31052 28236
30462 31239 28470
30354 30902 29076
30049 31546 28628
29882 31440 28951
29313 30248 30337
28096 33462 25972
27119 30726 30958
31878 29503 27777
31053 30928 27990
30876 31100 27979
30927 31033 28078
30772 31461 27654
30544 29375 29580
29997 31216 29121
29819 31816 28567
29232 32341 28660
28713 31945 29396
31623 29512 28122
30074 31189 29112
30057 30215 29875
28940 30331 30581
31337 31234 26633
31277 29991 28581
31172 29324 28777
31026 30484 28367
30480 30974 28738
29528 31875 28921
28913 31978 29304
28874 30528 30642
26905 28488 31513
32488 29240 26996
31602 29719 27993
30891 29777 29078
29885 30831 29552
29588 32257 28418
29355 32149 28807
29215 31328 29855
29019 32348 28706
28438 33063 27765
28058 29706 31094
28007 32030 29762
33258 27271 24736
31634 29731 27952
30028 32187 27702
27202 29527 31295
30903 30240 28789
30667 31508 27715
30230 28605 30089
27609 33383 27590
29977 32155 27754
29759 31118 29476
29490 30877 29900
29333 30917 30096
29320 31928 29217
29141 32992 26715
28975 32384 28636
28634 31200 30187
27942 32065 29655
27674 32222 29544
30473 29943 29474
30120 30014 29982
29833 32257 27635
27977 32396 29269
27524 32929 28362
30624 31583 27681
30678 32098 26194
30082 30085 29757
31860 28339 28207
30965 30713 28497
30895 30081 28877
30516 31112 28510
29869 31463 29079
29928 28741 30320
28205 32779 28318
31046 31255 27384
28838 31867 29548
27831 32618 28795
31427 29532 28488
30906 30517 28763
29901 31529 28869
28836 32196 29027
33310 26381 25074
32343 27231 27614
31945 30270 27163
29653 31866 28636
29306 30114 30437
28960 32942 27567
28666 33333 26761
28142 32430 28989
27580 32360 29387
32532 28269 26999
31751 29960 27715
31107 31248 27545
30783 31747 26836
30829 28015 29710
29903 30832 29487
31920 30400 27281
31352 28826 28939
30456 30246 29280
29505 31752 29176
25710 28770 31699
33356 26336 24460
32980 27256 26505
32227 27500 27847
31142 29302 28872
31069 30475 28369
30681 30320 28943
30342 29928 29683
30014 32562 26473
29312 31124 29967
27854 28747 31214
30881 30945 28136
30954 31782 26494
30788 31688 27014
30316 31614 28049
30173 30262 29534
29842 31734 28728
27911 32995 28009
28321 33425 26285
32821 28989 25323
31671 29079 28459
31673 27964 28799
30991 31158 27673
30559 31382 28009
30457 30916 28776
30294 31517 28265
29400 31811 29330
27084 30895 30857
32142 30308 25837
30450 31517 28026
30027 32429 26639
29780 31301 29221
29498 32340 28245
29484 32207 28627
29073 30080 30620
28293 33025 27970
27544 33418 27483
31505 30602 27512
31391 31099 26978
31233 28507 29174
30991 30386 28468
29477 30344 30177
29374 30199 30296
28999 30666 30405
28527 33356 26705
27623 31692 30294
32010 28977 27827
30638 31156 28431
28492 31906 29567
27619 33377 26813
27299 30833 30931
32374 28321 27335
31346 29838 28343
30072 31090 29151
30067 30281 29614
29899 30468 29804
29895 31639 28812
29594 32071 28495
29523 29932 30298
29529 30112 30269
27001 33488 26081
32009 29597 27639
31732 29787 27836
31142 28878 29196
30918 31594 27166
30705 30038 29062
30232 31819 27956
30183 31122 29046
28248 32770 28320
31519 29840 28342
31211 31019 27466
30338 31005 29032
29682 30605 29949
29646 31694 29078
29614 31770 28845
29277 32621 28060
29121 30204 30430
27743 32957 28328
31590 30570 27352
30816 30600 28590
30240 30393 29464
30229 31625 28346
30095 30618 29480
29923 30635 29626
29749 32385 27478
29551 32146 28461
29474 32779 26077
29557 31266 29744
26882 28569 31535
30872 29677 29116
30243 29830 29784
29612 32540 27547
28414 31885 29624
27146 32918 28484
33088 27993 25683
32903 26752 26599
31568 29782 28126
30669 31838 27331
30585 30372 29003
30653 28851 29776
29910 31577 28760
29603 31769 29044
29234 32696 28026
28931 30499 30606
32525 28049 27059
31782 27475 28645
31081 31075 27846
30690 31966 26574
30401 31288 28511
29974 31620 28710
29721 31506 29080
29479 32414 27854
29020 31470 29836
31178 31041 27565
31046 31689 26362
30794 30633 28705
30511 30687 28854
29372 28995 30683
32246 29252 27213
32193 29155 27416
31788 28940 28372
30488 30874 28717
30436 31842 27397
29396 31961 28975
29200 32985 26347
28520 32441 28867
28295 32610 28645
26757 30303 31243
32380 29068 27065
31546 29807 28061
31273 30751 27850
30493 31442 28060
30271 31894 27635
33141 27908 24871
30844 31872 26593
30508 30573 29067
29963 31479 28810
29792 32351 27730
29527 32132 28661
27484 28950 31374
32664 28745 26656
32430 28911 27112
32044 29303 27679
31204 29593 28702
31191 28405 29229
30885 30249 28846
29831 31060 29474
29767 32513 26903
29710 32444 27298
28415 32792 28225
28067 29984 31000
33180 27746 25015
31193 30625 28103
31096 31347 27099
30801 31875 26261
30537 32059 26341
30574 32048 26403
30316 31924 27596
30177 31343 28668
30180 32336 26872
29093 32688 28156
29008 31340 30022
32080 29549 27380
32193 27174 27995
31719 30053 27646
31330 29736 28376
31212 30026 28474
31129 30162 28624
30863 28577 29591
29119 29759 30583
27903 32641 28717
27903 31980 29971
33024 28474 25665
32866 27943 26536
31672 29665 27903
31734 27899 28744
31265 30816 27654
29851 31782 28619
29489 32422 27853
29157 31073 30024
27645 32325 29494
31310 31071 27304
31013 31255 27457
30385 31042 28801
29865 31521 28914
29800 32530 26483
29088 31600 29651
28751 32703 28350
33207 27844 24906
32564 28134 26965
32558 28764 26736
31809 27573 28536
31063 30770 28051
30279 30809 29298
30055 30460 29650
29630 31991 28471
29607 32358 27914
29599 31916 28652
28633 31204 30214
32641 29454 25688
32618 27216 27123
30306 27626 30082
30060 31497 28696
29655 31537 29157
29300 32274 28723
29214 32207 28905
29061 31981 29227
28645 32187 29183
31503 30982 27242
30672 30022 29194
29876 32088 27932
29482 31877 29011
29236 31121 29984
29186 29890 30513
28107 32827 28276
27739 29774 31190
27373 32642 29033
27129 32817 28910
32934 28710 25506
31015 30525 28385
30711 31572 27384
30263 32265 26611
29995 30512 29635
29904 31684 28669
29556 31991 28618
28956 32552 28428
32363 26542 27748
30816 31725 26737
30503 31419 28076
30285 32084 27116
29646 29914 30243
29200 29680 30614
29061 29676 30672
28931 31635 29629
28132 32764 28445
28132 32144 29581
32627 26880 27146
31908 27638 28519
31290 28744 29041
30943 31496 27312
30789 30976 28321
30663 31432 27800
32421 28160 27460
30570 30759 28845
30343 31335 28486
29824 31801 28556
29739 29371 30510
29565 32452 27574
27390 30449 31072
32773 28776 26472
31645 29979 27795
31206 31021 27513
30377 31739 27806
30000 30628 29599
29877 30772 29613
29782 30666 29830
29098 31278 29883
29095 29235 30818
28441 33370 26448
28748 33240 27193
32373 28795 27275
32288 30123 26296
31936 28780 28022
31634 30340 27643
31547 30645 27318
31344 29955 28329
31358 28766 28836
31108 30369 28495
30944 30445 28580
29798 31703 28749
28390 32419 28922
28209 32629 28673
27093 29885 31330
32576 29505 26198
31696 27122 28773
31211 30228 28305
31094 27811 29577
30420 31071 28713
30094 32182 27183
30097 32491 26212
29913 31479 28919
29781 31876 28522
29716 32397 27695
27702 31432 30397
27838 32015 29864
33286 26812 24720
32195 26973 27939
32014 30591 25922
31935 27736 28410
31524 28095 28906
30953 30083 28836
30085 31462 28773
29974 31430 28878
29596 30071 30196
29416 32609 27678
29208 32992 26178
32413 29763 26108
31395 28245 29049
30877 31126 27940
30363 28400 30038
30112 32341 26688
29903 31859 28485
29732 31824 28827
29671 30872 29824
29529 30671 29964
28708 32712 28348
27812 32833 28489
32712 29212 26154
32552 27873 27121
32062 30527 25515
32043 29923 27491
31114 30730 28019
30975 30050 28721
30386 32135 26418
29079 32900 27359
27815 29220 31239
32741 28942 26325
32356 29918 26212
32003 28378 27996
31560 29723 28187
30966 30616 28559
30908 31606 26815
30856 31198 27856
30750 31730 27256
30673 31409 27816
29737 31349 29293
29642 31907 28654
29217 30091 30446
28859 31818 29477
28865 30576 30548
33304 27192 24708
32660 28916 26613
32403 29461 26567
31134 30429 28369
30679 31680 27392
30518 30867 28735
30473 30284 29249
29698 31528 29159
29675 31895 28602
29436 32821 26319
29386 32582 27793
27416 30443 31146
26931 30036 31246
30991 30486 28441
31100 27981 29543
30731 30218 28928
30521 31920 27088
30301 32223 26369
29946 30421 29869
29825 31556 28871
29663 30202 30126
28875 31607 29697
28523 32695 28366
32789 28162 26487
32049 28763 27835
32000 27243 28228
31683 28771 28456
31561 29103 28375
29996 32403 26968
29489 30593 30033
27260 33419 26822
27618 31206 30714
27387 32472 29387
32423 27126 27484
32183 29692 27039
30305 31655 28067
29859 31169 29411
29503 32697 26983
29477 29164 30599
28851 32903 27786
28512 32880 28081
28423 31838 29739
27659 31507 30363
31426 31105 26730
31128 28338 29258
30462 31747 27561
30410 31844 27493
30361 31276 28572
29946 30747 29508
29679 29927 30167
26476 29699 31393
32573 29659 25772
32181 29661 27288
31598 30368 27546
30456 30977 28820
30413 28089 30040
30388 31747 27709
30339 31179 28788
28592 31722 29814
27877 30510 30920
32362 29077 27122
32323 28080 27481
32238 28418 27604
31856 28463 28283
31356 31064 26996
31268 27550 29352
30514 31370 28144
29731 32226 27973
29341 31006 29928
28302 31821 29763
27481 33004 28328
31465 31239 26526
31243 30985 27518
31004 28316 29450
30409 31705 27858
30192 31807 28017
29783 31849 28556
29586 31927 28802
28979 32234 28991
32601 27717 27124
31208 30950 27536
31082 31406 27015
31033 30838 28094
31002 31625 26693
30519 30622 29050
30347 30639 29196
30353 28772 29980
29835 31752 28624
29666 32482 27434
29361 32358 28262
29229 32903 27253
28600 30229 30741
27758 32603 28922
27535 32105 29737
33115 28091 25574
32890 28139 26337
32206 30279 26020
31099 29799 28776
30182 31847 27920
29938 32080 28075
29778 32314 27946
29639 31733 29018
28950 33057 26962
28474 31842 29669
26526 29548 31449
32876 28360 26205
32487 29537 26175
32092 30491 26412
31314 31157 27146
30989 27642 29661
30060 32021 27836
29653 30042 30160
29594 32381 28042
29180 29483 30716
29149 32242 28798
29094 33033 26510
29065 31725 29486
28815 30733 30501
28416 32617 28506
26882 30132 31289
32981 28549 25631
32462 28776 27078
31754 30925 26328
30990 30913 28060
30785 29882 29053
29792 31827 28590
29740 31924 28522
29459 31606 29471
28905 32417 28675
28375 32758 28409
27373 32181 29693
31708 29878 27725
31604 29709 28047
31003 31330 27350
30969 31191 27788
29179 31255 29866
28993 30259 30608
28908 30973 30229
27559 32455 29241
33077 28389 24853
32160 29868 27159
31841 28966 28140
31673 30507 27270
30825 29212 29464
30525 31160 28401
30503 30628 28915
30430 32278 25574
30137 32339 26540
29497 30729 29945
29371 32019 28914
29319 32396 28331
29022 31800 29452
29028 33038 27029
28132 32198 29306
28257 32686 28597
27884 31000 30765
32083 29089 27687
30751 30573 28716
30393 29488 29770
30329 31952 27568
30407 27919 30074
30129 30599 29458
30008 31734 28460
29691 32116 28228
29541 32779 25540
28721 32579 28514
27815 32779 28427
26932 29981 31345
32687 29447 25380
32296 29014 27226
32232 28941 27424
32088 30213 27091
31746 29462 27983
31660 30513 27342
31567 29600 28190
31183 30750 27973
31229 31189 27306
30521 31306 28215
30348 32120 26885
30381 28204 30024
30134 30412 29544
30113 31923 27886
30003 31972 27994
29715 32597 26848
29282 31211 29787
29290 29393 30617
29099 30312 30416
28648 33174 27256
33034 28464 24819
32381 28994 27264
31758 29839 27654
31557 30143 27974
31466 30527 27833
31364 28936 28802
31121 29896 28646
30683 30071 29177
30511 30088 29323
30406 31130 28629
30108 32161 27420
29206 32967 26827
28708 32887 27955
28362 31713 29982
28622 33269 27092
33185 27341 25485
32518 26849 27330
31820 29173 28011
31630 29976 27960
31435 31242 26134
31535 30948 27294
31400 28226 29074
31163 27381 29436
30341 28568 30037
30156 31255 28793
29965 31809 28426
29706 32460 27444
29514 31302 29636
29492 32750 26632
28766 32241 29037
28500 33060 27796
28042 32503 28976
26122 29269 31513
32634 28080 26875
31883 29434 27765
31657 30564 27280
31316 28065 29140
30471 31082 28549
30465 32082 26380
30382 30668 29108
29960 32047 27960
29415 32796 26986
28850 32637 28334
28102 33191 27686
32263 29727 26969
31380 31152 26627
31134 31662 25623
30983 29153 29215
30704 29245 29524
30363 31205 28595
30152 31401 28607
29902 31753 28540
29479 30269 30222
28522 30354 30792
32883 27601 26466
32886 27253 26600
32616 29584 25806
32570 29125 26593
31998 30261 26968
31807 28640 28288
31406 29739 28359
30875 31628 26914
30720 31314 27931
30668 31411 27863
29902 32261 27631
29758 32001 28357
28687 33115 27436
28726 29595 30949
28666 29169 30986
33260 26282 25296
32605 28603 26861
31740 28069 28710
31572 29539 28261
30530 30817 28785
30406 30835 28930
30355 32146 26689
29680 32425 27598
29456 32644 27366
29286 32850 26843
27873 33454 26389
33134 27914 25655
31930 29393 27768
31893 30614 26500
31850 30147 27508
30702 30800 28639
30056 30634 29406
29961 30528 29623
29954 31884 28214
29859 31828 28506
29754 32147 28171
27783 30634 30994
27980 32506 28945
33240 27131 25163
32781 28108 26521
31523 29817 28122
31528 27553 28964
31247 30289 28228
31184 30934 27656
31095 29736 28799
30823 31694 26766
30670 29538 29454
29216 32537 28521
28644 33190 27402
27696 32653 28884
27709 30822 30855
26915 33511 26346
32850 28314 26209
31361 31189 26735
30046 32346 27207
29312 32224 28773
29301 31075 29984
28346 33457 26061
27064 32852 28803
26346 32857 28574
32566 29154 26587
30419 31023 28779
30369 32153 25817
30124 32209 27068
29652 32020 28437
29644 31578 29175
29500 29041 30571
28856 31850 29521
28518 33219 27301
28514 31380 30086
27935 30340 31013
31857 30024 27511
31226 29436 28739
30708 30228 28989
30646 31680 27465
30640 31574 27554
30591 31006 28633
30465 31462 28112
30424 30836 28865
30378 29218 29955
30086 32194 27535
29433 32955 26491
28689 31810 29670
28318 31387 30344
27123 32647 28944
25759 28674 31656
30978 31034 27867
30796 29801 29131
30596 30819 28719
29935 30674 29599
29545 30072 30161
29210 31708 29460
29113 33079 25791
32808 27273 26651
32535 27998 27019
32499 28982 26742
32490 29498 26461
32219 30064 26893
31237 30836 27706
31151 29748 28704
30973 30495 28498
30780 29883 29057
30801 31489 27557
30326 32228 25783
30301 30776 29183
30229 28535 30137
30145 31889 27938
30093 31606 28466
29967 32062 27945
29343 30254 30320
29329 32847 27175
28551 32680 28447
28286 30655 30734
27710 33130 27785
32727 27247 26939
32176 28109 27774
31579 30611 27370
31500 30760 27394
30761 30996 28373
30694 30266 28912
30570 30284 29057
30566 31797 27352
30539 31157 28481
30465 31326 28363
30481 28828 29860
30422 31537 28078
30071 31509 28682
29672 31934 28539
29250 32835 27279
27973 32267 29397
27592 31212 30640
32916 28316 26143
32275 29013 27344
31615 28670 28581
31444 30786 27508
31148 31448 26464
30742 30267 28911
30632 29197 29680
30273 28269 30073
30145 31989 27676
30019 31685 28528
29935 31858 28227
29777 32123 27965
29697 31480 29225
27792 32062 29761
32897 28854 25218
31681 29906 27716
31660 30102 27757
30718 31946 26522
30646 29061 29551
30652 28348 29813
30470 32126 25902
30434 31698 27953
30375 31502 28219
30269 32067 27196
30124 31874 27954
29924 32137 27911
28915 29128 30845
28713 32317 28881
27405 29012 31374
32598 28065 26990
32056 30236 26537
31031 30936 27917
30979 31033 27849
31069 28281 29557
30853 31489 27328
30464 31670 27618
30422 31401 28329
29825 28636 30343
29731 31876 28631
28365 32482 28753
28078 30730 30730
32491 29815 25496
32104 28349 27831
31968 30598 26230
30955 28646 29431
30506 30089 29327
30094 28538 30237
29938 31421 28980
28674 32272 28983
27520 32593 29111
25985 29000 31579
25328 28825 31625
32874 27275 26585
32518 27508 27262
32467 29678 25852
31742 29766 27804
31682 27108 28852
31385 30160 28120
30839 31446 27521
30705 31375 27868
30589 31013 28519
30632 30352 29004
30316 31556 28158
29972 31029 29270
29566 31953 28619
29539 32754 26189
29402 28823 30667
28067 32799 28338
26743 33299 27642
32502 27942 27274
31774 30679 26663
31104 27549 29394
30099 30123 29726
28228 30719 30722
28105 33027 27912
28218 33362 26865
28059 32183 29433
27823 32974 28215
32737 28761 26587
32565 28778 26733
31706 29995 27711
31407 28605 28954
31278 29914 28388
31155 30222 28498
30756 31234 27907
30825 28951 29476
30489 31623 27864
30599 29192 29736
30465 30225 29310
30160 31828 28001
29763 31482 29159
29810 32510 27235
28520 32265 29031
28647 29614 31051
27642 33484 25936
26940 29276 31400
32580 27046 27189
32136 28317 27747
31859 30706 25817
31693 30800 26571
31086 31256 27370
31012 30279 28570
30729 30877 28525
29318 32257 28696
28945 31576 29713
28832 33107 27160
28801 32640 28307
28227 30860 30593
28168 32952 28033
27715 32019 29793
27595 29000 31329
26752 29874 31372
32862 26955 26612
32847 27358 26557
32206 27707 27718
32201 27080 27894
32050 28541 27901
31431 30080 28073
31085 30379 28556
30012 31714 28541
29837 32107 27990
29423 32446 28122
29151 32217 28845
27677 30886 30788
33337 26479 24965
32465 29614 26445
32308 29982 26619
32252 28092 27557
31754 27746 28613
31339 29154 28770
31277 31293 26817
31188 30238 28366
30780 31495 27335
30599 31394 27948
30483 31032 28599
30386 28265 29978
30317 31640 28010
30212 31874 27805
30117 31903 27967
29870 31218 29394
29698 31235 29540
29014 31541 29681
28493 31045 30510
28516 32730 28436
26203 29623 31473
33244 26604 25591
32324 29845 26382
31624 30866 27020
30814 30209 28909
30704 31583 27374
30655 31015 28453
30498 31431 28050
30205 30160 29589
28755 29329 30947
32564 26379 27414
31156 30673 28087
31032 30691 28232
30617 31973 26437
30625 29816 29346
30452 30148 29440
30360 30972 28917
30169 31526 28550
29832 30815 29789
29715 32399 27357
29673 32451 27463
29591 30989 29808
28999 33120 26123
28643 31857 29567
28083 30964 30602
27308 30905 30815
32910 27425 26528
32234 28099 27678
31977 29690 27570
31677 28601 28490
31549 29609 28247
31440 27179 29088
30995 28850 29240
30904 31247 27835
30884 28231 29687
29934 28911 30286
29524 32639 27550
29099 29061 30749
28604 33110 27587
27876 32904 28184
32758 29205 25846
32532 28722 26988
32040 26831 28170
31614 27906 28836
31508 27369 29077
31323 31286 26509
30712 31170 28238
30095 31535 28489
30064 32097 27751
30055 32198 27109
29817 28778 30372
29640 32577 27270
28836 30150 30766
28439 32144 29349
28123 33186 27417
27239 33462 26276
27172 30618 31023
26565 32650 28921
33285 27095 24798
32089 29930 27013
31936 30539 26534
31870 29444 27838
31379 28650 29001
31170 30993 27572
31122 29386 28948
31122 28307 29325
31054 30631 28223
30750 29619 29299
29766 32742 25853
29662 32396 27775
29613 31828 28854
29490 32331 28251
29122 30181 30533
28040 31015 30725
26426 33463 26520
32943 28847 24910
32808 27932 26583
32445 29822 25804
31401 30726 27519
30854 29111 29381
30635 30215 29050
30522 28156 29904
30425 31789 27579
30018 30231 29801
29776 31888 28496
29336 32416 28201
28149 31966 29638
27917 32581 28824
27647 33277 27293
33341 26399 24407
32549 29043 26686
32164 30230 26114
31615 27340 28959
31249 29828 28683
31130 31320 27039
31050 30692 28167
31024 31524 26986
30689 30267 28916
30565 30285 29061
30529 31236 28316
30381 31725 27910
29805 30197 30112
29485 31008 29888
29441 32605 27627
29427 32275 28365
28992 31128 30185
28889 29413 30795
28192 32721 28490
27892 33479 26025
27175 30511 30998
32377 30027 25888
31621 28682 28512
31373 27411 29195
31127 31068 27538
30912 29738 28994
30818 28880 29650
30328 32009 27150
29858 32197 27962
29532 32464 27791
29088 33047 26015
28790 30791 30440
28643 33051 27767
28467 30499 30798
28214 31931 29745
27649 32851 28514
32984 27023 26323
32920 27579 26452
31777 30573 26870
31729 29671 27854
31617 29443 28237
31109 30888 27901
30876 31410 27526
30817 28051 29712
30683 29591 29428
30565 31653 27585
30034 30667 29521
29798 32526 26587
29729 31546 29015
28916 33053 27003
28901 32706 28244
28224 31082 30585
27545 32164 29547
33259 26565 25374
32598 28724 26922
32562 27822 27081
32319 27808 27701
31872 29320 27825
31763 26890 28666
31662 30745 26804
31586 28177 28804
31513 31175 26119
31162 30967 27771
30534 30511 29078
30454 32130 26602
30429 30621 29173
30403 31556 28046
30410 29590 29627
29901 28906 30342
29691 32610 26968
29551 32415 27790
29485 29554 30422
29416 32274 28564
29407 31983 28888
29384 32350 28331
29390 29131 30670
28428 33364 26493
27978 33288 27198
33329 26490 24187
32027 27341 28119
32026 26718 28306
31891 29237 27967
31790 26988 28557
31736 30467 27377
31524 28907 28598
30417 31539 28125
30323 31339 28561
30197 31792 28006
29829 31790 28546
29534 32011 28600
28748 31824 29555
28020 31618 30152
26871 33447 26677
33029 28176 26002
32775 29034 25937
32233 28719 27490
32069 29173 27561
32059 26421 28293
31765 29074 28093
31514 30631 27344
31243 30468 28150
30951 30799 28307
30522 31728 27551
30255 31442 28586
30115 32151 27151
29210 31693 29541
28504 31999 29432
28302 33393 26392
28214 32234 29206
28374 31663 30032
27918 33403 26625
33122 28051 25376
32267 28814 27355
31836 30769 26604
31441 28931 28806
31371 30416 27955
31180 30970 27588
30723 30593 28768
30360 31631 28012
30259 30070 29560
29881 31413 29129
29508 32490 27756
29140 31141 30113
28933 32281 28888
28416 32664 28499
28259 32465 28912
27666 32276 29423
27598 33527 25925
32342 27344 27670
32246 28061 27624
31341 28946 28863
31212 30800 27891
31132 29945 28629
31014 31616 26532
30964 28686 29391
30900 29472 29247
30842 31523 27227
30846 27454 29716
30706 31962 25874
30256 30115 29482
30250 32398 26445
30197 31656 28257
30154 31867 27972
30102 31964 27904
29389 32891 26822
29137 29599 30638
28965 28977 30901
28705 31899 29521
28694 31122 30268
28769 32837 28105
28652 32372 28922
27489 33457 26365
27374 31381 30591
26254 28756 31567
32732 29109 25903
32261 27184 27861
32011 30016 27422
31972 29019 27781
31832 27674 28419
31215 30869 27821
30949 31101 27892
30976 31601 26999
30651 28061 29845
30635 28411 29842
30440 31424 28217
30048 31634 28517
29776 31984 28330
28978 31943 29411
28461 32074 29398
25840 29028 31616
31940 29154 27815
31210 31107 27355
31095 29836 28772
31093 29629 28810
31054 31290 27318
30694 31409 27767
29881 32173 27756
29550 32623 27296
29347 29247 30592
28933 31333 30044
28712 32762 28170
28113 33173 27439
28010 31998 29718
27977 31737 30174
27913 32116 29615
27854 28807 31210
27623 32351 29389
27045 33119 28197
32938 28560 25861
32872 28984 25336
32412 28581 27283
31904 29770 27690
31849 27843 28378
31654 29360 28123
31360 30914 27351
31293 29892 28352
31165 30516 28166
31134 29522 28807
30857 31469 27409
30799 31598 27193
30740 28937 29483
30575 31630 27601
30512 28088 29990
30154 31731 28223
30209 29932 29708
30095 31529 28523
29913 29110 30285
29627 32498 27360
28731 30996 30299
28433 32344 28956
28245 30814 30542
28118 31888 29859
27630 32753 28571
27283 33039 28293
26915 30646 30961
26634 29472 31504
32019 27435 28220
31826 29343 27977
31645 30527 27322
31573 29317 28327
31551 29928 28000
31355 30733 27827
31345 29650 28526
31321 29551 28568
31097 30622 28225
30906 31176 27858
30709 30467 28799
29775 31432 29209
29733 32059 28296
29282 31552 29506
29055 31734 29427
28957 32142 29004
28570 31242 30179
28676 31943 29504
27592 32829 28523
27240 29822 31242
27430 32397 29421
27142 29789 31287
26984 32994 28440
32606 27304 27073
32390 26640 27639
32385 28757 27221
32344 25957 27769
32260 26258 27959
32046 27001 28136
31987 30302 26986
31754 30626 26882
31760 29378 28109
31642 30111 27814
31404 31114 26769
31234 31368 26783
31197 28575 29195
31078 31321 27174
31070 28182 29417
30951 29606 29084
30909 31092 27992
30979 31678 26705
30896 28187 29621
30777 28224 29719
30740 31822 26802
30077 30427 29535
30071 31519 28609
29947 31415 29063
29904 29484 30160
29519 29952 30303
28790 32748 28248
28428 32343 28970
28270 32754 28430
28081 32629 28692
27899 33371 26732
33126 27971 24818
32829 29059 25302
32794 28153 26451
32502 27238 27345
32099 27722 28007
31847 30621 26808
31544 29610 28251
31408 27558 29123
31373 28480 29035
31268 30082 28357
31014 31281 27418
30733 31244 28123
30682 30168 29115
30493 31326 28267
30320 32140 26937
29947 31923 28154
29725 31079 29554
29670 32003 28410
28778 31920 29508
28611 32282 28923
28442 32913 28120
27986 28800 31188
27449 32154 29597
27653 30878 30811
32373 29749 26567
32369 26712 27714
32249 28177 27606
32068 29793 27373
32054 29887 27239
31731 30580 27178
31535 29865 28082
31282 31091 27356
31145 29998 28603
30131 30161 29604
29689 29680 30345
28636 31186 30256
28010 31429 30338
27374 30489 31180
26941 33069 28406
26326 29011 31537
32277 30133 25476
32013 30274 26887
30986 30828 28219
30860 31284 27698
30508 28652 29922
30499 32044 26808
29999 31546 28737
29436 29516 30586
29030 32163 28991
28888 31710 29595
28856 32892 27776
27841 31075 30731
27758 32157 29501
27151 29662 31281
32371 26055 27660
31884 29301 27773
31730 28316 28532
31445 29560 28390
31466 28711 28825
30870 31846 25703
30808 29994 28935
30734 31267 28022
30684 30012 29080
30400 30931 28829
30413 28801 29942
30199 28707 30153
30146 31294 28790
29871 30527 29746
29627 32078 28376
28635 31327 30127
28487 30523 30691
27406 32229 29563
27236 32835 28657
33317 26260 25013
32747 29215 25026
32529 27336 27236
32483 26653 27366
32173 28265 27677
31736 26710 28715
31392 31317 26100
31391 28662 28837
31302 28436 29038
31303 28985 28833
31161 29254 29038
30899 28662 29464
30905 28832 29430
30831 29121 29442
30637 29595 29341
30617 30612 28848
30500 29767 29536
30347 28738 30003
29941 32157 27781
29927 30615 29660
29857 32384 27367
29839 28481 30440
29717 32189 28189
29674 32264 28155
29294 32978 26435
29151 32658 28027
29059 32900 27526
28551 31935 29506
28204 32221 29228
28026 30462 30950
27935 30846 30809
27632 31605 30251
27545 32625 28887
27532 30832 30898
27107 32184 29710
32804 27751 26845
32057 30240 26466
31781 27844 28504
31741 30640 26888
31649 30736 26902
31573 30827 27078
31374 30991 27184
31357 31311 26348
31166 30271 28481
31134 30977 27896
30994 30288 28627
30759 27665 29788
30732 27841 29726
30653 28929 29637
30564 28028 29916
30623 28449 29896
30454 31367 28381
30378 28438 29989
30267 28099 30107
30120 29238 30064
29645 32657 26865
29602 31548 29288
29452 29416 30508
29243 29404 30598
28924 30371 30689
28639 32267 29004
28423 32014 29575
27755 32448 29025
27301 32800 28764
26624 29520 31378
32545 25794 27435
32388 28873 27203
32220 27272 27886
32053 28270 27974
31771 29345 28003
31315 27778 29172
31239 31166 27322
30927 29816 28922
30700 30169 29050
30654 31384 27909
30602 31481 27841
30597 29238 29556
30503 29063 29780
30291 32034 27081
30015 30993 29378
29323 31319 29702
28862 32765 28064
28080 31485 30254
32703 27075 27011
32397 26868 27600
32397 27377 27502
32346 27906 27592
32147 28366 27730
32025 27605 28186
31772 30387 27353
31581 30941 26986
31465 30579 27637
31385 30260 28093
31386 27822 29169
31209 31215 27123
31087 31395 27005
31038 30827 28084
30887 30042 28895
30529 30989 28649
30468 30867 28844
30334 31287 28595
30270 30058 29646
30264 31285 28665
30195 29405 29979
30124 28366 30221
30002 32578 25825
29898 32232 27747
29777 32501 27254
29659 31803 28840
29240 29948 30439
29223 31757 29365
29198 30165 30419
29090 32926 27197
29081 33027 26555
28927 33121 26536
28427 31402 30123
28339 29153 31084
27962 30164 31075
27377 32646 28902
33344 26358 24904
32970 28671 24972
32901 28884 25193
32546 26720 27337
32131 28447 27722
31949 27476 28324
31841 27988 28336
31835 28809 28187
31760 28997 28185
31637 30562 27491
31557 30243 27947
31358 29375 28580
31330 29101 28826
31176 31110 27436
31137 29464 28876
31019 31526 27033
30926 28486 29526
30891 29621 29194
30795 31714 26818
30678 27885 29907
30201 29575 29945
30012 31724 28468
29721 30715 29871
29293 30276 30297
28519 31525 29991
28319 31788 29948
27616 32795 28521
27504 30301 31039
32950 28727 25454
32587 29448 25860
32121 29500 27348
31945 29084 27778
31652 28388 28726
31596 29929 27982
31593 29701 28085
31360 31150 26838
31283 30004 28370
30992 29520 29010
30968 29784 28985
30611 31459 27875
30559 31556 27807
30361 32135 26676
29629 32387 27794
29439 32757 27076
29345 32158 28748
29176 31061 30089
29049 32820 27704
28955 33056 26454
29081 29484 30766
27899 28295 31193
27473 30278 31046
27364 32954 28343
26732 29505 31459
32396 26810 27605
32248 29380 27144
31694 30804 26500
31524 28251 28790
31317 29700 28396
30871 31412 27573
30853 28463 29637
30061 30900 29321
30033 32231 27224
29722 32678 26184
29450 32347 28174
28892 32645 28252
28809 30326 30704
28343 30807 30547
28112 31945 29651
27906 32704 28684
27673 32744 28573
27255 32197 29638
27082 33011 28308
26369 33138 28119
32917 27304 26467
32684 26490 27032
32508 27408 27311
32282 28892 27283
32189 27591 27783
31937 26547 28381
31891 28544 28074
31653 28235 28640
31468 28986 28593
31212 31036 27378
31231 29417 28764
31133 31185 27402
30663 30816 28565
30655 31383 27891
30638 30847 28657
30613 28821 29838
30539 30834 28710
30376 29264 29775
30338 32089 26972
30169 31536 28477
29880 31938 28287
29638 30279 30154
29515 29497 30484
29393 32042 28804
29227 31356 29793
29100 32986 26907
28078 27734 31143
27796 32527 28970
27625 32022 29910
27449 32813 28692
33188 27747 24996
32744 29074 26007
32573 26818 27228
32544 29523 25826
32536 27564 27197
32520 29706 25235
31825 30289 27403
31076 28352 29383
31110 29132 29086
30956 29227 29255
30810 30830 28511
30806 31668 27034
30650 31621 27425
30418 31427 28253
30372 28268 30023
30360 32190 26211
30306 32016 27142
30134 31923 27837
29996 30264 29916
30031 29382 30102
29836 31549 28843
29568 32283 28235
29548 30515 30092
29501 29780 30369
29413 32714 27142
29138 32350 28679
28277 33361 26616
27320 32162 29745
27150 32768 28839
27147 32976 28415
26959 31066 30811
26434 33103 28226
33234 27668 24968
32237 29014 27256
31843 27673 28412
31727 29788 27840
30914 30099 28762
30527 29028 29764
30507 31269 28431
30406 28830 29904
30325 32184 26459
30297 31983 27479
30288 29583 29791
29910 29654 30126
29956 28342 30353
29784 31275 29288
29665 32030 28399
29178 32134 28916
28849 32720 28218
28427 32479 28784
28131 30631 30866
27940 32478 29007
27733 31912 30051
27603 33213 27624
32882 27665 26436
32788 28122 26518
32598 26705 27266
32231 30140 25784
32169 26876 28007
32118 27914 27999
31768 28225 28596
31588 28585 28737
30894 31297 27665
30612 31458 27857
30486 31914 27336
30468 29748 29553
30446 29978 29474
30309 32193 26586
30137 30331 29570
30085 32225 26994
29907 28940 30319
29837 32013 28253
29797 28857 30354
29039 31007 30216
28959 29548 30695
28538 31300 30160
28393 32346 28966
27945 32566 28814
28016 31599 30304
27470 33432 26729
27109 33479 26099
33149 27875 25438
32747 26557 27003
32707 28096 26806
32676 29352 25452
32623 26575 27148
32535 27506 27202
32086 26519 28184
32049 28945 27703
31742 26880 28681
31452 29873 28202
31408 31069 26855
31237 27850 29366
31094 28151 29439
30913 30396 28702
30661 29763 29337
30349 31606 28062
30348 32149 26682
30331 32012 27091
30149 31869 28019
29511 32033 28679
29492 30887 29827
29490 31491 29377
29488 32400 28122
28549 30195 30764
28505 31547 29998
28154 31198 30401
27868 32636 28738
27397 32608 29031
27194 29500 31320
27144 33549 25889
27107 32843 28805
26781 29409 31416
33064 27332 26113
33056 28000 26064
32771 29172 25898
32462 29679 25550
32378 27151 27528
32323 26759 27691
32198 27117 27890
31969 28062 28262
31895 29917 27508
31715 27314 28765
31677 30593 27112
31679 28486 28617
31588 29395 28255
31275 29164 28807
30943 28891 29357
30549 31402 27971
30521 31589 27916
30491 31860 27346
30454 31795 27488
30442 32146 25954
30405 31227 28567
30395 28145 29995
30389 31022 28835
30368 30183 29464
30348 30732 29110
30338 31800 27876
30115 30147 29682
30096 29406 30029
30039 31085 29206
29933 31840 28337
29475 32784 26059
29112 28864 30743
28652 32137 29303
28177 32426 28968
28132 32844 28190
28041 32631 28702
27924 31931 29900
27863 33037 28018
27854 31426 30385
27751 32745 28570
27467 30299 31123
32983 27306 26401
32815 27493 26591
32481 28040 27267
32311 26254 27782
32204 29727 26999
32037 28581 27938
31747 30200 27502
31320 29429 28610
30995 27812 29627
30979 28987 29287
30626 31778 27342
30489 29402 29649
30349 29807 29622
30087 30206 29696
30032 32222 27412
29647 32546 27299
29442 30534 30172
29363 31919 29219
29274 30721 30362
28495 31375 30126
28460 31730 29850
28350 32421 28932
28316 31174 30465
28291 32665 28573
28172 32827 28248
27309 31416 30484
32849 28378 26179
32679 26777 27023
32604 25990 27169
32579 26120 27287
32403 27038 27566
32376 29710 26853
32196 26974 27898
32092 28381 27740
31909 29230 27846
31785 29256 28047
31636 28598 28506
31402 27388 29157
31394 28056 29108
31389 30223 28097
31301 31355 26697
31183 29511 28705
31177 30466 28216
31145 31127 27329
31096 30680 28089
31025 31671 26397
30801 31703 26805
30525 31392 28057
30456 31845 27377
30306 31681 28028
30275 31744 27990
29979 28219 30325
30006 29075 30258
29932 30806 29440
29789 29744 30117
29785 31726 28877
29464 29822 30465
29117 31266 29948
29096 29025 30780
28462 31622 29964
28230 32949 28064
27948 32896 28367
27508 31475 30438
27631 32297 29510
33129 27930 25315
32737 27401 26863
32674 28809 26549
32552 26890 27303
32430 27136 27457
32401 29580 26735
32254 27598 27738
32223 27638 27727
32030 28202 28058
31998 29483 27699
31936 29054 27832
31889 27053 28540
31398 31017 26991
31349 30449 28070
31271 31232 27112
31118 31666 26323
31041 31402 27313
30819 30413 28786
30453 29069 29767
30380 31933 27416
30362 31302 28533
30313 32200 25811
30304 30054 29490
30174 31781 28092
30070 29281 30077
30011 31139 29192
29890 31915 28303
29811 32431 27264
29780 31964 28411
29595 32136 28357
29473 29862 30425
28809 31949 29312
28684 29760 30805
28525 31695 29957
28251 31855 29885
27874 33339 26956
27853 33208 27713
27839 33053 28077
27819 32245 29420
27685 32070 29620
27424 30374 31089
27095 30753 30934
26335 28884 31531
32854 28124 26452
32641 26576 27083
32200 29034 27355
31608 28442 28620
31599 29871 28051
31547 28219 28810
31514 27539 29043
31258 30208 28306
31099 29838 28761
31091 30917 27907
31080 29096 29087
31059 28528 29379
30832 29982 28937
30525 29449 29553
30507 28365 29954
30480 31039 28569
30417 29036 29781
30204 30734 29337
30152 31684 28308
29952 32339 27299
29885 32153 27837
29854 31684 28778
29717 30260 30052
29483 32776 26715
29466 31485 29410
29346 29280 30633
28767 29673 30809
28254 32291 29196
27944 33242 27503
27554 33463 26256
27541 32694 28770
27419 31612 30297
27142 29629 31299
26966 29209 31448
25941 29525 31493
32821 26155 26798
32462 27455 27288
32370 26713 27673
32064 28679 27829
31944 28936 27886
31821 27804 28449
31766 30494 27262
31317 30330 28222
31163 28139 29378
31101 31078 27579
30908 31175 27812
30859 28633 29603
30814 31505 27254
30726 28952 29526
30690 31319 28089
30615 29564 29510
30398 31350 28391
30334 30254 29470
30315 32142 26984
30257 31873 27734
30026 31667 28632
29948 30724 29415
29941 30134 30078
29821 29734 30148
29638 31468 29264
29578 31918 28808
29507 28992 30583
29374 29863 30475
29204 29230 30665
29037 31383 29835
28799 29805 30790
28477 32789 28256
28461 30329 30832
28433 31314 30275
28418 32683 28443
28238 31985 29586
28106 33175 27540
27850 32484 29000
27624 33366 26803
27242 32649 28917
26989 32079 29797
33031 28434 25467
32856 28883 25364
32660 26192 27044
32078 28419 27743
32065 26591 28259
31897 28714 28040
31813 28810 28254
31736 29596 27838
31641 30219 27582
31560 27561 28944
31383 26803 29178
31215 26990 29368
31134 28508 29224
31087 31063 27721
30961 31519 27200
30960 28611 29445
30884 28503 29485
30865 27646 29708
30813 29801 29068
30532 30356 29240
30282 29797 29823
30145 32209 27019
30131 31856 28058
30080 29034 30255
29909 31012 29458
29518 32469 27584
29500 32342 28049
29416 31132 29755
28650 29730 30814
28505 33213 27346
28310 32793 28302
28207 29892 31026
27951 31634 30197
27610 30953 30777
26073 29365 31556
32632 27768 26991
32579 26988 27194
32093 26747 28145
31971 26873 28233
31916 27151 28431
31911 29106 27833
31635 29436 28116
31634 29739 27917
31457 27110 29097
31517 29633 28380
31365 29720 28366
31112 31111 27543
31071 30485 28296
31043 30672 28241
31026 30787 28131
31021 31455 27056
30972 30887 28135
30922 29817 28926
30749 31761 26715
30672 31497 27705
30527 31909 27075
30425 28763 29888
30379 32133 26569
30319 28797 29975
29774 31801 28665
29751 29333 30456
29703 30543 29937
29679 31745 28957
29590 32454 27569
29503 30806 29894
29492 30156 30185
29468 32443 28086
29414 28785 30613
29205 28773 30703
28888 30090 30692
28842 32951 27692
28798 30531 30575
28746 30628 30507
28353 31509 30060
28334 32551 28825
28145 32250 29251
28089 29978 30971
27934 31812 30140
27602 32380 29275
32827 28207 26424
32821 28837 26195
32600 26019 27163
32498 29530 26134
32288 27282 27752
32242 26599 27882
32235 30170 25759
32151 28881 27574
32120 26845 28036
31932 28211 28193
31783 27072 28620
31693 30177 27573
31525 28518 28766
31482 31236 25556
31098 28950 29189
31039 30400 28440
31012 31685 26403
30987 28927 29241
30838 31433 27549
30813 31405 27740
30771 31580 27220
30753 28488 29694
30744 28411 29720
30531 31566 27932
30458 30671 29091
30447 29308 29772
30401 29470 29721
30351 28376 30040
30272 32217 26950
30235 32228 26888
30198 29327 29965
30158 31244 28840
29985 30535 29619
29946 31784 28519
29770 28888 30391
29646 29164 30540
29547 30218 30160
28725 32783 28141
28699 29666 30827
28300 31853 29659
28256 29816 31055
28195 32319 29226
28117 31289 30389
27846 32205 29398
27782 32569 28920
27690 31987 30017
26283 29013 31510
33240 26857 25334
32988 28509 25433
32525 27522 27259
32470 29524 26278
32379 29975 25478
32300 27223 27722
32263 26175 27955
32108 28967 27625
32075 28420 27807
31882 28522 28106
31865 30160 27427
31814 29612 27789
31742 28967 28190
31530 29358 28434
31241 28362 29216
31132 29465 28880
30964 30997 28083
30948 30425 28614
30817 31123 28177
30791 29802 29135
30786 31270 27891
30736 30402 28795
30518 28258 29956
30476 29884 29465
30470 31451 28102
30419 29468 29633
30330 31227 28694
30311 31570 28169
30264 31544 28420
30149 30293 29516
30112 28674 30224
30102 32284 26985
30095 30621 29433
30051 31973 27945
29922 28947 30288
29879 29135 30280
29507 29950 30335
29354 30824 30086
29329 31431 29537
29034 32573 28371
28983 30567 30423
28676 31129 30248
28546 32963 27911
28166 33374 26512
28052 30184 31018
27322 32507 29280
26256 28491 31628
26165 29107 31552
32705 29252 25309
32509 27409 27270
32424 27551 27424
32371 27776 27474
32364 29386 26888
32267 27354 27827
32092 26689 28150
31995 27646 28134
31970 30349 26853
31924 28812 27931
31824 26747 28573
31631 26849 28872
31492 30700 27532
31378 28937 28783
31360 31050 27100
31341 31084 26988
30999 28951 29239
30983 30862 28097
30929 30962 28101
30902 29438 29193
30880 28648 29475
30803 31418 27580
30696 31758 27133
30583 29545 29527
30468 31510 28046
30369 31733 27846
29660 30618 29903
29606 30372 30085
29574 29397 30475
29490 32150 28472
29472 31937 28888
29254 30869 30136
29149 30155 30463
28855 32753 28141
28835 29104 30878
28755 30606 30541
28705 28846 30961
28651 33152 27337
28486 31955 29480
28068 30933 30669
27811 32494 29016
27733 32571 29146
27313 32750 28814
26917 29305 31491
26600 29665 31396
32785 27166 26866
32391 29816 25976
32204 27287 27856
31931 28153 28198
31871 28768 28050
31814 28727 28190
31699 28257 28541
31556 28218 28752
31109 27009 29448
31101 27677 29399
30996 30475 28406
30940 29671 29028
30680 28753 29699
30662 28809 29654
30591 27852 29978
30499 29480 29568
30491 31958 26858
30413 31052 28786
30401 28315 29961
30401 28125 30042
30271 27867 30125
30084 28388 30241
30018 30278 29725
29778 30355 29939
29773 29672 30205
29717 29598 30289
29609 32050 28547
29558 29693 30320
29479 29240 30570
29409 32313 28504
29369 29157 30605
29253 31258 29758
28921 29408 30781
28688 32713 28290
28130 31838 29909
28072 32736 28451
27906 33041 27955
27733 30671 30828
27382 30662 30905
32806 26753 26737
32771 28464 26588
32440 29659 26237
32299 27023 27730
32269 26697 27773
32093 27615 28052
32050 29802 27430
32043 28751 27904
32040 30503 26059
31959 28309 28084
31899 28924 27936
31749 27640 28617
31606 29114 28352
31487 29433 28400
31461 29431 28505
31453 28917 28628
31377 29285 28529
31342 27602 29234
31287 31569 25856
31193 30970 27528
31162 31501 26100
31125 29048 29080
30996 29431 29064
30972 30592 28436
30838 31317 27813
30792 29622 29244
30743 31345 27857
30666 28111 29828
30634 30327 29051
30608 29232 29696
30477 30252 29241
30409 30223 29406
30392 31597 28064
30210 28684 30071
29921 31906 28313
29903 32312 27342
29748 31049 29507
29564 31145 29683
29153 29768 30552
29087 30350 30432
28932 31397 29950
28750 32154 29171
28503 33038 27877
28235 29310 31090
28226 32484 28855
28198 28103 31108
27900 30509 30912
27626 31137 30657
26862 29763 31376
33207 27570 25077
32439 29668 26455
32427 27978 27349
32362 27283 27610
32290 26273 27846
32171 27613 27918
32071 28907 27790
31771 29573 27844
31613 28455 28619
31388 28690 28961
31317 31125 27066
31309 27892 29177
31126 29623 28838
31047 29027 29216
30872 28457 29608
30735 27763 29769
30709 29128 29522
30633 29102 29578
30612 28534 29870
30522 29205 29697
30518 31220 28499
30425 31585 28012
30284 28182 30047
30401 29109 29945
30217 29832 29716
30129 32247 26968
30100 30641 29363
30072 30149 29869
29983 29248 30148
29920 31032 29361
29736 31128 29537
29556 28928 30587
29476 29784 30411
29461 31936 29087
29407 31690 29269
29283 32342 28403
29267 29772 30501
28812 32828 28107
28347 32052 29469
28331 31738 29998
28196 28448 31142
28124 33334 27045
27835 32588 28868
27094 29515 31304
25920 28418 31653
25306 28491 31763
32664 28218 26856
32294 26584 27811
32260 28013 27560
32157 26194 28035
32042 28803 27806
31847 29239 27908
31833 26394 28552
31805 29668 27709
31637 29855 27899
31421 31268 26251
31418 29634 28430
31392 27992 29135
31206 29079 29018
31164 29288 28938
31153 29738 28758
31117 30689 28013
31067 28694 29286
31051 28329 29390
30982 28866 29247
30977 29250 29195
30929 28455 29478
30820 29591 29293
30773 28931 29511
30765 27591 29753
30755 31710 27113
30676 29418 29465
30623 31409 27925
30511 29944 29389
30509 29233 29746
30334 31811 27735
30268 29428 29868
30242 31454 28529
29908 31446 28948
29709 29755 30151
29579 31673 29123
29518 32501 27554
29501 30730 29906
29210 32947 26908
29047 29121 30823
28815 32119 29278
28678 32312 28902
28663 31092 30400
28503 31721 29852
28564 31956 29477
28402 30534 30691
28087 31913 29875
27917 32519 28969
27804 33458 26345
27668 32606 29039
27624 33085 27985
27463 29739 31271
27440 31533 30342
27333 29481 31354
27201 30505 31072
32788 28781 26450
32620 28968 26640
32586 27216 27155
32473 26762 27505
32443 26436 27548
32141 26628 28047
31997 30578 26025
31898 28866 27941
31875 29395 27794
31875 28314 28188
31762 28324 28512
31529 29169 28493
31516 27341 29009
31480 27640 29045
31456 28876 28730
31443 31087 26756
31437 29026 28663
31352 31024 27299
31336 29271 28792
31287 27742 29344
31086 29266 29053
30970 27815 29624
30843 28750 29532
30782 28971 29471
30695 29028 29592
30597 31971 26648
30456 28531 29938
30451 29959 29499
30439 30423 29386
30347 31643 27955
30275 30459 29329
30164 31878 27770
29878 31981 28279
29826 32564 26415
29815 32016 28289
29813 32320 27698
29699 31019 29680
29623 32690 26980
29300 31444 29537
29082 29490 30679
28669 32153 29181
28608 31811 29665
28549 31661 29955
28458 31756 29868
28419 31267 30277
28343 32582 28692
28338 32601 28647
28292 31554 30044
28281 32652 28595
28048 28193 31162
27747 32868 28382
27695 32183 29460
27539 31955 30092
27366 32769 28762
27106 29919 31252
27002 30269 31189
26800 33265 27741
26678 30052 31292
26653 32896 28573
26548 29794 31375
25945 29011 31562
32677 27560 26990
32591 28824 26729
32464 26012 27621
32295 27510 27713
32234 29360 27207
32187 27830 27845
32070 28849 27795
32018 28987 27776
31980 28092 28095
31972 27578 28218
31894 29005 27921
31853 29069 28012
31787 28194 28394
31642 28768 28472
31615 27503 28811
31369 30892 27385
31359 31258 26606
31323 27017 29255
31317 30989 27317
31142 30877 27875
31114 29422 28939
30967 28627 29382
30880 28287 29699
30831 31564 27245
30828 27728 29742
30819 31701 26698
30721 29592 29343
30701 30234 28998
30638 30176 29165
30633 31039 28440
30627 29526 29456
30607 31596 27653
30555 29535 29548
30443 29725 29560
30267 28857 30049
30191 28749 30089
30186 31697 28275
30149 29984 29746
30132 31979 27807
30075 29363 30031
30070 31335 28926
29869 28309 30424
29769 32415 27304
29763 31853 28631
29697 32412 27553
29552 29626 30413
29362 29899 30477
29240 29803 30540
28898 29185 30854
28771 29338 30902
28768 28927 30937
28528 32409 28907
28350 32815 28223
28130 31190 30424
28044 32537 28839
28037 31560 30220
27821 29429 31224
27795 32624 28909
27641 31433 30431
27543 29129 31308
27405 29253 31361
27199 32643 28996
27055 32231 29548
33242 27000 25017
32855 26481 26650
32696 29013 26155
32551 28173 26977
32389 27381 27501
32320 27380 27595
32232 28311 27649
32095 26606 28146
32053 26816 28197
32007 26133 28327
31985 27835 28188
31817 28022 28378
31804 28230 28326
31687 30366 27464
31642 27438 28850
31596 26755 28980
31583 29396 28259
31580 29168 28362
31489 28812 28708
31470 31069 26800
31432 29446 28422
31428 31069 26814
31296 28914 29007
31212 31437 26971
31163 28676 29197
31033 30475 28372
30992 28619 29425
30990 30593 28371
30900 29851 28922
30849 28580 29636
30651 28956 29680
30574 31925 26944
30451 28032 30011
30427 28824 29862
30410 31131 28590
30404 32131 26421
30388 29513 29631
30313 32029 27060
30261 28305 30075
30253 28408 30055
30128 32447 26121
29649 31663 28999
29646 30640 29910
29542 29321 30546
29150 32300 28729
29138 30613 30395
29027 32827 27696
28965 29547 30684
28908 31391 29983
28873 31746 29707
28700 32392 28761
28386 31914 29599
28258 27841 31116
28254 32469 28936
28250 30663 30679
28244 32887 28147
28241 32058 29518
28204 31398 30304
28164 32359 29161
28104 32414 29139
27955 27986 31192
27724 30839 30853
27723 31220 30595
27397 31608 30308
27340 32666 28785
27011 29894 31323
