90 3
28511
720 136 712 508
674 585 820 572
639 319 213 192
636 137 187 709
516 446 48 17
599 177 293 426
619 976 364 929
727 582 702 413
610 140 19 82
548 55 103 80
631 281 189 539
637 481 523 483
535 445 469 241
521 273 526 742
562 426 475 567
730 155 809 397
548 190 30 485
670 848 351 297
645 192 759 661
690 709 905 121
719 313 73 39
751 252 268 814
693 179 58 257
605 340 118 67
660 185 334 461
540 871 508 322
619 7 274 523
589 260 362 117
609 968 404 736
571 127 287 101
513 391 480 484
744 101 400 160
729 861 303 895
659 983 927 501
585 662 111 104
651 548 385 875
602 451 772 472
670 96 160 521
606 602 768 554
652 258 972 610
639 191 42 265
715 657 300 376
699 79 321 110
513 798 995 757
568 849 851 464
651 612 530 958
584 662 349 396
535 510 632 707
714 289 674 51
683 963 764 967
637 618 463 919
712 857 537 637
574 410 715 443
562 566 242 305
657 12 120 100
688 562 770 708
547 515 876 556
565 272 212 395
599 413 664 570
733 278 54 149
708 742 621 948
739 130 356 144
690 866 545 975
598 166 7 63
607 249 564 581
721 830 457 388
638 530 798 521
619 195 387 161
537 195 800 107
597 778 308 560
694 572 375 404
648 535 529 845
519 552 905 809
644 58 743 690
559 419 124 354
620 668 895 213
687 231 409 654
714 694 844 537
697 810 787 599
552 485 582 483
594 141 17 546
674 408 671 622
666 824 804 346
621 803 995 557
670 947 437 849
566 989 859 426
628 652 824 759
699 887 706 835
727 442 581 173
590 397 797 468
2489
27747 30234 29721
28226 32055 28006
27906 31659 28700
27643 29886 29994
28076 32037 28243
27435 31072 29268
27398 32373 27312
27139 32451 27394
26986 32598 26652
27503 31844 28630
27123 32538 27088
27037 29220 30428
26762 32564 26690
26759 28157 30549
26623 29131 30525
26879 28844 30510
26918 30266 29939
27541 31919 28334
26172 32542 27303
25923 27765 30735
31692 28192 26728
31338 28602 27449
30914 29211 27874
30872 30023 27464
30849 29720 27818
30881 28841 28088
30801 29197 28273
30799 30171 27603
30611 29370 28409
30623 29840 28086
30732 30309 27211
30445 30343 28032
30443 29777 28488
30461 29671 28397
30362 30082 28149
30377 29564 28539
30259 30341 28131
30356 28931 28653
30135 29234 28857
29995 29646 28835
29943 29143 29017
29962 30985 27623
29695 30649 28397
29858 31042 27358
29753 29576 28943
29780 31223 27263
29706 29882 29013
29663 29025 29196
29732 30227 28900
29595 31157 27809
29615 29332 29094
29509 31353 27350
29519 29510 29283
29539 30973 28261
29450 30697 28618
29366 30274 29138
29328 31527 27437
29138 30589 28965
29065 30621 29244
28957 31739 27202
28893 31776 27534
28602 29548 29677
28529 29081 29815
28462 30116 29790
28774 31793 27659
28348 29255 29902
28248 32005 27859
28279 29474 29984
27767 29234 30169
27535 32446 27092
28033 31862 28408
27371 32410 27296
26328 27868 30698
31487 28934 26934
31361 29188 27079
31265 28750 27588
31267 28794 27409
31221 29421 27341
30933 29446 27833
30614 28825 28543
30496 30435 27382
30446 30586 26835
30395 30023 28125
30328 30632 27093
30388 29819 28536
30287 30765 27330
30343 30486 27557
30229 30431 28071
30178 30897 27584
30110 30448 28196
30143 30579 27967
30039 31010 27355
30001 30896 27634
29955 29778 28773
29844 30799 28312
29676 28943 29171
29486 30660 28613
29638 30100 29049
29522 31305 27948
29249 31234 28386
29040 28766 29569
29186 31545 27865
28970 31633 27904
29109 31688 27495
28993 29812 29457
29264 31435 27844
28878 29237 29677
28746 29863 29557
28675 31238 28857
28874 31805 27128
28878 30249 29514
28623 29303 29760
28270 32199 27422
28435 30929 29316
28080 31803 28501
28069 31301 29018
27511 28931 30282
27438 32272 27688
27468 31520 28792
26102 32681 26779
26652 32570 27141
25977 27083 30712
31619 28340 26867
31475 28791 27150
31391 29065 27135
31354 29026 27231
31054 29049 27765
30946 29606 27739
30862 28606 28129
30629 29612 28116
30408 29024 28572
30443 30545 27389
30201 29447 28806
30183 30160 28411
29771 30322 28588
29972 31148 26963
29488 30401 29037
29426 28829 29342
29475 30158 29130
29313 29896 29268
29454 30644 28864
29482 30558 28766
29232 28995 29446
29028 31561 28015
28722 30340 29381
28713 29849 29663
28616 30755 29229
28592 30076 29599
28649 30488 29520
28613 28807 29830
28371 29669 29807
28322 28636 29972
28362 31320 28837
28399 30819 29386
28086 28892 30133
28031 32125 27704
27121 28946 30443
26452 32761 26516
30834 30166 27686
30781 29703 28000
30699 30021 27806
30681 30217 27861
30426 30108 28073
30422 30204 28050
30144 29993 28673
30078 30515 28218
29951 30783 28023
29963 30063 28611
29672 31182 27541
29683 31384 27141
29811 31069 27770
29638 30322 28738
29545 29855 29170
29495 31110 28304
29122 30075 29377
29111 31425 28199
28886 29335 29564
28948 31000 28887
28702 29254 29777
28755 31799 27985
28381 28848 29928
28538 31919 27830
28367 29068 29923
28815 30952 29110
28215 28616 29998
28609 31547 28480
28102 29325 30034
28458 31358 28702
27730 29490 30107
27825 32266 27328
27442 29381 30226
28181 31494 28924
26354 28433 30628
25875 32837 26264
25910 32832 26347
25794 27327 30750
31711 28320 26709
31456 28556 27191
31429 28454 27370
31383 28704 27330
31310 28789 27362
31227 29177 27468
31182 29075 27587
31214 28744 27796
30694 30028 27858
30628 29413 28159
30618 30345 27690
30469 29595 28347
30296 29261 28700
30021 29991 28722
29735 29682 29034
29132 28546 29525
29316 31556 27327
29006 29623 29451
28715 28665 29754
28725 29184 29702
28091 30593 29542
27941 32225 27492
27771 29541 30041
27734 32340 27627
27321 29007 30315
27012 32008 28324
26457 32737 25983
26712 29699 30323
26494 28605 30621
25409 32923 25898
25370 32981 25588
31656 28379 26771
31558 28536 26824
31284 29162 27227
31109 29223 27726
31061 29310 27668
31048 29800 27357
30631 29764 28036
30697 29977 27985
30476 30072 28076
30410 30348 27949
30251 30749 27445
30166 28694 28890
29976 28843 28924
29873 30477 28411
29891 30609 28254
29576 29315 29203
29464 28938 29331
29238 30732 28903
28779 30448 29329
28757 31179 28996
28472 30671 29247
28212 30447 29656
27749 28543 30226
26570 32715 26258
26860 32371 27668
31090 28988 27767
30989 28809 27837
30315 28658 28664
30221 30070 28266
30109 30244 28262
30322 30225 28221
30043 30520 28135
29880 31037 27198
29657 28708 29212
29855 30229 28851
29410 29294 29287
29290 29416 29414
29215 30320 29256
29039 29325 29519
28987 29514 29494
28559 28832 29826
28185 31260 29182
28152 29105 30082
28369 29513 29889
27914 30763 29416
27604 32232 27688
27635 30528 29614
27215 30051 30016
26921 28612 30499
26323 32781 26273
26150 28040 30684
25439 26996 30758
31391 28881 27250
31322 28735 27347
31197 29484 27297
31115 29600 27111
31038 29482 27600
30814 29725 27735
30770 29829 27846
30603 30491 27226
30325 30591 27647
30024 29446 28856
30054 30722 27735
29561 30369 28758
29577 29061 29229
29383 29661 29293
29087 29322 29461
28796 31602 28113
28338 30848 29364
28364 32032 27555
27936 29193 30121
28118 29780 30016
27499 30473 29707
27195 30681 29668
27288 29414 30289
26908 32395 27637
27374 32309 28003
26628 32697 26642
26107 32796 26166
31547 28408 27112
31053 28593 27934
30920 29528 27858
30912 29604 27908
30754 30069 27722
30211 29818 28586
30172 29907 28575
30025 30625 28225
29966 30518 28309
29963 28925 28949
29763 29687 28933
29323 30001 29186
29234 28928 29419
29046 30943 28818
29186 30394 29308
29104 30716 28932
28900 30221 29393
29058 29457 29512
28838 28558 29678
28991 31551 28103
28480 31991 27719
28577 32020 27051
28605 31781 28222
28598 30622 29416
27993 29301 30069
27470 28880 30348
27841 30924 29408
27696 29554 30055
27008 31179 29252
31486 28735 26977
31064 29560 27481
30784 28385 28316
30450 29219 28547
30353 29066 28620
30214 30668 27572
30089 30717 27818
29873 29512 28864
29388 31289 27977
29267 30917 28660
28980 28635 29644
29072 31330 28511
28792 29293 29682
28867 29636 29621
28594 31279 28739
28165 29287 29990
28482 31728 28423
27466 29975 30008
27407 29868 30092
27232 31502 28890
27194 30192 29856
26668 30152 30110
31627 28701 26672
31113 29574 27397
31042 28565 28086
29789 30751 28396
29603 31096 27938
29662 31019 28201
29440 30817 28491
29421 31019 28519
29245 31441 28170
29225 31034 28439
29059 29001 29528
29175 29174 29509
28995 29065 29576
28954 28872 29621
28982 31042 28615
28436 29160 29863
28353 32133 27496
28263 32084 27606
27530 29166 30241
27168 28650 30419
26238 27825 30699
31560 28839 26280
31452 28939 26851
30987 29744 27421
30926 30012 27221
30766 28086 28320
30268 30432 28046
30344 30164 28102
30054 30303 28324
29970 30772 27878
29703 30428 28527
29878 30931 28162
29579 31110 27868
29439 30823 28464
29287 29551 29381
29264 28679 29430
28751 30633 29179
28830 31919 27651
28523 31840 28083
28031 30656 29412
27355 32212 28114
24995 26498 30809
31088 29606 27168
30319 30749 26679
29969 29488 28904
29620 30676 28584
29608 28453 29244
29388 30431 28915
29227 30769 28731
28848 30714 29131
28849 29705 29603
27310 29748 30162
27801 32202 28019
31780 28095 26522
31254 28876 27434
30585 29025 28522
30379 30130 28083
30351 30241 28033
28534 28839 29841
27381 29556 30202
27114 30142 30015
29999 30005 28612
29860 29840 28860
29877 28930 29068
29860 30559 28436
29302 31246 28090
28308 31996 28145
27601 28974 30281
27903 30461 29567
27641 30671 29573
27501 29488 30142
27198 29371 30290
27288 32350 27722
27073 28624 30481
27492 30466 29745
31214 29259 27493
28566 29731 29712
27216 29526 30217
26810 32662 26526
26677 32548 27183
30678 29313 28260
29714 29049 29148
29655 30735 28425
29383 31418 27719
27861 29584 30040
27338 28176 30409
27234 30148 29905
31553 28156 27020
31437 28021 27295
30907 30018 27547
30307 30034 28233
30220 30903 26938
29981 28438 29015
29758 28887 29142
29265 30792 28673
29354 30385 29066
28800 31368 28371
27084 30779 29509
26644 32610 26948
26433 28854 30605
25773 32892 25911
25202 27265 30792
31039 28616 27959
31005 29112 27814
30971 28757 28046
30879 29057 28089
30446 27979 28730
30227 30387 28250
29362 30912 28603
28873 29417 29589
28475 29070 29873
28529 30779 29195
28478 31578 28514
31523 28747 26891
30529 30069 28047
30378 30481 27640
30072 30335 28290
29492 30966 28319
29165 29417 29410
29069 30773 28951
28568 29238 29806
28210 29518 29945
25233 33041 25152
31476 28089 27220
30992 29737 27369
30080 28662 28905
29797 28537 29135
29532 31468 27288
29072 31085 28614
28534 29913 29740
28254 30286 29642
27776 29118 30197
28009 32175 27851
31098 29349 27572
30375 28171 28690
30240 29586 28649
29783 30571 28468
29535 31161 27978
29439 30913 28428
28840 31126 28712
28663 31554 28336
27542 29707 30064
27274 30819 29445
26384 28184 30639
31061 29611 27354
29788 28638 29153
29688 30572 28466
26961 29878 30187
26694 28939 30565
26793 32507 27347
30967 29674 27560
30041 30385 28349
29356 29339 29319
28727 31274 28639
27056 29455 30387
26190 32667 26930
30677 30261 27295
30645 29372 28240
30330 30149 28171
29605 30560 28717
29407 28594 29383
29250 28492 29495
28678 29915 29570
27127 29263 30427
27291 31609 28806
31727 28187 26811
31271 29351 27230
30930 29846 27615
29804 31157 27205
29046 29083 29553
28957 29693 29533
27482 29253 30183
26597 32522 27225
30398 29787 28307
29928 30197 28572
25354 32875 25982
30715 29490 28051
29807 29545 28886
29754 30756 28313
29704 30313 28998
28830 31031 28857
28678 31633 28083
27307 32447 27611
27316 32362 27380
31676 28325 26626
29862 30693 28221
29556 28679 29251
29064 29238 29480
29109 31520 28133
27661 30041 29921
27254 28450 30394
30691 29660 28001
29391 29059 29328
28431 31163 29058
26965 28808 30477
27105 30638 29669
26584 28648 30620
31549 28476 26863
31306 29140 27163
31163 28840 27628
31008 29044 27796
30482 29513 28322
29554 28442 29302
27479 31766 28684
26961 29758 30241
26813 31113 29339
28750 28653 29717
28191 29632 29877
28366 31086 29095
28348 30953 29282
27364 30256 29844
27642 30211 29807
26959 28491 30493
27140 29181 30402
30217 29961 28394
29609 30174 29101
29265 29838 29327
28814 30984 28916
28744 28872 29749
31057 29717 27559
30749 30076 27774
30622 30110 27945
30033 30461 28399
29612 30840 28410
28879 31466 28297
28340 31446 28563
26733 31344 29028
26577 32614 27144
30322 29606 28587
29602 28136 29260
29398 29737 29219
28092 28824 30089
27400 28906 30377
29180 30959 28789
28399 30249 29529
27841 30997 29233
25972 32733 26678
31284 28443 27560
30633 28351 28460
30689 30053 28035
30464 29252 28458
30180 29831 28525
28920 28343 29656
29017 31037 28698
30767 29238 28017
30718 29224 28101
30510 29834 28088
30240 29965 28331
30235 29879 28441
29462 30056 29150
28737 30528 29293
27919 30221 29691
27732 29849 29961
26967 29467 30299
26117 32494 27387
30224 30438 28123
30178 30574 28050
27019 30445 29869
31642 28262 26839
30367 30617 27397
30185 29473 28699
28772 31240 28580
27782 28800 30194
27248 30700 29538
28200 29022 30015
27751 30084 29920
27297 32515 26606
31051 29400 27575
30291 30274 28109
30186 29611 28645
29021 28398 29626
25178 32993 25236
31024 29298 27754
30133 30285 28251
29437 30779 28643
29313 28372 29438
29072 30268 29313
31291 28012 27620
29983 30245 28488
29796 29231 29058
28123 29914 29832
30472 29924 28233
30318 30611 27837
30049 30144 28440
29605 29104 29157
28312 29405 29941
27755 29781 29917
26333 29368 30466
28641 29458 29687
28212 29877 29799
28122 28575 30100
27844 30284 29682
27398 30294 29777
26574 29930 30165
30261 28074 28785
27650 30786 29420
27598 31541 28776
26182 32707 26737
31536 28665 26866
29153 29535 29410
28461 28629 29878
27447 29495 30137
27517 29248 30266
30435 29326 28510
29087 31080 28435
29017 31248 28526
28696 28430 29795
28004 30617 29508
27678 29399 30128
31506 28928 26608
31434 28471 27248
29862 30603 28257
27837 30277 29720
30654 29079 28322
30481 30581 26918
30438 29964 28174
31767 28177 26547
29903 29275 28955
29617 30328 28675
29528 31003 28230
31022 29722 27476
29233 29962 29281
31307 28644 27383
30560 29447 28268
30500 30391 27948
30467 28707 28592
28951 30804 28921
28500 31411 28697
27930 28369 30139
28066 31595 28699
28065 31535 28760
26039 28373 30664
27714 29694 30034
27606 30676 29490
27814 29216 30122
27020 29985 30103
31142 29436 27381
30516 30397 27250
30146 29562 28688
30038 30436 28222
29361 30785 28702
29059 30025 29406
31555 28793 26847
31424 28929 26965
29265 28678 29480
27383 29276 30235
25396 27248 30758
30785 29493 27923
30765 29836 27898
30247 30865 27012
28942 31454 28331
28787 29453 29622
28472 30226 29552
28411 28599 29939
27767 29362 30095
27594 30170 29853
31549 27941 27081
29397 29376 29312
27890 28616 30198
30271 28847 28708
29696 28358 29205
28667 31320 28594
26707 28857 30540
27174 28967 30403
25683 32849 25912
31387 29084 26740
28759 31592 28201
27819 30122 29793
30047 28651 28964
29129 31135 28431
29894 30324 28539
29599 31330 27680
27545 30485 29615
31796 27855 26646
28804 28628 29721
31571 28454 26799
30986 28877 27855
30122 28249 28927
29873 29758 28835
29766 29552 28966
28262 29782 29846
27938 30456 29650
27551 30628 29574
26315 32821 26080
25514 32779 26505
29122 28763 29527
27181 30899 29439
27067 28971 30439
26694 32418 27639
25622 32653 26941
31558 28371 26884
29481 31193 28288
27946 30003 29846
28946 29080 29640
28541 29560 29809
27400 29791 30161
31815 27849 26320
31695 28560 26585
31287 29111 27354
29628 30600 28534
26132 32830 25409
30544 29687 28144
30055 30400 28280
30066 28886 28923
29536 27923 29311
27650 29020 30206
26998 28067 30486
29931 30523 28226
29848 29303 28991
28817 29829 29557
27917 31903 28244
27395 31007 29328
25646 27763 30741
30614 30355 27469
26713 29174 30524
30186 28476 28822
29411 29839 29199
27725 28838 30212
26849 28200 30548
28690 31317 28604
27021 29460 30304
29797 30243 28587
27868 30111 29882
27308 29089 30340
31626 28502 26715
30710 29895 27960
30457 29944 28095
30653 27775 28462
28553 28515 29842
26524 28356 30632
25738 32897 25828
30783 29747 27821
29863 28236 29116
31300 29029 27329
30274 27992 28760
29143 29298 29463
27270 30099 29932
25256 27240 30796
31068 29472 27516
30815 29931 27727
30078 29780 28724
29549 28752 29247
29324 28971 29418
26720 29251 30455
31203 29430 26679
29156 29400 29443
27655 29345 30133
27460 31669 28795
26622 29656 30324
31552 28425 26990
31531 28541 27010
31244 28495 27807
30832 28932 28188
30631 30396 26810
29354 31519 27005
28515 28604 29882
27620 30812 29413
26699 27934 30568
28669 31399 28405
28337 29637 29843
25430 32804 26509
30647 29416 28061
30241 29701 28585
29650 30549 28524
28786 28473 29794
28303 28401 30013
27845 29824 29916
27755 28860 30210
29636 28462 29240
29528 28197 29315
27423 29146 30267
30518 30195 27893
28919 27981 29668
27863 29304 30073
27200 30335 29815
26145 28735 30646
29821 29009 29046
29398 28725 29382
28488 31293 28719
27572 29296 30182
28832 31041 28723
28841 31655 28051
27043 28873 30470
31211 29310 27366
30587 30115 27862
30362 28253 28715
29982 29160 28908
29651 29326 29078
29243 31704 27466
29069 31186 28526
28652 28457 29823
27655 29503 30121
26415 30784 29560
26268 27576 30710
25789 28022 30712
27788 28453 30236
27068 29646 30229
26244 28142 30683
25986 32847 26150
31479 28573 27129
31035 28814 27806
28961 30678 28979
27790 31700 28536
30721 29411 28012
29845 28443 29073
25585 28012 30725
31325 29340 26987
30981 29938 26965
30974 29933 27424
30845 29921 27643
30853 30160 27360
26998 30586 29709
29431 29066 29294
27495 29653 30107
26207 32537 27386
30414 28491 28599
30302 28307 28741
29592 29217 29156
29437 28345 29394
27960 28120 30150
28067 29914 29912
26617 31433 28962
25876 32866 25504
31238 29116 27310
29719 30374 28582
28407 29544 29838
26179 28545 30657
28309 28718 29997
27738 28443 30261
30126 30208 28320
29515 28792 29309
29402 30784 28560
29269 28399 29466
29112 28244 29579
27586 32377 26672
27146 31927 28365
26438 28159 30643
30332 30622 27314
29603 28733 29208
29286 27809 29482
31169 29157 27612
30144 30765 27734
29343 28123 29449
29092 29012 29516
28882 28432 29696
28682 31399 28341
27553 28586 30334
31427 28878 27092
28343 30183 29660
30300 30755 27005
26894 29000 30437
27017 30683 29598
26349 29128 30590
24242 25807 30866
30911 29611 27656
28161 28223 30054
27416 28905 30344
27306 29569 30216
30637 30248 27399
30536 30629 26834
30383 30641 26835
29263 31151 28402
27204 28885 30382
25676 27514 30752
31188 28399 27909
31162 29526 26586
30676 30343 27087
28197 30178 29694
27568 29928 29932
27541 28682 30293
26578 28331 30636
28764 28834 29695
27394 29474 30177
26325 29871 30247
27290 30378 29814
26687 30249 29999
25469 26747 30769
27581 29617 30074
30913 28962 27887
31850 27844 26403
29553 30733 28494
27398 30364 29746
26592 30552 29853
26379 28879 30601
31643 28461 26796
28924 29441 29541
26821 30807 29522
25531 28037 30721
24901 26628 30845
31369 28162 27382
30516 30151 28072
30314 30389 28047
29895 28408 29052
31587 28049 26983
28443 32004 27080
27527 30330 29688
26808 29036 30470
26765 28474 30533
31011 29380 27779
29926 27866 29063
29850 29397 28926
28592 28165 29835
27607 28627 30323
27316 29401 30204
30258 29971 28302
29673 30653 28472
28726 28181 29806
28543 31341 28635
27493 29941 29946
27587 30163 29891
26789 27908 30560
31531 28648 26988
30402 30433 27729
29937 28600 29021
29327 30917 28520
27179 32561 26864
27239 32497 27252
26879 28574 30527
27095 31929 28429
25986 28269 30678
31450 27519 27266
25699 32955 25518
30557 29540 28196
30531 27698 28552
29281 30533 29205
27308 28425 30398
27341 31317 29084
26199 32577 27193
25794 32859 25798
31440 28796 27067
27966 28437 30134
30711 28533 28455
29347 29221 29334
25994 32807 26343
25846 28097 30685
29733 28066 29201
28494 28222 29904
28375 31441 28646
27407 29748 30146
25463 32912 25655
24964 32890 26143
30853 28275 28170
29899 30445 28428
29382 27773 29442
28827 28360 29736
28731 29119 29726
27836 30154 29786
26239 32404 27695
31134 29162 27529
29612 30486 28586
29226 28768 29470
27514 29299 30139
27269 29179 30330
26816 32328 27947
31484 28266 27140
29140 29639 29422
27042 32621 26428
31299 28049 27587
27473 30231 29786
27124 30735 29558
26825 28869 30506
30852 29163 27989
29980 30647 27963
27500 30013 29941
31410 29059 26809
30881 27556 28153
27636 29268 30162
26658 32599 26582
27549 29664 30049
30904 29768 27734
30868 28923 28113
30746 29708 27917
30662 29348 28088
30360 30670 26676
29886 30343 28448
29460 28220 29357
29106 31764 27030
28028 30217 29686
27730 30225 29760
27652 31318 28975
25730 27489 30756
31678 27901 26904
29872 28135 29098
29833 28485 29105
28415 28778 29885
27174 30822 29508
26922 30986 29452
27748 30312 29679
31514 28197 27122
31143 29654 27084
30497 30534 27146
29576 28170 29252
28683 31984 27237
28562 30172 29611
25854 27619 30738
25720 32922 25405
31096 29305 27751
30529 27946 28560
30438 29113 28563
28554 28514 29892
31536 28558 26888
31197 29521 26669
30995 29126 27821
30482 28439 28586
29575 27573 29304
29171 28456 29535
27471 30607 29585
27282 29097 30305
27160 32575 26170
25549 32774 26588
30481 30156 27989
28975 28945 29589
26900 29546 30254
26962 29353 30388
25835 27980 30720
24925 32948 25833
27244 29882 30028
29403 28415 29437
30284 30479 27987
25952 32881 25307
25286 26991 30807
30117 30525 28127
28366 31769 28259
27524 32359 27121
31378 29072 26918
29907 30705 28138
27796 29429 30042
31640 27793 27002
31142 29252 27496
31076 29711 27233
30510 29605 28255
29932 30842 27834
28663 31853 27849
26814 29353 30454
30786 30298 26968
30463 28891 28551
30205 28711 28781
26958 30233 29882
25444 32918 25981
29964 30010 28529
29630 28145 29256
27755 28794 30225
27159 28224 30443
26470 32079 28155
25424 32970 25345
27547 28999 30277
27490 30704 29474
27406 29444 30203
27284 30235 29855
26987 32573 26512
29993 28676 28960
29319 30442 29085
28912 28183 29707
28354 28285 29972
27812 28551 30205
28959 27993 29649
28647 28737 29787
27548 29674 30067
27038 30542 29758
26648 32666 26176
26513 28840 30580
31640 28512 26669
31230 28755 27505
30341 30676 27002
29847 31085 27655
29093 28009 29620
28714 31960 27487
27523 28901 30308
26629 32680 25482
29769 29007 29100
27419 32449 25471
26795 29118 30495
31394 28459 27287
26368 29363 30549
30478 30540 27472
29947 27489 29022
29985 29535 28845
26263 28271 30672
26093 28348 30668
31724 28238 26684
29364 31477 27530
26511 32726 25740
25981 29535 30473
31375 29264 27042
30147 27888 28899
27640 30714 29423
27214 28987 30341
31240 29415 27015
30016 28995 28878
29555 28158 29270
26942 29523 30282
26611 27857 30573
26329 30591 29760
25792 32886 25585
25293 32864 26073
31067 28626 27845
29201 28207 29546
27370 28023 30422
27139 29454 30269
31851 27423 26179
30043 30776 27613
30828 29849 27702
29319 28689 29422
25760 27517 30739
31262 28801 27461
30856 29301 27963
30492 29939 28178
30280 28309 28744
27804 32285 27056
27511 30563 29634
25884 27370 30749
31568 28594 26756
31034 28735 27951
30495 29769 28094
30410 30452 27553
30338 30447 27677
28854 31674 27740
27055 29842 30116
26427 29525 30378
26362 29046 30565
30020 28088 29008
27324 30191 29904
27056 28791 30445
26067 27126 30711
30421 30001 28092
29723 29147 29097
29535 30816 28493
28382 29185 29859
27547 28335 30335
27490 31120 29184
27388 29513 30187
26571 30693 29693
31413 28587 27268
31322 28842 27325
26000 29632 30362
25541 32814 26395
24834 26937 30811
30001 27464 29026
29087 28611 29575
26426 30050 30177
28327 28873 29924
25808 32485 27412
29047 28723 29554
29133 31275 28222
27305 30094 30015
24804 27186 30800
30207 30671 27560
25744 32563 27249
25345 27126 30794
31544 27948 27133
31249 28990 27464
30072 28290 28936
30056 28036 28978
26709 28028 30555
26414 29721 30265
31743 28232 26358
29808 27664 29164
31421 29003 26636
30386 30611 27071
29962 30753 28054
29825 30564 28353
29332 28607 29397
26980 29855 30130
26629 32672 26502
26492 32732 26066
31632 28151 26864
31568 27473 27008
31219 28952 27504
28898 28850 29666
31870 27417 25853
30999 28795 27830
29712 27700 29204
28993 29521 29471
28154 32240 27258
27681 28457 30272
25385 27678 30781
30563 30297 27774
29144 27893 29579
27887 29462 30023
27197 29896 30089
26626 30741 29609
27098 31222 29251
30192 30392 28167
30007 30116 28512
29977 30748 27875
28968 29279 29535
29013 31482 28268
27036 29745 30227
26444 28476 30627
30214 28020 28828
28895 31513 28238
28702 28747 29779
26990 31024 29325
25736 27806 30740
31288 28842 27384
30320 30717 26873
29090 29187 29494
26624 32704 26015
25501 28286 30710
31439 29066 26216
31284 28627 27445
29696 31240 27171
29519 27900 29342
28732 31397 28557
27438 30776 29501
26867 29656 30242
26693 29464 30364
26754 30886 29477
26460 32721 26709
25426 26999 30769
31100 29701 26762
30189 30443 28040
29931 31139 27116
28394 31538 28535
27561 29401 30122
27543 32353 26795
26418 32795 25673
31077 29478 27456
29316 27560 29493
29193 30041 29377
29014 28565 29601
28315 31204 28894
28157 28258 30025
31605 27798 26919
31058 29361 27541
30924 28780 27951
30765 29943 27876
26788 31392 28944
26436 30643 29720
29687 30668 28403
28460 28412 29893
27854 32320 26050
25770 28984 30607
31158 28847 27680
30767 30304 27294
30561 27449 28563
29491 31459 27441
29413 28911 29367
27525 31115 29267
27482 29735 30132
27548 30189 29848
27356 30562 29661
31643 27906 26821
30361 29517 28598
28179 28380 30020
25292 27308 30791
30976 29385 27696
30880 28254 28115
30361 28054 28758
29637 28102 29241
29594 27808 29263
28313 28396 29991
25931 32914 25420
25331 27703 30777
31730 28314 26383
31323 28282 27492
31211 28775 27584
29932 28183 29047
28920 29867 29486
25662 32763 26411
29667 27853 29252
27734 28478 30232
27160 30686 29585
26433 32775 25822
25980 32693 26871
31180 28825 27616
30277 28328 28743
27618 29113 30235
26759 29670 30310
26618 29477 30378
31249 28883 27486
28943 28325 29653
28527 31606 28341
27536 28819 30283
27479 29786 30005
26823 31387 29027
25641 28458 30703
29478 30824 28439
28430 29123 29883
27868 29541 30025
27480 30238 29748
26637 32632 26695
26233 28520 30661
30387 30579 27265
30090 30266 28319
29202 31592 27806
29086 31633 27642
27158 29689 30228
26927 28265 30541
30727 29728 27996
30642 29423 28113
29703 28315 29190
29117 28481 29531
28211 28233 30029
27743 29408 30082
27733 29447 30044
27718 31502 28822
31602 28220 26882
31216 29515 26343
30802 29326 27959
30523 29523 28230
27451 30730 29431
30352 30795 26328
29901 30604 28232
29649 28380 29215
29313 31448 27690
28975 29957 29426
28450 29113 29826
27736 32366 26308
26795 28225 30544
26859 32630 25757
26332 29828 30232
30476 27524 28591
30339 28372 28668
29857 30610 28309
28197 31810 28307
27605 32391 26521
27064 29467 30283
27116 31333 29021
26676 30164 30006
30899 29657 27742
29631 31173 27694
28243 31496 28601
27922 28241 30156
26597 28566 30595
27856 28806 30187
27497 30711 29436
27475 29786 30019
27208 30635 29598
27087 30483 29742
27127 28599 30485
25905 29935 30216
31402 29009 26962
30072 30556 28087
29434 30830 28516
28555 29494 29720
27642 28861 30223
27092 29268 30344
26249 30271 29990
26534 31512 28857
25529 27039 30757
31746 28181 26485
31255 29367 26849
29762 29978 28911
29201 29519 29396
28289 28962 29964
26951 28363 30510
26664 32675 25565
26851 30345 29894
26274 32399 27778
26274 29261 30550
30317 30020 28226
29848 29734 28876
27809 28934 30126
26968 29006 30430
31699 28363 25974
31153 29397 27488
28961 31107 28553
28828 28457 29692
27677 29924 29927
27633 28599 30239
27184 27862 30472
26636 32657 26835
25900 32865 25616
31594 28043 26962
30551 30392 27333
29874 29873 28771
29494 30871 28380
28500 28539 29888
27727 32347 27242
27553 28652 30319
27179 30783 29474
25966 30424 29870
29237 30764 28709
27555 31366 28941
25654 28376 30678
31421 28816 27146
31055 28483 28061
30828 28251 28211
30147 31051 27077
29003 28885 29560
28283 31531 28542
27654 30625 29503
27533 30473 29647
26274 27893 30694
31420 29072 26542
31017 29864 27142
29256 31560 27496
27651 30231 29727
27737 31599 28711
27297 30335 29799
25405 32984 24651
31520 28798 26764
31469 27523 27249
30729 29358 28077
27867 29237 30082
26806 32671 25888
24409 27025 30803
31338 28829 27345
30887 28856 27913
28843 28278 29714
28319 30970 29152
27947 30509 29560
27314 28742 30382
26946 30042 30040
26873 28290 30537
30943 29657 27612
30619 30251 27350
29742 27451 29215
28911 29339 29561
31559 27918 27029
31495 27621 27147
31008 29431 27652
30549 29744 28098
30213 28101 28848
29753 31141 27659
28544 30018 29658
27991 32260 26486
27011 30883 29485
24606 26076 30847
31367 28944 27206
30395 30665 26759
28883 31232 28555
27220 28640 30383
30392 28004 28726
30241 28689 28748
29682 30951 27906
29688 30932 27865
29552 30915 28224
28903 31771 27512
28586 28244 29874
27275 29146 30333
27148 30180 29948
26617 27510 30615
31434 29049 26338
30861 29681 27767
29686 30464 28469
27307 31369 28930
25755 32917 25488
31742 27880 26642
31574 28238 26986
31397 28629 27158
30222 28413 28785
29857 29891 28733
28301 31287 28878
27836 32191 27590
27849 32256 27316
27398 32506 26656
26556 29775 30238
26142 32791 26249
25782 32889 25592
25287 33030 24909
24788 33008 25397
31544 28459 26985
31339 27559 27503
30778 29754 27873
30430 28112 28628
30256 30012 28272
30000 28673 28974
29715 28593 29164
29581 27890 29288
28427 32032 27505
26622 31477 28929
25781 28466 30665
24888 26912 30815
30231 27798 28799
29899 31296 27102
29751 27350 29197
29409 29945 29181
27567 30286 29737
27370 29358 30260
26501 32729 25747
26006 32870 25064
25085 26541 30808
31306 29164 27093
31298 28614 27418
30618 30254 27725
30300 30239 28111
30095 27686 28971
29712 29454 29064
27233 29222 30300
27181 30779 29493
27187 31937 28273
31476 28624 27002
31377 27667 27405
31361 28619 27387
31132 29315 27522
30959 29524 27714
30390 28256 28627
30093 30484 28138
29791 28898 29083
27121 30296 29832
26817 27844 30559
25779 32558 27332
31309 28924 27350
30887 27873 28137
28905 31747 27644
28680 28224 29805
27710 30643 29418
27240 31006 29355
26395 29624 30376
26087 32831 25733
26879 32468 27557
24893 27072 30798
30963 27929 28116
30044 30558 28079
29653 31241 27352
29538 30998 28208
29024 28560 29579
28269 28591 30002
28161 31573 28625
27387 30038 29986
26739 29960 30150
26005 28563 30653
25552 32714 26817
31337 29288 26407
30941 27848 28141
30661 29515 28047
30513 30202 27945
30342 30392 27865
29975 30841 27653
29564 31401 27266
29549 27142 29306
28420 28498 29921
27929 28264 30152
25871 28820 30630
25525 27686 30743
31624 27926 26900
31493 28433 27108
31394 28648 27157
30494 29845 28131
30205 30081 28309
30018 28973 28865
30036 30042 28460
29893 27478 29080
29795 29417 28915
29556 31526 26918
28200 31321 28766
28053 32098 27703
27631 29031 30210
27346 30101 29917
27167 30277 29837
31758 27747 26744
31451 28563 27243
31351 29077 27104
31307 27879 27722
30883 29790 27640
30570 29505 28200
30269 30861 26254
30015 30642 28046
29822 29370 28953
29805 30367 28447
29593 28264 29247
29349 28440 29433
29292 28126 29466
29184 30874 28716
28598 31045 28997
28018 29375 30031
27154 28111 30461
27124 29314 30300
26977 27962 30511
26899 30071 30053
25057 27788 30761
31282 28603 27709
30307 28079 28754
30240 29340 28678
29215 30542 28945
28665 29428 29730
28673 31640 28135
27385 30414 29785
31456 28256 27254
31279 28634 27497
30950 30002 26750
29825 28223 29149
28972 31748 27059
28876 29393 29571
28330 31946 27998
27540 29048 30242
26919 30208 29901
31322 29031 27195
31304 27930 27595
29851 29519 28874
29758 30364 28527
29383 31471 27204
29006 30864 28822
26841 29614 30281
26679 28510 30566
31657 28452 26683
31129 29334 27521
31050 28644 27807
30700 30333 26616
29305 31060 28355
29203 28186 29517
29115 31218 28415
28931 31739 27212
30721 28638 28373
30179 30777 27093
30095 30668 27962
29684 31153 27651
29676 27752 29234
29669 31074 27904
29395 31389 27829
29169 28631 29513
29003 31724 27309
28594 29916 29568
28443 29117 29848
28638 30803 29160
28245 32049 27680
27711 31011 29222
27701 32358 26507
27482 29088 30287
27422 32363 27300
26387 29460 30438
25405 26905 30788
30995 29620 27655
30849 28630 28147
30826 28389 28192
30511 30404 27302
30234 27444 28830
29782 29521 28927
29556 30681 28482
29067 29503 29425
29098 31018 28650
29039 30276 29357
28888 30472 29294
28761 30628 29157
28728 29932 29539
28633 29298 29738
28536 31351 28628
28482 30663 29252
28414 32040 26279
28428 31870 28236
27618 27870 30303
31285 28174 27590
31276 28694 27415
29696 27176 29236
29634 30556 28480
29623 28015 29258
29592 30862 28253
29501 30358 28779
29465 31146 28347
28962 31715 27462
28616 31438 28393
28502 29025 29857
28322 28827 29936
28020 28412 30138
27873 32306 26744
27345 30061 29958
27400 32455 25797
26802 32674 26160
26590 32738 25172
26506 32358 27680
26036 29583 30389
25515 26885 30767
31603 27951 26912
31574 28787 26521
31565 28365 26863
31233 29123 27362
31198 29437 26731
31093 29356 27624
30188 29590 28616
29835 31127 27400
29739 30431 28489
29702 28675 29189
29710 30783 28341
29046 29923 29426
28455 28566 29890
28232 30994 29118
27802 28831 30183
27838 32298 26943
27655 29623 30067
27586 30319 29673
27402 31014 29290
26926 30332 29880
26814 32631 26081
26408 29542 30351
25367 28543 30687
31284 29374 26256
31083 29613 27220
30935 29296 27807
30907 30071 27032
30467 29324 28439
30443 28030 28603
30448 30664 26127
30306 28395 28687
29794 29627 28911
29823 29341 28968
29648 28836 29199
29433 27657 29401
29379 31525 26968
29150 31054 28432
28158 28358 30021
27883 28665 30163
27756 29284 30099
27725 30965 29244
27658 29971 29931
26754 31006 29423
25485 32852 26425
25375 26877 30805
24503 26549 30853
31341 29100 27111
31144 29589 26582
30942 28918 27885
29958 29233 28907
29631 31263 27658
29488 28229 29353
29075 29350 29476
28785 30340 29331
28753 29449 29627
28312 31911 28072
27181 29068 30344
25848 27898 30695
25386 32990 24977
31783 27982 26011
31603 28473 26765
31585 28530 26767
31561 28333 26940
31364 28169 27434
30909 29764 27649
30706 29308 28213
30210 28856 28717
30018 30698 27900
29824 30580 28315
29822 28358 29116
27817 28907 30133
27602 31307 29034
27583 32404 26765
27200 29279 30293
26656 32567 26911
31742 27987 26620
31492 28811 26676
31459 28924 27048
31016 28867 27771
30956 28826 27907
30867 30030 27516
30463 29137 28522
30148 30936 25992
29793 29438 28944
29722 31295 27152
29649 30555 28497
29633 30348 28588
29569 29402 29121
29367 31438 27448
29348 30687 28784
29261 31373 27858
29235 28844 29462
28746 28851 29720
28712 31950 27621
27909 28851 30157
27818 28204 30247
27810 32281 27316
27710 31338 28929
27601 29007 30267
27516 29773 30065
26167 32825 25492
25793 32852 25886
25111 27763 30765
31796 27869 26399
31530 28918 26137
31375 28479 27366
31169 29511 26783
31066 28511 27909
30567 29537 28141
30075 28271 28937
29946 28698 28970
29861 30699 28194
29618 29319 29079
29444 28302 29379
28950 30722 29019
28630 31412 28364
28607 27482 29832
28596 31991 27457
27192 28481 30411
27304 27810 30473
26701 32538 27171
25405 32976 25671
25268 33036 25235
24449 26574 30849
31900 27168 25864
31462 28318 27200
31322 28551 27462
30725 27153 28345
30502 30386 27526
30393 30450 27560
30369 30159 28080
30106 30289 28254
29877 29328 28905
29731 28324 29186
29707 30269 28595
29670 27927 29207
28762 31131 28652
28726 31554 28286
28620 31678 28014
27949 31834 28535
27981 32256 26997
27778 32263 27479
26538 31278 29115
26068 32854 25856
25766 27834 30723
25561 28065 30704
31292 28552 27472
30809 29076 28022
30240 30305 28225
29501 30868 28339
29407 27412 29414
28938 30763 29021
28875 31592 27939
28489 28403 29914
27727 27590 30266
27164 31329 29025
27127 27548 30505
26854 29532 30256
26555 32718 25504
31377 28948 27203
31253 27904 27718
30768 29953 27737
30651 29387 28065
30536 30113 27940
30344 30524 27501
29945 28101 29022
29751 27748 29188
29687 31150 27399
29685 31121 27845
29518 31354 27301
29331 31540 26906
28606 29537 29668
28376 32003 27665
26932 30720 29575
25876 27814 30702
31571 27375 27014
31477 28673 26984
31415 29055 26664
31337 28906 27246
30878 28334 28111
30711 29968 27872
29999 29650 28729
30010 31111 26641
29730 29096 29089
29670 29102 29127
29554 29602 29149
29410 31371 27475
29033 28636 29571
28799 28962 29689
28756 29858 29535
28732 28498 29790
27950 31636 28535
27744 29242 30151
27637 29283 30147
27745 30453 29672
27516 32349 27203
27062 29108 30429
31662 27902 26875
30624 29048 28323
30019 28782 28931
29788 30367 28459
29540 30892 28302
29401 30800 28522
29206 31507 27733
29119 31683 27473
28598 29630 29670
28361 32008 27844
27620 29116 30218
27421 31301 29035
26158 28653 30621
31485 28519 27023
31405 28793 27149
31345 28752 27285
31309 29113 27220
30976 27847 28091
30391 30607 26926
30315 28938 28641
29714 30831 28173
29335 27795 29452
29365 31234 28124
28944 31658 27655
28782 31548 28135
28728 29160 29684
28701 30100 29564
28561 28309 29837
28384 31929 27746
27489 32225 27692
27447 29331 30145
26927 28929 30483
26722 29160 30464
26505 30827 29559
31673 28212 26807
31624 28033 26878
31515 28781 26886
31487 28987 26419
31491 27529 27174
31375 29014 27148
30850 28339 28158
30578 30266 27694
30491 30396 27502
30456 30422 27486
30372 30522 27509
30096 30433 28265
30052 30912 27180
30012 28911 28919
30007 27781 29010
29673 30467 28491
29523 29086 29225
29398 31284 27955
29397 29622 29283
29296 31591 26894
29294 29764 29275
29247 31470 27724
29137 31045 28439
29078 31674 27626
28960 31705 27596
28754 28643 29701
28722 29962 29566
28184 27702 30039
28135 29256 29991
27970 32214 27456
27809 29329 30069
27380 30209 29819
27298 29875 30033
27236 30568 29610
27147 32528 27076
27144 28126 30455
27066 29496 30238
26910 30572 29756
26860 32660 25645
26317 30717 29629
25987 32876 25390
30972 28693 28009
30883 29897 27618
30644 29173 28283
30615 28803 28386
30574 29438 28155
30262 30719 27476
30182 28371 28828
29988 29706 28725
29647 30820 28205
29211 28703 29476
29196 28517 29491
29125 30767 28800
28996 31806 26689
28888 28659 29672
28850 31812 27298
28404 32036 26790
27760 29241 30118
27617 31023 29235
26468 32728 26202
26298 32666 26901
25616 32636 26980
25210 27878 30729
24208 25997 30855
31812 27736 26501
31525 27372 27158
31499 27997 27131
31405 29066 26861
31167 28755 27630
31150 28864 27646
31129 29169 27581
30813 28471 28217
30612 29100 28311
30384 30432 27784
30287 30818 26815
30251 30516 27875
30213 30622 27704
30206 30753 27352
30182 30511 27968
29909 30440 28406
29473 27625 29363
29419 31586 26482
29328 30040 29179
29270 31599 27326
29251 28813 29423
29197 30859 28671
29116 28124 29558
29053 29040 29538
28788 29844 29521
28305 31579 28473
27928 30663 29391
27926 32240 27480
27610 31319 28930
26983 31323 29026
26487 32764 25579
25638 32759 26547
31767 28222 25887
31566 28461 26851
31447 28946 26903
31397 28588 27239
31268 28683 27436
31035 29927 26722
30908 28571 28102
30861 29079 27933
30816 29065 28086
30524 29432 28387
30365 30730 26053
30296 29880 28334
29988 29116 28906
29935 30790 27979
29800 29657 28899
29776 29691 28881
29703 28794 29151
29522 28489 29277
29360 29977 29224
29059 28199 29609
28941 29090 29572
28974 29842 29490
28866 31645 27850
28438 27988 29940
28417 31368 28753
28198 31530 28660
28178 28574 30018
27720 31034 29193
27455 32079 28127
27274 30676 29512
31482 27810 27150
31416 29010 26688
31157 29533 26638
31048 29217 27759
30707 29239 28208
30553 29442 28298
30417 30632 26263
30270 28489 28769
30224 29719 28547
30016 30742 27811
29967 29844 28723
29847 29413 28948
29551 31105 27874
29549 31200 27808
29422 31510 26947
29319 29281 29363
29210 28106 29528
28925 30907 28991
28717 31634 28058
28616 28881 29789
28442 28648 29915
28332 28631 29950
28284 30244 29606
28235 31483 28681
27678 30994 29257
27407 28293 30379
27160 28125 30422
26894 32625 25840
25981 28800 30609
25753 32944 25275
31780 28109 26275
31453 27421 27272
31392 28612 27280
31118 29549 27238
30705 30207 27390
30461 29959 28083
30160 30907 27107
30001 29218 28886
29798 28933 29048
29608 29313 29132
29329 29132 29356
29315 30144 29191
29257 30919 28530
29138 29469 29425
28954 29192 29552
28851 31650 28029
28720 29518 29670
28696 31903 27680
28649 29476 29683
28628 30580 29380
27789 32300 27044
27215 30832 29416
26958 30521 29769
26730 32576 26687
26223 30298 29919
31144 29493 27007
30333 30427 27821
29766 31073 27677
29730 29018 29109
29432 30025 29151
29088 29208 29523
29059 29419 29490
29031 28894 29556
28833 28739 29688
28765 29742 29563
28746 31371 28528
28693 31979 27215
28384 28036 29983
28081 29783 29866
27824 32209 27517
27733 29428 30074
27215 30712 29529
27168 29150 30369
26725 32559 26917
26472 32784 25430
26456 32730 26071
25999 30157 30161
25841 28792 30647
25615 28040 30708
24700 26178 30846
31574 28210 26996
31236 29373 27175
31190 28883 27548
30854 30080 26742
30420 30654 26241
30296 29659 28537
30296 28563 28702
30222 30034 28302
29920 31027 27480
29450 31347 27781
29008 29492 29488
28975 31504 28162
28892 31275 28540
28597 29906 29601
28455 29395 29822
28321 28692 29946
28381 30325 29558
27864 30117 29697
27826 30199 29724
27742 32333 26886
27629 29000 30246
27588 31099 29232
27512 29486 30143
27180 31166 29222
26731 29796 30212
25943 27505 30736
31729 28069 26645
31589 28302 26907
31501 28386 27125
31397 28827 27144
31301 29147 27215
31257 29060 27406
30804 28821 28193
30460 30312 27952
30246 27645 28786
30329 30581 27868
30039 31063 26840
30010 30749 27763
29959 29190 28958
29921 30845 27750
29839 30939 27683
29781 27101 29208
29774 29713 28900
29762 31356 26666
29659 30550 28475
29384 30703 28669
29376 30024 29165
29262 28730 29440
29195 29168 29421
29141 31621 27473
28857 27991 29718
28773 28737 29698
28756 28846 29698
28598 28618 29833
28525 29105 29827
28468 32029 26036
28269 32010 27664
28197 31589 28510
27919 28052 30160
27872 28750 30171
27552 32348 27028
27504 28039 30393
27433 32415 27129
27415 30935 29304
27004 32507 27160
26960 30145 29970
26807 27379 30578
26083 32834 26005
31071 29775 26814
31063 29361 27524
30931 30008 27076
30881 27965 28142
30542 29935 28084
30509 28325 28564
30308 29824 28244
30062 28353 28962
30038 29561 28740
29968 30858 27719
29737 30232 28608
29605 29401 29104
29378 30235 29045
29317 29026 29372
29298 29208 29395
28850 30256 29369
28843 31775 27681
28827 29724 29539
28685 28550 29802
28640 31407 28342
28573 29606 29711
28403 32026 27635
28387 27463 29965
28285 32057 27605
28222 30557 29418
27952 28771 30138
27737 32216 27737
27666 27643 30296
27466 29307 30146
27347 32448 27135
27214 30778 29557
26984 27528 30528
24813 26843 30830
31407 27418 27416
31381 28043 27389
31309 27598 27533
31272 28791 27397
30879 28139 28179
30800 28044 28305
30383 28817 28631
30318 30664 27322
30315 30724 26925
30266 29628 28538
30266 27069 28788
30093 30371 28279
30054 29329 28855
30041 30957 27148
29954 29784 28746
29905 30826 28022
29893 30747 28146
29721 31347 26819
29649 29113 29107
29633 29721 29052
29134 31034 28535
29041 29158 29538
28998 30054 29384
28997 29509 29472
28974 29596 29519
28965 30651 29122
28912 29907 29455
28788 29734 29581
28423 29476 29814
28015 28208 30147
27761 31903 28294
26991 29509 30252
26851 30465 29840
26639 32676 25703
26404 29176 30506
26007 32728 26761
31627 28410 26809
31434 29073 26268
31421 28933 26963
31293 29353 27096
31281 29166 27225
31145 29036 27683
30208 28698 28766
30136 30194 28313
29912 31152 27132
29768 29282 29024
29509 31062 28041
29385 29494 29312
29287 28661 29427
29171 28696 29510
29132 30070 29355
28980 28755 29590
28687 30563 29269
28609 29885 29577
28555 30971 29105
28552 30936 29122
28124 32087 27622
28101 32168 27441
27894 32263 27217
27875 32292 26811
27685 29254 30132
27650 32362 26781
27648 28514 30265
27501 29306 30149
27350 32349 27343
27006 32522 27113
26776 29135 30468
25539 32841 26182
24923 26823 30809
31597 28411 26819
31517 28685 26945
31463 28813 27005
31413 28455 27341
31092 28617 27897
31003 29940 26831
30529 29371 28362
30512 29904 28085
30388 28577 28597
30330 28398 28672
30265 30864 26526
30193 30108 28354
30157 30621 27764
29909 29821 28772
29857 29111 29032
29769 29340 28975
29728 29860 28949
29656 31201 27269
29643 31078 28012
29558 29649 29126
29262 31341 28052
29068 31576 27835
28971 31102 28531
29027 31782 26939
28891 29183 29572
28715 29689 29632
28363 29204 29896
27996 29328 30038
27830 28112 30211
27639 29707 30048
27404 30511 29674
27185 29950 30055
27120 29471 30242
27072 30580 29691
26957 28016 30552
26632 32664 26208
26495 32724 25772
25440 32979 24734
23395 25592 30873
31577 28736 26648
31347 27706 27435
31236 29072 27489
31027 29383 27627
30865 28416 28136
30827 29623 27864
30713 29231 28153
30191 30753 27614
30102 30255 28409
30102 27643 28956
29771 29877 28893
29745 29787 28952
29677 30454 28546
29588 28552 29246
29547 29072 29220
29319 29549 29310
29009 30245 29358
28810 28020 29745
28731 29736 29573
28728 29310 29651
28450 28249 29932
28437 30894 29135
28340 29664 29812
28244 28363 30015
28210 28770 29995
28207 29640 29847
28153 28456 30028
28086 32173 27620
27959 28015 30163
27902 27701 30196
27759 32061 28022
27746 32291 27378
27533 27904 30342
27355 32497 26990
27198 32450 27510
27195 32528 26550
26868 32331 27861
26811 32636 25807
26558 31326 29046
31796 27976 26377
31600 27805 26971
31460 28038 27233
31360 28342 27408
30922 28851 27996
30921 30019 27273
30764 29371 28021
30657 28944 28355
30256 29633 28590
30195 30565 27897
30079 28756 28868
30035 31117 26604
29932 28888 29020
29873 29879 28744
29812 29278 28999
29755 30329 28544
29603 31312 27277
29582 28863 29202
29522 28869 29240
29347 31177 28317
29273 30786 28632
29027 31567 27988
29018 30979 28664
28935 31786 27005
28905 31124 28565
28881 29144 29599
28862 29326 29622
28667 28082 29809
28651 28729 29802
28593 31079 29007
28585 29712 29695
28584 28265 29903
28407 28668 29887
28387 28905 29895
28180 30490 29560
28109 32094 27522
28037 32076 27848
27934 28303 30145
27889 32273 26430
27826 29424 30061
27783 31748 28579
27441 29906 30025
27214 32564 25927
26757 32221 28031
26654 32678 25572
26623 27469 30580
25256 27836 30737
24659 27709 30769
31819 27255 26444
31300 28613 27420
31241 29061 27377
30820 30208 26519
30663 28885 28306
30515 29633 28146
30437 28676 28593
30363 30097 28134
30290 30427 27886
30241 29569 28597
30200 30098 28322
30144 28981 28836
30122 27067 28958
29933 30270 28480
29757 29287 28999
29628 30324 28608
29456 28580 29353
29339 31576 26873
29322 27877 29477
28990 28630 29622
28953 30244 29372
28917 31674 27690
28909 31813 26909
28890 31842 26503
28861 28362 29700
28773 31386 28339
28772 29388 29628
28752 31263 28589
28671 28742 29784
28549 31800 27904
28521 28921 29866
28179 30269 29670
28144 31896 28156
28135 29651 29905
28045 32249 26243
27908 32309 25807
27891 28170 30166
27804 30745 29417
27702 29298 30128
27664 30662 29440
27182 31955 28268
27007 27713 30522
26950 27399 30555
26867 31274 29103
26664 29973 30164
