100 2
30961
665 811 480
774 435 544
768 891 496
570 99 860
442 577 753
794 284 37
702 200 454
688 124 476
619 247 568
689 185 89
590 243 940
668 508 726
572 310 78
469 982 114
731 243 836
766 617 591
570 590 581
475 304 813
696 174 611
606 374 713
453 366 847
627 70 376
528 536 579
567 946 88
480 347 702
780 332 303
569 566 474
458 869 143
635 792 541
647 463 702
497 147 834
438 681 625
535 260 474
676 855 836
608 794 110
590 910 765
683 690 464
477 655 622
740 352 896
615 299 728
687 920 877
743 275 165
632 725 949
504 459 766
743 896 593
447 849 491
555 48 131
579 281 713
579 828 782
726 672 961
639 276 498
669 680 330
602 484 680
573 929 414
689 473 981
743 226 986
442 346 174
683 884 360
654 693 912
572 126 89
730 20 934
558 575 552
587 112 423
724 270 284
774 834 446
668 54 91
555 935 121
476 446 980
569 494 584
502 40 931
596 29 117
668 677 275
512 224 559
794 773 261
633 876 240
744 424 595
443 422 196
718 83 83
476 229 264
733 356 107
656 894 656
569 289 224
757 154 767
517 983 441
540 215 537
494 444 639
536 39 425
720 770 613
668 506 714
728 664 794
559 700 388
668 122 736
643 355 912
469 141 486
777 356 977
626 613 868
716 494 28
720 866 601
611 738 118
570 729 462
291
36594 27899
36583 28200
36519 28405
36498 28427
36486 28672
36447 28680
36443 28783
36402 28806
36373 28854
36370 28904
36344 28913
36328 29543
36218 29576
36177 29741
36114 29970
36025 29981
36006 30180
35896 30213
35873 30230
35869 30242
35863 30326
35857 30355
35833 30365
35791 30436
35789 30552
35750 30619
35688 30806
35619 30846
35538 30908
35533 30991
35514 31190
35425 31201
35402 31218
35354 31224
35331 31241
35324 31401
35294 31428
35273 31450
35236 31640
35150 31785
35094 31793
35043 31882
35021 31890
35019 32012
34963 32020
34930 32023
34912 32109
34856 32117
34837 32140
34816 32243
34734 32251
34703 32261
34676 32340
34655 32403
34599 32615
34524 32630
34492 32712
34419 32722
34417 32727
34386 32744
34382 32760
34338 32774
34314 32854
34275 32857
34246 32869
34208 32879
34207 32951
34192 32960
34154 33027
34121 33146
34046 33161
34014 33243
33941 33253
33939 33258
33931 33346
33842 33357
33836 33385
33807 33394
33761 33400
33745 33411
33743 33416
33741 33489
33735 33504
33688 33539
33676 33558
33656 33581
33646 33585
33609 33594
33595 33603
33594 33620
33562 33629
33550 33648
33522 33730
33464 33732
33456 33771
33449 33796
33429 33819
33371 33820
33366 33857
33355 33890
33329 33925
33277 33938
33266 33971
33263 34020
33257 34035
33188 34051
33162 34073
33142 34116
33131 34125
33081 34148
33061 34171
33011 34183
33006 34198
32997 34211
32978 34259
32947 34269
32907 34285
32899 34295
32897 34355
32888 34388
32877 34421
32802 34436
32782 34459
32762 34478
32751 34511
32710 34553
32603 34627
32598 34645
32592 34660
32527 34671
32517 34675
32497 34698
32477 34717
32472 34735
32466 34750
32427 34759
32421 34774
32416 34792
32410 34807
32341 34823
32332 34836
32315 34845
32311 34876
32300 34909
32242 34910
32234 34920
32223 35013
32131 35031
32111 35037
32100 35041
32097 35103
32050 35127
32041 35160
32002 35166
31966 35175
31944 35194
31915 35250
31847 35264
31840 35265
31833 35295
31820 35313
31770 35325
31756 35399
31697 35400
31646 35501
31624 35520
31559 35521
31549 35535
31535 35552
31520 35591
31464 35648
31442 35667
31367 35682
31338 35738
31270 35752
31251 35777
31230 35786
31229 35796
31201 35797
31179 35887
31157 35906
31082 35921
31053 35977
31023 35992
30948 36007
30920 36021
30919 36063
30859 36081
30805 36109
30799 36138
30788 36259
30713 36274
30624 36285
30514 36377
30380 36463
30340 36467
30320 36481
30276 36507
30186 36567
30158 36614
30045 36684
29945 36743
29873 36853
29710 36865
29650 36951
29518 36952
29487 36963
29407 36977
29397 37024
29382 37044
29244 37047
29218 37070
29185 37079
29174 37122
29159 37142
29107 37169
29032 37225
28983 37263
28870 37292
28809 37323
28784 37330
28760 37361
28669 37367
28647 37390
28556 37396
28523 37405
28498 37412
28490 37413
28467 37421
28457 37422
28446 37465
28333 37494
28320 37498
28275 37510
28269 37537
28266 37541
28257 37553
28233 37584
28142 37635
28034 37651
28022 37652
27938 37672
27919 37733
27766 37737
27687 37784
27570 37819
27479 37870
27464 37878
27434 37882
27411 37895
27392 37956
27296 37968
27266 37976
27089 37984
27077 37993
27041 38019
27034 38027
26952 38042
26947 38070
26907 38105
26900 38113
26811 38117
26781 38125
26729 38191
26633 38203
26492 38211
26462 38219
26444 38225
26408 38246
26378 38254
26302 38262
26282 38266
26237 38300
26141 38312
26111 38320
25939 38322
25933 38330
25868 38399
25668 38447
25505 38459
25495 38474
25399 38486
25102 38508
24939 38520
24856 38526
24826 38534
24739 38568
24360 38611
24197 38623
23815 38638
23652 38650
