100 2
35380
944 17 934
862 724 96
720 726 308
862 852 651
905 721 169
549 958 589
578 116 497
767 299 238
496 264 349
910 35 953
744 491 707
495 8 970
590 14 923
592 265 455
564 168 980
911 96 286
731 929 518
709 335 181
521 277 274
628 167 726
727 610 947
499 65 347
873 73 732
820 887 161
599 73 715
892 141 217
708 183 614
574 313 674
684 953 545
473 345 201
895 854 371
600 144 531
697 270 331
668 436 388
917 361 153
510 818 506
709 144 699
708 626 76
714 480 391
607 195 359
681 469 969
778 862 491
544 551 372
929 821 122
631 507 274
944 642 392
623 298 947
695 223 570
481 388 450
884 472 921
506 665 504
466 255 251
522 603 801
678 110 931
627 162 565
630 542 808
624 987 391
932 166 322
682 191 271
758 765 240
569 394 441
496 428 528
953 332 666
879 156 544
856 188 352
822 247 859
596 210 661
716 92 692
554 116 790
932 729 958
898 860 962
774 670 153
656 410 115
557 930 539
744 824 47
951 816 114
867 604 126
829 359 107
921 485 445
912 60 989
939 55 145
803 79 80
492 238 253
614 666 423
737 634 180
644 719 534
718 357 180
796 493 308
718 995 378
896 482 813
625 451 994
924 412 107
541 374 746
760 684 804
484 271 769
716 595 251
697 363 923
557 896 118
473 759 503
578 393 305
399
33849 22639
33807 22734
33786 23347
33760 23542
33736 23585
33706 23716
33702 23823
33689 23906
33684 24071
33674 24179
33665 24184
33638 24229
33628 24337
33616 24441
33601 24714
33552 24866
33538 25078
33521 25083
33494 25128
33472 25235
33435 25398
33404 25443
33401 25449
33381 25532
33368 25607
33355 25767
33298 25790
33289 25830
33286 25903
33282 26130
33272 26238
33182 26288
33144 26388
33135 26463
33102 26621
33033 26882
32952 27030
32905 27032
32859 27160
32850 27238
32846 27242
32780 27245
32778 27308
32756 27367
32753 27440
32725 27451
32696 27651
32601 27706
32579 27718
32578 27744
32577 27777
32566 27843
32522 27929
32485 27991
32467 27997
32443 28051
32419 28136
32366 28169
32344 28217
32315 28227
32311 28375
32261 28507
32212 28572
32170 28595
32165 28690
32111 28705
32087 28785
32071 28819
32068 28871
32003 28892
31991 28968
31973 29054
31925 29113
31888 29175
31882 29178
31846 29198
31845 29204
31844 29261
31799 29332
31765 29346
31747 29347
31746 29383
31726 29448
31714 29453
31704 29466
31676 29540
31649 29618
31599 29656
31598 29662
31595 29666
31594 29672
31567 29678
31562 29718
31552 29726
31547 29751
31535 29775
31518 29804
31514 29814
31496 29815
31494 29831
31493 29882
31470 29888
31457 29909
31428 29948
31420 29950
31414 29974
31388 29996
31378 30009
31378 30009
31377 30015
31376 30057
31347 30096
31323 30161
31297 30168
31284 30243
31241 30308
31209 30318
31202 30335
31173 30344
31172 30358
31160 30395
31157 30398
31144 30431
31141 30445
31133 30473
31102 30491
31091 30506
31080 30511
31078 30527
31067 30586
31057 30608
31034 30613
31019 30630
30998 30632
30997 30675
30976 30695
30958 30786
30934 30826
30921 30901
30848 30936
30831 30951
30826 30999
30793 31051
30768 31098
30725 31163
30710 31179
30688 31204
30646 31227
30644 31275
30602 31283
30601 31311
30597 31313
30596 31336
30593 31349
30592 31361
30557 31376
30553 31379
30542 31519
30500 31542
30452 31613
30414 31619
30378 31646
30375 31687
30345 31804
30273 31883
30224 31892
30221 31898
30217 31954
30145 31957
30144 31963
30127 32004
30118 32008
30112 32115
30076 32142
30033 32245
30005 32256
29984 32265
29948 32292
29943 32295
29918 32385
29879 32456
29798 32604
29726 32645
29687 32716
29608 32737
29597 32766
29580 32768
29559 32866
29469 32916
29438 32942
29416 32997
29369 32999
29364 33045
29347 33052
29309 33087
29271 33110
29270 33172
29234 33183
29221 33193
29194 33227
29156 33250
29155 33312
29108 33314
29106 33333
29028 33353
29018 33364
29015 33366
29007 33368
29005 33387
28987 33390
28965 33445
28945 33488
28926 33516
28879 33518
28877 33537
28837 33581
28810 33603
28798 33666
28713 33698
28677 33742
28635 33765
28623 33769
28609 33796
28581 33807
28554 33835
28541 33845
28533 33851
28514 33879
28501 33889
28494 33936
28453 33957
28426 33985
28386 34029
28332 34033
28323 34095
28295 34107
28281 34118
28245 34162
28194 34184
28173 34211
28172 34217
28139 34231
28121 34233
28106 34237
28090 34252
28082 34267
28081 34276
28060 34287
28051 34293
28041 34320
28025 34324
28006 34329
27998 34330
27992 34335
27989 34360
27981 34366
27950 34398
27945 34410
27928 34411
27902 34495
27844 34510
27785 34541
27769 34553
27754 34560
27734 34573
27715 34578
27706 34584
27679 34590
27667 34596
27666 34658
27653 34668
27625 34687
27600 34704
27577 34723
27556 34730
27546 34760
27538 34808
27485 34844
27425 34852
27417 34884
27375 34907
27334 34928
27307 34956
27281 34987
27267 35000
27241 35031
27208 35036
27188 35067
27150 35109
27097 35145
27040 35165
27029 35185
26987 35208
26962 35247
26922 35291
26879 35301
26831 35369
26722 35395
26721 35435
26672 35478
26612 35486
26574 35548
26534 35592
26444 35627
26412 35629
26385 35634
26375 35640
26374 35661
26358 35692
26334 35696
26289 35699
26284 35779
26184 35789
26168 35799
26151 35801
26145 35874
26081 35884
26057 35888
26046 35903
26004 35904
25996 35916
25992 35922
25987 35941
25986 35962
25955 35981
25897 35991
25868 36066
25793 36068
25755 36130
25710 36136
25687 36140
25646 36156
25626 36169
25606 36172
25602 36180
25593 36211
25566 36216
25555 36234
25544 36237
25536 36247
25511 36258
25470 36281
25453 36315
25447 36327
25413 36359
25332 36391
25316 36403
25278 36426
25234 36450
25173 36504
25046 36518
25024 36546
24992 36553
24927 36587
24910 36621
24828 36624
24789 36697
24741 36709
24735 36732
24628 36753
24586 36761
24558 36790
24518 36834
24413 36855
24408 36858
24393 36883
24306 36907
24232 36919
24221 36924
24157 36949
24147 36966
24130 37000
24011 37011
24009 37076
23869 37091
23852 37099
23806 37140
23756 37147
23739 37148
23716 37190
23699 37192
23635 37223
23566 37242
23529 37256
23526 37286
23377 37395
23228 37437
23099 37451
22827 37469
22754 37478
22506 37501
22498 37514
22383 37530
22205 37536
22116 37541
21975 37559
21967 37583
21838 37597
21681 37666
