100 2
38409
919 667 797
680 658 298
778 246 727
712 268 975
660 513 527
691 451 664
848 858 191
923 183 576
597 586 612
620 919 435
726 197 957
846 926 381
735 725 942
920 321 156
814 769 439
660 329 359
652 98 893
853 664 115
821 818 684
805 15 862
722 442 734
788 821 122
687 88 950
922 878 274
627 641 740
718 837 225
702 949 943
937 10 877
645 194 887
860 936 754
792 651 271
726 163 401
843 936 408
801 680 134
794 55 537
704 372 286
888 85 331
792 30 698
767 563 449
902 986 423
594 908 504
811 472 238
757 416 201
908 224 156
726 254 384
741 931 645
732 554 393
828 440 995
622 255 261
691 388 498
707 378 348
609 509 761
842 945 760
757 52 599
926 948 467
722 265 838
928 973 362
937 906 153
597 892 858
751 811 852
755 237 345
910 234 538
809 692 141
889 811 66
905 182 79
614 225 326
679 490 360
746 897 464
808 861 453
791 386 702
619 344 164
920 947 828
790 303 292
649 695 352
921 538 357
700 467 137
926 902 839
871 179 771
757 81 431
619 118 750
870 25 973
640 279 254
901 58 959
841 778 772
905 809 77
647 840 145
688 149 877
719 548 398
694 821 668
864 768 364
763 757 14
652 388 634
729 39 494
663 171 661
770 654 705
693 998 604
788 104 583
847 797 412
722 793 474
681 647 114
445
39351 22521
39316 22650
39312 22884
39306 22889
39271 23018
39236 23338
39215 23557
39174 23844
39172 23886
39170 24065
39126 24218
39094 24250
39080 24346
39053 24380
39030 24575
39024 24611
39006 24625
39001 24743
38995 24748
38981 24752
38977 24762
38975 24773
38952 24970
38938 25066
38911 25100
38909 25111
38850 25244
38848 25255
38809 25374
38807 25385
38778 25429
38744 25501
38734 25546
38732 25557
38717 25573
38698 25584
38688 25710
38678 25777
38637 25794
38635 25805
38628 25882
38626 25893
38620 25898
38611 25909
38605 25914
38598 26098
38490 26115
38479 26173
38475 26187
38469 26192
38467 26203
38447 26336
38441 26344
38422 26350
38414 26406
38400 26502
38359 26514
38318 26675
38316 26686
38310 26691
38253 26771
38211 26785
38209 26796
38206 26937
38122 26939
38117 26942
38116 26944
38109 27059
38107 27070
38059 27164
38049 27183
38012 27190
37994 27291
37952 27305
37950 27316
37947 27332
37941 27368
37897 27468
37891 27473
37868 27487
37826 27499
37824 27510
37818 27515
37817 27544
37800 27575
37794 27595
37784 27614
37766 27623
37759 27705
37757 27716
37751 27721
37729 27722
37727 27783
37725 27794
37688 27852
37659 27902
37657 27913
37603 27918
37585 27927
37582 27958
37576 27963
37567 27988
37540 28032
37533 28036
37531 28047
37501 28054
37499 28107
37494 28136
37492 28147
37486 28152
37468 28161
37463 28166
37458 28169
37417 28181
37405 28292
37399 28297
37376 28342
37370 28347
37368 28358
37337 28411
37331 28416
37302 28419
37264 28422
37240 28434
37237 28582
37220 28665
37137 28700
37135 28711
37111 28742
37087 28743
37077 28744
37065 28797
37048 28856
37019 28886
36998 28961
36972 29013
36961 29059
36893 29178
36863 29229
36784 29248
36783 29268
36777 29293
36760 29317
36748 29430
36722 29438
36689 29453
36683 29458
36672 29465
36661 29511
36660 29608
36632 29611
36610 29618
36604 29623
36593 29630
36571 29684
36565 29701
36558 29746
36514 29796
36489 29814
36483 29861
36457 29886
36410 29926
36407 29947
36401 29992
36381 29999
36378 30051
36319 30125
36300 30132
36275 30175
36258 30198
36252 30204
36224 30245
36221 30297
36162 30371
36142 30378
36112 30381
36111 30387
36101 30444
36100 30450
36081 30451
36060 30509
36009 30525
35999 30582
35993 30588
35985 30624
35943 30696
35924 30697
35911 30721
35880 30814
35819 30887
35770 30904
35760 30961
35754 30967
35716 31011
35693 31040
35655 31081
35652 31105
35603 31123
35594 31154
35593 31157
35591 31178
35555 31202
35549 31207
35541 31286
35460 31329
35447 31345
35420 31366
35414 31371
35398 31382
35397 31408
35391 31413
35386 31418
35381 31470
35352 31557
35303 31575
35243 31619
35237 31624
35220 31661
35214 31666
35195 31667
35189 31672
35178 31679
35160 31688
35159 31734
35153 31739
35147 31797
35057 31815
35052 31829
35007 31830
34993 31839
34988 31840
34987 31897
34985 31946
34979 31951
34931 31965
34917 32003
34895 32119
34889 32124
34807 32129
34765 32136
34755 32144
34754 32218
34729 32224
34662 32229
34644 32318
34625 32319
34619 32324
34578 32397
34572 32402
34484 32418
34459 32476
34412 32502
34355 32571
34349 32576
34305 32578
34302 32602
34220 32640
34195 32665
34192 32676
34173 32724
34167 32729
34146 32733
34142 32754
34091 32760
34085 32765
34075 32804
34069 32809
34063 32824
34047 32905
33932 32918
33921 33000
33856 33002
33850 33007
33845 33020
33825 33050
33820 33125
33734 33152
33660 33157
33651 33200
33632 33260
33613 33343
33503 33403
33501 33426
33361 33451
33333 33488
33304 33514
33295 33622
33184 33704
33135 33722
33045 33743
33016 33766
32991 33785
32926 33787
32904 33857
32852 33890
32846 33895
32775 33943
32742 33957
32729 33987
32679 34003
32649 34038
32614 34048
32566 34063
32558 34106
32525 34120
32514 34127
32484 34199
32432 34201
32417 34205
32412 34265
32363 34283
32302 34352
32201 34367
32195 34372
32183 34396
32162 34401
32134 34414
32074 34456
32035 34472
32023 34550
31936 34612
31853 34625
31818 34635
31815 34715
31647 34785
31636 34788
31584 34850
31532 34883
31526 34888
31416 34897
31410 34902
31405 34923
31388 34940
31366 34988
31270 35048
31197 35074
31137 35100
31135 35123
31088 35201
30939 35213
30920 35263
30818 35401
30652 35407
30612 35411
30584 35438
30517 35482
30473 35537
30470 35560
30341 35591
30302 35622
30190 35705
30184 35710
30125 35716
30024 35810
29880 35811
29877 35856
29855 35916
29689 35922
29668 35934
29621 35953
29497 35991
29480 36012
29461 36019
29460 36020
29432 36047
29332 36050
29323 36070
29304 36077
29303 36078
29301 36085
29257 36096
29254 36097
29252 36115
29246 36120
29208 36164
29191 36185
29125 36193
29088 36202
29086 36220
29048 36264
29031 36285
28902 36316
28874 36343
28735 36347
28669 36351
28639 36365
28611 36392
28600 36396
28572 36419
28523 36429
28522 36430
28520 36435
28501 36492
28498 36534
28369 36565
28341 36592
28202 36596
28136 36600
28135 36602
28011 36622
28005 36627
27994 36643
27988 36648
27945 36651
27849 36652
27827 36674
27821 36679
27816 36682
27799 36703
27684 36718
27676 36753
27547 36784
27484 36791
27483 36793
27477 36798
27432 36807
27368 36808
27362 36813
27355 36822
27327 36849
27325 36880
27011 36897
26976 36899
26973 36941
26854 36955
26844 36972
26816 36999
26677 37003
26660 37024
26443 37040
26208 37050
26152 37112
25935 37128
25908 37139
25857 37177
25438 37183
25387 37221
25333 37222
25170 37237
25143 37248
25051 37261
24619 37293
24527 37306
24337 37332
23813 37377
