200 2
73021
955 943 519
873 526 345
812 194 325
753 973 534
680 549 668
860 181 194
954 829 861
820 34 476
937 970 477
942 387 958
652 791 354
667 928 367
645 521 139
798 539 691
672 287 374
621 733 553
940 709 168
615 279 53
672 32 536
629 342 464
841 632 281
731 392 39
770 773 665
685 822 43
736 765 481
560 185 20
563 231 866
777 232 810
944 298 259
576 707 104
710 508 927
629 312 806
880 206 631
948 671 947
582 763 562
822 343 763
738 336 950
677 703 724
778 695 148
671 334 797
751 324 786
818 297 153
903 63 878
557 444 80
877 183 363
598 919 14
549 626 525
510 119 732
866 529 257
957 204 13
733 401 817
532 426 71
812 383 551
578 969 184
897 491 12
568 510 244
731 975 618
782 228 922
958 239 772
750 974 755
822 63 268
818 117 606
658 537 691
623 504 715
954 129 768
834 835 583
664 744 497
857 213 765
944 832 139
894 196 287
862 415 396
739 387 675
576 281 852
724 162 287
951 596 729
571 175 599
902 125 783
632 332 569
512 589 90
563 747 661
722 85 917
939 655 437
882 792 972
866 104 753
889 53 362
654 768 765
939 119 202
630 719 204
549 117 311
685 890 428
942 603 137
510 873 333
733 825 460
948 143 729
660 313 134
878 447 403
546 750 476
569 117 371
583 290 823
715 372 255
515 609 896
559 444 217
747 364 908
764 403 761
766 510 950
762 5 49
631 717 817
772 918 53
653 687 275
564 561 821
751 583 300
577 430 267
693 446 214
586 530 996
742 869 491
515 678 398
886 512 521
793 555 684
856 321 434
947 508 476
662 960 264
747 199 397
639 419 731
802 629 330
641 34 225
904 687 235
848 611 815
705 759 362
762 898 71
648 405 945
747 734 958
696 569 656
549 66 806
768 969 231
593 303 377
698 838 3
686 103 849
721 370 42
673 808 114
660 852 364
578 847 204
897 525 2
865 554 76
759 466 372
736 196 723
897 358 612
793 788 121
574 343 77
762 29 877
938 352 607
689 994 668
788 17 981
701 278 573
582 174 661
578 161 770
867 403 545
873 877 898
804 448 45
559 796 105
573 14 955
519 525 160
812 166 683
621 669 976
945 270 974
685 18 792
514 33 233
640 255 899
646 741 128
812 39 240
632 199 861
761 155 259
548 741 493
799 598 735
905 708 371
786 740 440
578 77 663
749 109 986
888 974 216
899 846 64
773 327 18
660 507 702
916 915 485
686 504 738
569 543 686
773 605 338
844 685 349
549 898 203
541 760 964
677 104 986
816 902 736
594 896 184
535 830 456
649 341 733
632 317 773
620 4 942
691 962 340
798 640 673
606 755 647
642 861 179
910 634 239
1074
74657 47190
74623 47246
74596 47763
74587 48005
74555 48076
74547 48079
74540 48143
74526 48308
74525 48780
74494 48825
74485 48854
74478 48918
74457 48951
74452 48984
74448 49075
74442 49089
74436 49157
74434 49180
74431 49214
74429 49270
74427 49293
74422 49334
74418 49417
74396 49434
74392 49491
74391 49760
74382 49789
74367 49800
74362 49833
74353 49862
74331 49879
74330 49891
74325 49924
74316 49953
74297 49966
74294 49970
74288 49995
74266 50042
74260 50091
74259 50106
74255 50124
74242 50345
74218 50385
74213 50418
74204 50435
74199 50605
74149 50619
74147 50652
74142 50685
74112 50710
74103 50739
74101 50775
74087 50812
74077 50818
74072 51016
74067 51049
74043 51089
74031 51113
74030 51140
74026 51146
74018 51285
74013 51318
73989 51358
73977 51382
73976 51409
73972 51415
73962 51489
73959 51577
73954 51610
73930 51650
73905 51788
73879 51821
73875 51823
73874 51854
73851 51863
73850 51875
73848 51884
73846 51896
73843 51914
73840 51921
73837 51926
73819 51954
73813 51966
73809 51987
73805 52071
73801 52089
73800 52104
73794 52153
73764 52180
73755 52209
73750 52244
73746 52305
73742 52381
73717 52436
73699 52451
73692 52574
73649 52577
73636 52647
73632 52668
73610 52732
73606 52740
73598 52783
73583 52846
73560 52858
73559 52930
73549 52981
73545 52982
73537 53030
73508 53078
73506 53129
73493 53185
73473 53207
73469 53241
73444 53255
73441 53283
73438 53304
73426 53334
73423 53433
73395 53494
73378 53538
73374 53539
73370 53632
73336 53767
73309 53771
73300 53792
73289 53819
73287 53862
73278 53891
73250 53933
73239 54012
73215 54088
73193 54111
73183 54115
73181 54139
73175 54155
73157 54193
73153 54214
73132 54249
73129 54254
73122 54354
73120 54386
73106 54445
73075 54468
73070 54527
73043 54531
73039 54547
73034 54552
73029 54556
73022 54591
73021 54622
73006 54679
72984 54706
72966 54744
72958 54761
72954 54770
72946 54787
72945 54833
72917 54875
72915 54899
72907 55036
72895 55062
72851 55135
72838 55155
72833 55188
72811 55200
72809 55228
72797 55250
72781 55278
72773 55307
72763 55316
72737 55336
72728 55361
72726 55424
72718 55466
72707 55489
72704 55608
72630 55654
72605 55673
72601 55674
72593 55768
72583 55777
72575 55801
72551 55825
72546 55885
72527 55906
72506 55923
72502 56031
72478 56039
72464 56089
72445 56094
72425 56105
72415 56150
72413 56177
72412 56221
72352 56268
72349 56332
72310 56372
72287 56387
72275 56480
72253 56523
72224 56607
72181 56666
72155 56694
72153 56707
72140 56793
72125 56795
72088 56796
72083 56811
72079 56855
72058 56889
72057 56898
72047 56905
72046 56913
72036 56922
72024 56961
72022 56978
72017 56993
72015 57024
72007 57085
71987 57102
71950 57103
71944 57168
71925 57181
71923 57218
71899 57226
71893 57240
71885 57301
71860 57329
71839 57332
71836 57337
71833 57408
71816 57421
71811 57460
71785 57525
71761 57533
71748 57571
71738 57588
71723 57604
71722 57636
71698 57644
71695 57715
71657 57743
71636 57764
71632 57826
71606 57846
71574 57894
71564 57911
71550 57961
71542 57963
71526 58011
71516 58028
71492 58036
71482 58078
71478 58086
71464 58090
71459 58091
71454 58107
71440 58120
71436 58201
71426 58218
71391 58262
71366 58265
71363 58329
71324 58356
71320 58362
71305 58397
71291 58447
71265 58453
71257 58514
71251 58526
71219 58572
71213 58581
71195 58593
71181 58606
71175 58615
71171 58623
71167 58704
71131 58716
71113 58723
71112 58726
71107 58751
71081 58754
71079 58758
71073 58764
71070 58790
71056 58797
71055 58805
71049 58817
71038 58844
71023 58913
71006 58939
70996 58956
70980 58980
70966 58987
70944 58989
70932 59029
70924 59036
70912 59109
70894 59126
70892 59168
70858 59207
70842 59219
70824 59253
70811 59276
70790 59303
70788 59311
70780 59320
70752 59346
70750 59352
70746 59355
70739 59405
70737 59442
70721 59466
70698 59501
70676 59507
70649 59544
70635 59612
70614 59636
70580 59644
70577 59655
70576 59670
70565 59680
70540 59682
70534 59698
70532 59705
70522 59730
70521 59806
70468 59830
70465 59860
70442 59895
70427 59969
70416 59979
70381 59997
70370 59999
70359 60041
70343 60055
70334 60084
70321 60085
70320 60090
70305 60154
70278 60167
70276 60190
70260 60195
70257 60201
70241 60217
70237 60220
70235 60239
70199 60244
70198 60274
70179 60318
70165 60374
70147 60393
70123 60401
70106 60418
70101 60467
70099 60495
70076 60510
70063 60525
70049 60558
70038 60568
70020 60584
70011 60657
69975 60669
69953 60682
69940 60704
69928 60738
69927 60743
69909 60768
69898 60779
69892 60815
69862 60855
69835 60890
69825 60905
69807 60919
69793 60952
69788 60958
69787 60963
69753 60971
69750 60977
69746 60985
69745 61000
69731 61005
69723 61056
69719 61063
69709 61067
69695 61071
69686 61109
69672 61142
69661 61152
69642 61173
69633 61246
69610 61249
69596 61299
69550 61327
69532 61352
69531 61357
69506 61411
69491 61442
69484 61444
69458 61458
69435 61461
69434 61466
69425 61470
69424 61497
69412 61513
69410 61547
69372 61566
69356 61569
69350 61588
69347 61620
69346 61641
69345 61644
69340 61693
69288 61706
69273 61737
69265 61741
69256 61830
69235 61836
69232 61838
69202 61852
69179 61855
69178 61860
69171 61906
69154 61941
69128 62000
69113 62031
69073 62047
69057 62050
69053 62072
69031 62117
69010 62130
68995 62150
68971 62158
68969 62209
68946 62212
68945 62217
68932 62262
68899 62271
68879 62312
68867 62320
68864 62333
68858 62363
68857 62425
68801 62444
68790 62478
68787 62480
68736 62486
68733 62502
68728 62507
68715 62550
68684 62564
68677 62594
68661 62604
68646 62605
68643 62609
68642 62653
68633 62714
68594 62740
68568 62801
68515 62839
68459 62853
68456 62865
68454 62895
68448 62942
68424 62943
68419 62975
68405 62998
68357 63024
68348 63029
68339 63072
68338 63134
68247 63140
68243 63170
68241 63175
68232 63218
68230 63279
68167 63333
68123 63334
68111 63343
68100 63347
68098 63366
68077 63371
68075 63414
68050 63437
68028 63459
68015 63479
68003 63489
67986 63507
67955 63545
67952 63590
67904 63591
67895 63634
67894 63696
67839 63706
67825 63708
67815 63715
67795 63743
67780 63774
67761 63782
67760 63844
67701 63870
67696 63914
67687 63941
67671 63981
67616 64007
67564 64018
67556 64035
67549 64049
67536 64053
67529 64067
67511 64085
67495 64125
67493 64153
67477 64193
67441 64194
67425 64199
67421 64212
67397 64216
67384 64224
67383 64241
67378 64248
67364 64261
67359 64314
67343 64354
67263 64377
67262 64393
67253 64432
67228 64435
67217 64436
67208 64453
67200 64470
67199 64504
67166 64509
67159 64542
67142 64548
67141 64610
67105 64611
67091 64633
67087 64657
67025 64690
67008 64709
67007 64721
66985 64738
66961 64760
66952 64787
66935 64793
66934 64795
66926 64810
66920 64835
66881 64853
66872 64857
66866 64904
66811 64932
66809 64968
66776 64981
66758 64999
66752 65012
66712 65016
66706 65040
66704 65068
66688 65108
66668 65126
66640 65158
66624 65160
66620 65176
66606 65228
66584 65234
66538 65260
66518 65278
66503 65319
66474 65323
66463 65331
66447 65350
66439 65389
66422 65416
66386 65417
66380 65425
66370 65457
66368 65485
66359 65505
66355 65541
66335 65559
66298 65572
66278 65590
66271 65629
66197 65669
66160 65683
66147 65710
66131 65750
66086 65751
66072 65756
66066 65769
66057 65787
66042 65826
66019 65866
66000 65914
65963 65927
65955 65936
65943 65945
65936 65984
65865 65991
65862 66024
65857 66030
65837 66058
65817 66076
65797 66100
65796 66105
65795 66167
65700 66174
65693 66178
65690 66208
65684 66221
65670 66236
65666 66282
65640 66311
65633 66331
65613 66349
65559 66351
65538 66365
65531 66408
65511 66426
65474 66435
65465 66436
65461 66445
65458 66475
65441 66489
65411 66517
65393 66531
65377 66533
65370 66543
65355 66563
65340 66574
65320 66616
65300 66672
65277 66684
65238 66699
65236 66742
65187 66760
65176 66781
65171 66787
65150 66792
65137 66793
65133 66807
65123 66830
65115 66875
65069 66877
65052 66886
65051 66945
64988 66956
64987 66962
64974 66984
64965 67027
64947 67088
64850 67090
64845 67099
64836 67142
64827 67157
64775 67202
64772 67212
64750 67228
64711 67272
64682 67294
64652 67317
64644 67326
64632 67335
64624 67354
64618 67364
64592 67391
64572 67419
64548 67424
64514 67436
64506 67441
64496 67443
64492 67512
64466 67522
64442 67536
64429 67565
64415 67583
64410 67610
64366 67643
64346 67680
64302 67713
64301 67719
64248 67744
64237 67789
64164 67798
64157 67812
64151 67814
64131 67877
64087 67884
64086 67890
64059 67900
64056 67929
64029 67937
64022 67960
64012 67962
63980 68003
63977 68029
63966 68074
63902 68144
63825 68147
63804 68208
63769 68214
63761 68217
63751 68245
63721 68284
63687 68315
63677 68317
63640 68319
63632 68322
63623 68348
63595 68415
63561 68446
63520 68447
63503 68480
63481 68491
63456 68517
63421 68578
63352 68581
63341 68601
63336 68633
63323 68642
63288 68651
63275 68652
63272 68703
63223 68763
63193 68771
63162 68782
63143 68786
63132 68821
63112 68822
63095 68823
63094 68856
63072 68932
63008 68934
62988 68997
62897 69008
62892 69023
62875 69072
62857 69103
62791 69137
62763 69170
62748 69212
62699 69240
62662 69242
62660 69243
62626 69288
62566 69310
62562 69314
62551 69352
62523 69372
62502 69380
62482 69381
62475 69389
62464 69415
62442 69491
62381 69510
62329 69532
62308 69558
62285 69590
62242 69595
62238 69631
62230 69636
62227 69662
62216 69707
62149 69721
62118 69771
62051 69785
62018 69807
61979 69851
61958 69890
61881 69915
61850 69922
61843 69931
61839 69967
61782 69991
61772 69992
61761 70030
61750 70057
61698 70062
61674 70066
61652 70121
61624 70145
61592 70216
61497 70265
61494 70280
61457 70299
61426 70385
61349 70410
61328 70449
61223 70452
61214 70475
61192 70494
61162 70503
61140 70524
61120 70525
61116 70539
61107 70546
61081 70574
61049 70645
60994 70704
60962 70775
60844 70815
60827 70858
60774 70861
60750 70865
60705 70873
60676 70914
60617 70964
60584 71034
60467 71075
60450 71118
60417 71154
60386 71159
60306 71182
60305 71188
60251 71212
60239 71223
60226 71236
60207 71294
60107 71316
60081 71382
60051 71402
60022 71421
59934 71435
59904 71461
59884 71522
59811 71526
59804 71545
59779 71596
59677 71610
59674 71662
59644 71680
59599 71686
59582 71729
59496 71731
59477 71800
59402 71856
59299 71869
59267 71940
59204 71949
59173 71959
59167 71962
59141 72028
59098 72044
59043 72052
59040 72060
59025 72084
58966 72092
58946 72113
58944 72168
58864 72191
58802 72193
58774 72212
58770 72264
58721 72304
58666 72312
58659 72332
58592 72339
58569 72373
58489 72383
58451 72408
58437 72430
58425 72453
58376 72478
58364 72487
58314 72521
58284 72568
58218 72586
58142 72593
58140 72617
58078 72626
58074 72668
58019 72676
57948 72683
57932 72693
57913 72694
57908 72703
57900 72764
57845 72772
57821 72793
57788 72807
57733 72815
57692 72819
57684 72840
57661 72848
57606 72856
57593 72879
57582 72893
57559 72911
57526 72948
57503 72971
57448 72979
57444 72980
57408 72989
57390 73005
57348 73017
57341 73025
57313 73064
57282 73074
57192 73083
57191 73138
57115 73188
57053 73283
56836 73285
56797 73292
56780 73294
56779 73300
56767 73310
56755 73345
56728 73354
56662 73392
56634 73399
56617 73423
56572 73494
56382 73507
56369 73516
56349 73536
56322 73578
56263 73581
56215 73605
56108 73629
56086 73676
56037 73696
56000 73698
55998 73737
55903 73738
55877 73767
55841 73789
55782 73792
55737 73811
55735 73850
55709 73861
55686 73870
55631 73878
55596 73906
55410 73963
55370 73964
55361 73983
55306 73991
55273 73999
55256 74022
55228 74072
55173 74080
55153 74096
55031 74116
55006 74140
54955 74165
54855 74184
54816 74191
54806 74204
54779 74246
54682 74265
54633 74285
54599 74323
54524 74325
54476 74337
54404 74349
54363 74394
54336 74436
54214 74456
54089 74458
54089 74458
54075 74499
53958 74517
53929 74538
53895 74576
53788 74591
53756 74599
53663 74627
53633 74628
53632 74689
53510 74709
53385 74711
53385 74711
53330 74719
53271 74722
53269 74732
53254 74770
53219 74781
53133 74824
53084 74844
52963 74861
52919 74868
52913 74872
52903 74879
52897 74901
52883 74942
52795 74945
52740 74953
52634 74966
52571 74967
52560 75022
52528 75023
52479 75030
52418 75037
52408 75049
52362 75064
52270 75080
52254 75081
52219 75112
52193 75154
52080 75170
52056 75192
52053 75212
51885 75219
51850 75234
51824 75276
51723 75281
51668 75289
51609 75323
51457 75342
51412 75362
51366 75406
51253 75422
51239 75461
51125 75484
50911 75486
50910 75514
50809 75533
50795 75572
50650 75586
50643 75591
50598 75611
50474 75616
50422 75641
50332 75666
50325 75694
50311 75733
49975 75744
49952 75768
49884 75773
49720 75782
49713 75787
49686 75823
49527 75832
49466 75867
49315 75875
49311 75880
49295 75881
49272 75884
49263 75889
49230 75923
49118 75961
48830 75966
48740 75980
48679 75989
48650 76005
48639 76011
48558 76031
48493 76035
48437 76053
48382 76061
48381 76076
48334 76092
48258 76114
48051 76126
47980 76130
47897 76133
47886 76140
47819 76183
47798 76184
47783 76216
47510 76219
47399 76232
47396 76255
47244 76274
47094 76285
47084 76299
47077 76305
46925 76324
46887 76385
46275 76395
45772 76427
