200 2
76485
734 641 584
982 267 801
898 427 161
599 875 575
982 264 743
705 366 298
677 565 447
621 917 303
826 988 2
969 841 486
528 656 179
863 238 419
748 296 579
721 932 222
618 342 387
693 807 292
706 128 933
737 564 378
783 251 980
774 321 190
977 245 939
551 742 737
550 465 216
982 661 675
584 95 958
934 838 173
546 804 161
991 41 951
747 273 672
574 850 7
694 291 981
693 66 567
840 934 115
849 777 279
527 66 754
635 490 764
952 292 822
923 819 380
815 682 641
790 131 382
863 578 797
954 700 293
984 267 412
529 453 283
921 413 802
736 896 16
557 807 386
854 388 583
762 416 601
721 664 245
707 74 668
969 705 461
837 558 880
926 566 499
567 235 834
523 204 571
819 641 161
717 827 459
851 952 172
833 278 766
948 377 744
747 389 454
541 966 100
995 981 553
731 340 190
686 768 127
934 786 475
947 61 905
971 467 729
574 981 237
632 931 141
587 76 648
921 126 587
719 771 464
838 379 443
816 456 825
788 1000 44
997 349 735
817 44 993
706 664 241
965 848 927
629 661 168
565 872 221
865 49 972
911 977 174
654 125 833
1000 666 603
999 804 212
689 300 699
592 992 2
653 289 784
713 132 947
733 493 186
942 545 168
894 976 351
621 321 809
816 333 557
683 613 583
840 682 262
587 786 749
716 580 764
794 990 157
851 968 154
671 950 73
684 756 775
606 613 283
590 222 615
550 612 363
1000 387 502
633 128 440
942 611 504
589 777 243
594 196 538
783 931 339
972 60 835
895 86 853
694 817 913
851 145 928
545 687 56
960 397 218
960 942 334
800 976 152
856 739 498
705 64 951
846 288 607
850 299 389
522 981 174
774 154 296
837 895 131
591 252 785
888 23 970
979 404 522
934 721 22
527 988 456
969 831 1
636 121 583
833 130 362
942 339 678
583 250 965
990 681 4
864 76 818
837 21 986
681 457 858
894 996 208
803 162 199
610 912 550
960 49 269
529 470 905
971 913 332
571 734 458
687 762 840
939 847 516
593 494 648
765 179 319
788 779 571
721 315 519
755 140 572
598 683 237
589 327 759
728 5 646
576 379 599
990 270 652
798 686 25
960 867 267
748 87 913
548 362 501
853 247 87
879 457 933
541 395 177
968 158 616
635 871 176
646 387 577
534 905 755
871 505 959
734 580 396
636 573 846
669 75 458
817 237 821
611 763 132
632 240 855
851 625 31
534 808 582
829 577 712
949 905 863
599 58 988
704 641 693
736 43 976
983 326 912
551 553 416
688 828 194
599 625 534
841 566 198
711 711 155
775 586 119
644 330 969
847 181 816
968 348 720
838 806 73
770 871 14
888 498 514
2093
61065 66236
44466 75193
52950 71566
65180 62704
62338 65197
65676 62233
66966 61018
60392 66781
57036 69139
39992 76168
53834 71097
56623 69415
64154 63619
50324 72902
47854 73955
47697 74008
62747 64843
60290 66855
65775 62131
64902 62960
54418 70744
69040 58917
63667 64031
47339 74156
66174 61813
45103 74967
73646 53487
61730 65700
72963 54397
74525 52180
79274 37674
64697 63121
73515 53598
74605 52029
53437 71294
68421 59554
67286 60712
78265 43602
70994 56756
56586 69446
59421 67502
63907 63840
65418 62481
78448 42820
58556 68106
75695 50203
50608 72759
65266 62612
72888 54460
67284 60724
52046 72053
59813 67208
64918 62917
40408 76137
58544 68137
72092 55492
71713 55990
63089 64561
52242 71964
77970 44629
76311 48979
67736 60252
65554 62346
41321 75954
58225 68356
56042 69768
49469 73281
76718 48207
42696 75686
47665 74015
73316 53895
58312 68280
64071 63696
67446 60534
71481 56219
44218 75238
68537 59455
58555 68123
54606 70641
65637 62272
78526 42609
75386 50778
43351 75509
60012 67021
69784 58134
72391 55100
64298 63487
68056 59946
65690 62219
76310 49032
56443 69536
49357 73318
60843 66396
60181 66951
47688 74011
45981 74678
74951 51581
70121 57760
48718 73596
46295 74581
70589 57227
64854 63008
78031 44449
77899 44824
77917 44729
43968 75310
57509 68813
60839 66403
58020 68471
51269 72472
65687 62227
61702 65725
78155 43968
77497 46097
63678 64020
77163 47011
62929 64692
58802 67990
66979 60994
57162 69092
67879 60118
77737 45413
56114 69760
66093 61840
78441 42905
69689 58237
41250 75982
72908 54418
72549 54894
53928 71038
74549 52085
60550 66663
77518 45989
70662 57143
57197 69062
64814 63046
61277 66066
67093 60884
78675 41858
61479 65908
44569 75152
59792 67227
64120 63653
62023 65483
75117 51207
79081 39549
69829 58085
64670 63159
71247 56498
55342 70216
77863 44953
71314 56408
76278 49060
61474 65914
78756 41415
58477 68161
49055 73454
70752 57049
61899 65568
60977 66312
65213 62661
64752 63089
59839 67172
54508 70705
77849 45032
72969 54359
61090 66194
59046 67764
65272 62603
72189 55336
77413 46307
52944 71573
67991 60038
73744 53345
72797 54554
68423 59552
66995 60982
77532 45891
64007 63766
67415 60601
61151 66181
45009 75005
51858 72150
50256 72933
79211 38337
65556 62339
66837 61155
74993 51396
68802 59175
78839 41174
67576 60411
54118 70914
42243 75772
68523 59467
69272 58688
63929 63824
72129 55420
62685 64926
78152 44035
68085 59915
52507 71813
54561 70665
41981 75808
66408 61544
53379 71333
57627 68739
70615 57191
73685 53393
59454 67436
66423 61528
77841 45054
76047 49508
72523 54942
63262 64390
58195 68378
44737 75089
49558 73254
58110 68456
52182 71999
57777 68655
39880 76183
66379 61606
51565 72296
57498 68831
69319 58632
49435 73305
61089 66196
64908 62931
74992 51421
68131 59900
78943 40727
76729 48122
73796 53237
42113 75796
57274 68979
72015 55532
73879 53128
48192 73819
78080 44266
57637 68738
54120 70913
48520 73684
67357 60627
58261 68336
61294 66048
77000 47425
57962 68534
71940 55659
51330 72406
49928 73071
43586 75434
73573 53551
43907 75340
69919 57972
76596 48509
61321 66043
70583 57234
63928 63826
61831 65656
52376 71855
58444 68206
66032 61898
56588 69418
64303 63480
66009 61914
78735 41470
56727 69353
71254 56471
75012 51353
55531 70086
56169 69699
72366 55106
73828 53180
45840 74733
79010 39953
55179 70308
43642 75427
40233 76152
75096 51324
63647 64055
69317 58639
50874 72638
66250 61688
54905 70455
47372 74155
68327 59657
77490 46196
78430 43062
65813 62101
47427 74127
65715 62203
65247 62629
71765 55882
72731 54686
45990 74654
72268 55270
74853 51723
77314 46649
52525 71788
62847 64765
70023 57875
47296 74173
67008 60971
58392 68234
76723 48166
56684 69381
77912 44770
77913 44735
70868 56920
63857 63877
79135 39035
47949 73920
52316 71915
78478 42786
47226 74199
68714 59261
52864 71640
77813 45141
61865 65579
77172 46987
57093 69112
66895 61071
42796 75662
66238 61704
58350 68245
60987 66286
65089 62778
77196 46935
53567 71238
75419 50692
63536 64177
42268 75771
62197 65307
55820 69927
43542 75451
63322 64370
56869 69260
75306 50900
51587 72277
70605 57197
43042 75579
41656 75923
76412 48817
69160 58803
72980 54334
71720 55986
66226 61707
55572 70062
59758 67228
72316 55193
56048 69762
66846 61128
50577 72763
70478 57362
58923 67860
59513 67433
51394 72384
68196 59814
65861 62081
70710 57110
65487 62428
56839 69330
77630 45684
61274 66068
77781 45328
70348 57517
73146 54114
45248 74923
74421 52298
69975 57945
49330 73343
45831 74749
39009 76246
77676 45656
43440 75457
74032 52867
78762 41380
49240 73391
65725 62197
70545 57285
68207 59806
76239 49108
76032 49569
69034 58946
46500 74476
51277 72455
70394 57497
63438 64247
49287 73358
67190 60806
49140 73425
48405 73730
73666 53425
44725 75124
62597 64979
58930 67853
56574 69453
66862 61126
66632 61338
57550 68802
58553 68131
71430 56258
64062 63701
46369 74522
71988 55582
60091 66990
72568 54850
63380 64319
71092 56649
65120 62746
76449 48787
59314 67563
78704 41658
50191 72960
53260 71412
75002 51372
60056 67010
46722 74394
79193 38524
73594 53534
68023 59975
67429 60548
59683 67322
52466 71816
61960 65545
65709 62215
65345 62576
64974 62898
49991 73056
78729 41543
69656 58281
79020 39949
67905 60104
54396 70754
62039 65465
46695 74412
73342 53848
58965 67837
55076 70369
72175 55399
63649 64047
62853 64751
72809 54553
68724 59245
47637 74032
65127 62739
74630 52007
65009 62869
51472 72368
52651 71731
54570 70654
63382 64318
45355 74885
68767 59215
53323 71342
65538 62351
49805 73143
71129 56642
46133 74627
45411 74865
63017 64607
55552 70082
70355 57513
73471 53682
65159 62705
65809 62112
56453 69516
54902 70467
51141 72510
43369 75470
76074 49487
46859 74330
70700 57116
63110 64546
45408 74873
71621 56034
66223 61729
50772 72685
43204 75524
51983 72080
48688 73630
67798 60210
55110 70329
73177 54093
53054 71516
76995 47479
75283 50920
70598 57225
64595 63255
76348 48949
76734 48118
67162 60822
53325 71341
60143 66958
53560 71244
64696 63157
55101 70365
55047 70394
68265 59717
72598 54830
68946 59032
61863 65592
70295 57574
67471 60530
54427 70722
55234 70256
59061 67749
61523 65901
67157 60828
54827 70512
78016 44476
53148 71457
60971 66327
47808 73975
59033 67772
64408 63405
66899 61063
52442 71825
52325 71914
57377 68929
48919 73511
60583 66632
63004 64640
75390 50772
78294 43558
59818 67180
59600 67366
60731 66503
62801 64805
78593 42170
67091 60896
56285 69612
62946 64671
77628 45805
71090 56658
61998 65506
61621 65784
67844 60172
54703 70574
64271 63498
75981 49676
51877 72145
77311 46664
73495 53610
57230 69008
59203 67643
66050 61889
66948 61053
52567 71774
43766 75379
78499 42628
58466 68167
50647 72742
38953 76251
68788 59195
55775 69932
62846 64789
73387 53789
60217 66874
70511 57309
51584 72278
66570 61408
68636 59331
52050 72050
66046 61896
64785 63058
59932 67155
62431 65113
62558 65037
49157 73414
70660 57144
65098 62767
55259 70252
45513 74847
59289 67579
75415 50711
69580 58354
76971 47480
49823 73131
49753 73152
69988 57919
46581 74458
52628 71738
67591 60390
62863 64747
63572 64161
53134 71466
70637 57174
64012 63758
78059 44418
66839 61136
60407 66760
59258 67605
69643 58307
50342 72886
56888 69239
57904 68575
68713 59276
67590 60402
78384 43167
63439 64246
57430 68884
50574 72783
55932 69841
77155 47021
63793 63957
73215 54054
60632 66590
67926 60064
54362 70778
48794 73581
68640 59327
72710 54704
66608 61366
50615 72756
73486 53650
59277 67595
71915 55669
66686 61285
70062 57859
48606 73646
55460 70152
68498 59508
79024 39941
68842 59138
65199 62665
43688 75404
77152 47109
56156 69711
62149 65394
78493 42678
55224 70262
54207 70881
48571 73666
76048 49502
69501 58437
68521 59469
77230 46884
53708 71170
62780 64824
49041 73471
78185 43958
74268 52615
45504 74850
63131 64529
47010 74279
58046 68469
68247 59759
72742 54642
59109 67700
76143 49366
61433 65955
49252 73367
70200 57741
69916 57982
44021 75297
57996 68504
79160 39033
63006 64619
74687 51902
42508 75722
68015 59988
62769 64828
50969 72606
78014 44498
61880 65569
45324 74896
68419 59555
68959 59011
67322 60676
61167 66163
74540 52125
60926 66365
65295 62600
42106 75804
75931 49766
72405 55090
79004 39966
55930 69861
46027 74652
57216 69021
76817 47909
44335 75218
48121 73842
66681 61294
70457 57393
54110 70915
62710 64876
76272 49097
45404 74874
55385 70182
76215 49237
53809 71103
79188 38596
53330 71334
66256 61681
65607 62318
57371 68936
74499 52186
64199 63577
51493 72336
72363 55107
75510 50589
50876 72633
50533 72788
68329 59652
49646 73224
62468 65091
71908 55694
68480 59524
63980 63776
75274 50991
71578 56090
52718 71723
47240 74191
46034 74645
56306 69608
57816 68625
63359 64337
65887 62056
64550 63259
61028 66259
62720 64875
68504 59481
74185 52646
48489 73697
61618 65801
55489 70108
61684 65746
75719 50187
41062 76023
48208 73800
50139 72990
62733 64850
50932 72626
66977 61017
76122 49408
56333 69602
70496 57347
44928 75020
73523 53587
77270 46770
45066 74990
72851 54506
55875 69892
55821 69921
67853 60171
67052 60939
69871 58053
47877 73942
73480 53666
52116 72017
57262 68996
63402 64283
64474 63340
73249 53998
68927 59043
47901 73926
73543 53578
68323 59688
53525 71289
70665 57137
71609 56039
73348 53833
59422 67492
53432 71326
63628 64078
63073 64579
62973 64641
67912 60089
53627 71192
64376 63419
61057 66253
40962 76047
76351 48934
74417 52362
60036 67018
40629 76103
42381 75736
64747 63102
59053 67752
66797 61197
44973 75017
71073 56679
78833 41209
68382 59607
58979 67802
62688 64894
68871 59097
68735 59236
59115 67699
62879 64727
58307 68312
68307 59698
55597 70058
41870 75870
45157 74959
70939 56837
51055 72556
48935 73499
62092 65399
61757 65674
70499 57324
63440 64241
68390 59588
51592 72271
70821 56966
47481 74089
70402 57427
54131 70908
72631 54819
72434 55065
62220 65296
44471 75170
67596 60373
43960 75332
47649 74023
72195 55313
58620 68083
75969 49681
70876 56915
62232 65279
72660 54774
77022 47407
50975 72581
64535 63294
45625 74789
43191 75536
61025 66268
63486 64226
52586 71766
58117 68407
49745 73178
65042 62838
74177 52756
70247 57651
66984 60991
60687 66537
45756 74756
64234 63567
48830 73552
49260 73365
75531 50479
53319 71393
66534 61428
49345 73323
62578 64990
48480 73704
77969 44634
68405 59557
64414 63390
69144 58813
67942 60061
52520 71798
47288 74178
69012 58959
49661 73192
59211 67639
49329 73356
58400 68214
56702 69375
55221 70268
62485 65068
60757 66466
63239 64447
62893 64713
64269 63538
66530 61471
71847 55788
76360 48882
67731 60264
67633 60366
44017 75303
66679 61307
42280 75749
45548 74825
74357 52412
65145 62719
58559 68099
56214 69678
78795 41311
43861 75357
65740 62190
71563 56150
56733 69339
65401 62501
49248 73381
63849 63895
51979 72103
47711 74001
73510 53600
78451 42791
76145 49316
59183 67675
43147 75577
50384 72867
66264 61679
68712 59295
55510 70096
54853 70500
40611 76132
65905 62011
70659 57154
68036 59951
61556 65870
67609 60372
48317 73788
51324 72414
61471 65948
47614 74045
68987 58977
66501 61483
67871 60148
77441 46288
51625 72261
52789 71661
74027 52905
49517 73258
64186 63615
73760 53315
70886 56908
67088 60907
68869 59106
67363 60617
52435 71843
45678 74781
63724 63998
65916 61997
48998 73489
52867 71616
77299 46734
66717 61265
79203 38359
44979 75008
76111 49457
48810 73554
58333 68276
52061 72046
51151 72499
57623 68754
51817 72180
71391 56298
70254 57612
78570 42472
61631 65769
79000 40335
67550 60420
65400 62503
73636 53527
67057 60932
64627 63190
48378 73757
67486 60520
41081 76007
71656 56021
73732 53351
65350 62538
69888 58020
55753 69965
54419 70728
51550 72301
73420 53758
50703 72730
73504 53608
51029 72571
68622 59368
44664 75130
79172 38734
73135 54156
71153 56604
65256 62615
53716 71143
67749 60233
65369 62528
50155 72982
63641 64075
48170 73821
68830 59146
72560 54863
72662 54731
62705 64884
52754 71670
70068 57820
49189 73396
55025 70407
67341 60645
49882 73094
76686 48307
72732 54682
69441 58481
70081 57795
72412 55086
63664 64036
57511 68809
51473 72337
73082 54162
48167 73829
43344 75517
69943 57946
41929 75834
69311 58672
70452 57414
43655 75415
72760 54641
64537 63264
51905 72115
48781 73584
70248 57620
66430 61524
78075 44275
47666 74013
64604 63210
69809 58103
61700 65728
69079 58901
57481 68879
69248 58709
53943 71031
64136 63635
57006 69180
73916 53111
65536 62371
75013 51352
64050 63711
54476 70713
52592 71747
77973 44533
57564 68769
55156 70328
71078 56662
73519 53596
62595 64980
59592 67376
66532 61441
61854 65619
67651 60344
64760 63061
44241 75237
78352 43289
72783 54615
57560 68776
57107 69096
64490 63322
78739 41456
72178 55380
68628 59364
66884 61083
67255 60730
59223 67635
66016 61910
59736 67253
68828 59165
58568 68085
54398 70747
63733 63994
71498 56187
76805 47979
68922 59065
77966 44664
78219 43761
51758 72185
76227 49170
78648 42074
71415 56274
65106 62749
62945 64674
77252 46834
67724 60282
49118 73437
46044 74641
46320 74545
72669 54727
77104 47344
74744 51832
49850 73099
54367 70773
77010 47422
45603 74791
69705 58219
52263 71920
70786 57010
76085 49472
78480 42763
69927 57959
76691 48235
46339 74535
57715 68681
68388 59601
60006 67068
39825 76184
47603 74058
66499 61496
53853 71059
77611 45854
69333 58625
63202 64469
67516 60472
75883 49881
74865 51667
45598 74810
44117 75294
74245 52633
62158 65336
67097 60870
49495 73270
50315 72923
61181 66144
57978 68515
68456 59525
61084 66211
65058 62820
78252 43676
45901 74703
75000 51375
67426 60556
72533 54914
44869 75050
75868 49958
47110 74259
67422 60558
65194 62685
53617 71209
67691 60337
48467 73708
70120 57791
49053 73459
72150 55419
76786 48089
60266 66873
56037 69782
41328 75942
71984 55615
71442 56235
57867 68597
68737 59228
53582 71229
60958 66350
67594 60382
65795 62128
56265 69645
70529 57293
51610 72266
70683 57122
67135 60850
78353 43268
78706 41586
52751 71682
55463 70125
43549 75437
68635 59337
76547 48580
74117 52824
60741 66478
67706 60307
66882 61092
75518 50509
71347 56361
63345 64341
75393 50743
75920 49851
51902 72127
48906 73516
67355 60643
49996 73030
78103 44158
69042 58915
76238 49114
46111 74629
51081 72545
67139 60838
62959 64655
48613 73644
58309 68294
65873 62074
63282 64378
62235 65271
49159 73408
65689 62222
39508 76205
53322 71344
45233 74926
47579 74066
76510 48610
68960 59002
77683 45535
49933 73067
57589 68763
69559 58364
52805 71648
49013 73475
67030 60945
64369 63450
48648 73642
64652 63164
78871 40861
77578 45863
67108 60864
50837 72655
58697 68038
60498 66710
63956 63811
55877 69881
46948 74320
68011 59999
67288 60687
76966 47735
44372 75212
43408 75465
77122 47165
39363 76209
75663 50328
71813 55857
69226 58726
65416 62485
48393 73738
42859 75637
69136 58832
66096 61835
59186 67649
48894 73531
63657 64044
69625 58322
73293 53921
74864 51673
48497 73688
64338 63475
59804 67209
70678 57136
46990 74299
70915 56899
49074 73439
64935 62912
58014 68488
50711 72713
62152 65348
74333 52423
60465 66747
47966 73913
78571 42280
76651 48352
78773 41368
68528 59456
45635 74788
70623 57177
61568 65827
60708 66509
47386 74133
61602 65819
75116 51232
69236 58724
55949 69832
60215 66878
72294 55217
71293 56455
63680 64018
63604 64108
58975 67833
57552 68784
72989 54323
64981 62897
54024 70986
69201 58744
60696 66512
41666 75876
53877 71052
68355 59626
69556 58419
48892 73538
75952 49760
73443 53711
76602 48444
61372 66013
65197 62679
56746 69335
69836 58064
59802 67210
63885 63875
75925 49779
64619 63196
48150 73840
69438 58548
59239 67627
73681 53395
49488 73275
52244 71941
70334 57558
75183 51132
72271 55224
74002 52928
58638 68053
70220 57658
61388 65971
52067 72021
62419 65170
66020 61905
72250 55286
59542 67413
78449 42815
72117 55430
69373 58581
70979 56779
65649 62263
50448 72836
68441 59540
65192 62698
47746 73997
46298 74546
69667 58240
58397 68233
53641 71180
46263 74588
55570 70068
43812 75362
66719 61246
59550 67394
73285 53938
75338 50839
69789 58122
77802 45196
72113 55437
76478 48633
56239 69674
42288 75741
57820 68602
64498 63305
53583 71211
66710 61282
49177 73404
71674 56006
69714 58213
67571 60415
49146 73416
45986 74666
68690 59318
72123 55423
66407 61546
64645 63180
78905 40829
53034 71562
57660 68734
69191 58782
77546 45885
41914 75837
60734 66483
72984 54332
69169 58799
70464 57370
53443 71293
71604 56067
77531 45963
65441 62453
62336 65247
48195 73814
48899 73521
52445 71818
62918 64699
77941 44671
66761 61233
59103 67711
66421 61542
48029 73903
50080 73009
71249 56485
77680 45569
77720 45462
68855 59111
61901 65556
55368 70188
75566 50464
66644 61327
62641 64957
74315 52573
65987 61960
65136 62728
53142 71458
71531 56176
57997 68490
46443 74486
47061 74270
68561 59423
75787 50139
66397 61571
73362 53823
57489 68842
62648 64937
54900 70469
75141 51195
73718 53378
62909 64712
52408 71849
72702 54716
59528 67422
75957 49688
67249 60740
73928 53044
74334 52420
53806 71106
60519 66670
49141 73417
55704 69976
74898 51595
69497 58447
67538 60470
71997 55579
48271 73799
51783 72183
73976 52976
56118 69737
66234 61706
74495 52229
68091 59901
54157 70896
41978 75825
53899 71046
65381 62513
76970 47498
74599 52057
70729 57083
69877 58035
53053 71520
54277 70848
72320 55158
71961 55634
48355 73770
71240 56511
55626 70033
51200 72477
77513 46061
77225 46906
71407 56279
75018 51344
72476 55032
47867 73951
54172 70889
70396 57445
67644 60357
50777 72681
67171 60811
79259 38273
78670 41930
68290 59714
68779 59204
51832 72173
73234 54014
70509 57321
63856 63880
62678 64927
47117 74254
46350 74527
41702 75875
57066 69121
62371 65184
62243 65264
69770 58186
47907 73921
63981 63767
67498 60509
44212 75272
75988 49606
63520 64195
77175 46954
46856 74334
59757 67248
42168 75795
72247 55307
59985 67112
75417 50693
77828 45124
64151 63625
54872 70495
45846 74705
61063 66242
77260 46774
44914 75027
66103 61828
56160 69701
73333 53889
72044 55514
78135 44084
76325 48976
77408 46379
70434 57425
64608 63204
74326 52503
47540 74077
73329 53891
60747 66472
57740 68669
55625 70036
73430 53714
78216 43785
43412 75460
59725 67278
70741 57060
59022 67800
76355 48896
56278 69633
57240 68998
58149 68400
78866 40933
66123 61819
57670 68731
66465 61519
63601 64110
64830 63028
61252 66127
79178 38661
46852 74354
67738 60251
66563 61416
66204 61743
68904 59086
74693 51901
57095 69110
75316 50860
65525 62394
63972 63793
54527 70680
46898 74326
73590 53536
78350 43469
53754 71138
72031 55529
59609 67345
71774 55873
72990 54294
39579 76185
65302 62586
56677 69392
42993 75611
77060 47349
54340 70825
46372 74517
70484 57352
72327 55154
67826 60197
62499 65049
68027 59958
48438 73725
76884 47882
64731 63120
60662 66539
52186 71976
55911 69866
43491 75455
68496 59511
76775 48096
66806 61164
55226 70257
39183 76234
60602 66615
57944 68551
69875 58044
53097 71496
65625 62291
46429 74512
65427 62455
63274 64384
45442 74861
53066 71508
44156 75292
54585 70647
54531 70676
74776 51781
78808 41304
77926 44708
44467 75190
63675 64026
51542 72332
69411 58555
65981 61967
62471 65084
50925 72629
67126 60859
63588 64143
78011 44528
58456 68187
43701 75399
56555 69513
77444 46259
67540 60439
65036 62848
63827 63908
51843 72157
59603 67353
63366 64336
66090 61887
52039 72068
45759 74751
78683 41816
62625 64975
74964 51441
62193 65318
66192 61754
70398 57437
59933 67120
59056 67750
56556 69455
43000 75594
60867 66386
74377 52403
52468 71814
69718 58208
56127 69722
74010 52911
65379 62526
70978 56821
70207 57698
65500 62407
64419 63387
46800 74386
79063 39799
69091 58869
52364 71878
44907 75042
70986 56761
58269 68314
57319 68960
62469 65086
70917 56847
49815 73132
73264 53966
68138 59854
58838 67913
70860 56950
73862 53134
72988 54327
68655 59326
55933 69834
55828 69897
79120 39407
55415 70173
53868 71057
52352 71880
43761 75381
78758 41391
71340 56369
60205 66895
65144 62721
53783 71135
63186 64480
47223 74209
42642 75696
72508 54984
75594 50407
49457 73293
44816 75058
67583 60404
45042 74992
66319 61677
73977 52953
65457 62435
65402 62499
72794 54559
51892 72138
68040 59947
60703 66511
56434 69576
75358 50809
70070 57804
78212 43860
62446 65092
57613 68759
66381 61593
73423 53720
47533 74082
49849 73120
47265 74188
44807 75066
69897 57997
73034 54289
50454 72821
63708 64016
48710 73606
41511 75933
60656 66556
78090 44220
77363 46515
64456 63357
57752 68665
59875 67159
77387 46463
66655 61315
67324 60656
76621 48358
48113 73880
78359 43218
58567 68096
57063 69122
51135 72522
54636 70631
79057 39849
50518 72819
68376 59621
66343 61615
77692 45499
65143 62723
49068 73443
65230 62648
63338 64352
65354 62534
56284 69627
49764 73146
43657 75412
63820 63946
66722 61238
63887 63856
68349 59645
54818 70536
79114 39457
69470 58472
74786 51741
78096 44169
47268 74183
69176 58785
46362 74526
47891 73938
56961 69209
47837 73967
78689 41766
58887 67912
60646 66581
46676 74429
79068 39727
63625 64093
45558 74816
74096 52849
78389 43087
51297 72425
59152 67693
74444 52283
57528 68803
72978 54355
71052 56704
59101 67727
62277 65259
50654 72733
57705 68701
65576 62336
41892 75857
52265 71918
79125 39335
61778 65660
78229 43744
61693 65738
54945 70445
63777 63975
56919 69225
45332 74895
60192 66918
77858 45005
45297 74910
60380 66825
63255 64429
65967 61969
45922 74702
74552 52058
61424 65963
56732 69340
57208 69040
68387 59603
63052 64594
62257 65263
76000 49596
50121 73006
63644 64060
60907 66383
75815 50044
48755 73593
66951 61028
76186 49313
65088 62796
65756 62172
50009 73029
44625 75132
67221 60745
75384 50796
49498 73264
77131 47133
62764 64842
78577 42230
49178 73402
76498 48617
51362 72400
46079 74635
46717 74397
68578 59412
66842 61135
65493 62413
76374 48852
63672 64028
64556 63257
47724 73998
65419 62463
73567 53554
52904 71607
78854 40938
54735 70567
52369 71857
45519 74833
67404 60614
49693 73187
69476 58468
71876 55742
74190 52635
68696 59296
46003 74653
78544 42554
70462 57372
51192 72496
65934 61983
60831 66463
71761 55913
69801 58120
58371 68240
52919 71600
57424 68891
52384 71850
68993 58971
57296 68970
49875 73097
55341 70246
46482 74484
71136 56619
51676 72257
50766 72710
63502 64208
76037 49566
79226 38320
65954 61974
45311 74901
69604 58342
75823 49987
70291 57588
46540 74466
73380 53803
61708 65702
73966 52997
77786 45230
68189 59827
50070 73020
64439 63377
67545 60435
67028 60968
66919 61061
61128 66187
50394 72856
46497 74481
70955 56827
43226 75522
47170 74237
57350 68937
58346 68258
69357 58599
63281 64379
72013 55570
57060 69134
69902 57990
62076 65409
64106 63675
69103 58868
70642 57162
66581 61388
50362 72881
78954 40411
73850 53148
77520 45968
54099 70974
50215 72947
63826 63922
67168 60812
78538 42604
60120 66984
73817 53236
65456 62446
64275 63488
59382 67549
70816 56990
65426 62460
54920 70448
67146 60829
45287 74920
62925 64694
44026 75295
54441 70715
70015 57880
50855 72647
50438 72853
63124 64530
73399 53783
50238 72944
60881 66385
78485 42691
71200 56584
70982 56770
67211 60786
54351 70799
62703 64887
62173 65332
62072 65429
73081 54269
52614 71739
53656 71176
65636 62282
64091 63685
64597 63228
72842 54517
53826 71098
38519 76257
51433 72371
65671 62245
71202 56522
63159 64501
69254 58703
70867 56946
75618 50357
63260 64403
60994 66275
45936 74682
44374 75209
64540 63260
54749 70556
73556 53572
54773 70541
67129 60851
54678 70617
45187 74944
56644 69393
75194 51090
56016 69824
74671 51952
52594 71742
69932 57957
64602 63212
68760 59227
74990 51439
67660 60343
61698 65730
63424 64259
60765 66465
68248 59726
40944 76053
62500 65042
69690 58236
67777 60226
56249 69658
65385 62510
73838 53154
67437 60535
62960 64654
77473 46245
77924 44720
71307 56412
71043 56748
52304 71917
47479 74090
78121 44102
74737 51874
60068 67003
67504 60481
70568 57277
61176 66156
47003 74282
70572 57247
73784 53304
61483 65904
73363 53805
75251 51084
52893 71615
47775 73980
47626 74037
71861 55780
71192 56588
60087 66993
63661 64040
59450 67461
64043 63733
52554 71781
65932 61996
64398 63408
42329 75740
41197 76000
61736 65688
68160 59837
59729 67262
66603 61382
72786 54565
53983 70998
55208 70291
48409 73727
75987 49646
62877 64731
43863 75351
47548 74072
65763 62164
75484 50602
65252 62622
44281 75226
48928 73504
56639 69402
73086 54160
64870 62971
51751 72229
55702 70017
66001 61928
65771 62140
51134 72526
76477 48727
76795 47990
75999 49597
68614 59382
50826 72675
56968 69204
66017 61908
61657 65758
57557 68781
49428 73310
68135 59878
73191 54074
75690 50275
68985 59001
51635 72260
68403 59585
62339 65190
77890 44936
75454 50677
70347 57518
43947 75335
64884 62967
71433 56244
58639 68039
74065 52858
78691 41659
53209 71450
78124 44092
49921 73076
71868 55763
56345 69583
59842 67170
71337 56392
40703 76069
65747 62182
68853 59124
64916 62928
54982 70441
50181 72971
51122 72542
49581 73241
69261 58689
61077 66220
66880 61105
76353 48916
44476 75167
52113 72019
76276 49078
63749 63989
78604 42162
70771 57041
63020 64603
77346 46627
71004 56754
58712 68005
54546 70674
46163 74612
49505 73259
68544 59434
62588 64981
43785 75376
77894 44896
65912 62002
63461 64237
47458 74122
59665 67342
72345 55153
64528 63295
48604 73653
54352 70780
71388 56348
65903 62038
57404 68920
55052 70374
70264 57595
78636 42127
68038 59948
63218 64451
44770 75074
72830 54529
70794 57006
58521 68158
38463 76262
65832 62099
77934 44680
71397 56289
