200 2
68836
916 682 236
986 245 367
580 623 101
602 79 948
568 650 845
647 508 62
628 253 603
638 193 705
952 294 710
552 554 328
604 83 932
842 309 596
915 763 320
530 995 46
592 85 780
835 337 307
902 544 532
628 303 900
434 165 722
965 291 719
945 365 920
544 229 772
675 549 604
409 978 37
809 407 828
968 310 273
414 599 482
524 971 182
558 654 304
552 317 625
396 161 945
776 837 784
421 432 714
709 452 411
827 909 98
655 665 358
893 581 293
675 663 621
566 84 762
836 235 767
608 477 355
978 471 289
704 233 725
866 397 788
771 619 157
381 901 475
433 429 697
595 257 792
760 563 478
390 125 702
897 337 633
568 677 240
534 381 636
421 876 159
432 58 876
724 13 938
783 861 650
396 794 122
496 256 666
809 602 501
594 5 978
991 563 533
930 285 772
839 387 408
732 573 109
778 397 539
544 968 56
827 151 961
953 483 598
912 38 991
524 355 703
420 711 213
662 374 801
826 533 45
947 875 108
454 267 474
755 869 610
776 411 411
915 630 682
713 611 200
624 663 254
460 600 499
593 64 764
608 953 109
996 349 772
997 496 734
655 210 889
499 501 282
401 314 588
828 288 480
470 738 346
996 103 850
521 120 849
709 409 865
1000 20 834
474 284 689
783 837 74
480 601 202
783 882 125
518 707 361
736 625 194
608 611 641
475 605 71
698 487 606
915 548 130
963 16 889
437 240 745
649 150 756
914 479 752
473 45 934
386 613 178
510 659 320
495 111 934
706 794 338
599 583 427
779 519 242
593 675 438
786 619 410
593 470 807
930 508 375
555 533 190
783 42 795
526 483 326
724 771 656
702 480 405
414 207 706
662 571 516
925 494 465
833 820 351
748 541 303
455 517 563
912 851 468
719 347 732
599 849 32
961 425 654
536 893 46
789 500 283
939 693 307
826 767 304
616 586 543
599 945 21
778 214 926
812 935 49
704 702 363
928 961 356
668 874 388
547 12 957
812 517 530
395 837 71
802 838 17
830 190 492
662 425 412
475 575 338
599 828 205
961 825 29
544 801 114
388 277 906
866 739 294
570 972 233
580 43 968
434 651 885
726 431 265
840 208 886
561 238 836
559 740 296
916 12 973
656 515 327
670 882 64
548 623 515
866 587 731
491 19 990
880 427 507
856 428 754
589 538 480
858 751 516
901 515 488
826 215 762
986 27 979
400 177 849
475 46 730
440 827 80
761 101 725
955 529 689
964 912 74
822 198 558
880 567 447
652 229 980
809 734 202
762 840 569
527 871 263
657 407 284
683 285 578
953 642 152
484 189 758
395 882 133
850 900 238
532 32 813
595 830 164
877 431 730
546 540 266
1968
73926 34849
73923 36398
73912 36464
73910 36518
73908 36782
73904 36815
73896 36941
73890 36969
73877 36982
73873 37110
73865 37236
73861 37269
73848 37522
73836 37713
73832 37730
73830 37741
73822 37867
73814 37888
73807 37899
73805 37976
73792 38034
73791 38082
73789 38184
73787 38195
73778 38199
73776 38253
73772 38270
73764 38353
73756 38374
73755 38392
73754 38428
73741 38545
73738 38573
73731 38583
73729 38602
73727 38699
73712 38920
73688 38935
73682 39185
73669 39374
73639 39517
73631 39574
73623 39613
73615 39670
73606 39711
73593 39767
73583 39905
73549 39909
73541 39966
73539 40056
73535 40171
73533 40184
73506 40201
73501 40272
73495 40377
73490 40638
73462 40644
73446 40670
73444 40766
73424 40837
73418 40857
73407 40988
73384 41034
73382 41108
73373 41226
73356 41377
73309 41411
73297 41446
73285 41476
73284 41490
73280 41522
73277 41605
73254 41625
73244 41683
73229 41790
73211 41804
73197 41973
73170 41974
73168 42064
73155 42099
73136 42151
73123 42186
73115 42267
73094 42285
73089 42336
73088 42342
73084 42458
73069 42502
73055 42509
73054 42518
73048 42563
73030 42632
73024 42689
73006 42721
72992 42883
72958 42897
72947 42982
72942 43060
72926 43091
72919 43169
72883 43180
72882 43181
72880 43185
72878 43299
72852 43386
72843 43441
72828 43488
72814 43512
72809 43542
72801 43547
72797 43583
72787 43618
72756 43662
72748 43720
72747 43729
72724 43749
72722 43758
72718 43794
72713 43801
72704 43827
72698 43869
72684 43955
72651 44048
72636 44079
72635 44088
72626 44134
72607 44211
72606 44220
72603 44227
72593 44235
72591 44413
72555 44418
72552 44429
72550 44543
72519 44587
72504 44614
72489 44655
72483 44730
72471 44778
72443 44784
72440 44821
72427 44885
72409 44887
72408 44896
72396 44922
72393 44924
72390 44941
72384 44998
72376 45008
72365 45036
72361 45076
72346 45088
72342 45140
72339 45146
72327 45160
72321 45226
72298 45292
72294 45295
72287 45298
72268 45322
72261 45340
72257 45378
72244 45389
72243 45402
72230 45413
72213 45483
72205 45506
72202 45519
72195 45528
72188 45553
72184 45593
72173 45597
72164 45613
72157 45647
72145 45657
72144 45729
72135 45767
72123 45845
72120 45858
72093 45885
72092 45936
72088 46052
72061 46079
72027 46180
72010 46228
72003 46307
71962 46341
71955 46420
71931 46432
71925 46453
71898 46554
71892 46575
71877 46596
71867 46620
71865 46647
71851 46671
71836 46739
71821 46751
71809 46770
71792 46854
71777 46855
71766 46909
71762 46961
71759 46988
71735 47000
71714 47074
71703 47152
71681 47164
71657 47176
71648 47209
71636 47250
71629 47337
71605 47341
71592 47420
71578 47444
71555 47473
71551 47513
71518 47562
71514 47596
71510 47612
71495 47639
71483 47687
71471 47726
71459 47747
71445 47771
71423 47784
71416 47798
71408 47860
71385 47889
71381 47898
71369 47909
71362 47918
71359 47923
71356 48003
71354 48194
71326 48200
71299 48201
71286 48259
71264 48279
71230 48292
71229 48304
71215 48315
71214 48354
71210 48370
71209 48373
71205 48389
71195 48405
71184 48426
71179 48461
71168 48465
71165 48478
71159 48521
71154 48527
71143 48551
71140 48594
71126 48600
71112 48684
71111 48726
71103 48769
71090 48827
71068 48847
71064 48883
71020 48953
70984 48956
70983 48981
70967 48994
70959 49032
70957 49037
70947 49119
70898 49134
70895 49154
70891 49187
70881 49229
70857 49236
70855 49285
70839 49301
70836 49303
70826 49359
70819 49403
70786 49421
70776 49480
70737 49509
70735 49518
70715 49559
70709 49574
70701 49586
70699 49615
70688 49627
70683 49651
70678 49682
70645 49685
70642 49713
70627 49719
70624 49750
70617 49761
70610 49784
70603 49792
70600 49805
70591 49817
70589 49876
70555 49935
70541 49938
70537 50011
70512 50012
70506 50044
70493 50081
70484 50092
70471 50150
70439 50152
70424 50159
70415 50183
70410 50203
70406 50216
70404 50373
70393 50444
70356 50478
70330 50534
70309 50553
70292 50585
70272 50587
70262 50649
70248 50655
70236 50705
70222 50711
70199 50739
70198 50771
70176 50772
70172 50803
70167 50817
70147 50822
70144 50896
70140 50905
70129 50976
70115 50982
70092 51010
70090 51026
70089 51038
70066 51070
70052 51072
70051 51148
70003 51160
70000 51171
69984 51187
69982 51203
69978 51238
69970 51292
69952 51324
69928 51330
69917 51338
69916 51348
69908 51364
69903 51400
69890 51401
69888 51431
69877 51443
69866 51449
69858 51473
69856 51475
69850 51485
69849 51530
69839 51566
69802 51602
69788 51608
69786 51620
69775 51691
69746 51710
69737 51801
69688 51826
69674 51832
69673 51908
69636 51942
69620 51959
69611 51961
69598 51962
69588 51987
69586 51995
69585 52071
69551 52087
69548 52105
69534 52128
69520 52129
69512 52152
69509 52184
69475 52185
69466 52187
69463 52227
69456 52236
69453 52245
69452 52292
69427 52334
69419 52336
69401 52346
69396 52367
69391 52394
69388 52421
69377 52429
69360 52444
69341 52445
69336 52459
69325 52461
69321 52497
69315 52521
69312 52535
69310 52537
69297 52538
69294 52661
69264 52677
69232 52711
69219 52716
69215 52752
69210 52770
69192 52781
69187 52836
69173 52898
69154 52975
69099 52988
69097 53012
69092 53021
69082 53079
69023 53180
69001 53198
69000 53209
68993 53222
68978 53225
68967 53287
68949 53338
68945 53354
68923 53368
68909 53374
68902 53389
68890 53507
68854 53531
68833 53544
68814 53559
68787 53583
68783 53592
68771 53594
68770 53638
68742 53709
68723 53736
68701 53742
68682 53755
68678 53771
68673 53835
68651 53841
68647 53850
68644 53900
68640 53916
68618 53930
68604 53936
68597 53951
68579 53967
68572 54053
68568 54069
68532 54089
68513 54105
68509 54121
68506 54170
68446 54204
68430 54209
68427 54228
68423 54244
68416 54255
68402 54355
68355 54381
68351 54397
68317 54407
68315 54417
68312 54440
68292 54449
68288 54485
68284 54501
68251 54566
68247 54582
68238 54595
68222 54602
68211 54613
68207 54629
68195 54630
68188 54634
68185 54683
68157 54690
68153 54706
68141 54766
68134 54780
68118 54787
68103 54814
68091 54815
68067 54834
68060 54849
68044 54865
68037 54951
68001 54971
67997 54987
67967 54998
67963 55014
67936 55034
67926 55037
67921 55092
67917 55108
67901 55115
67881 55128
67874 55143
67857 55198
67830 55226
67820 55279
67784 55299
67780 55315
67753 55383
67744 55418
67740 55434
67718 55448
67704 55454
67666 55464
67664 55512
67660 55528
67633 55546
67629 55562
67615 55576
67613 55623
67609 55639
67589 55641
67585 55657
67573 55659
67559 55672
67552 55693
67536 55778
67509 55808
67505 55824
67485 55826
67481 55842
67473 55872
67435 55882
67424 55927
67419 55943
67388 55982
67373 55985
67369 56057
67363 56061
67342 56077
67341 56105
67319 56106
67316 56112
67292 56136
67288 56152
67284 56167
67278 56169
67269 56170
67253 56224
67238 56262
67220 56271
67212 56297
67209 56404
67144 56454
67137 56469
67119 56489
67105 56589
67031 56619
67027 56635
66985 56637
66971 56676
66948 56706
66940 56709
66937 56720
66928 56729
66908 56773
66898 56776
66887 56782
66886 56807
66882 56823
66853 56901
66833 56914
66817 56921
66814 56947
66810 56963
66788 56986
66753 57012
66748 57022
66737 57027
66732 57033
66731 57034
66730 57042
66728 57043
66722 57045
66720 57048
66717 57056
66716 57068
66703 57082
66700 57105
66680 57134
66665 57139
66664 57159
66651 57193
66633 57212
66623 57221
66600 57332
66557 57336
66523 57346
66515 57361
66508 57399
66488 57400
66483 57433
66482 57441
66474 57454
66442 57472
66438 57477
66431 57479
66422 57495
66419 57514
66416 57540
66381 57542
66378 57568
66369 57594
66367 57625
66338 57628
66329 57635
66322 57653
66315 57657
66312 57681
66289 57792
66258 57826
66208 57853
66190 57886
66156 57891
66146 57894
66138 57927
66113 57936
66111 57955
66104 57969
66099 57970
66080 57989
66078 58014
66054 58019
66048 58032
66047 58080
66005 58098
65992 58137
65977 58184
65972 58222
65935 58229
65928 58230
65914 58282
65887 58284
65884 58308
65853 58342
65852 58407
65796 58421
65793 58435
65762 58492
65750 58507
65739 58553
65696 58618
65669 58620
65666 58644
65635 58678
65619 58682
65606 58703
65597 58759
65573 58774
65545 58810
65523 58825
65519 58859
65513 58876
65470 58927
65443 58930
65442 58938
65429 58944
65405 58951
65404 58964
65403 58979
65396 58988
65375 59014
65367 59060
65355 59110
65306 59153
65296 59159
65295 59212
65239 59236
65229 59259
65225 59266
65212 59350
65135 59351
65126 59354
65122 59361
65116 59405
65085 59407
65078 59495
65015 59498
65013 59540
65006 59558
64995 59613
64964 59647
64922 59662
64906 59682
64896 59711
64890 59728
64848 59737
64847 59779
64820 59782
64817 59789
64806 59796
64794 59831
64756 59873
64743 59897
64732 59898
64713 59924
64706 59943
64682 59950
64680 59992
64673 60011
64649 60026
64633 60031
64626 60038
64616 60046
64608 60056
64604 60063
64584 60064
64583 60112
64552 60146
64530 60147
64513 60148
64506 60149
64501 60198
64495 60202
64493 60233
64474 60252
64457 60292
64441 60300
64412 60305
64407 60321
64395 60327
64385 60328
64384 60341
64383 60344
64371 60354
64369 60366
64358 60390
64357 60391
64353 60408
64351 60439
64308 60440
64307 60447
64301 60459
64282 60461
64277 60466
64275 60508
64257 60515
64244 60542
64231 60564
64209 60576
64192 60590
64187 60593
64178 60612
64159 60628
64153 60643
64141 60653
64134 60684
64110 60687
64101 60721
64095 60728
64093 60745
64062 60779
64050 60796
64036 60818
64018 60822
64012 60839
63990 60840
63987 60856
63977 60865
63964 60867
63963 60877
63947 60891
63935 60913
63933 60920
63930 60943
63909 60962
63904 60974
63899 60977
63876 61028
63870 61045
63845 61062
63826 61080
63800 61092
63792 61101
63786 61113
63781 61114
63762 61180
63705 61203
63704 61215
63697 61218
63680 61220
63673 61249
63653 61251
63644 61317
63615 61322
63607 61330
63587 61340
63584 61356
63574 61364
63563 61365
63557 61382
63555 61424
63523 61440
63511 61457
63499 61465
63497 61479
63480 61491
63452 61526
63404 61556
63392 61604
63370 61605
63340 61611
63337 61616
63334 61639
63330 61654
63308 61688
63293 61694
63278 61705
63275 61710
63274 61741
63252 61742
63241 61768
63221 61776
63209 61793
63189 61811
63166 61894
63113 61902
63110 61907
63088 61916
63081 61923
63079 61941
63076 61965
63056 61967
63048 61968
63045 61972
63030 61979
63029 61985
63025 61995
63017 62002
63008 62007
63007 62011
63005 62015
63002 62031
62990 62041
62977 62055
62976 62070
62974 62085
62946 62089
62924 62104
62916 62120
62912 62129
62896 62130
62889 62152
62888 62156
62881 62163
62880 62169
62875 62175
62869 62180
62858 62186
62856 62222
62836 62223
62826 62235
62811 62268
62793 62274
62792 62315
62754 62321
62748 62323
62747 62334
62745 62338
62736 62357
62728 62360
62714 62361
62711 62370
62697 62373
62694 62382
62693 62405
62677 62431
62659 62438
62656 62445
62640 62446
62630 62462
62614 62467
62602 62471
62601 62473
62600 62529
62573 62539
62568 62547
62554 62569
62523 62585
62517 62613
62483 62627
62474 62628
62472 62649
62471 62652
62460 62659
62455 62677
62432 62680
62415 62710
62406 62727
62394 62737
62382 62752
62374 62762
62361 62765
62356 62767
62353 62792
62350 62795
62338 62805
62337 62816
62320 62828
62307 62846
62306 62850
62298 62858
62295 62872
62264 62890
62254 62898
62247 62924
62235 62958
62208 62968
62204 62992
62177 63002
62157 63006
62136 63031
62133 63055
62094 63072
62090 63106
62055 63112
62044 63131
62034 63145
62019 63168
62003 63179
61991 63196
61985 63200
61984 63209
61973 63210
61972 63243
61944 63253
61920 63288
61909 63303
61876 63329
61846 63340
61838 63359
61834 63366
61822 63383
61812 63403
61792 63406
61790 63412
61778 63461
61735 63512
61682 63515
61681 63538
61650 63541
61647 63553
61637 63556
61631 63557
61625 63578
61622 63588
61594 63598
61586 63601
61585 63606
61583 63628
61572 63640
61568 63642
61566 63656
61536 63662
61535 63663
61534 63700
61523 63715
61508 63717
61491 63744
61477 63751
61455 63762
61437 63777
61422 63779
61418 63802
61413 63804
61403 63840
61381 63845
61375 63853
61359 63873
61344 63887
61319 63917
61291 63927
61287 63934
61277 63937
61266 63958
61245 63959
61242 63961
61238 63972
61236 63973
61235 63992
61231 64005
61218 64023
61206 64040
61194 64050
61174 64069
61165 64072
61159 64083
61157 64093
61153 64094
61134 64106
61121 64109
61110 64124
61080 64136
61078 64153
61068 64154
61067 64175
61063 64179
61056 64202
61048 64208
61005 64267
60958 64269
60950 64289
60941 64320
60932 64321
60915 64352
60874 64367
60865 64368
60856 64384
60840 64387
60833 64397
60831 64418
60830 64421
60805 64432
60777 64447
60768 64458
60762 64483
60731 64489
60721 64515
60714 64532
60673 64542
60671 64591
60652 64601
60650 64615
60606 64669
60562 64679
60533 64699
60509 64705
60509 64705
60501 64728
60499 64746
60490 64750
60442 64758
60439 64779
60423 64803
60413 64823
60402 64827
60384 64859
60379 64881
60338 64887
60331 64898
60329 64918
60315 64925
60301 64941
60292 64942
60279 64959
60270 64975
60261 64976
60258 65000
60190 65019
60188 65029
60186 65054
60168 65064
60157 65071
60145 65081
60125 65086
60124 65094
60111 65139
60081 65154
60061 65155
60052 65159
60038 65213
59997 65228
59969 65230
59967 65232
59965 65235
59959 65292
59918 65307
59909 65308
59891 65327
59882 65341
59863 65350
59832 65384
59807 65385
59801 65391
59788 65392
59781 65410
59768 65428
59763 65442
59739 65445
59729 65486
59711 65503
59698 65520
59680 65537
59655 65553
59643 65563
59610 65569
59599 65571
59588 65596
59576 65632
59541 65640
59534 65657
59522 65682
59512 65692
59491 65716
59447 65726
59431 65736
59418 65747
59416 65760
59407 65776
59384 65793
59363 65800
59357 65809
59352 65813
59350 65851
59288 65867
59273 65898
59249 65917
59244 65950
59213 65951
59205 65962
59180 65967
59172 65978
59159 65979
59150 66005
59124 66006
59117 66021
59116 66028
59114 66039
59075 66062
59063 66072
59063 66072
59060 66096
59029 66130
59015 66137
58983 66178
58969 66185
58946 66202
58912 66260
58863 66280
58810 66285
58797 66287
58796 66288
58793 66292
58791 66296
58787 66343
58762 66346
58753 66360
58738 66386
58712 66387
58694 66410
58688 66419
58657 66453
58643 66460
58637 66471
58604 66487
58583 66497
58573 66505
58570 66514
58568 66523
58540 66544
58536 66572
58492 66575
58487 66581
58464 66598
58463 66610
58450 66626
58433 66632
58430 66656
58381 66683
58366 66709
58328 66735
58300 66795
58272 66818
58199 66820
58192 66822
58181 66827
58176 66833
58166 66850
58164 66856
58150 66863
58149 66865
58142 66867
58141 66895
58100 66922
58091 66933
58065 66935
58057 66944
58054 66968
58040 66975
57989 66979
57984 66982
57981 67006
57972 67007
57967 67013
57958 67014
57956 67019
57946 67021
57943 67035
57939 67046
57928 67079
57884 67105
57875 67106
57852 67133
57821 67167
57818 67191
57738 67239
57733 67245
57684 67265
57643 67271
57639 67276
57631 67287
57612 67331
57595 67336
57552 67340
57547 67346
57533 67372
57515 67395
57498 67405
57474 67454
57436 67464
57392 67493
57390 67506
57346 67510
57320 67547
57277 67553
57271 67573
57265 67579
57242 67603
57240 67615
57235 67648
57172 67656
57148 67661
57144 67665
57124 67673
57115 67679
57098 67696
57092 67703
57084 67718
57083 67728
57064 67748
57024 67753
57005 67770
56979 67798
56950 67814
56944 67825
56939 67869
56890 67889
56828 67897
56825 67943
56789 67969
56753 67970
56717 67981
56704 67990
56698 68002
56683 68010
56669 68025
56666 68029
56664 68033
56638 68036
56615 68062
56607 68093
56595 68095
56572 68109
56522 68122
56507 68134
56497 68147
56480 68238
56395 68267
56325 68326
56240 68359
56235 68360
56196 68367
56159 68386
56139 68427
56064 68478
56018 68485
56016 68504
55987 68525
55920 68532
55902 68554
55893 68564
55884 68565
55878 68579
55862 68580
55835 68604
55830 68605
55821 68618
55801 68626
55786 68647
55778 68662
55752 68688
55696 68719
55667 68761
55582 68790
55516 68821
55513 68825
55512 68849
55442 68865
55427 68882
55414 68887
55383 68890
55339 68902
55326 68950
55255 68958
55251 69001
55205 69008
55177 69009
55166 69034
55153 69039
55122 69079
55065 69102
55022 69127
55008 69141
54973 69170
54939 69211
54883 69242
54791 69267
54764 69273
54747 69276
54729 69293
54727 69303
54678 69363
54612 69367
54603 69370
54569 69381
54548 69384
54541 69386
54534 69412
54511 69421
54500 69430
54472 69432
54465 69441
54440 69452
54437 69471
54407 69488
54394 69496
54352 69500
54348 69513
54329 69514
54326 69521
54309 69531
54304 69552
54273 69564
54263 69579
54259 69610
54212 69620
54202 69647
54147 69673
54089 69675
54070 69682
54048 69698
54046 69708
53997 69728
53984 69737
53951 69772
53919 69790
53917 69813
53886 69825
53829 69833
53805 69838
53794 69868
53750 69893
53740 69894
53710 69899
53702 69936
53644 69948
53605 69964
53593 69966
53590 69970
53563 69976
53546 69978
53544 69990
53535 69996
53505 70005
53489 70045
53465 70057
53441 70088
53373 70125
53363 70152
53288 70154
53253 70161
53250 70180
53215 70181
53210 70186
53209 70203
53207 70213
53150 70221
53131 70239
53112 70277
53053 70292
53027 70306
52990 70338
52966 70343
52955 70373
52901 70399
52871 70404
52863 70441
52747 70454
52734 70457
52733 70464
52726 70467
52705 70495
52655 70498
52640 70506
52636 70523
52602 70593
52473 70609
52452 70611
52444 70620
52435 70651
52373 70658
52349 70671
52332 70681
52325 70685
52306 70715
52262 70716
52229 70741
52192 70755
52178 70761
52171 70772
52154 70775
52138 70780
52129 70781
52119 70782
52112 70783
52101 70796
52091 70811
52076 70817
52069 70831
52064 70837
51997 70855
51977 70856
51976 70857
51975 70867
51974 70874
51953 70906
51881 70913
51878 70925
51877 70932
51852 70935
51830 70961
51786 70964
51775 70970
51773 70983
51754 70987
51750 70992
51726 70993
51716 71008
51686 71016
51678 71053
51651 71063
51583 71072
51573 71090
51571 71098
51553 71111
51525 71116
51512 71121
51503 71122
51496 71125
51493 71141
51450 71145
51448 71186
51356 71188
51344 71198
51343 71210
51316 71217
51300 71222
51292 71234
51281 71244
51275 71257
51239 71261
51224 71263
51221 71287
51216 71300
51189 71310
51159 71313
51156 71317
51121 71319
51114 71327
51105 71334
51098 71342
51077 71357
51053 71382
51021 71388
51020 71396
51000 71397
50999 71404
50993 71406
50975 71442
50909 71447
50904 71448
50886 71452
50878 71467
50877 71474
50824 71476
50820 71477
50808 71500
50789 71503
50769 71518
50759 71534
50732 71544
50724 71550
50721 71554
50697 71560
50694 71564
50656 71575
50639 71579
50636 71589
50635 71596
50614 71598
50609 71599
50584 71627
50577 71628
50557 71637
50547 71652
50510 71660
50465 71662
50461 71682
50460 71689
50434 71692
50433 71716
50415 71721
50338 71724
50337 71731
50323 71746
50307 71765
50283 71780
50256 71790
50226 71805
50207 71806
50181 71809
50180 71816
50152 71845
50144 71850
50118 71853
50109 71861
50108 71873
50081 71883
50017 71886
50016 71898
50015 71905
50005 71926
49939 71931
49914 71941
49906 71961
49852 71985
49837 71993
49808 71994
49802 71998
49776 72001
49775 72008
49767 72014
49750 72051
49690 72063
49683 72090
49656 72100
49588 72101
49587 72108
49584 72128
49501 72135
49489 72158
49478 72171
49451 72181
49405 72189
49400 72208
49348 72215
49332 72240
49280 72241
49266 72245
49262 72247
49260 72256
49257 72263
49256 72266
49241 72283
49226 72306
49157 72329
49123 72341
49101 72366
49051 72399
48974 72401
48959 72424
48932 72445
48870 72447
48857 72449
48855 72466
48842 72472
48834 72475
48814 72484
48795 72487
48793 72492
48775 72501
48766 72502
48762 72514
48747 72518
48730 72530
48723 72532
48696 72542
48695 72551
48665 72559
48616 72579
48591 72605
48589 72646
48497 72671
48438 72681
48368 72688
48348 72701
48346 72706
48345 72729
48290 72743
48268 72752
48253 72754
48231 72769
48180 72778
48135 72784
48126 72796
48088 72803
48078 72805
48070 72847
48031 72849
48001 72852
47994 72879
47963 72904
47865 72910
47832 72931
47824 72936
47809 72939
47768 72941
47740 72956
47739 72979
47669 72980
47665 72988
47660 72991
47654 73013
47637 73023
47593 73046
47564 73056
47493 73070
47482 73074
47467 73075
47454 73081
47447 73088
47430 73095
47425 73113
47388 73129
47362 73136
47320 73139
47310 73176
47290 73179
47223 73183
47220 73219
47190 73229
47135 73248
47117 73253
47098 73254
47073 73257
47049 73259
47043 73267
47027 73296
46955 73318
46942 73325
46830 73331
46827 73335
46814 73368
46782 73371
46746 73374
46719 73390
46690 73396
46677 73429
46604 73453
46585 73454
46542 73470
46514 73496
46484 73506
46392 73531
46330 73539
46292 73540
46284 73545
46263 73548
46247 73557
46244 73560
46243 73561
46231 73566
46216 73584
46202 73606
46136 73628
46113 73640
46065 73643
46044 73653
46031 73658
46016 73659
45996 73662
45989 73666
45966 73678
45956 73684
45941 73701
45926 73702
45896 73712
45869 73723
45856 73730
45841 73731
45817 73739
45797 73749
45771 73778
45703 73784
45657 73796
45624 73816
45571 73817
45557 73820
45556 73822
45532 73823
45525 73843
45485 73844
45477 73849
45437 73872
45417 73874
45384 73891
45378 73894
45342 73926
45251 73935
45247 73951
45179 73957
45138 73969
45108 73978
45106 73985
45100 73989
45096 74004
45036 74022
44959 74023
44955 74029
44949 74042
44940 74046
44937 74049
44931 74053
44864 74071
44841 74074
44793 74084
44790 74100
44752 74111
44694 74112
44685 74131
44643 74138
44606 74141
44603 74143
44590 74148
44586 74154
44558 74171
44539 74181
44512 74195
44473 74200
44439 74205
44419 74228
44380 74240
44353 74273
44254 74279
44253 74289
44205 74290
44162 74313
44134 74318
44119 74364
43960 74389
43916 74391
43873 74442
43738 74444
43726 74480
43577 74495
43510 74498
43505 74522
43436 74529
43430 74531
43397 74542
43358 74553
43345 74560
43326 74574
43296 74584
43250 74588
43241 74603
43238 74606
43204 74609
43192 74614
43149 74637
43054 74641
43011 74644
43004 74666
42956 74667
42944 74678
42912 74702
42857 74704
42826 74710
42805 74711
42802 74718
42767 74729
42763 74734
42750 74750
42704 74758
42686 74761
42665 74775
42586 74785
42560 74795
42510 74804
42439 74816
42435 74823
42428 74834
42407 74837
42373 74853
42328 74858
42273 74877
42254 74879
42232 74880
42187 74885
42136 74898
42132 74904
42093 74915
42051 74936
42008 74939
41961 74940
41958 74949
41951 74960
41906 74963
41865 74968
41860 74980
41807 74984
41785 75021
41699 75029
41648 75036
41631 75050
41531 75074
41516 75086
41470 75093
41430 75094
41353 75097
41347 75107
41340 75114
41309 75121
41305 75133
41230 75134
41213 75145
41198 75157
41181 75166
41101 75173
41081 75190
41047 75206
40996 75219
40936 75227
40876 75228
40806 75241
40769 75250
40724 75251
40682 75256
40680 75258
40660 75259
40659 75269
40655 75273
40621 75289
40594 75296
40570 75302
40567 75309
40521 75313
40506 75319
40494 75320
40477 75334
40430 75335
40404 75339
40391 75342
40344 75343
40340 75349
40307 75353
40297 75355
40291 75366
40288 75375
40237 75382
40219 75388
40171 75405
40156 75414
40086 75434
40056 75438
40027 75450
39993 75466
39893 75490
39819 75497
39807 75498
39756 75511
39645 75526
39633 75529
39566 75533
39525 75539
39515 75543
39505 75553
39419 75561
39386 75566
39376 75571
39373 75580
39265 75588
39264 75592
39250 75606
39184 75607
39183 75608
39180 75617
39160 75624
39094 75625
39092 75626
39086 75629
39084 75631
39064 75638
39058 75642
39010 75646
39007 75655
38997 75674
38929 75678
38921 75683
38914 75687
38847 75690
38844 75707
38760 75733
38658 75739
38617 75743
38599 75744
38568 75754
38491 75778
38456 75779
38383 75788
38373 75792
38297 75796
38287 75800
38197 75820
38187 75824
38184 75833
38058 75847
38035 75855
37949 75863
37942 75880
37867 75882
37856 75888
37852 75898
37756 75912
37684 75917
37655 75922
37611 75930
37604 75942
37557 75947
37519 75971
37477 75976
37381 75983
37329 75993
37262 76001
37213 76002
37169 76010
37050 76012
37040 76016
37037 76025
36993 76046
36941 76056
36835 76057
36750 76086
36659 76093
36574 76122
36454 76131
36410 76139
36362 76149
36323 76164
36237 76172
36186 76185
36137 76196
35737 76209
35688 76220
35512 76226
35406 76227
35285 76249
35038 76292
