200 2
69234
426 546 90
479 802 240
851 675 573
764 625 417
491 423 738
422 941 242
581 130 874
769 537 523
399 765 599
545 543 280
488 110 886
804 728 387
424 445 499
952 528 331
709 17 916
516 824 252
842 601 543
876 978 2
642 143 734
963 707 211
994 43 948
688 395 533
612 628 427
634 89 661
739 774 285
762 8 996
435 467 633
807 703 208
782 463 759
627 467 733
483 707 116
576 836 646
511 112 783
740 441 569
751 316 338
758 727 94
840 436 715
560 797 233
990 660 865
526 503 573
496 711 163
670 981 38
709 850 356
661 309 591
783 63 962
509 481 332
758 897 262
999 974 291
923 865 213
480 747 340
586 59 962
514 664 268
613 793 207
638 322 356
910 714 573
576 874 170
579 396 578
553 216 476
909 18 985
910 62 771
409 587 775
738 889 142
668 357 698
850 248 496
850 639 221
480 826 246
854 777 615
777 116 959
561 305 702
746 88 948
467 277 453
636 989 72
614 833 283
519 628 267
775 268 485
386 561 345
722 143 956
612 93 633
821 826 190
689 780 762
744 444 530
937 801 123
806 360 475
621 131 913
762 832 108
750 360 521
937 141 676
803 733 220
730 882 29
560 128 678
753 560 302
556 819 325
807 630 73
661 149 637
409 786 484
915 444 269
995 576 138
572 254 806
942 938 97
552 476 790
490 132 738
997 608 373
983 115 524
807 898 185
510 487 877
598 831 305
827 268 311
792 922 39
763 927 412
602 420 669
647 266 371
607 655 767
902 527 870
915 608 552
735 96 667
723 978 54
783 777 64
848 599 235
869 225 630
864 488 623
983 121 869
986 429 260
699 433 438
790 114 873
990 555 342
400 636 161
408 26 602
931 217 930
434 335 565
965 80 853
998 304 748
557 973 30
612 152 811
388 510 572
705 972 56
617 955 90
837 804 146
882 414 635
753 445 380
511 82 455
388 151 879
807 198 781
833 998 20
501 799 370
608 870 34
915 172 680
522 354 540
711 686 281
484 439 803
508 942 85
730 566 152
484 860 276
388 505 285
968 641 533
722 405 729
665 213 861
733 293 487
854 579 595
531 637 415
654 501 289
644 115 821
702 699 216
403 719 106
853 535 636
746 193 944
627 390 749
453 544 483
767 966 20
999 56 968
733 658 348
873 871 56
590 662 417
840 794 117
776 969 60
732 905 203
781 168 241
840 630 456
602 637 321
816 341 614
821 996 5
447 901 90
767 331 659
445 525 466
738 118 687
633 529 653
516 85 864
488 904 134
970 591 192
677 544 830
574 126 536
408 812 222
969 141 950
796 920 19
509 327 776
542 198 623
751 268 440
557 875 254
1000 455 604
424 104 928
426 621 95
2248
57144 64535
73423 47760
55870 65349
75450 44294
74859 45367
53524 66734
55139 65804
75719 43781
65544 57647
74029 46752
73974 46816
61108 61624
72547 49108
58536 63569
53752 66597
71169 51033
71739 50252
49880 68544
44861 70394
74568 45870
69433 53250
68358 54539
61406 61402
57717 64145
46122 69991
62018 60883
68723 54142
44795 70421
75680 43830
51387 67824
59180 63117
68429 54455
69495 53166
52581 67252
73279 48073
63442 59640
57310 64436
50593 68201
66409 56732
67142 55945
56171 65182
71900 50038
60917 61781
47136 69608
55429 65633
71935 50032
50936 68050
53837 66546
63476 59610
72217 49601
40133 71587
64945 58217
43100 70931
70777 51551
70011 52543
74237 46398
61612 61232
56191 65137
70623 51758
68369 54538
76440 42340
75406 44335
74115 46637
67151 55927
59874 62585
43306 70892
76510 42255
59493 62893
64085 59057
62282 60690
54941 65935
63112 59948
68507 54364
64734 58419
64976 58181
54129 66407
69787 52811
66860 56249
46694 69775
40912 71423
60091 62447
58985 63254
67504 55533
74482 45998
55339 65693
74638 45757
59711 62720
66601 56519
42840 70989
55625 65498
72350 49447
67079 56000
69585 53063
64887 58266
54373 66250
72073 49812
63971 59133
44787 70425
62546 60452
76180 42929
61728 61168
40476 71507
73611 47503
71558 50565
50427 68284
76709 41817
71891 50073
70234 52281
65366 57827
64638 58549
76802 41636
59236 63078
63505 59604
74163 46560
63659 59433
76906 41464
73552 47538
77724 39436
78145 38297
78654 36188
69329 53379
69241 53495
46670 69781
77308 40540
61573 61271
70855 51474
63191 59858
74769 45551
60044 62469
71967 49923
58829 63369
43395 70851
67979 54993
76755 41681
75701 43810
48298 69171
67369 55707
67240 55822
64118 59021
53338 66806
53182 66904
66047 57155
78565 36645
55718 65450
74734 45571
50840 68142
78575 36546
63342 59739
59889 62573
58627 63541
41404 71322
70429 52017
48160 69242
70920 51431
71536 50617
64310 58818
57073 64566
56391 65026
73953 46848
52549 67261
64913 58250
70357 52113
72858 48652
72029 49853
73775 47191
64818 58362
41022 71413
70499 51909
76451 42307
75960 43381
72996 48478
63291 59786
73291 48017
46470 69862
41107 71377
70870 51443
54672 66077
75324 44451
68733 54103
71059 51199
65112 58063
51985 67546
56638 64852
59515 62874
57188 64501
47572 69471
73934 46932
73127 48301
78603 36518
71142 51089
71466 50655
57474 64306
48929 68920
73631 47425
59674 62754
78914 34281
70040 52540
57171 64533
75472 44214
56274 65105
48239 69232
63049 60006
41564 71306
74953 45195
74600 45831
62440 60536
78913 34321
67172 55920
62093 60837
72989 48488
68745 54090
46335 69915
77598 39829
45311 70266
49419 68761
70829 51509
49951 68505
64196 58943
60202 62362
56870 64699
40506 71487
45763 70103
54020 66434
57939 64010
65448 57701
59193 63101
62698 60314
77638 39757
73918 46942
61121 61621
75905 43440
57714 64156
58299 63763
39391 71692
76595 42017
64063 59065
78983 33575
50509 68252
50125 68406
59561 62831
61442 61383
60679 61998
73995 46789
69661 52992
64590 58587
75837 43543
52729 67172
66410 56714
75524 44135
69296 53424
62338 60622
69843 52739
62221 60711
50941 68030
75744 43729
62832 60227
54781 65987
64059 59072
63181 59886
39875 71602
77937 38840
56010 65250
68001 54974
65575 57611
52811 67097
65310 57865
40883 71428
66692 56441
78713 35799
70395 52061
77695 39608
78857 34760
75408 44309
69249 53469
77261 40664
73905 46957
57406 64403
64090 59037
78064 38507
60773 61911
57927 64025
60988 61719
36744 72020
53701 66643
76454 42297
62891 60146
67462 55576
72187 49609
46241 69960
57179 64518
56672 64830
73870 47013
69440 53242
63737 59384
72634 49022
70778 51546
63122 59934
54559 66157
47128 69639
52174 67434
73986 46815
56611 64856
59144 63148
69020 53744
62540 60454
44726 70460
70457 51990
67812 55177
61788 61084
44472 70543
78452 37060
76317 42570
69571 53065
69752 52848
53848 66531
77157 40826
60221 62355
56661 64834
77330 40488
55681 65451
73301 48001
47489 69515
47152 69601
60190 62367
55220 65736
50215 68387
74292 46346
64914 58241
65684 57485
45347 70226
58845 63359
60535 62114
57069 64600
62660 60352
66216 56973
55288 65726
74471 46024
71725 50291
72543 49117
41678 71256
56683 64829
69153 53584
65252 57948
56834 64738
58186 63843
76209 42842
69176 53573
46161 69962
72748 48853
50396 68332
37252 71984
71417 50710
39179 71735
75530 44130
74728 45577
54975 65917
58585 63561
72892 48610
73501 47671
63748 59360
54431 66204
49326 68768
42801 71009
72650 48933
74507 45959
64405 58763
54163 66389
65167 58003
77985 38688
76045 43125
78617 36341
49958 68492
75987 43300
45589 70158
42921 70967
65501 57655
72521 49169
50542 68219
73697 47294
67752 55251
78180 38038
78936 34229
67877 55102
74987 45112
78026 38617
78179 38042
74484 45989
68807 54069
47995 69290
62187 60768
73483 47715
73178 48162
65738 57423
71045 51201
58112 63884
43820 70741
64749 58406
56538 64931
76997 41190
58418 63667
56624 64854
65378 57790
61873 61022
75624 43984
62290 60673
51398 67808
76592 42080
68419 54459
62839 60177
65755 57404
77454 40238
74530 45933
72299 49483
68172 54767
76124 42994
74426 46141
57871 64064
58813 63414
64244 58885
62960 60094
77660 39705
72078 49780
73643 47421
48284 69177
66839 56285
68576 54298
66290 56866
78625 36271
77288 40592
49022 68882
55761 65401
69250 53461
69018 53749
60005 62508
71163 51062
49656 68610
68982 53795
56716 64806
61760 61100
77021 41123
71808 50161
50580 68213
70222 52286
68301 54601
61283 61556
44597 70508
49021 68894
68270 54650
56205 65126
60720 61973
64537 58598
60572 62074
78879 34708
73767 47212
49679 68606
78707 35949
69619 53053
50098 68446
71640 50447
61924 60955
55055 65867
70009 52564
44111 70628
68454 54448
67945 55059
69466 53219
72382 49363
73947 46855
51500 67786
75878 43458
70569 51854
61071 61655
51238 67902
72307 49454
54920 65943
65217 57961
48063 69288
57583 64238
70577 51830
43175 70920
75151 44791
45031 70345
69920 52649
52498 67274
58309 63740
65170 57970
55640 65487
71340 50842
59034 63241
43060 70938
66050 57116
69059 53717
60603 62052
46535 69849
42150 71162
67486 55546
65675 57504
62218 60713
76665 41864
72587 49076
73940 46865
76732 41774
68929 53872
73083 48376
73665 47420
57459 64328
63825 59290
62744 60270
70427 52048
61085 61651
62512 60521
69207 53507
48686 69020
44609 70486
78289 37757
78462 37011
51019 67998
71015 51251
64498 58637
74217 46477
55925 65304
62727 60302
73422 47783
44145 70616
75083 44934
68559 54310
67521 55517
66213 57012
44659 70464
54582 66139
72660 48929
64234 58913
69808 52806
54016 66438
68190 54750
65992 57165
66269 56885
60753 61950
62903 60132
55968 65278
76562 42107
49731 68597
42768 71021
63321 59747
68410 54465
65693 57484
62513 60476
57516 64300
50633 68181
64759 58402
61930 60951
64258 58874
68858 53959
74865 45339
70383 52089
56497 64967
62611 60382
73084 48308
67670 55370
53902 66514
63953 59177
53610 66671
40719 71443
68949 53853
58707 63465
68299 54611
58395 63687
48119 69285
77381 40322
73814 47106
65614 57582
78884 34492
78196 38027
46868 69710
55801 65384
41589 71304
61341 61436
75760 43688
68692 54169
70821 51510
75145 44817
64175 58974
66748 56356
70667 51717
60338 62227
56307 65084
68845 53974
78836 35332
76137 42978
78722 35755
55805 65368
70090 52464
59102 63189
71096 51161
47604 69462
77839 39199
75742 43732
66845 56266
47116 69644
63156 59906
68683 54182
63736 59398
61913 60973
57624 64209
49238 68816
71168 51042
67811 55192
68357 54542
62677 60322
75767 43681
70343 52127
73349 47899
72920 48576
38494 71801
40837 71430
47954 69329
77865 39085
61811 61082
78963 33993
66671 56472
58088 63912
76315 42624
47789 69377
76225 42816
74676 45677
64417 58726
71290 50895
77689 39618
68164 54798
73884 46988
67257 55814
73509 47636
54736 66047
71999 49900
61752 61117
59979 62513
61036 61701
36914 71991
69621 53022
62344 60620
63315 59768
54531 66172
49426 68736
77089 41056
61678 61204
77817 39251
62971 60080
58951 63275
69491 53177
38587 71798
40737 71441
57105 64537
62807 60242
45354 70221
63101 59965
77930 38903
60892 61813
60562 62087
66060 57090
44123 70624
77046 41071
67857 55154
59688 62728
38476 71822
78790 35453
61983 60919
51752 67651
69838 52740
54276 66309
71100 51134
61203 61567
41826 71232
65283 57928
61106 61634
60390 62218
67367 55756
57104 64554
55486 65595
71952 49958
69400 53273
63960 59151
67948 55020
41673 71260
66679 56443
62378 60608
73308 47986
52760 67109
60973 61756
55970 65271
48980 68910
47553 69482
62055 60857
51751 67668
69186 53550
76614 41957
62632 60380
63237 59816
44479 70542
59640 62785
62601 60392
56503 64952
69144 53589
77984 38721
63556 59532
56785 64787
71809 50151
46674 69778
69420 53264
60437 62162
74614 45790
75304 44510
40351 71516
51870 67597
72170 49641
72156 49706
55989 65261
78850 35079
74139 46579
68501 54391
64897 58255
72680 48925
61040 61679
78767 35575
58704 63486
57700 64161
70811 51515
78892 34443
70763 51624
78341 37538
70634 51739
65206 57963
44153 70614
59468 62915
57324 64404
60107 62413
75813 43610
45458 70201
43658 70756
69479 53183
41642 71262
61898 61007
43945 70706
47872 69332
73320 47950
47421 69545
69852 52727
66780 56335
52603 67200
66242 56925
69777 52818
69398 53316
72706 48895
44276 70581
72797 48790
60121 62410
60241 62326
65883 57257
45576 70170
64728 58437
65961 57213
46270 69949
75864 43525
59116 63156
40862 71429
78478 37003
44072 70643
63365 59703
57874 64038
73315 47970
52464 67284
53282 66864
66243 56903
66356 56780
59459 62942
58960 63258
73181 48155
66928 56188
52124 67480
62583 60426
45334 70241
58906 63323
57079 64562
53885 66524
59038 63213
58257 63780
64732 58420
77782 39348
51658 67686
57665 64170
76043 43131
46904 69690
76240 42742
63255 59814
55930 65300
76307 42652
73531 47571
53969 66459
75769 43651
68906 53890
76203 42860
75789 43629
76399 42506
54055 66419
46984 69655
48901 68947
69820 52769
61610 61245
76268 42696
49770 68578
74880 45331
65776 57386
72836 48707
44176 70605
56196 65131
44953 70382
44999 70349
75777 43632
62752 60253
41205 71349
71312 50843
76066 43097
69261 53457
68584 54261
61945 60947
72792 48822
61412 61387
74121 46632
58174 63880
77369 40360
63641 59453
69890 52698
62735 60285
61688 61178
65583 57606
58525 63585
75254 44615
74464 46067
68248 54693
69870 52725
75411 44306
67914 55082
54417 66231
67929 55061
76928 41412
78251 37867
75201 44761
64645 58527
72033 49830
68386 54519
58889 63345
48516 69090
46437 69885
65768 57400
74680 45669
70924 51354
78942 34193
51961 67569
62202 60738
63754 59343
69760 52830
76041 43138
39795 71613
70359 52106
70975 51292
78907 34357
55463 65615
69649 52998
66958 56155
76344 42537
75869 43476
59107 63172
38638 71785
65055 58115
64844 58340
67626 55387
75495 44174
66354 56799
53508 66747
55762 65395
47662 69456
55026 65884
74512 45954
73330 47934
74408 46162
54706 66059
74183 46538
61835 61043
47708 69428
58508 63607
47981 69294
72590 49063
56718 64801
47724 69409
71145 51078
46053 70029
68574 54300
62108 60828
42717 71053
50524 68230
49042 68866
67513 55523
62595 60394
78445 37169
73421 47800
61971 60944
56516 64936
49888 68513
53617 66666
74040 46731
52764 67101
53150 66907
45742 70113
63280 59800
57519 64274
73589 47505
45481 70194
51071 67967
52192 67405
50004 68473
65967 57203
74762 45561
59048 63197
77290 40577
70717 51638
55763 65386
78093 38420
74387 46178
69727 52885
68094 54849
61604 61249
40702 71472
47865 69338
57787 64102
74430 46112
70955 51322
55812 65363
78730 35715
68045 54929
58359 63739
69845 52732
71784 50242
72161 49671
77935 38863
56980 64652
41429 71320
53933 66484
73812 47123
77788 39338
75128 44877
77050 41066
56953 64671
70184 52319
75891 43444
73868 47023
76087 43090
76760 41678
78177 38103
69716 52888
42523 71069
65833 57337
63038 60028
47803 69376
77886 38979
66938 56162
75963 43319
68710 54163
63021 60060
73508 47655
44962 70378
45868 70071
52589 67216
77804 39296
45944 70066
72094 49779
68927 53873
70452 52003
68002 54957
76601 42012
71505 50632
61390 61431
73021 48448
41142 71361
61064 61675
60099 62421
59567 62826
58515 63604
49556 68658
75106 44929
55721 65436
78270 37791
61908 60984
41772 71240
56015 65244
58716 63449
45404 70214
73892 46961
74295 46299
52283 67387
62776 60246
70959 51295
69978 52591
44651 70470
69490 53182
67860 55115
59115 63167
43525 70810
45979 70041
59753 62700
62835 60188
63131 59921
62246 60696
54310 66294
78752 35598
61358 61433
58957 63260
57480 64303
67561 55497
60647 62015
75672 43897
62001 60901
58708 63458
65495 57659
60161 62386
57207 64495
47495 69491
53630 66655
69371 53323
55125 65809
65038 58130
66226 56947
46136 69974
66811 56325
62935 60108
56553 64909
58642 63490
62654 60354
74861 45352
74019 46763
73564 47531
45510 70191
61314 61488
58926 63285
46128 69975
44310 70576
70697 51657
67813 55173
67725 55289
61634 61206
76231 42790
68580 54262
77140 40917
79021 33196
58021 63938
50614 68192
73465 47759
74088 46718
77505 40026
46580 69848
64927 58239
66160 57015
58401 63670
59954 62536
75384 44387
52926 67046
51014 68018
62576 60448
46443 69878
59877 62581
39808 71610
67204 55860
66298 56841
70144 52361
60498 62147
52305 67378
45644 70140
64708 58474
56073 65229
57987 63958
36066 72067
60851 61861
54211 66367
74832 45428
67674 55341
43692 70746
70128 52394
74924 45282
43946 70662
67807 55233
55507 65577
72492 49193
72483 49224
62046 60875
77455 40159
69055 53728
78549 36754
70622 51818
75832 43565
51261 67880
74437 46075
62008 60884
61516 61325
59866 62642
49134 68863
50533 68229
75651 43903
56950 64697
43416 70824
74576 45866
74772 45512
71437 50696
75640 43930
58178 63852
49188 68839
75312 44473
59444 62954
64813 58364
72832 48716
64981 58177
58388 63698
78738 35620
63855 59271
59604 62799
41315 71343
47041 69651
72186 49629
57253 64483
58823 63402
71235 50984
57838 64090
47320 69560
64548 58596
73393 47858
71896 50055
61030 61709
46457 69865
78363 37521
52175 67415
75263 44594
61500 61335
73760 47242
68810 54030
68342 54599
69567 53075
74788 45469
56733 64797
69712 52935
48362 69155
42543 71064
53127 66936
50655 68145
73480 47723
70540 51896
69228 53501
59334 63036
69665 52981
39683 71644
64203 58920
66708 56396
57974 63963
75699 43826
76545 42156
72887 48642
38749 71776
53651 66648
52910 67059
68071 54872
55576 65535
69126 53611
76533 42187
60831 61863
37831 71965
47010 69654
75157 44790
67917 55079
73744 47252
67233 55844
50424 68289
47201 69599
56544 64916
71370 50753
72602 49039
64528 58608
38404 71862
42864 70988
77849 39096
39191 71720
78009 38676
71944 49978
55373 65678
41264 71345
73537 47568
64354 58805
61843 61026
71362 50790
52763 67102
50924 68058
75570 44039
75996 43244
72008 49855
62193 60766
64448 58705
63211 59846
61038 61680
69972 52597
67311 55776
69987 52576
59047 63198
49039 68876
63457 59614
70722 51633
72570 49105
46663 69793
49735 68579
65331 57861
69826 52744
65192 57968
70496 51937
53146 66916
60450 62161
59237 63071
68538 54333
59074 63193
75079 44946
74503 45982
72658 48930
58065 63932
74369 46247
72931 48567
72843 48683
68011 54938
50731 68143
47769 69408
79001 33556
77045 41097
38747 71782
53952 66463
65719 57462
67076 56008
70836 51488
62321 60640
47293 69564
63690 59425
76460 42285
64362 58771
72693 48901
46586 69823
64690 58493
53430 66773
59632 62795
60317 62260
57553 64264
73549 47546
72640 49010
73046 48386
39666 71656
64490 58669
51890 67589
62064 60848
71421 50699
69128 53600
65394 57763
48322 69160
46809 69729
60857 61837
62402 60583
75388 44379
58468 63638
71265 50945
66099 57063
73235 48114
71787 50203
64369 58765
62146 60778
55214 65750
70962 51294
58278 63778
78415 37213
46774 69748
61335 61438
75421 44304
57321 64421
67963 55008
77159 40821
53429 66798
63763 59341
45736 70137
63214 59836
53028 66985
59543 62856
77981 38799
56150 65183
70123 52422
59263 63067
75774 43646
72239 49559
52619 67194
78219 37953
48479 69098
43232 70904
42915 70968
60829 61872
57781 64117
68950 53849
78969 33957
52376 67329
58728 63439
73415 47806
56468 64976
46788 69745
76992 41215
52680 67182
51446 67803
56711 64819
70476 51943
42403 71094
56851 64713
61287 61496
68355 54578
62331 60634
50167 68395
67396 55669
75215 44684
66137 57020
71356 50802
60919 61779
48383 69143
45786 70092
53653 66646
55895 65320
67875 55114
59780 62674
56254 65109
42188 71146
75604 44006
70310 52153
46300 69940
63072 59971
51257 67886
77020 41146
56797 64755
62299 60658
56107 65211
55191 65770
71696 50353
60623 62023
73490 47705
59787 62654
63954 59163
57664 64196
41137 71372
58047 63934
78169 38207
52946 67026
69773 52829
65141 58057
77871 39044
76995 41210
69476 53216
65669 57538
44831 70406
41335 71329
62912 60112
70683 51674
74002 46774
74965 45164
76703 41861
78318 37670
72134 49738
78668 36062
71074 51186
75764 43684
47859 69356
49567 68654
77156 40876
75166 44781
52104 67511
44734 70451
71602 50524
67820 55168
45148 70319
67481 55559
76097 43075
53721 66627
51167 67946
62143 60810
65485 57700
65936 57227
48847 68980
62007 60885
58420 63639
59417 62962
62782 60244
72095 49760
70773 51580
68838 53997
44877 70391
46760 69770
74050 46720
37951 71916
60299 62266
62252 60694
48259 69196
75916 43422
50492 68279
52347 67367
68055 54904
56377 65039
59646 62762
62681 60318
48378 69152
61601 61263
59557 62833
46856 69715
49789 68572
66554 56615
46142 69963
75130 44849
76999 41175
61170 61570
74006 46770
66569 56594
71161 51064
72305 49466
56965 64656
77214 40727
61824 61047
57257 64455
58827 63374
62941 60106
66707 56420
54423 66214
42581 71057
76833 41529
77404 40298
65994 57158
69925 52636
55739 65402
54316 66273
76336 42565
54772 65995
47347 69557
68518 54354
63067 59994
46925 69684
76261 42736
64874 58331
64109 59022
63846 59286
45819 70082
45340 70227
70988 51271
51144 67966
74652 45731
73702 47280
70624 51748
73361 47890
61557 61290
67269 55791
73577 47514
71964 49945
59553 62853
71461 50673
69566 53089
39793 71634
64531 58607
56990 64618
75057 44998
51032 67989
67119 55968
55170 65789
73857 47046
67063 56073
52362 67341
58737 63434
68530 54341
59968 62515
57962 63968
67201 55899
64714 58440
53056 66976
77491 40064
60426 62166
77408 40258
62945 60102
73969 46819
48426 69132
44067 70646
75358 44414
70082 52466
77474 40096
66457 56685
42131 71197
75297 44520
53608 66707
63416 59692
74975 45143
58922 63313
64021 59128
66593 56545
70130 52362
54594 66100
65802 57364
38599 71788
62337 60632
53312 66830
72190 49604
49649 68622
69496 53164
75349 44423
48120 69246
62418 60562
60321 62242
73989 46810
68558 54314
69124 53642
59757 62694
40543 71483
73936 46920
46981 69668
68904 53904
76738 41730
70274 52240
61398 61413
76831 41549
72391 49342
63475 59611
67444 55610
55738 65418
54767 66004
65727 57432
57085 64557
65881 57261
62746 60255
44004 70660
70523 51897
69293 53428
44536 70526
74798 45464
55827 65351
77017 41158
73017 48469
65834 57306
71202 51031
58534 63572
74338 46275
66076 57068
78414 37382
74358 46253
66925 56227
77121 40986
57949 64001
53843 66535
71127 51122
77009 41159
70949 51344
73466 47742
73520 47633
69680 52947
68493 54403
60160 62400
76236 42785
73949 46849
71021 51225
72354 49414
63190 59877
45637 70147
68506 54378
60305 62265
67007 56093
70388 52071
69541 53138
53993 66456
75989 43294
66388 56758
69746 52869
62204 60721
48979 68915
69114 53681
67808 55216
78805 35451
78254 37792
76019 43178
46947 69678
57084 64559
62032 60879
76111 43032
66486 56664
57312 64423
73963 46845
55826 65354
70689 51667
63236 59826
71393 50737
59267 63040
51042 67973
77383 40307
63873 59251
76116 43003
76406 42427
45568 70182
68902 53918
64184 58963
56421 65010
58758 63427
52203 67403
38491 71803
49536 68702
76052 43103
56035 65239
70318 52146
61818 61049
77833 39209
76475 42275
61731 61129
63337 59742
72541 49122
62638 60378
65851 57303
53866 66527
64524 58636
74939 45196
65052 58117
73939 46887
66351 56838
54615 66092
67592 55438
64431 58709
48763 68993
58925 63293
53325 66818
40785 71439
77875 39039
70368 52096
44301 70580
76062 43102
77353 40391
58245 63799
77746 39419
73879 46994
70256 52269
53803 66564
71140 51120
75453 44226
62849 60166
73222 48121
39955 71597
76275 42693
67132 55952
54375 66237
57668 64168
56348 65052
50286 68366
48301 69168
63926 59188
46139 69965
48263 69178
76280 42664
54259 66327
54325 66272
63547 59542
44888 70390
52745 67159
55964 65290
74657 45724
73171 48196
55654 65479
70996 51269
60451 62155
67749 55254
67615 55403
41105 71399
65889 57256
55008 65892
62904 60115
69714 52902
56800 64744
67101 55978
59499 62876
73723 47253
75459 44218
74840 45372
62307 60655
38176 71879
71969 49910
64497 58644
58504 63635
42405 71072
69422 53260
78209 37971
75748 43719
43369 70855
78856 34929
63220 59834
77340 40447
71659 50363
70976 51273
61921 60969
51848 67649
49935 68507
68208 54734
74532 45907
73494 47672
40466 71510
51586 67765
75382 44393
63707 59404
77091 40995
48637 69085
70181 52358
73785 47182
70797 51544
65556 57631
74548 45892
55159 65791
76134 42986
73039 48417
70655 51725
70430 52015
63387 59700
43526 70793
75402 44348
68066 54892
72301 49470
70062 52528
65000 58172
56513 64942
51179 67912
65307 57914
69177 53562
65818 57343
48466 69100
76029 43170
66735 56376
65445 57740
56357 65044
51615 67697
75331 44445
59118 63151
58706 63472
70651 51731
62306 60657
77311 40495
56458 64983
76263 42704
76193 42868
55122 65822
75241 44636
75675 43845
59284 63039
73169 48216
77570 39937
54640 66084
76011 43242
49845 68545
53134 66920
63546 59562
76016 43213
56044 65235
63265 59808
52142 67456
77215 40684
46656 69803
48673 69033
61761 61099
74256 46384
75377 44394
69542 53120
66514 56655
62394 60603
69318 53412
57438 64342
65399 57758
68866 53925
76754 41722
45227 70307
75027 45071
53252 66889
60967 61768
67995 54980
56442 64993
59353 63008
78392 37434
38572 71800
61628 61221
63530 59567
60791 61893
70698 51653
46117 69996
66245 56889
78017 38661
70867 51467
62593 60416
55816 65362
72035 49817
74467 46028
66107 57040
45857 70078
40316 71523
68259 54657
67563 55448
65919 57254
39957 71590
72896 48577
68408 54493
70665 51718
74234 46472
77906 38950
69285 53454
70488 51942
62102 60830
52692 67180
62855 60164
61990 60917
68959 53814
59870 62614
66612 56515
70303 52161
75248 44620
39521 71674
46935 69680
52418 67327
78920 34245
68671 54206
72649 48942
74391 46167
63299 59773
63811 59310
55874 65321
73575 47530
58588 63545
53925 66491
45959 70043
38926 71765
44249 70592
73796 47125
45377 70218
60014 62492
56244 65124
68971 53801
63896 59246
73336 47900
75317 44467
71669 50360
67574 55447
60344 62223
36806 72006
41971 71213
66428 56712
76322 42567
49998 68479
74146 46578
69520 53161
73668 47362
47288 69587
47837 69357
55067 65848
69553 53114
76964 41252
59590 62815
69758 52845
65390 57774
66768 56343
52988 67024
70708 51647
64494 58656
53835 66551
51613 67706
76862 41505
73141 48231
72964 48535
53236 66902
74954 45187
61318 61474
48391 69133
71297 50851
39074 71739
65596 57591
73694 47333
74433 46095
62441 60527
43432 70817
46090 70000
69036 53740
70293 52199
69813 52794
66642 56509
44858 70402
44763 70430
71388 50745
78253 37806
64252 58876
61497 61374
62865 60158
42314 71133
69423 53255
61587 61267
53089 66945
41167 71350
73841 47100
66819 56299
72296 49522
49632 68649
61841 61039
43827 70722
68226 54702
69016 53775
70673 51679
72006 49868
70104 52425
58739 63429
66870 56237
55872 65340
69253 53458
57723 64129
76288 42657
53348 66804
78683 36060
46503 69858
63345 59725
52660 67190
64300 58865
38971 71753
66105 57049
76038 43161
49985 68484
64149 58997
64876 58279
70473 51976
54753 66005
68298 54640
64778 58387
44797 70418
70091 52441
62213 60716
70957 51307
63785 59336
68370 54521
66368 56762
56007 65254
50101 68407
57184 64507
72539 49153
60051 62452
57590 64228
43637 70780
64039 59108
46838 69717
69449 53238
43308 70870
52431 67315
78883 34678
71853 50110
69464 53223
55662 65457
74699 45664
70552 51873
74541 45901
44340 70564
57280 64452
68488 54404
58376 63717
43420 70823
43006 70954
39351 71704
76765 41673
44274 70591
75820 43566
61901 60993
75062 44970
73711 47258
70186 52318
69185 53556
39924 71601
65031 58148
67723 55338
75872 43468
68644 54256
72250 49535
78491 36881
69934 52632
55657 65476
54976 65901
63921 59222
69204 53546
60909 61798
71394 50718
60334 62241
58209 63823
72163 49651
60236 62343
56610 64877
57182 64514
64472 58692
78646 36238
57422 64346
59673 62760
48750 69005
62755 60248
77185 40789
44143 70619
71215 51016
69780 52816
47966 69310
62205 60720
75568 44094
77666 39642
68396 54517
67881 55091
74711 45641
59947 62568
48934 68919
77469 40116
70101 52434
64958 58190
63362 59707
44898 70385
75477 44213
55073 65824
73357 47896
76153 42955
67740 55273
73709 47264
44347 70547
59540 62859
41638 71291
59750 62705
59370 62978
73134 48237
62538 60469
52200 67404
73396 47828
63631 59500
68522 54346
75497 44168
76107 43045
48864 68953
66841 56270
47442 69523
78340 37618
72461 49276
70315 52147
54890 65981
59357 62980
78515 36832
73174 48165
65778 57383
61324 61455
59684 62737
48503 69095
62231 60704
61316 61487
76048 43116
75838 43535
62145 60780
64146 59019
61893 61010
58639 63495
56864 64701
67652 55379
68860 53945
51667 67676
62672 60338
74667 45682
59183 63106
75273 44558
44242 70600
65934 57235
56336 65075
54044 66431
71998 49909
57755 64127
75035 45031
59823 62648
67092 55986
76636 41951
69355 53371
65144 58018
75281 44534
70203 52305
69715 52896
57530 64273
70830 51500
65061 58105
57720 64141
54458 66197
56802 64739
50048 68469
55602 65502
44020 70650
61782 61091
56178 65140
52805 67100
74314 46294
75054 45021
60421 62202
59967 62526
71091 51167
44971 70350
72417 49317
77528 40002
69099 53687
65488 57661
74718 45602
61167 61619
77026 41103
45131 70344
48182 69236
69747 52861
67419 55655
75580 44025
68161 54837
55559 65553
68285 54643
59010 63253
71652 50394
62885 60148
65409 57754
45446 70211
45748 70104
59220 63099
72034 49821
50186 68388
73672 47334
71850 50149
65879 57294
51515 67775
40270 71525
72251 49526
72465 49226
48448 69103
57599 64219
68206 54736
63451 59634
74781 45491
71040 51219
64787 58386
68084 54859
62729 60287
75207 44696
40208 71549
77279 40627
54635 66085
61684 61189
67611 55429
59154 63131
66407 56753
59037 63220
67534 55511
51181 67907
74486 45987
74994 45082
65166 58009
61817 61080
57695 64164
69812 52795
76428 42419
50648 68166
71791 50198
41752 71247
50918 68063
64966 58185
77496 40044
41824 71235
53441 66756
44647 70485
56642 64838
58028 63936
55144 65795
65420 57753
62842 60176
42318 71105
71653 50385
76265 42698
73787 47131
54801 65986
72821 48735
48444 69123
77717 39495
78903 34367
69245 53484
60875 61822
51281 67863
76663 41926
74266 46347
60941 61773
77191 40733
66438 56694
67066 56034
71806 50190
45924 70068
77957 38811
74903 45326
51049 67970
49252 68780
53950 66466
65988 57168
79010 33339
69143 53594
53132 66922
76957 41325
75230 44674
66983 56121
46407 69892
61525 61307
77235 40668
75738 43768
66732 56395
71296 50883
56561 64898
65086 58091
52880 67087
74936 45251
73199 48141
75628 43938
74595 45861
75320 44459
78116 38323
48720 69012
69131 53596
56030 65240
55394 65667
71261 50982
52266 67394
49450 68713
46368 69913
69946 52618
63593 59518
60278 62316
38985 71751
63421 59671
59887 62580
68472 54426
66849 56255
51367 67861
69917 52676
76429 42359
58005 63956
57418 64388
51606 67734
50844 68085
70277 52201
62284 60675
56599 64879
60980 61726
60164 62372
76827 41587
43550 70791
59160 63126
