50 2
17790
506 542 556
800 610 471
478 813 43
910 468 111
557 332 551
850 271 553
838 924 191
406 573 306
923 960 89
950 562 370
423 252 924
935 281 805
557 685 511
624 149 799
928 152 649
759 325 388
939 754 129
856 631 485
971 147 761
882 469 800
584 675 247
744 995 51
657 833 374
444 982 26
824 952 227
512 500 238
724 866 420
458 832 243
574 663 589
467 412 240
988 944 26
839 557 498
391 128 760
555 347 483
586 881 74
475 907 79
833 293 557
881 841 10
824 749 521
915 740 275
398 183 878
443 784 253
390 779 209
1000 126 671
805 771 135
901 678 658
791 607 762
754 506 288
975 726 245
755 159 599
152
20967 6533
20964 6824
20936 6940
20912 7076
20902 7207
20888 7353
20823 7596
20812 7811
20809 8102
20794 8170
20750 8194
20747 8485
20732 8553
20609 8741
20586 8821
20583 8880
20571 8889
20552 9020
20522 9028
20518 9123
20503 9191
20451 9361
20436 9429
20402 9456
20394 9583
20374 9731
20330 9912
20287 9988
20272 10056
20217 10153
20202 10181
20186 10253
20171 10321
20167 10560
20093 10573
19977 10606
19976 10760
19923 10787
19900 10846
19824 10883
19806 11028
19747 11091
19699 11212
19686 11250
19684 11280
19631 11338
19543 11340
19523 11516
19522 11548
19508 11584
19462 11634
19404 11819
19351 11846
19324 11864
19264 12169
19190 12182
19055 12311
18981 12324
18949 12428
18897 12476
18821 12491
18768 12518
18705 12595
18688 12618
18551 12625
18536 12693
18524 12695
18471 12811
18383 12938
18182 12939
18178 13105
18104 13118
18016 13150
17942 13163
17852 13166
17844 13238
17797 13269
17777 13302
17752 13304
17703 13315
17652 13422
17564 13424
17477 13545
17288 13563
17271 13718
17021 13788
16961 13817
16941 13850
16867 13863
16818 13875
16772 13915
16684 13917
16620 13985
16612 14048
16566 14088
16478 14090
16371 14112
16302 14147
16249 14174
16208 14193
16193 14196
16165 14285
15996 14302
15901 14344
15848 14371
15658 14374
15606 14395
15576 14430
15502 14443
15449 14451
15405 14456
15400 14568
15231 14585
15136 14627
15083 14654
15039 14687
14993 14727
14918 14780
14830 14782
14729 14786
14676 14813
14654 14839
14580 14852
14513 14868
14426 14893
14423 14941
14162 14952
14159 15000
14085 15013
13859 15023
13799 15068
13663 15112
13464 15117
13462 15125
13399 15171
13346 15198
13299 15206
13145 15211
13060 15253
13013 15261
12986 15266
12969 15278
12895 15291
12631 15350
12578 15377
12153 15382
12071 15386
12018 15413
11727 15424
11711 15454
11658 15481
11349 15498
