50 2
16966
847 757 128
640 701 488
933 372 566
900 949 286
970 597 732
886 544 567
821 593 655
340 70 742
512 811 75
858 167 926
565 704 189
606 788 88
596 728 224
994 364 553
477 308 416
612 670 442
722 850 218
721 628 182
797 221 941
682 403 554
393 713 295
792 775 150
797 453 307
580 934 48
876 652 298
491 684 176
773 70 769
530 140 802
386 645 593
955 871 151
832 83 629
763 241 821
982 184 686
357 142 629
700 537 282
332 252 750
985 96 880
532 593 621
410 788 144
520 314 848
456 313 844
359 726 503
476 78 966
627 669 141
931 416 675
822 986 17
437 617 495
533 108 820
1000 560 237
827 822 215
169
16798 14197
15752 15263
13683 16834
11324 18011
17345 13347
15984 15151
15392 15612
14265 16625
18668 10741
15375 15754
17252 13503
15007 16078
18499 11152
18816 10322
18959 9932
18863 10199
13680 16874
16596 14339
18438 11291
19098 9482
18543 11121
14035 16766
16749 14227
18269 11702
15074 15899
14474 16447
19023 9595
13722 16830
17552 13019
17377 13329
15637 15411
17121 13650
14593 16394
17050 13672
13508 16995
13309 17097
12181 17791
12903 17385
13049 17286
16446 14481
17862 12615
18652 10849
13079 17238
16585 14425
12432 17656
17791 12646
15695 15347
18380 11366
12673 17526
17103 13667
17032 13689
18867 10093
17030 13765
16435 14492
16987 13922
13308 17118
12776 17486
17959 12260
16307 14654
13868 16790
15083 15844
11892 17793
11650 17915
18164 11872
17027 13875
12333 17718
16426 14601
11063 18200
15202 15791
12546 17627
18412 11348
16042 15130
15681 15405
12993 17291
10110 18340
16264 14868
14998 16113
19223 8493
17830 12633
17342 13398
15040 16058
11460 17966
14625 16252
9922 18460
17443 13166
16271 14690
16654 14275
17991 12242
18915 9963
16955 13940
13326 17076
11765 17894
17293 13462
18378 11430
15430 15599
15132 15841
14181 16726
13411 17000
17868 12390
15260 15770
16331 14615
13078 17245
18466 11207
17900 12342
19225 8141
10894 18261
18236 11757
17178 13596
16145 14921
13181 17205
16282 14679
15488 15563
16865 14142
18993 9652
14879 16166
16660 14255
15607 15510
12951 17346
17161 13603
17917 12296
18868 10032
11356 17998
16493 14428
17541 13131
17913 12301
18120 12188
17584 13001
15856 15259
9461 18522
19275 8082
13731 16795
13084 17213
11277 18073
19189 9382
17675 12859
17770 12691
18560 11010
16630 14280
17604 12881
17949 12278
13436 16996
13582 16897
18773 10571
15148 15794
13603 16883
13363 17039
16100 15066
18975 9824
18330 11560
18178 11838
13576 16948
17566 13018
17509 13149
14648 16239
14465 16502
17194 13567
10370 18273
17404 13285
17738 12709
13236 17140
18580 10962
16883 13955
11150 18174
17700 12746
10602 18262
17643 12877
11254 18142
17335 13435
15865 15204
