10 6
876
196 231 168 187 145 93 130
186 288 255 133 17 53 18
286 41 62 11 193 220 86
35 95 4 186 201 146 212
63 5 23 91 236 23 110
213 115 240 231 103 28 64
251 80 213 71 253 274 213
146 28 298 14 122 3 199
155 280 111 50 284 133 141
220 288 83 265 103 155 196
46
699 491 800 938 691 861
776 904 545 1113 632 893
452 470 546 1028 756 751
811 759 837 1049 488 922
927 859 661 1005 451 810
1014 801 878 986 476 675
762 988 842 824 346 733
722 938 591 738 569 772
719 817 599 1241 672 1005
583 563 844 896 626 795
935 831 876 824 473 865
974 751 627 900 699 714
501 413 409 1167 796 762
1187 644 912 986 603 807
509 385 624 986 818 817
606 1010 635 696 504 706
811 931 705 963 386 744
819 903 920 782 408 799
603 889 643 1199 607 939
984 774 739 963 513 876
776 732 677 1199 734 1071
754 844 759 1091 426 856
1071 716 956 944 538 741
762 816 974 910 448 911
927 687 793 1091 553 988
1009 606 919 836 555 743
974 579 759 986 801 892
779 853 669 696 631 838
858 823 671 858 634 648
549 923 689 824 544 818
632 957 496 773 446 670
714 876 622 518 448 425
1031 666 705 858 761 780
722 766 723 824 671 950
1017 750 1002 569 475 620
801 736 725 986 674 760
884 770 532 935 576 612
887 719 656 518 575 557
516 1029 540 731 381 604
606 838 767 782 606 884
768 842 576 893 511 546
459 942 594 859 421 716
771 791 700 476 510 491
524 688 332 1053 776 851
858 651 803 944 736 826
632 785 628 859 548 848
