20 6
1713
203 271 193 184 178 195 43
197 205 205 15 113 173 36
271 294 251 136 17 106 148
276 47 233 57 294 203 263
9 135 71 44 107 96 227
117 291 269 15 196 7 161
9 179 197 112 7 280 247
23 86 95 298 264 161 187
259 196 150 267 32 54 143
270 149 71 87 272 172 233
168 179 95 10 190 124 253
196 104 201 51 22 128 181
286 121 69 78 18 51 177
181 236 20 283 218 222 70
190 95 4 191 106 230 33
295 54 285 25 289 19 75
11 279 89 129 232 157 206
249 40 83 262 276 235 245
194 157 16 216 84 151 107
22 81 271 150 266 257 174
498
1797 1498 1638 2428 2144 2299
2133 1604 1945 2146 2243 2134
2085 1833 1811 2334 2216 2364
2023 1821 1786 2356 2295 2290
2125 1659 1816 2334 2264 2260
2147 2224 1373 2376 2022 2123
2133 2022 1610 2363 2238 2293
2076 1636 1951 2418 2318 2216
1859 1510 1663 2406 2065 2373
2235 1860 1640 2341 2207 2263
2144 1977 1685 2168 2092 2007
2248 1810 1672 2250 2072 1819
2270 1839 1865 2079 2198 2175
2087 2052 1412 2140 1994 2190
1898 1644 1714 2354 1968 2409
1951 1875 1547 2089 1976 2362
2380 2040 1689 2086 2141 2178
2536 2107 1694 1842 1960 2076
2282 1939 1820 2101 2089 2173
1945 1872 1852 2092 1995 2147
1839 1434 1832 2388 2253 2255
1806 1695 1498 2344 2042 2447
2243 1805 1769 2153 2186 2137
2178 1474 1981 2396 2287 2186
1973 1687 1631 2500 2109 2309
1777 1422 1807 2410 2332 2181
1933 1817 1615 2314 1941 2382
2010 1648 1782 2353 2296 2209
2323 1654 2030 2141 2221 2101
2118 1867 1680 2245 2043 2224
2365 2111 1690 1998 2136 2050
2078 1997 1664 2059 1875 2297
2199 2040 1726 1833 1866 2050
2112 1486 1812 2331 2265 2179
2225 1553 2161 2156 2169 2096
2226 1663 1780 2425 2309 2115
1907 1699 1462 2435 2087 2302
1904 2011 1574 2440 2005 1934
2220 1705 1710 2223 2012 2194
1774 1770 1611 1970 1853 2394
2387 2190 1484 2104 2109 2196
2273 1742 1960 2185 2191 2025
2039 1863 1613 2111 1972 2261
2248 1760 2071 1973 2225 2029
2011 1482 1848 2240 2220 2324
1786 1619 1667 2326 2230 2329
2266 1863 1721 1992 2097 2242
2088 1843 1757 2327 2091 2204
1986 2048 1448 2049 1949 2335
2352 1793 1594 2149 2123 2125
2234 1608 1909 2237 2288 1989
2339 2001 1685 2075 2087 2267
2362 1788 2081 2089 2124 2137
2150 1659 2202 1988 2173 2024
2159 1714 1950 2069 2292 1917
2124 1825 1750 2447 2340 2145
2181 1793 1744 2175 2265 2063
2058 1561 2028 2000 2102 2234
2121 1683 1672 2247 2163 2327
1996 1745 1583 2339 2020 2414
2332 1851 1890 2057 2119 2249
1998 1687 2017 2154 2018 2073
2001 1742 1992 2250 2322 2144
2251 1663 2166 2079 2218 1879
1665 1679 1406 2232 2050 2410
2172 1738 1996 2094 2146 2170
2192 1890 1931 1815 1898 2032
2335 1754 1985 2163 2112 2099
2034 1776 1861 2161 2149 2004
2019 1845 1642 2269 2194 2357
2031 1918 1484 2299 1993 2387
1909 1644 1818 2262 2251 2354
1888 1947 1579 2064 1897 2330
1990 1742 1888 2342 2039 2199
2433 1855 1854 2148 2164 2104
2250 1955 1564 2171 2154 2155
2158 2179 1448 2181 1876 1837
2135 1922 1937 2087 1973 2114
1957 1833 1617 2291 2273 2283
1727 1691 1431 2210 1971 2484
2096 1788 1886 2139 2070 2078
1872 1871 1480 1955 1905 2399
2241 1900 1816 2090 2035 2262
2234 1750 2021 2072 2067 2244
2390 1675 1914 1993 2107 1887
1832 1671 1539 2388 2117 2272
1775 1880 1230 2239 1993 2413
1841 1868 1399 2304 2015 2420
2245 1705 2096 1877 1921 1958
2088 1886 1478 2027 1918 2305
1920 2060 1279 1984 1927 2328
1942 1872 1363 2395 2060 2275
1980 1739 1599 2495 1925 2121
2358 1961 1895 1980 2168 2032
2289 2089 1615 2119 2057 2191
2180 1835 1694 2037 1844 2267
2043 1973 1721 2077 2047 2152
1894 1683 1564 2366 2038 2346
2187 1985 1489 2055 1812 2285
2188 1943 1539 2193 2233 2081
2060 1863 1372 2085 1913 2350
2242 2010 1435 2359 2175 2281
2186 1837 1775 2425 2261 2219
1878 1901 1569 2517 1956 2151
2111 1943 1816 2257 2265 2147
2371 1843 1829 2170 2243 2030
1812 1913 1400 2452 1934 2144
2103 1580 2022 2228 2291 2114
1702 1528 1848 2242 2336 2109
2102 1746 1956 2341 2367 1999
2343 1596 1734 2233 2225 1977
2301 2036 1622 1952 2070 2215
2125 1919 1648 2240 1859 2036
2308 2186 1417 1970 2038 2233
2204 1584 1986 2319 2336 1969
2257 2007 1532 2166 1970 1967
2059 1671 1647 2269 2242 2253
2277 1989 1660 2097 2166 2193
2399 1872 1774 1909 2005 2035
2054 2018 1543 2229 2167 2330
2426 1906 1870 1835 2017 2073
2142 2115 1453 1805 1768 2233
2527 1910 1834 1926 2062 1928
1956 2024 1525 2131 1997 2315
2140 2074 1578 2358 2054 2105
1936 2132 1422 2316 1840 2229
2179 1888 1791 2112 2114 2188
2479 1721 2035 1897 2040 1999
2029 2048 1104 1980 1864 2316
1935 1754 1823 2185 2300 2137
2488 1776 1783 1978 2159 1892
1782 1889 1477 2534 1982 2124
1680 2094 1168 2256 1840 2255
1949 1924 1331 2390 1876 2087
1921 1851 1624 2171 2024 2342
2094 2104 1380 2135 1810 2002
2260 1860 2026 1995 2116 2027
2204 1851 1696 2014 2176 2168
2095 2036 1273 2045 1886 2323
2196 2040 1237 2136 1931 2178
1799 1897 1502 2383 1885 2188
2280 1892 1755 2203 2159 2043
2092 2199 1427 2072 1659 2127
2435 1961 1618 1916 2136 1966
1921 1901 1225 2448 1871 2132
1746 2082 1337 2321 1862 2262
2234 1907 1473 2236 1796 2024
1847 2086 1301 2412 1907 2117
2000 2250 1211 2062 1733 2165
2288 1675 1805 2403 2230 2189
2104 2107 1669 1982 1924 2080
2168 2225 1458 1728 1817 2016
1987 1889 1394 2513 1893 2139
2360 1918 1701 1770 1995 2066
2103 1431 2064 2250 2146 2286
2131 1877 1718 2442 2156 1957
2151 2029 1653 2163 1908 1819
1870 2144 1253 2251 1818 2222
2045 2120 1247 2312 1777 2217
2166 1864 1745 2087 2260 1935
2378 1993 1624 2188 2211 2048
2187 1671 1841 2312 2185 2334
2296 2141 1583 2114 1873 2003
1965 1930 1315 2234 1971 2380
2241 1758 1704 2255 2256 2007
2001 1593 2034 2272 2177 2316
1789 2082 993 2252 1777 2243
1878 1568 1883 2336 2156 2291
2589 1922 1859 1904 1983 2002
1993 2057 1695 2344 1938 2046
1934 2262 1042 1997 1711 2158
2203 2092 1205 2131 1747 1990
2290 1781 1569 2171 2202 2051
1908 1885 1327 2379 1822 2176
2050 1616 1899 2188 2123 2360
2057 2028 1489 2222 2042 2170
2342 1904 1780 2181 2080 2117
1855 2070 1162 2317 1799 2250
1956 2074 1126 2408 1844 2105
2497 1973 1643 1894 2057 2040
2101 2254 1175 2153 1778 2020
2195 1995 1507 2188 2049 1893
2060 2078 1579 2196 1824 1832
2394 2242 1452 2099 1925 2008
1663 1245 1839 2316 2288 2245
1757 1628 1622 2242 1976 2372
2013 1843 1561 1881 1777 2405
1610 1430 1674 2254 2265 2319
2156 1662 1897 1985 2154 2239
2175 2277 1426 1723 1633 1828
1948 1778 1869 2210 2154 2390
1819 1640 1647 2220 1897 2446
2385 2045 1592 2183 2027 1860
1672 1442 1699 2232 2186 2393
1766 1825 1482 2158 1874 2520
1911 2005 1531 1903 1808 2435
1826 2065 1562 2188 1871 2184
2440 2005 1649 2166 2132 2122
1904 1260 2223 2042 2210 1915
2049 1440 2272 1787 2144 1830
2138 2027 1513 2460 2124 1975
2413 1882 1824 1810 2163 1820
2002 1361 2092 2027 2262 1920
1855 1729 1491 2227 2028 2377
2194 1821 1636 2330 2153 2352
1928 2259 1347 2000 1730 1943
1802 1422 2193 2064 2241 1945
2026 2360 1216 1985 1782 1948
1917 1741 1516 2205 1949 2451
1803 1858 1652 2371 1815 2251
1856 1489 2089 2230 2183 2145
1962 2242 1427 2239 1889 2012
1900 1523 2062 2049 2293 1950
1864 1926 1351 2143 1926 2525
1823 1563 1525 2340 1965 2443
1756 1779 1472 2611 1933 2341
1851 1445 2058 1980 2187 1989
1968 1930 1804 1931 1906 2252
1755 1343 2013 2304 2359 2035
1918 2057 1499 1898 1624 2247
2198 1848 2001 2017 2195 1953
1707 1615 1600 2192 2159 2366
2020 1993 1356 1899 1745 2423
1956 1875 1567 2153 1852 2487
1689 1355 1844 2239 2337 2028
2305 1997 1772 1940 2000 2278
1811 1619 2053 1980 2139 2093
1744 1559 1458 2206 1894 2480
1671 2039 1420 2175 1721 2362
2085 2049 1632 2054 1691 2109
1889 1926 1737 1797 1835 2289
1691 1744 1293 2144 1871 2554
2195 1796 1948 1933 2057 2275
1994 1906 1845 1975 1981 2077
1937 2115 1536 1826 1857 2218
1615 1763 1380 2499 1941 2304
2206 1945 1699 1960 1893 2050
1912 1846 1477 2367 1752 2239
1871 1978 1319 2138 1742 2337
1803 1532 1812 2333 2381 1964
2257 1666 1861 2076 2199 2094
2128 1833 1467 2265 2131 2345
1838 2031 1553 2331 1788 2224
2049 1782 1833 2301 2199 2245
2205 1998 1796 2035 2163 1971
2056 1918 1870 1953 1902 2151
1858 1736 1426 2300 1938 2416
1792 1837 1569 2434 2122 2026
1677 1775 1405 2477 1862 2378
1672 1688 1653 2527 2039 2121
1858 1923 1656 2146 1945 2310
2003 2103 1705 1891 1879 2225
1959 1927 1620 2237 1990 2165
1781 1779 1858 2265 1842 2105
1895 1956 1826 2359 1886 2041
1624 1960 1240 2415 1839 2452
1769 2140 1289 2160 1773 2367
1725 1964 1204 2506 1884 2307
2049 1931 1791 2279 2344 2073
1842 1847 1557 2037 1953 2379
1728 1964 1693 2203 1819 2179
1997 1794 1856 2337 1855 2011
2142 1974 1905 2082 1789 1926
2358 1812 1937 2002 2023 2204
2093 1734 1929 1960 2075 2207
2027 2045 1324 1894 1561 2235
1890 2036 1356 2066 1975 2308
2413 1733 1866 1832 2018 1992
2047 1540 1945 2063 2409 2009
1791 1952 1373 2571 1906 2314
2141 1923 1728 1989 2097 2136
2030 1873 1754 2351 2111 2102
2009 1839 1690 2193 2020 2241
2065 1711 1823 2018 2070 2252
1780 2027 1245 2171 1658 2350
2334 1541 1986 2152 2106 2084
2330 1804 1825 2159 2189 2119
1925 2207 1294 1916 1592 2265
1734 1700 1678 2505 1960 2195
1848 1877 1646 2599 2004 2131
2422 1930 1726 1748 1916 2140
2203 1935 1753 1967 2018 2210
2092 1885 1779 2329 2032 2176
2281 1726 1821 2090 2083 2158
1945 1912 1167 1885 1742 2457
1944 2167 1504 1821 1673 2030
1681 1885 1513 2443 1937 2269
2382 1730 1785 2181 2128 2013
2095 1895 1725 2322 1907 2016
2343 1738 1846 2068 2004 2232
2232 1703 1956 2174 2137 2114
2203 1607 1950 1819 2228 1907
2191 1835 1798 1945 2127 2212
2063 1970 1838 1948 1718 1963
2488 1918 1895 1813 1938 2147
2444 1742 1810 2159 2049 2087
2292 1839 1762 2036 2172 2067
1861 2238 1463 2148 1844 2157
2010 2155 1673 1886 1695 2037
2391 1927 1645 2097 2026 2161
2239 2024 1597 1974 2149 2141
2112 1904 1300 2041 1809 2319
2111 2159 1637 1977 1740 1892
2112 2091 1530 1887 1816 2213
2213 2095 1494 1978 1861 2068
2163 1812 1692 2003 2122 2257
2248 1952 1784 2085 1851 2074
2149 2124 1700 2100 1757 1944
1944 1817 1719 2222 2224 2327
1878 2128 1114 2156 1710 2355
1816 1952 1759 2225 1815 2078
1702 1379 1890 2264 2191 2281
2432 1642 1855 2137 2158 2089
2375 1851 1546 1988 2034 2230
2264 1816 1656 2094 2167 2112
2156 1856 1573 2207 2136 2300
2045 1821 1683 2313 2269 2182
1979 2132 1078 2247 1755 2210
2182 1772 1902 1908 2203 2022
2296 1949 1870 2002 2247 1958
1982 2132 1567 1944 1690 2082
1763 2137 1594 2163 1792 2152
2379 1827 1690 2075 2135 2163
2251 1962 1730 2078 1726 1914
2211 2001 1491 2032 2144 2186
1992 2006 1518 2251 2246 2256
1864 2141 1558 2254 1837 2007
2480 1831 1654 2166 2180 2018
2083 1688 1919 2413 2134 2028
1764 1391 1915 2242 2112 2355
1602 1881 1446 2309 1866 2306
2347 1902 1803 1701 1946 2110
1747 2061 1495 2054 1800 2221
1703 1885 1410 2400 1911 2161
2448 1906 1767 1792 1991 1965
2185 1624 1776 2414 2255 2204
2156 1528 1770 2059 2346 1997
1711 1576 1750 2180 2089 2429
2441 1839 1715 2053 2056 2237
2301 1708 1819 1804 2280 1912
2273 2013 1516 2010 2065 2260
1707 1861 1554 2487 2012 2094
1650 2070 1245 2338 1888 2235
2542 1843 1679 2144 2101 2092
2395 2091 1602 1730 1968 2039
2132 1809 1611 2352 2232 2278
2004 1944 1651 2355 1823 2029
1963 2076 1493 2126 1813 2127
1852 2041 1603 2232 1946 2009
1795 2250 1294 2083 1822 2150
2349 1764 2035 2064 2270 1884
2233 1813 1575 2443 2277 2133
2064 2080 1457 2217 1858 1982
2489 2028 1514 2082 2078 2166
2404 1827 2076 1729 2044 1927
2151 1769 1821 2257 2313 2043
2100 1884 1724 1978 2043 2225
2193 1889 1743 2420 2077 2031
1769 1873 1579 2465 1933 2168
2457 2103 1627 1708 1889 2113
2338 1839 1907 1664 2022 1920
2119 1844 1934 1883 2124 1990
2054 1690 1740 2081 2377 2027
1914 2053 1628 2210 1867 2083
2295 1825 1600 2421 2198 2207
2148 2073 1523 2007 2065 2154
1716 2058 1414 2403 1910 2242
2239 1755 1924 2169 1953 1926
2213 1781 1846 2235 2234 2117
2023 1748 1932 2081 2090 2206
1817 2062 1378 2494 1955 2097
1903 2128 1500 1810 1619 2119
1705 1946 1056 2157 1655 2384
1570 1560 1658 2068 2097 2392
2452 2016 1875 1758 2066 1856
2186 1940 1759 2107 1930 2000
2017 2305 1468 1904 1663 2055
2287 1944 1723 2198 1975 1855
2210 2085 1548 1985 1986 2228
2360 1651 1991 2075 2155 1867
2119 2143 1498 1882 1632 2025
1951 2317 1299 1839 1641 2048
1809 1677 1619 2165 2141 2434
2505 1831 2040 1820 2089 1782
1632 1572 1683 2046 2018 2466
2052 1873 1651 2308 2085 1994
2349 1956 1748 2176 1896 1929
2198 1985 1593 1963 2095 2230
2070 2120 1633 1966 1686 1981
1999 2058 1486 2246 2062 2068
1844 1850 1520 2125 2114 2407
2410 2024 1447 1948 2007 2203
2157 1809 1997 2006 2141 2042
2258 1813 1961 2097 2186 1897
2217 1945 1803 1868 2176 1995
1973 2129 1383 2250 1774 1995
2514 2028 1900 1736 1987 1930
2246 2174 1392 1992 2117 2159
2192 1676 1744 2409 2071 2016
2118 2309 1432 1995 1708 1910
2024 1850 1545 2366 2080 2039
2337 1856 1793 2154 2005 1931
2061 2070 1511 2224 1983 2142
1680 1300 2096 2158 2218 2135
2139 1861 1579 2347 2048 2090
2030 1711 1588 1877 1700 2401
1971 2035 1380 2304 2057 2113
2248 1611 2113 1995 2080 2201
1668 1661 1527 2053 2149 2397
2284 2041 1628 2092 1982 2005
2240 1865 1543 2438 2093 1945
2163 2006 1368 2225 2104 2318
1746 1749 1651 2140 2062 2402
2357 1748 1896 1969 2162 2017
2189 1922 1697 1926 2171 2040
1970 1927 1724 2145 2273 2110
1904 2238 1119 2079 1759 2138
1891 1929 1700 1885 1996 2317
2458 1752 1860 2060 2207 1872
2267 2010 1821 2013 2084 2045
2013 1800 1840 2181 1950 2304
2201 1873 1604 2325 1969 2164
2090 1838 1714 2431 2102 2046
2033 2047 1405 2282 1978 2187
1730 1673 1552 2031 2070 2471
1689 1310 1726 2228 2109 2389
2405 1937 1695 1998 2184 1946
2346 2053 1653 2070 1903 2079
2302 1877 1568 2416 2014 2019
2155 2125 1491 2002 1881 1966
2008 1794 1960 2245 2138 1956
1783 1693 1509 2154 1797 2516
2447 2057 1617 2161 1948 1934
2109 1798 1924 2336 2183 1811
2037 2023 1549 2369 2079 2120
1636 1495 1561 2166 2086 2463
2373 2012 1808 1624 1995 1893
2249 2062 1403 2354 1991 2093
2110 1730 1817 2246 2259 2132
2103 1507 2168 1953 2086 2030
1778 1862 1351 2060 2092 2400
2255 1910 1866 1991 2193 2047
2211 1734 1781 2337 2304 1987
2217 1608 2032 2344 2190 2222
2056 1983 1759 2274 2160 1885
1970 2226 1288 2144 1781 2145
2112 1628 1924 2166 2044 2434
1794 1477 2064 2252 2262 2071
2467 1949 1720 1976 2105 2020
2356 1914 1830 2082 2238 1902
2217 2137 1516 1980 1802 2040
2071 2230 1252 2235 1826 2000
1939 1657 2113 1997 2196 1986
1560 1514 1648 2521 2156 2213
2158 1919 1616 2275 2281 2061
2099 2035 1574 2347 2000 2194
2303 2099 1665 2020 2215 1976
2200 2039 1538 2438 2045 2049
2151 1620 1863 2279 2168 2215
1903 1414 2153 1875 2194 1889
1783 1782 1821 2353 2003 2133
2296 1800 1912 2024 2102 2130
2126 1994 1729 1901 2092 2008
2118 1995 1784 2252 2081 1959
2004 1418 2117 1966 2239 1744
2001 1669 2138 1975 2117 2060
1622 1526 1673 2499 2077 2287
2220 1931 1641 2253 2202 2135
2091 1734 1848 2153 1992 2143
1980 1699 1958 2259 2125 2025
1972 1497 2028 1917 2268 2109
1923 1908 1649 2110 2001 2166
1803 1674 1924 2168 2160 2219
1716 1909 1456 2425 1765 2414
2306 2041 1525 2049 1956 1897
2257 1808 1973 1911 1978 2349
2236 1914 1897 1898 1926 2058
2213 1632 1888 2257 2089 2289
2192 1738 1812 2244 2037 1998
2164 1861 1965 2001 1957 1854
1948 1854 1973 1913 2094 2134
1904 1678 1888 2259 2205 2074
1861 2089 1505 2170 1699 2329
1569 1711 1508 2437 2054 2361
2337 1918 1861 1989 1971 1913
2265 1865 1929 2092 2002 1709
2049 1858 1937 2004 2139 1989
1775 1317 1742 2505 2015 2159
1754 1423 1666 2492 1963 1868
1670 1715 1472 2528 2099 2216
2253 2226 1360 1987 1933 1971
2160 1817 1723 2195 2066 2363
1881 1794 1378 2139 1849 2521
2212 2050 1764 2030 1979 1783
2042 1711 1983 2237 2046 2099
1881 1981 1608 1985 1856 2415
1823 1506 1541 2534 2037 2088
1557 1491 1494 2032 2015 2500
