30 6
2114
2 250 83 59 52 131 120
8 36 174 253 148 165 200
153 231 26 31 86 172 25
186 36 25 221 247 34 21
50 31 240 52 114 155 110
297 119 62 138 154 68 223
134 233 123 119 296 281 150
82 285 7 101 21 163 22
268 196 175 150 59 247 201
5 234 144 135 53 205 272
40 273 195 173 39 151 292
35 132 274 248 117 280 49
270 143 203 71 171 78 220
229 157 254 67 91 98 201
144 3 173 183 108 200 188
278 51 180 145 15 154 94
132 134 142 234 109 177 5
279 254 224 42 243 178 108
35 275 9 11 111 14 193
51 46 81 30 97 94 174
111 247 267 75 214 242 9
23 119 13 135 206 70 176
281 80 283 16 188 124 26
298 269 51 181 15 264 210
111 190 217 55 137 17 261
183 91 103 39 43 247 173
81 17 49 62 229 164 78
117 120 235 247 89 119 128
103 215 171 47 105 220 233
241 236 194 257 28 296 295
926
3561 3041 2549 2602 3494 3088
3486 3045 2799 2777 3428 3221
3518 3126 2580 2912 3330 3015
3512 3053 2494 2480 3464 3396
3487 3269 2585 2607 3420 3264
3541 3017 2807 2347 3655 3366
3526 3190 2668 2575 3569 3264
3500 3096 2795 2697 3448 3202
3599 3066 2699 2531 3586 3273
3539 3017 2878 2665 3597 3202
3312 3059 2669 2828 3365 3087
3372 3130 2502 2437 3539 3544
3594 3095 2696 2461 3810 3354
3331 3358 2344 2767 3248 2995
3344 3185 2554 2857 3276 2933
3192 3099 2713 2708 3302 3002
3376 3248 2614 2535 3320 3376
3428 3073 2655 2713 3426 3280
3360 3173 2803 2654 3523 3350
3754 3043 2516 2553 3541 3101
3643 3022 2545 2481 3441 3213
3429 3220 2693 2423 3489 3357
3599 2980 2521 2356 3501 3386
3391 3028 2764 2486 3459 3379
3296 3161 2386 2888 3059 3205
3386 3181 2498 2357 3559 3525
3415 3169 2697 2503 3469 3376
3333 3209 2419 2469 3390 3544
3555 3174 2613 2493 3661 3354
3502 3096 2724 2379 3506 3366
3520 3121 2623 2746 3254 3097
3473 3218 2589 2687 3400 3283
3730 2949 2572 2357 3478 3203
3449 2991 2478 2495 3305 3399
3313 3328 2559 2552 3366 3182
3447 3250 2478 2638 3371 3170
3614 3120 2524 2510 3616 3249
3405 3130 2308 2762 3322 2819
3273 3056 2657 2252 3494 3521
3191 3014 2455 2271 3148 3563
3444 3230 2390 2541 3490 3432
3769 2870 2655 2325 3627 3203
3594 2893 2587 2741 3328 2921
3367 3137 2487 2624 3578 3239
3407 3105 2609 2840 3230 3127
3559 3042 2706 2714 3403 3097
3609 2720 2726 2513 3414 3023
3715 3122 2433 2585 3392 3101
3604 3101 2462 2513 3292 3213
3278 3131 2601 2673 3177 3392
3452 2975 2552 2864 3479 2987
3410 3298 2534 2704 3446 3089
3637 2981 2452 2572 3622 3161
3336 3229 2507 2566 3271 3282
3293 3365 2523 2629 3504 3415
3716 2898 2576 2437 3458 3222
3584 3153 2382 2584 3415 3284
3635 3095 2526 2416 3577 3183
3394 3278 2399 2750 3202 3189
3407 2849 2715 2712 3511 2848
3367 2830 2608 2743 3462 2754
3493 3157 2239 2561 3121 3291
3331 3103 2680 2561 3346 3373
3627 2750 2511 2728 3296 2836
3352 3107 2681 2518 3310 3379
3317 3052 2684 2641 3326 3392
3521 3022 2442 2633 3445 2994
3138 2887 2649 2817 3028 3124
3338 3056 2685 2598 3290 3398
3220 3084 2578 2364 3325 3540
3152 2827 2811 2408 3430 3341
3657 3073 2541 2401 3461 3194
3346 2932 2688 2208 3511 3530
3427 3130 2437 2889 3036 3022
3220 3337 2373 2695 3148 3107
3675 3103 2326 2616 3343 3007
3409 3100 2652 2674 3154 3209
3370 2933 2350 2883 3133 3029
3323 3146 2771 2347 3545 3250
3381 3099 2450 2590 3520 3142
3349 3133 2465 2776 3228 3186
3230 3010 2358 2840 3208 3177
3506 3070 2627 2826 3234 3116
3370 3279 2427 2735 3397 2995
3299 3277 2563 2632 3346 3201
3488 3045 2728 2459 3486 3385
3433 3199 2482 2718 3351 3189
3148 3403 2266 2665 3204 3263
3650 2922 2665 2188 3663 3285
3093 3196 2487 2848 3242 3141
3575 3199 2441 2542 3467 3249
3473 3132 2411 2512 3315 3396
3210 3129 2498 2923 3184 2815
3526 3104 2490 2400 3484 3377
3235 3316 2631 2445 3573 3508
3389 3152 2572 2745 3277 3280
3317 3307 2348 2847 3228 3014
3326 3021 2632 2794 3307 2990
3317 2862 2565 2115 3334 3553
3114 2901 2443 2366 2969 3585
3099 2855 2732 2520 3261 3360
3364 3210 2382 2906 3082 2828
3827 2919 2547 2509 3558 3110
3360 3007 2570 2407 3250 3392
3459 3057 2529 2313 3576 3534
3102 3375 2435 2345 3286 3255
3554 2874 2480 2772 3279 2827
3567 2999 2644 2524 3724 3028
3231 2878 2835 2674 3246 3199
3375 3101 2576 2825 3257 3299
3288 3319 2149 2701 3318 3163
3481 2929 2550 2052 3561 3456
3460 3077 2688 2728 3399 3108
3613 2887 2508 2376 3559 3263
3594 2898 2473 2589 3462 3003
3352 3249 2642 2520 3515 3182
2980 3061 2331 2064 3068 3636
3337 2908 2531 2717 3484 3129
3309 3068 2486 2452 3380 3547
3430 3179 2394 2621 3470 3451
3622 3131 2247 2728 3174 3026
3496 2781 2460 2727 3319 3019
3341 2954 2581 2792 3379 3099
3140 2558 2898 2243 3430 3117
3368 2854 2834 2508 3517 3240
2982 3175 2516 2776 3142 3253
3331 3105 2549 2436 3425 3428
3483 3151 2473 2509 3639 3432
3661 3052 2330 2696 3323 3026
3473 2964 2516 2333 3634 3411
3209 2877 2831 2485 3655 3089
3193 3196 2461 2569 3524 3157
3606 3063 2558 2548 3647 3087
3377 3135 2577 2534 3727 3068
3172 3136 2677 2785 3440 3235
3449 3077 2656 2670 3390 3286
3368 2804 2709 1947 3496 3452
3322 3267 2544 2600 3329 3379
2991 3373 2489 2294 3169 3211
3279 3372 2317 2666 3181 3080
3403 2982 2708 2285 3736 3278
3282 2753 2862 2441 3672 3098
3382 3045 2824 2393 3508 3272
3330 3064 2683 2140 3575 3439
3351 3239 2204 2684 3272 3357
2938 3401 2410 2406 3000 3230
3582 2826 2783 2296 3810 3130
3566 2812 2879 2524 3520 3037
3284 3225 2688 2379 3396 3250
3392 2962 2716 2306 3813 3170
3225 2703 2842 2364 3447 3350
3226 3150 2460 2420 3244 3559
3342 3292 2372 2649 3135 3274
3162 2882 2247 2225 3276 3608
3218 2978 2839 2456 3281 3369
3464 3178 2470 2470 3367 3361
3267 2926 2723 2669 3586 2996
3448 3196 2852 2441 3359 3300
3192 3206 2675 2736 3197 3089
3065 3152 2285 2965 2899 2825
2993 2672 2597 2522 2905 3405
3153 3274 2429 2464 3227 3550
3120 3405 2220 2560 3168 3068
3264 2890 2486 2227 3165 3572
3122 3220 2360 2833 3005 3123
3580 3017 2708 2620 3364 3031
3211 3323 2321 2648 3158 3457
3296 3041 2900 2268 3321 3019
3341 2744 2943 2360 3578 2952
3345 2822 2919 2260 3305 3076
3036 3295 2434 2896 3025 2820
3696 2950 2496 2508 3581 3293
3652 2808 2591 2344 3708 3263
3551 2985 2740 2752 3434 2935
3570 3102 2386 2664 3395 3303
3049 3422 2381 2478 3100 3118
3180 3238 2813 2649 3360 3356
3623 3074 2465 2552 3564 3284
3370 2776 2911 2228 3508 3048
3127 3266 2734 2761 3191 3375
3123 2873 2907 2360 3468 2836
3249 2908 2620 2889 3128 3012
3165 3006 2760 2568 3112 3388
3701 3071 2437 2665 3372 3120
3588 3026 2651 2632 3495 3187
3443 3150 2572 2843 3280 2922
3275 3028 2859 2533 3506 3117
3233 3241 2331 2905 3105 3011
3182 3344 2552 2557 3404 3527
2903 2948 2319 2159 2889 3658
3503 3274 2670 2237 3572 3452
3035 3147 2595 2664 3311 3234
3010 3010 2389 2511 3197 3544
2919 3255 2461 2793 3188 3059
3643 3197 2662 2280 3497 3304
3541 3123 2617 2573 3641 3373
3348 2904 2890 2489 3523 3126
3322 3057 2759 2738 3514 2916
3219 3068 2483 2971 3147 3012
3595 2844 2847 2392 3450 3133
3573 3204 2398 2708 3543 3167
3264 3295 2400 2536 3327 3438
3701 3246 2554 2464 3428 3211
3614 3165 2694 2412 3567 3208
3433 3288 2515 2672 3429 3267
3270 3367 2601 2344 3240 3477
3709 2782 2398 2030 3533 3293
3610 3250 2411 2441 3134 3218
3422 2908 2426 2539 3675 2906
3399 2928 2653 2375 3399 3392
3221 3238 2643 2604 3127 3185
3458 3137 2377 2561 3548 3309
3108 3394 2437 2376 3023 3128
3037 3382 2295 2593 3104 3375
3547 3080 2578 2100 3412 3484
3364 2955 2747 2296 3700 3014
3284 2694 2923 2283 3353 3204
3421 3232 2468 2256 3226 3494
3411 3062 2748 2709 3509 3083
3047 3297 2617 2549 3073 3103
2998 3195 2651 2730 3386 3153
3330 3106 2677 2329 3719 3269
3437 2730 2679 2463 3627 2926
3338 2828 2683 2469 3512 3354
3303 2811 2569 2195 3314 3572
3079 3145 2491 2928 3222 3160
3672 3083 2238 2519 3462 3269
3227 2907 2616 2700 3537 2902
3003 2723 2256 2048 3299 3576
3065 3327 2402 2764 2955 2916
3709 2913 2746 2107 3569 3139
3455 2921 2855 2349 3525 3281
3191 2755 2900 2499 3382 2965
3254 2990 2668 2656 3167 3395
2800 2762 2134 2299 2934 3608
2955 2932 2571 2715 2984 3392
3615 2869 2675 2441 3256 3028
3617 3010 2306 2571 3383 3199
3376 2998 2100 2716 3450 2864
3119 2520 2707 2366 3091 3395
3378 2717 2507 2666 3639 2893
3240 2749 2553 2210 3155 3575
3099 3215 2489 2879 2979 3014
3716 3073 2693 2236 3514 3313
3219 3415 2408 2448 3123 3016
3153 2822 2526 2334 3118 3585
3775 2933 2426 2078 3384 3321
3547 3330 2356 2458 3180 3024
3321 2920 2282 2920 3237 2712
3416 3361 2305 2457 3203 3207
2905 3204 2465 2873 3168 3078
3156 3148 2428 2988 3193 2818
3590 3225 2583 2392 3328 3323
3346 2792 2417 2866 3123 3032
3511 2966 2633 2783 3385 2841
3197 3102 2788 2677 3134 3164
3061 3115 2706 2713 3340 3347
3278 3034 2526 2809 3425 2905
2837 2960 2464 2481 3019 3534
3098 2919 2915 2392 3265 2864
3656 2801 2673 2254 3429 3107
3598 3060 2369 2604 3473 3161
3561 3062 2267 2447 3362 3381
3306 3016 2292 2668 3552 2731
3375 3239 2623 2488 3498 3360
3333 3077 2751 2717 3437 3024
3250 3074 2867 2565 3303 3145
3075 3013 2263 2678 3242 3303
3687 2910 2377 2291 3548 3371
3638 2901 2604 2324 3650 3386
3306 2761 2628 2462 3650 3109
3251 2938 2474 2872 3339 2579
3241 2933 2271 2491 3092 3466
3214 3214 2543 2458 3596 3094
3391 2922 2314 2352 3288 3453
3621 2890 2697 2320 3733 3189
3293 2663 2899 2323 3329 3070
3270 3174 2692 2459 3376 3269
3394 2926 2660 2680 3548 3080
3026 3177 2417 2589 3513 2979
3178 3155 2679 2816 3177 3108
3187 2963 2816 2557 3526 3337
3159 3136 2725 2662 3383 2942
3034 3279 2553 2453 3433 3100
3403 3059 2559 2765 3335 3157
3167 2873 2522 2254 3138 3566
3833 2982 2318 2262 3315 3228
3346 3180 2597 2691 3200 3015
3286 3314 2551 2310 3489 3166
3614 3034 2346 2335 3531 3362
3527 3305 2528 2409 3374 3129
3055 3412 2080 2808 2986 3188
2971 3099 2599 2793 3300 2827
2844 3415 2486 2463 3436 3140
3196 2943 2645 2347 3315 3543
3112 3373 2525 2255 3435 3084
3436 3309 2385 2386 3080 3136
3075 2714 2799 2503 3251 3363
3613 2874 2632 2607 3332 2946
3561 3148 2445 2622 3447 3268
3366 3061 2457 2608 3224 3377
3308 3123 2759 2749 3234 3052
3559 3211 2192 2745 3220 2832
3425 2854 2729 2024 3721 3200
3381 3195 2663 2531 3476 3157
3345 3249 2505 2354 3386 3287
3186 3381 2131 2809 2963 3005
2897 2885 2548 2406 3132 3540
2932 3438 2535 2250 3272 3090
2963 3278 2694 2722 3277 3070
3503 3124 2569 2588 3372 3056
3491 3162 2196 2727 3197 3209
3297 2889 2424 2748 3435 3035
3241 3186 2493 2313 3466 3418
3181 3219 2536 2635 3078 3091
3047 2874 2591 2267 3328 3527
3141 2865 2827 2551 3102 3391
3134 3182 2733 2694 3180 2970
3677 2930 2504 2648 3362 3123
3435 2940 2482 2575 3285 3418
3207 3254 2637 2476 3422 3075
3291 2854 2870 2412 3298 3378
3203 3194 2551 2479 3673 2986
3063 2445 2886 2338 3251 3139
3057 3295 2707 2459 3222 2932
2879 3466 2456 2362 3103 3109
2972 2881 2363 2113 2935 3608
2934 3183 2234 2964 2922 3008
3696 2698 2593 2360 3162 2760
3641 2974 2534 2482 3343 3005
3630 2968 2670 2322 3237 2963
3559 2956 2528 2539 3318 3210
3585 2929 2525 2436 3481 3405
3313 2726 2891 2151 3283 3300
3244 2917 2345 2860 3266 3054
3293 3190 2312 2500 3341 3450
3128 3247 2457 2747 2909 3110
2842 2807 2730 2610 2919 3388
3617 3005 2420 2723 3249 3117
2992 2796 2773 2471 3115 3375
2946 3145 2607 2825 3097 2855
2813 2819 2531 2464 3009 3537
3506 2984 2449 2651 3149 3229
3460 3164 2714 2528 3196 3033
3335 3307 2542 2319 3246 3191
3274 3146 2301 2767 3360 3164
3207 3047 2653 2719 3136 3153
3498 3228 2390 2639 3493 3074
3197 3200 2587 2529 3564 3074
3167 2894 2780 2142 3871 3085
2954 3306 2431 2692 2855 3028
3166 2801 2908 2531 3179 2993
3155 2896 2761 2550 3664 3092
3649 3085 2316 2234 3198 3331
3619 2881 2612 2464 3431 3216
3532 3253 2439 2328 3326 3382
3494 3108 2499 2212 3243 3503
3400 3088 2485 2377 3617 3402
3450 3302 2591 2349 3403 3471
3290 2717 2596 2838 3283 2776
3317 2968 2375 2341 3320 3560
3158 2999 2503 2690 3335 3367
3316 2790 2951 2392 3375 2980
3002 3368 2263 2721 3243 2805
3440 2706 2639 2699 3479 2763
3395 3224 2773 2553 3190 3319
3215 3211 2546 2690 3223 3198
3100 3205 2275 2712 3306 3082
3187 3182 2388 2631 3148 3460
3144 3155 2873 2462 3415 3011
3621 2904 2536 2531 3586 3151
3520 3126 2509 2594 3388 3179
3510 2606 2710 2419 3644 2935
3479 3281 2360 2440 3157 3401
3404 2816 2538 2147 3382 3478
3358 3312 2413 2273 3272 3300
3104 2931 2407 2931 2843 3022
3132 3117 2570 2816 3391 3141
3730 2796 2133 2402 3360 3178
3653 2707 2577 2002 3693 3037
3237 3050 2819 2349 3415 3165
3305 3340 2334 2385 3103 3319
3451 3107 2510 2653 3601 2853
3095 2541 2914 2447 3273 2915
3077 2864 2880 2468 3306 3132
3038 2491 2894 2370 3048 3167
3223 3047 2718 2280 3573 3284
2956 3431 2195 2621 2882 3043
3743 3095 2380 2302 3381 3022
3694 3086 2607 2335 3483 3037
3586 2837 2707 2573 3326 2932
3566 2826 2718 2735 3373 2999
3546 2961 2453 2647 3385 3306
2990 3487 2427 2434 3203 2997
3758 2936 2358 2285 3320 3086
3767 2962 2638 2291 3500 3046
3709 2927 2585 2318 3422 3101
3638 3151 2382 2682 3418 2926
3609 2635 2623 2366 3586 2927
3601 2678 2685 2556 3265 2996
3598 2629 2759 2206 3480 2885
3543 2905 2700 2328 3661 3130
3518 3298 2388 2590 3250 2928
3428 3242 2141 2744 3243 3015
3464 2904 2795 2442 3476 3388
3404 2979 2711 2517 3363 3382
3126 3424 2222 2591 2905 2941
3067 3374 2453 2669 3161 3035
3483 2672 2884 2154 3276 3025
3455 2965 2310 2624 3091 3313
3225 2781 2906 2184 3415 2941
3168 2731 2886 2107 3190 3193
3399 3263 2372 2653 3489 3085
3076 3161 2417 2559 3048 3572
3688 3017 2562 2506 3168 2870
3605 2954 2353 2485 3287 3300
3265 2763 2604 2870 3080 2804
2956 2920 2398 2047 3058 3639
3016 3225 2436 2945 3268 2966
3760 3106 2287 2306 3298 3219
3628 2941 2333 2355 3589 3239
3625 3077 2550 2213 3220 3320
3207 3187 2647 2684 3107 3204
3106 2909 2441 1908 3254 3626
3106 3379 2561 2305 3326 3172
3505 3069 2183 2747 3255 3086
3455 2760 2464 2678 3509 2739
3439 3176 2169 2626 3130 3294
3211 3226 2246 2784 3406 2970
3180 3075 2640 2279 3379 3452
3103 3194 2577 2758 3391 2970
3049 2994 2375 2018 3114 3586
3748 2979 2357 2572 3360 3016
3707 3134 2208 2418 3129 3238
3317 3380 2420 2270 3099 3062
3053 2937 2362 2020 3085 3645
3040 3149 2588 2359 3162 3546
3623 2502 2683 2345 3412 2912
3397 3205 2575 2485 3484 2922
3308 3107 2627 2151 3161 3490
3048 2941 2887 2410 3306 2961
2966 2870 2341 2179 3077 3604
2973 2962 2356 2930 2866 3205
3668 2947 2564 2555 3411 3016
3566 2909 2533 2576 3262 3235
3482 3208 2255 2685 3249 3174
3396 3022 2802 2303 3562 3259
3225 2732 2815 2466 3607 2881
2948 3090 2221 2984 2980 2885
2839 2683 2217 2267 3083 3608
3658 3032 2242 2599 3442 3288
3609 2848 2470 2362 3677 2839
3520 2891 2436 2671 3207 3106
3488 3059 2454 2587 3526 2934
3448 3115 2654 2444 3515 3369
3111 3015 2482 2829 3414 2727
2989 2672 2260 2128 3279 3595
2985 2924 2729 2791 3041 3052
2903 3335 2664 2077 3302 3158
3629 3006 2672 2395 3506 3272
3465 2688 2506 1924 3491 3472
3324 2871 2597 2810 3377 2817
3277 2952 2610 2287 3435 3407
3231 3236 2733 2514 3276 3014
3200 2827 2914 2216 3212 2969
2994 2769 2345 2383 3127 3560
3711 2525 2732 2132 3248 2862
3692 2757 2643 2420 3448 3225
3425 3125 2673 2476 3532 3191
3394 2773 2221 2725 3430 3055
3229 3118 2533 2710 3281 3075
3225 3230 2308 2668 3216 3334
3185 3111 2672 2285 3626 3162
3124 3085 2875 2511 3658 3157
2789 3337 2668 2667 3223 2988
3656 2678 2651 2390 3411 2792
3629 2947 2663 2282 3702 3351
3608 3255 2368 2607 3210 3136
3554 2770 2652 2566 3464 2687
3503 3221 2471 2460 3396 3286
3448 3099 2693 1913 3308 3339
3388 3155 2569 2513 3650 3176
3238 3112 2494 2704 3128 3298
3207 3033 2814 2508 3283 3191
3129 3133 2496 2447 3217 3553
3053 3407 2482 2417 3157 3191
3736 3098 2521 2285 3320 3208
3397 3091 2535 2239 3216 3497
3341 2801 2142 2837 3261 3074
3279 3122 2539 2308 3413 3540
3253 3189 2411 2834 2982 2940
3337 2884 2898 2510 3600 3018
3212 3027 2726 2301 3650 3176
2939 2691 2527 2587 2914 3408
3130 3033 2854 2489 3413 3010
2876 2881 2547 2449 3168 3534
3037 2974 2773 2696 3330 3350
3686 2990 2225 2539 3520 3146
3581 3218 2443 2573 3204 3122
3574 2869 2845 2486 3489 3199
3242 2734 2755 2472 3623 3004
3144 3267 2592 2701 3153 3010
3084 2906 2579 2882 3037 3127
3069 2910 2898 2187 3394 3044
2949 3023 2744 2142 3761 2969
3636 2731 2675 2303 3672 3253
3596 3059 2421 2556 3143 3186
3497 2972 2282 2354 3612 3422
3442 3149 2128 2764 3301 2892
3392 3200 2500 2388 3296 3398
3089 2914 2882 2296 3221 2955
3021 3096 2599 2744 3291 3253
2971 2945 2886 2365 3418 2998
3584 3009 2373 2684 3453 3180
3532 2824 2249 2175 3504 3419
3407 3041 2478 2371 3235 3462
3305 2932 2812 2488 3329 3294
3239 2903 2925 2157 3417 2942
3148 3116 2733 2683 3460 2834
3023 3259 2561 2474 3510 2992
3023 2733 2658 2250 3318 3530
3631 2912 2407 2743 3307 2994
3559 2924 2703 2246 3373 3152
3488 2912 2561 2463 3454 3399
3444 3000 2203 2466 3443 3441
3404 3211 2283 2572 3441 3338
3291 2691 2697 2042 3317 3474
3310 3068 2373 2908 3117 3082
2978 3126 2615 2315 3731 2901
2894 2945 2926 2346 3548 2817
2837 2895 2906 2269 3323 3069
3774 3013 2274 2326 3356 3096
3758 2922 2519 2074 3467 3124
3753 2640 2300 2329 3473 3168
3581 2653 2857 2507 3459 3101
3523 2764 2528 2284 3346 3396
3479 2852 2170 2287 3335 3438
3442 3310 2427 2215 3433 3183
3430 2843 2397 2320 3437 3453
3419 3288 2200 2702 3295 2980
3410 3133 2383 2731 3154 2981
3273 3149 2617 2250 3435 3399
3269 3020 2474 2762 3435 3255
3220 2776 2412 2843 3256 3057
3340 3297 2329 2815 3211 3192
3061 2962 2267 2758 3222 3322
3773 2763 2497 2057 3406 3188
3724 2754 2724 2090 3508 3203
3653 2978 2521 2454 3504 3028
3631 2724 2659 2422 3208 2820
3411 2663 2739 2139 3730 3168
3363 3201 2577 2545 3447 3204
3354 2613 2719 2062 3505 3420
3277 3092 2604 2252 3406 3458
3232 2604 2534 2042 3830 2808
3152 3187 2568 2767 3148 2995
3125 2997 2822 2483 3166 3300
3000 3411 2362 2368 3380 3157
2968 2655 2840 2454 3105 3378
2961 3384 2556 2261 3233 3065
3731 3074 2319 2438 3368 3123
3616 3008 2417 2491 3622 3013
3482 2843 2516 2634 3139 3232
3389 2922 2385 2670 3230 3289
3275 2986 2865 2344 3362 3287
3268 3369 2401 2160 3379 3101
3236 2613 2879 2246 3104 3322
3134 2705 2880 2422 3157 3217
3119 3274 2570 2627 3221 3087
3111 2756 2707 2037 3154 3480
3703 2844 2701 2278 3254 2972
3694 2657 2417 2182 3661 3074
3632 2832 2559 2495 3335 3219
3602 2851 2611 2345 3616 3025
3605 3129 2470 2284 3343 3391
3387 3232 2609 2419 3220 3031
3372 3167 2320 2716 3403 2759
3262 3375 2437 2210 3270 3189
3204 2987 2271 2845 3295 3038
3162 3310 2253 2685 3262 3140
3105 3079 2862 2521 3210 3038
2865 2836 2145 2176 2952 3665
2853 3154 2421 2968 2879 2780
2787 3443 2530 2206 3179 2983
3841 2663 2349 2116 3309 3118
3718 2685 2679 2261 3193 3036
3668 2952 2450 2403 3545 3098
3616 2777 2680 2437 3246 2931
3566 3044 2451 2579 3598 2993
3514 3027 2565 2636 3555 3047
3507 3311 2249 2489 3131 2930
3405 2792 2421 2050 3381 3538
3393 3058 2618 2469 3670 2946
3385 3101 2680 2659 3349 3015
3356 2585 2921 2343 3517 3016
3299 2535 2901 2266 3292 3268
3225 2878 2569 2598 3562 3225
3266 3224 2578 2192 3577 3013
3183 3266 2587 2540 3284 3210
3175 3192 2439 2721 3174 3104
3171 3304 2214 2679 3109 3363
3133 2794 2184 1968 2951 3609
3114 3056 2467 2862 2918 3078
2945 3333 2544 2572 3167 3005
2898 3382 2303 2437 2951 3136
2743 3432 2136 2472 3248 2777
3649 3171 2494 2409 3283 3218
3561 2930 2599 2695 3409 2861
3533 3131 2453 2439 3671 3085
3515 3155 2506 2524 3612 3260
3451 3224 2626 2332 3283 3154
3439 3262 2253 2471 3108 3307
3337 3171 2431 2492 3344 3447
3209 3403 2358 2322 3101 3208
3202 2831 2299 2301 3016 3570
3195 2927 2550 2954 3137 3015
3127 3113 2649 2402 3582 3011
3088 3434 2411 2155 3216 3107
3011 3390 2175 2264 3247 2721
3007 3025 2715 2249 3201 3442
2987 2869 2343 2950 2924 3082
2953 2763 2781 2395 3667 2908
2925 3274 2463 2824 2925 2932
2764 3323 2434 2225 3515 2964
3722 2961 2347 2190 3215 3340
3680 2895 2617 2450 3492 3005
3509 3162 2324 2191 3273 3479
3454 3339 2170 2601 2962 2949
3352 2820 2342 2162 3212 3557
3345 2916 2593 2815 3333 3002
3332 3129 2601 2771 3180 3034
3130 3294 2508 2652 3115 3229
3119 2813 2821 2363 3719 2747
3068 3375 2330 2407 2974 3034
3033 3183 2651 2290 3576 3324
3009 3325 2561 2485 3230 3128
2934 2930 2439 2633 3099 3441
3635 2894 2326 2349 3207 3299
3560 2975 2406 2750 3283 2826
3462 3183 2427 2636 3443 3279
3412 3032 2714 2257 3570 3024
3434 2955 2737 1995 3347 3480
3359 3190 2427 2384 3617 3003
3301 3141 2690 2082 3575 3268
3277 3283 2600 2277 3229 3072
3199 3233 2691 2258 3628 3163
3035 3462 2332 2267 3047 3126
2954 3053 2636 2361 3032 3461
2869 2991 2934 2378 3345 2845
2826 2950 2881 2321 3325 2891
3683 2774 2703 2327 3497 3118
3632 3064 2131 2550 3413 3175
3581 2866 2704 2503 3550 3013
3555 3021 2174 2538 3543 3329
3526 2807 2611 2766 3324 2905
3478 3053 2635 2643 3458 2933
3450 3249 2392 2572 3227 3305
3448 3026 2621 2490 3437 3291
3353 3196 2463 2434 3508 3091
3262 2890 2557 2545 3107 3408
3137 3033 2385 2336 3157 3566
3094 2908 2920 2113 3324 2835
3072 3035 2831 2606 3369 2859
2958 3176 2544 2761 3337 3059
3624 2675 2609 2134 3763 2941
3621 3154 2502 2226 3507 3035
3598 3132 2275 2713 3369 2832
3600 2983 2350 2415 3511 3381
3418 2886 2698 2537 3421 3259
3293 3029 2526 2328 3471 3417
3092 3328 2445 2637 3364 3007
3083 3161 2679 2272 3535 3227
3081 3308 2453 2658 3441 2899
2978 3105 2833 2494 3363 3172
2877 3203 2507 2798 3048 2590
3617 2973 2595 2430 3304 3059
3639 2915 2596 2687 3481 2920
3579 3092 2052 2662 3244 3194
3564 2918 2741 2063 3476 3032
3561 2987 2565 2120 3470 3361
3542 3045 2652 2556 3521 3056
3530 3083 2279 2695 3346 3209
3426 3322 2178 2418 3186 2766
3405 3262 2541 2447 3453 3084
3351 3119 2718 2064 3534 3171
3338 2903 2246 2643 3172 3373
3298 3126 2611 2583 3319 3382
3286 3205 2576 2500 3559 3241
3282 3248 2437 2631 3280 3285
3280 3107 2576 2281 3615 3418
3268 2709 2907 2355 3126 3098
3251 2827 2756 2112 3698 2997
3246 3063 2872 2286 3362 3116
3121 3206 2700 2077 3412 3274
3250 3244 2404 2616 3307 3457
3036 3175 2507 2499 3662 2808
3581 2813 2420 2468 3277 3303
3577 2986 2313 2754 3200 3023
3550 3206 2476 2423 3279 3229
3545 3160 2196 2825 3200 2851
3500 2943 2356 2742 3330 3177
3423 2854 2800 2342 3663 3036
3266 2512 2818 2313 3602 3114
3181 2642 2886 2514 3118 3057
3126 3048 2873 2298 3298 3121
3091 3373 2252 2692 3238 2972
3064 3291 2634 2187 3272 3234
3060 3162 2491 2699 3272 3090
2699 3374 2256 2701 2929 2767
3782 2803 2616 2274 3439 3110
3643 3044 2223 2325 3379 3279
3569 2597 2791 2338 3550 2789
3422 3004 2639 2480 3631 2921
3359 3331 2291 2484 3237 2916
3352 3290 2462 2559 3284 3103
3331 2631 2929 2375 3314 3044
3183 3046 2714 2667 3097 3207
3167 3168 2540 2715 3058 3110
3110 3400 2363 2152 3202 2669
3039 3388 2221 2369 3283 2916
2966 3326 2622 2365 3296 3188
2720 2828 2345 2607 2791 3462
3642 2794 2446 2056 3429 3371
3584 2438 2769 2321 3489 2853
3524 3014 2234 2866 3031 3042
3338 2698 2400 2697 3590 2799
3309 3210 2447 2454 3585 3350
3234 3284 2661 2157 3295 3132
3231 3127 2758 2704 3346 3089
3196 2749 2938 2316 3485 2845
3139 2699 2918 2239 3260 3097
3134 3260 2446 2718 3001 2866
3117 3380 2432 2166 3177 3082
3025 2853 2442 2001 3104 3589
3009 3403 2274 2509 3051 3024
2981 3097 2689 2703 3449 2656
3752 2706 2309 2366 3592 2981
3711 3004 2321 2487 3611 3269
3631 2917 2293 2591 3441 3076
3627 2923 2538 2562 3323 3024
3616 2917 2674 2402 3217 2982
3561 3193 2615 2524 3398 3227
3545 2905 2532 2619 3298 3229
3499 3085 2797 2496 3345 3033
3477 3082 2428 2680 3324 3265
3418 3118 2270 2592 3499 3215
3175 2842 2485 1862 3300 3576
3038 3271 2582 2496 3191 3103
3029 2796 2429 2003 3075 3648
3016 3008 2655 2342 3152 3549
3701 2817 2364 2311 3606 3248
3674 2826 2572 2621 3177 2838
3631 2758 2652 2385 3156 3046
3620 3183 2295 2263 3373 3367
3576 3034 2593 2507 3337 3291
3542 2894 2702 2127 3558 2961
3531 2664 2417 2173 3286 3409
3414 2832 2540 2267 3414 3460
3284 2966 2694 2134 3151 3493
3283 2927 2461 2782 3493 3132
3179 3396 2301 2479 3074 2922
3166 2997 2698 2203 3348 3536
3108 3384 2159 2696 3155 3169
3106 2959 2566 2469 3275 3414
3017 2905 2737 2281 3675 3098
3011 3254 2349 2211 3193 3573
2943 3439 2406 2111 3123 3000
2942 2729 2408 2162 3067 3607
3817 2927 2439 2204 3226 2940
3746 2915 2297 2421 3307 3187
3611 2886 2560 2328 3229 3288
3586 3251 2439 2426 3329 3024
3449 2847 2469 2595 3343 3295
3446 3113 2718 2608 3176 3052
3376 3342 2198 2488 3154 3113
3365 3146 2191 2704 3330 3234
3324 3273 2470 2376 3508 2920
3299 3253 2177 2583 3205 3442
3279 3212 2388 2003 3192 3517
3254 3132 2629 2658 3372 3198
3224 3389 2234 2413 2881 2987
3211 2871 2418 2518 3049 3492
3193 2996 2657 2799 3116 3172
3146 3483 2303 2339 3147 3014
3122 2870 2406 1974 3131 3595
3092 2718 2451 2023 3263 3594
2963 3036 2576 2454 2983 3568
2929 3253 2551 2703 3337 2888
2925 3365 2326 2661 3272 3147
2864 3330 2556 2441 3137 3021
2822 3372 2326 2409 3446 2871
2804 3396 2379 2494 3387 3046
3697 2628 2491 2570 3379 2829
3678 3102 2240 2550 3199 3142
3599 2836 2512 2456 3539 3282
3567 3211 2216 2375 3204 3386
3559 3047 2592 2562 3537 3179
3518 3202 2443 2408 3306 3401
3479 2958 2620 2421 3506 3364
3386 3037 2489 2457 3597 3421
3363 3040 2452 2796 3286 3063
3269 3049 2379 2483 3331 3453
3265 3321 2321 2746 3161 3099
3177 2862 2713 2547 3650 2654
3113 3025 2619 2315 3179 3555
3054 3238 2686 2214 3535 3056
3053 2987 2487 2581 3106 3433
2965 2531 2327 2111 3269 3598
2923 3259 2587 2753 3228 2976
2889 2757 2329 2274 2898 3626
3840 2729 2358 2153 3428 2931
3769 2717 2216 2370 3509 3178
3764 2955 2360 2316 3057 2959
3693 2943 2218 2533 3138 3206
3646 2739 2546 2515 3393 3096
3533 3279 2360 2538 3160 3043
3419 3038 2422 2344 3527 3440
3381 2983 2658 2107 3178 3499
3335 3332 2492 2461 3160 2979
3323 3370 2119 2600 2985 3132
3279 3075 2659 2283 3231 3394
3257 3282 2583 2442 3559 3070
3201 3160 2550 2770 3203 3217
3191 3217 2626 2545 3227 2920
3134 2858 2570 2673 3325 3370
3126 2973 2768 2492 3664 2921
3118 2980 2396 2721 3286 3273
3039 2746 2372 2135 3094 3613
3001 3116 2596 2283 3714 3079
2962 2827 2919 2485 3462 2946
2926 2800 2363 2669 3112 3437
2905 2777 2899 2408 3237 3198
2792 2946 2373 2108 2772 3614
2751 3424 2300 2606 3218 3065
3855 2570 2336 2136 3367 2995
3789 2840 2413 2098 3442 3198
3506 3075 2513 2674 3368 3198
3426 2986 2541 2533 3337 3383
3403 2989 2504 2872 3026 3025
3393 3269 2408 2703 3380 3173
3387 3329 2337 2589 3273 3111
3344 3261 2417 2353 3252 3319
3307 2704 2411 1927 3093 3557
3298 2608 2846 2422 3624 2890
3294 2916 2637 2266 3170 3458
3244 3175 2359 2787 2992 3290
3216 3077 2300 2595 3162 3472
3195 3082 2277 2520 3088 3473
3185 3211 2201 2699 3167 3240
3120 2617 2455 2227 3313 3550
3112 2816 2962 2346 3658 2933
3055 2766 2942 2269 3433 3185
3019 3382 2339 2398 3217 3009
2972 3268 2708 2031 3348 3108
2942 2935 2416 1969 2968 3601
2912 2559 2248 2223 3100 3617
2892 2933 2543 2934 2823 2977
2870 3287 2508 2865 3059 2995
2749 3318 2561 2698 3174 2894
3782 3016 2463 2270 3530 3022
3716 2745 2137 2482 3340 3197
3682 2724 2501 2318 3694 2848
3661 3227 2447 2495 3379 3117
3654 2756 2574 2670 3420 2984
3576 2975 2584 2394 3533 3370
3553 2978 2547 2733 3222 3012
3432 2837 2740 2435 3614 3143
3424 2880 2802 2625 3293 3212
3378 3028 2716 2317 3533 3306
3375 2787 2720 2358 3389 3395
3366 3066 2343 2456 3358 3459
3348 3136 2462 2544 3601 3082
3337 3116 2470 2565 3678 2974
3331 2959 2671 2661 3384 3269
3231 2880 2411 2953 3159 2742
3214 2971 2561 2687 3118 3301
3083 3341 2557 2387 3505 2988
3021 2806 2903 2487 3086 2886
3017 3276 2600 2490 3173 2838
3013 3388 2375 2448 3108 3097
2999 3160 2868 2418 3322 2904
2910 3395 2375 2196 3282 2821
2874 3303 2696 2209 3372 3062
2753 2759 2729 2245 3054 3392
3736 2868 2334 2210 3273 3217
3731 3127 2518 2215 3544 3289
3697 2565 2479 2301 3633 2912
3634 2412 2720 2227 3069 2884
3631 2835 2556 2263 3708 3115
3525 2776 2763 2219 3585 3382
3467 3163 2224 2712 3392 3015
3410 2639 2687 2179 3281 3392
3224 2850 2800 2715 3110 2900
3219 3328 2382 2648 3326 3091
3213 2945 2653 2734 3595 2999
3212 2888 2427 2854 2935 3053
3202 3204 2765 2646 3346 2918
3184 2948 2605 2767 3452 2965
3171 2795 2946 2348 3282 2873
3142 3261 2735 2001 3371 3006
3136 3127 2347 2853 3063 3000
3090 3321 2626 2401 3480 3401
3077 3347 2593 2437 3396 3076
2964 3053 2585 2790 2869 3129
2956 3143 2697 2735 3246 2684
2696 3346 2482 2810 3005 2913
3729 3044 2384 2382 3361 3041
3561 3258 2417 2352 3397 3101
3505 3262 2368 2355 3384 2860
3487 3286 2421 2440 3325 3035
3469 3170 2689 2368 3474 3101
3410 3197 2400 2535 3376 3364
3371 2908 2723 2737 3124 3231
3361 3188 2627 2568 3478 3379
3358 3279 2665 2193 3479 3345
3345 3305 2632 2229 3395 3020
3322 2815 2641 2470 3220 3414
3163 3175 2444 2510 3624 2892
3161 2999 2482 2799 2949 3320
3157 3083 2681 2708 3085 3070
3036 3142 2310 2590 2999 3478
3001 3371 2579 2204 3318 3040
2852 2740 2614 2432 3158 3537
2839 3447 2349 2393 3054 3015
2821 3331 2617 2321 3203 3081
2700 2787 2650 2357 2885 3411
